100.07 6.3909900501e-08
101.93 8.30915398033e-08
104.07 9.85271929335e-08
106.0 1.206609066e-07
107.97 1.501633994e-07
109.98 2.29385759819e-07
114.11 3.24760119081e-07
118.12 4.33074328261e-07
120.87 1.35695041115e-06
125.12 1.78881105814e-06
126.86 2.02096182116e-06
128.03 2.16550852265e-06
131.01 2.55014510524e-06
131.92 2.94144324666e-06
134.06 3.26261251176e-06
136.87 4.1644780742e-06
140.06 4.83693050055e-06
142.99 9.54017355306e-06
147.0 1.83471193621e-05
151.12 2.16550852265e-05
154.99 2.56780279888e-05
158.97 3.03780771433e-05
161.92 3.42422375441e-05
166.08 4.02312527078e-05
169.95 4.6402776333e-05
173.11 5.17092098507e-05
177.14 5.92331211755e-05
180.02 6.52467749814e-05
182.1 6.97547339802e-05
185.91 7.89896621314e-05
191.12 9.17424408777e-05
193.78 0.000100361402971
197.84 0.000112087571622
201.98 0.000125187116445
204.79 0.000135384776731
210.04 0.00014844325715
215.93 0.000177649173699
219.94 0.000195238426675
223.0 0.000207283985133
227.15 0.000227807061627
229.78 0.000353642083111
234.05 0.000610308295211
240.06 0.000795371875158
246.21 0.000810155060539
251.95 0.000896527189937
257.22 0.000791721705929
260.2 0.000936633424349
263.82 0.00100822236837
268.73 0.00104846548412
273.72 0.00108533219335
278.81 0.0011234764618
284.0 0.00116294391659
289.94 0.00115760554409
296.01 0.00122339984446
300.82 0.00123188648792
307.83 0.00129886709328
317.92 0.00139495779826
328.33 0.00145733006497
338.31 0.00150856931553
347.79 0.00155437893937
356.71 0.00159795283455
365.86 0.0016465000853
375.24 0.00168099418452
384.87 0.00166557221953
394.74 0.00174405085797
404.87 0.00178059817738
414.3 0.00180122163353
422.0 0.00180952576852
429.84 0.00181787553064
440.87 0.00184739627428
451.14 0.00185592854486
459.53 0.0018602174937
470.23 0.00187312996735
480.08 0.00189042264408
490.13 0.00189042264408
500.39 0.00192117531984
506.19 0.00217052750534
512.05 0.00384203124987
520.37 0.00396791646118
530.04 0.00413582424575
539.9 0.00404169550673
549.93 0.00519464708506
560.16 0.00600589719637
570.57 0.00670764223078
579.84 0.00650962055007
590.62 0.0078264190997
600.22 0.00815767195729
609.97 0.0094530257627
619.88 0.01082822702
629.96 0.0117371191582
640.19 0.0120382581197
650.6 0.0136634959692
658.13 0.0146070647151
665.75 0.0155798348148
675.01 0.0160164863089
684.4 0.0161273601993
695.52 0.0203031537981
705.2 0.0197496968886
716.66 0.0236353020337
726.63 0.0248065500853
735.04 0.0259157452599
745.27 0.0292793762051
755.63 0.0313011136872
764.38 0.0334629264136
775.02 0.0365226807704
785.8 0.039587910381
794.9 0.0415494200709
804.1 0.0436076592453
815.29 0.0454532760621
824.73 0.0499525659089
834.28 0.0433074328261
845.88 0.053401975831
855.68 0.0556605180419
865.59 0.059917527906
875.61 0.0644984902893
885.75 0.0700741237878
896.01 0.0740573709597
904.3 0.0752619268055
914.77 0.117101991601
925.36 0.81950861919
936.08 1.86879539139
944.74 3.75460969682
955.68 5.3036958908
964.52 6.30338598859
975.69 1.14702005333
984.72 5.96437652138
996.12 6.01958533098
1005.34 8.13896483999
1014.64 7.63067877475
1024.03 3.08717625316
1035.88 5.60483485225
1045.47 10.1287633413
1055.14 9.92115996641
1064.91 8.1763790746
1074.76 9.54017355306
1084.7 7.8264190997
1094.74 9.92115996641
1104.87 9.34443322811
1115.09 9.06884545127
1125.41 8.15767195729
1135.82 9.99005691062
1143.7 9.13181087048
1154.28 9.58443185497
1164.96 9.87553285104
1175.74 7.10505440567
1183.89 9.69530574532
1194.84 7.33775269407
1205.9 5.40225046
1214.26 3.13736608007
1225.49 6.80072154614
1233.99 9.65059117225
1245.41 10.3172033278
1254.04 9.92115996641
1265.64 8.92420749554
1274.42 10.581840597
1286.21 10.8035883777
1295.12 8.86261088979
1304.1 8.98580410129
1316.17 10.6064792393
1325.29 10.0822236837
1334.48 9.17424408777
1343.73 10.3646555278
1356.16 10.1287633413
1365.56 9.28009899544
1375.03 9.4963715223
1384.56 9.58443185497
1394.16 8.23295669766
1403.82 8.62124344947
1413.55 8.96527189937
1426.63 9.02732477628
1436.52 9.08983392434
1443.15 9.40922373194
1446.48 9.40922373194
1456.5 9.19523256085
1466.6 8.62124344947
1473.37 8.62124344947
1483.58 8.62124344947
1493.86 8.66093903984
1504.22 8.1763790746
1511.16 7.38839879213
1518.14 7.77257910356
1525.14 7.75478452856
1535.72 6.86368696535
1546.36 7.18718321334
1553.5 6.87965645574
1564.27 7.1214801672
1575.11 7.50885437671
1586.03 7.68360622858
1593.35 7.79037367855
1604.39 7.66581165359
1615.52 7.66581165359
1626.71 7.38839879213
1634.22 7.75478452856
1645.55 7.77257910356
1653.15 7.38839879213
1664.61 7.86246452084
1672.29 7.37151675944
1676.14 7.88071536699
1683.88 8.00892756118
1695.55 7.63067877475
1703.38 7.35463472675
1715.19 7.00741237878
1723.1 6.95904763648
1735.05 7.30398862869
1743.06 7.10505440567
1755.14 7.42261912866
1763.24 6.97547339802
1775.46 7.00741237878
1783.66 7.10505440567
1796.02 7.38839879213
1804.31 7.38839879213
1816.82 6.81669103652
1825.2 7.00741237878
1833.63 6.76969510769
1846.34 6.27418463475
1854.86 6.21669446939
1863.42 6.37638937319
1876.34 6.80072154614
1885.0 6.2312951463
1893.7 5.90962398293
1906.83 6.33213107128
1915.63 6.03327346559
1924.47 5.88270398486
1933.35 6.13137176364
1946.75 6.31753039436
1955.74 5.86901585025
1964.77 6.33213107128
1973.84 6.52467749814
1982.95 6.15966057517
1996.69 6.00589719637
2005.91 6.17380498094
2015.17 6.03327346559
2024.47 6.28878531167
2033.81 5.89593584832
2043.2 6.03327346559
2057.36 5.80194399066
2066.86 5.88270398486
2071.63 6.18840565785
2076.4 5.81517585411
2085.99 6.03327346559
2095.61 5.72209653876
2105.29 5.84209585218
2115.0 5.86901585025
2124.77 5.93700025216
2134.57 5.69608908299
2144.43 5.64361790032
2154.32 5.82840771757
2164.27 5.7088646753
2174.26 5.65684976378
2184.29 5.55327621188
2194.38 5.72209653876
2204.51 5.59205925995
2214.68 5.4268891023
2224.9 5.2671941985
2235.17 5.46475960806
2245.49 5.34202266771
2255.86 5.1745711543
2266.27 5.2612626735
2276.73 5.31236504272
2287.24 5.37669927539
2292.51 5.13578810623
2303.09 5.16179556199
2313.72 4.98886879473
2324.4 4.16123854901
2335.13 4.74704508326
2345.91 4.66263491983
2356.74 4.84012439862
2367.62 4.62430814292
2373.07 4.67906068136
2384.03 4.48103900065
2395.03 4.64073390445
2406.09 4.49577655891
2417.19 4.53962421679
2422.76 4.65715966598
2433.95 4.50134306699
2445.18 4.65122814098
2456.47 4.60012577177
2467.81 4.54984469063
2473.5 4.43714571566
2484.91 4.51156354083
2496.38 4.26134444013
2502.14 4.5672742487
2513.69 4.26462959244
2519.48 4.38522205837
2525.29 4.23743583168
2536.94 4.23962593322
2542.79 4.17291909054
2554.53 4.34173941742
2566.32 4.26472084667
2572.24 4.39544253221
2584.11 4.36747311049
2596.04 4.32973948608
2602.02 4.21284281649
2614.03 4.17643237843
2626.1 4.23679705206
2632.15 4.29684233589
2644.3 4.48108462776
2656.51 4.51457493045
2662.63 4.27302498167
2674.92 4.3648267378
2687.27 4.35716138241
2693.46 4.21037895226
2705.9 4.25167149168
2712.13 4.12742885652
2724.65 4.09183970653
2737.23 4.19910905477
2743.54 3.8839625689
2756.2 3.92210683735
2762.56 3.99611401848
2775.31 4.09147468961
2788.12 3.97307232522
2794.55 3.55015459284
2807.44 3.69397126049
2813.92 4.02358154193
2826.9 4.07249380961
2833.42 3.9353387008
2846.5 3.88359755197
2853.06 3.8050276593
2866.23 3.98662357848
2872.84 3.9694677831
2886.1 3.95349829272
2892.75 3.94555917465
2912.8 4.07837970749
2932.99 3.97069971522
2953.33 3.89272297505
2966.96 3.90399287254
2987.52 3.88058616236
3008.23 3.86621362102
3029.08 3.8608296214
3050.08 3.82889064064
3071.22 3.81479186199
3092.51 3.78330915239
3106.78 3.7682065772
3128.32 3.71140081856
3150.0 3.68931729472
3171.84 3.67581166857
3186.48 3.54508998303
3208.57 3.5978349284
3230.81 3.49503703747
3253.2 3.58816197994
3268.22 3.64040502704
3290.87 3.60226075859
3313.69 3.57269438783
3321.32 3.5820935736
3328.98 3.66673187261
3336.65 3.65952278838
3344.35 3.52017757804
3352.05 3.53760713611
3359.78 3.52250456092
3367.53 3.52369086592
3375.29 3.2820040358
3383.07 3.35957013193
3390.87 3.53532578034
3398.69 3.56922672706
3406.52 3.40971433172
3414.38 3.47427669997
3422.25 3.58930265782
3430.13 3.52496842515
3438.04 3.53427635669
3445.97 3.29947922098
3453.91 3.54481622034
3461.87 3.30171494964
3469.85 3.3488021327
3477.85 3.25111447869
3485.87 3.34337250597
3493.91 3.32147149059
3501.96 3.34565386174
3510.03 3.31608749098
3518.12 3.25668098677
3526.23 3.25782166465
3534.36 3.35026220039
3542.51 3.46916646305
3550.68 3.45442890479
3558.86 3.36919745327
3567.07 3.44092327864
3575.29 3.14649150314
3583.53 3.08302418566
3591.79 3.00007408992
3600.07 3.29824728887
3608.37 3.18737339852
3616.69 3.21059760024
3625.03 3.29414084849
3633.38 3.32576043944
3641.76 3.37325826654
3650.15 3.25987488484
3650.23 2.67922421462
3652.91 2.72827336365
3655.59 3.55549296533
3658.26 3.2855629508
3660.94 2.57204612061
3663.62 3.05961747548
3666.29 2.34514247587
3668.97 1.84995139274
3671.65 2.14073299901
3674.32 2.40158321759
3677.0 3.35861196251
3679.68 3.14681089295
3682.36 2.20990370591
3685.03 3.34542572616
3687.71 3.26201935926
3690.39 3.25713725792
3693.06 3.70382671741
3695.74 3.22364695524
3698.42 3.23989020831
3701.09 2.86533721822
3703.77 3.53934096649
3706.45 3.72819159702
3709.13 3.06144256009
3711.8 2.73206041422
3714.48 2.98269015896
3717.16 3.81830514988
3719.83 4.73244440635
3722.51 7.70915741319
3725.19 12.0592465927
3727.86 13.5006071673
3730.54 13.0393170309
3733.22 7.16026321527
3735.89 4.64484034483
3738.57 3.43982822787
3741.25 2.42658687681
3743.93 3.24988254658
3746.6 3.05090269644
3749.28 3.44758483748
3751.96 2.67913296039
3754.63 2.43803928277
3757.31 4.0134066952
3759.99 3.25111447869
3762.66 3.50388869785
3765.34 3.32804179521
3768.02 3.96417503772
3770.7 2.01644473673
3773.37 3.04953388298
3776.05 3.53829154284
3778.73 4.09841001114
3781.4 3.9501675133
3784.08 3.2597380035
3786.76 5.09381116009
3789.43 3.71797112317
3792.11 3.88610704332
3794.79 4.00131550963
3797.47 3.75356027316
3800.14 3.17669665352
3802.82 4.53141133602
3805.5 3.95596215695
3808.17 4.56544916409
3810.85 3.94254778503
3813.53 3.35450552212
3816.2 3.16040777333
3818.88 4.74932643903
3821.56 4.37728294029
3824.23 3.77984149162
3826.91 3.24445291985
3829.59 3.51552361227
3832.27 3.05646920452
3834.94 3.87141511217
3837.62 2.08771429094
3840.3 4.56909933332
3842.97 3.55576672803
3845.65 3.99296574752
3848.33 3.19079543217
3851.0 3.86936189198
3853.68 3.5907170984
3856.36 4.48272720392
3859.04 4.25454599994
3861.71 4.54573825025
3864.39 4.26216572821
3867.07 4.73335694865
3869.74 3.88382568755
3872.42 4.78902202941
3875.1 2.95713897435
3877.77 4.03667652404
3880.45 3.80402386276
3883.13 3.46405622613
3885.81 3.92694331158
3888.48 4.06387028481
3891.16 3.55124964361
3893.84 3.41610212787
3896.51 4.25477413552
3899.19 3.55531045687
3901.87 4.25098708494
3904.54 4.98111218512
3907.22 4.85289999093
3909.9 3.18559394102
3912.58 4.26608966013
3915.25 3.79873111738
3917.93 3.29021691656
3920.61 4.60058204292
3923.28 4.33156457069
3925.96 4.2090101388
3928.64 4.00916337347
3931.31 3.88542263659
3933.99 4.23360315399
3936.67 4.08111733442
3939.34 4.325359283
3942.02 4.36131344991
3944.7 4.45795168027
3947.38 3.56913547283
3950.05 4.28164850647
3952.73 5.11571217547
3955.41 4.2959754207
3958.08 4.60058204292
3960.76 3.72367451259
3963.44 3.53354632284
3966.11 3.15370058737
3968.79 3.66184977127
3971.47 3.62584997724
3974.15 4.31837833435
3976.82 3.9525401233
3979.5 3.79216081277
3982.18 4.21548918919
3984.85 4.6165515333
3987.53 4.49828605026
3990.21 4.73016305058
3992.88 4.75799559095
3995.56 4.83282406016
3998.24 4.10566472249
4000.92 3.82035837007
4003.59 4.42149561509
4006.27 4.55614123255
4008.95 4.66035356406
4011.62 5.19099691583
4014.3 5.26308775812
4016.98 4.9350287986
4019.65 4.18715475054
4022.33 4.31573196166
4025.01 4.55048347024
4027.68 4.09571801133
4030.36 4.13655427959
4033.04 4.34767094242
4035.72 4.49582218603
4038.39 4.32243914762
4041.07 4.23232559476
4043.75 4.30469019974
4046.42 4.03526208347
4049.1 4.16174044728
4051.78 4.23638640803
4054.45 4.47679567892
4057.13 4.4280659197
4059.81 3.93981015811
4062.49 4.468126527
4065.16 4.50586015141
4067.84 4.30030999666
4070.52 4.09211346922
4073.19 4.22292640899
4075.87 4.33466721454
4078.55 4.34694090857
4081.22 4.49773852487
4083.9 4.47957893296
4086.58 4.38348822798
4089.26 3.93360487042
4091.93 3.97695063002
4094.61 4.04342933712
4097.29 3.77582630546
4099.96 4.15284315978
4102.64 4.22675908668
4105.32 4.37208144914
4107.99 4.02878303308
4110.67 3.77400122085
4113.35 3.99876039117
4116.02 4.30336701339
4118.7 3.93374175177
4121.38 4.37340463549
4124.06 4.27475881205
4126.73 4.14330709267
4129.41 4.28128348955
4132.09 3.98780988348
4134.76 4.41122951413
4137.44 4.51329737122
4140.12 4.28050782859
4142.79 4.6343461083
4145.47 4.31253806358
4148.15 4.48838496622
4150.83 4.17757305631
4153.5 4.27649264244
4156.18 4.47857513642
4158.86 3.84221375833
4161.53 4.00113300117
4164.21 4.2285841713
4166.89 4.06583225077
4169.56 4.25641671167
4172.24 4.65761593714
4174.92 4.24140539072
4177.6 4.02294276232
4180.27 4.19043990285
4182.95 4.2532228136
4185.63 4.70004915443
4188.3 4.23889589937
4190.98 4.54190557255
4193.66 4.47542686546
4196.33 4.17291909054
4199.01 3.79941552411
4201.69 4.35469751818
4204.36 4.30377765743
4207.04 4.95327964474
4209.72 4.83921185632
4212.4 4.45348022296
4215.07 4.41045385317
4217.75 4.36373168703
4220.43 4.49294767776
4223.1 3.6013938434
4225.78 4.35214239972
4228.46 4.47994394988
4231.13 4.35944273818
4233.81 3.7364501049
4236.49 3.77185674643
4239.17 3.90508792331
4241.84 4.50161682968
4244.52 4.52087147237
4247.2 3.65915777146
4249.87 4.00336872982
4252.55 4.20718505419
4255.23 4.24167915341
4257.9 4.0139998477
4260.58 4.12108668748
4263.26 4.49550279622
4265.94 4.0534673025
4268.61 4.04598445558
4271.29 4.23291874726
4273.97 3.70651871721
4276.64 4.13381665267
4279.32 4.41551846297
4282.0 4.28178538782
4284.67 4.33097141819
4287.35 3.65692204281
4290.03 4.04310994731
4292.71 4.7201250852
4295.38 3.7726780345
4298.06 4.11702587421
4300.74 4.13226533075
4303.41 3.46852768344
4306.09 3.49357696978
4308.77 4.50900842237
4311.44 3.79001633834
4314.12 4.76894609864
4316.8 4.29629481051
4319.47 4.14732227882
4322.15 4.76301457364
4324.83 4.14380899094
4327.51 4.70506813712
4330.18 3.66618434723
4332.86 4.16712444689
4335.54 4.76848982749
4338.21 5.55418875419
4340.89 5.25396233504
4343.57 5.06780370433
4346.24 4.4497387995
4348.92 4.37386090664
4351.6 3.56352333764
4354.28 4.8008850794
4356.95 4.53364706467
4359.63 4.14129949959
4362.31 3.89066975485
4364.98 4.05437984481
4367.66 4.70415559482
4370.34 4.26727596513
4373.01 4.31372436858
4375.69 4.28999826859
4378.37 4.69594271405
4381.05 3.94711049657
4383.72 3.90344534716
4386.4 3.76268569624
4389.08 3.79448779565
4391.75 4.32663684223
4394.43 4.33284212992
4397.11 4.18902546227
4399.78 3.75711918816
4402.46 3.58049662456
4405.14 4.1517024819
4407.81 3.34209494674
4410.49 3.39319731596
4413.17 3.36855867366
4415.85 4.73791966019
4418.52 4.00583259405
4421.2 4.14285082151
4423.88 4.36792938164
4426.55 4.11095746787
4429.23 4.46730523892
4431.91 4.07459265692
4434.58 3.79193267719
4437.26 4.58415628139
4439.94 3.98926995117
4442.62 4.37007385606
4445.29 4.51033160872
4447.97 4.51393615083
4450.65 4.49641533853
4453.32 4.39188361721
4456.0 4.7753338948
4458.68 4.51334299833
4461.35 4.13062275459
4464.03 4.27384626975
4466.71 4.18806729285
4469.39 4.38216504164
4472.06 4.0653303525
4474.74 4.46479574758
4477.42 4.24090349245
4480.09 4.20139041054
4482.77 3.64305139973
4485.45 4.22940545937
4488.12 4.29725297993
4490.8 4.25030267821
4493.48 4.28192226917
4496.15 4.54268123352
4498.83 4.47086415392
4501.51 3.94227402234
4504.19 4.42117622528
4506.86 4.47278049277
4509.54 4.73518203327
4512.22 4.54313750467
4514.89 4.40306226048
4517.57 4.20490369842
4520.25 4.35930585684
4522.92 4.26280450783
4525.6 4.32330606281
4528.28 4.32531365588
4530.96 4.3900585326
4533.63 4.10475218018
4536.31 4.04183238808
4538.99 4.31637074127
4541.66 4.319427758
4544.34 4.14225766901
4547.02 4.11442512864
4549.69 3.87378772217
4552.37 4.05898818346
4555.05 4.19632580073
4557.73 4.52474977717
4560.4 4.66126610637
4563.08 4.62932712561
4565.76 4.38622585491
4568.43 4.14207516055
4571.11 4.23159556091
4573.79 4.43865141047
4576.46 4.27640138821
4579.14 4.4251001572
4581.82 4.44928252835
4584.5 4.05232662462
4587.17 4.33380029934
4589.85 4.36605866991
4592.53 4.49919859257
4595.2 4.55974577466
4597.88 4.46096306988
4600.56 4.30628714877
4603.23 4.5732057737
4605.91 4.48573859353
4608.59 4.38540456683
4611.26 4.52046082833
4613.94 4.52178401468
4616.62 4.57776848524
4619.3 4.2484775936
4621.97 4.05510987865
4624.65 4.24286545841
4627.33 4.71966881404
4630.0 4.72514406789
4632.68 4.28297169282
4635.36 4.23875901802
4638.03 4.82734880632
4640.71 4.591912891
4643.39 4.53989797948
4646.07 4.30186131858
4648.74 4.21717739245
4651.42 4.44394415585
4654.1 4.39288741375
4656.77 3.86197029929
4659.45 3.64861790781
4662.13 3.85736196063
4664.8 4.184964649
4667.48 4.32389921531
4670.16 4.09147468961
4672.84 4.22101007015
4675.51 4.26230260956
4678.19 4.22310891745
4680.87 4.39982273529
4683.54 4.58735017946
4686.22 4.46114557835
4688.9 3.98972622233
4691.57 3.77231301758
4694.25 4.2167211213
4696.93 4.26796037186
4699.6 3.85001599506
4702.28 4.17223468381
4704.96 4.35903209414
4707.64 4.16945142978
4710.31 4.03740655789
4712.99 3.99752845906
4715.67 3.9617568006
4718.34 3.97434988445
4721.02 4.06095014942
4723.7 3.79777294796
4726.37 3.55398727053
4729.05 3.71331715741
4731.73 3.64378143358
4734.41 3.95650968234
4737.08 4.01719374578
4739.76 3.83769667391
4742.44 3.86689802775
4745.11 4.03649401558
4747.79 4.25345094917
4750.47 4.24688064456
4753.14 4.1205391621
4755.82 4.13577861863
4758.5 4.27069799878
4761.18 4.30916165704
4763.85 4.10945177306
4766.53 3.91316392273
4769.21 4.07253943673
4771.88 4.01167286482
4774.56 4.10288146845
4777.24 4.3428800953
4779.91 4.0982731298
4782.59 4.22228762938
4785.27 4.36030965337
4787.94 3.85530874044
4790.62 3.97165788464
4793.3 4.18765664881
4795.98 4.14974051593
4798.65 3.94085958176
4801.33 4.02189333866
4804.01 4.07463828403
4806.68 4.44435479989
4809.36 4.35506253511
4812.04 4.05949008173
4814.71 4.27507820186
4817.39 4.42683398759
4820.07 4.00587822117
4822.75 4.21361847746
4825.42 4.27138240552
4828.1 4.21699488399
4830.78 4.29611230205
4833.45 3.99971856059
4836.13 3.98552852771
4838.81 3.83692101295
4841.48 3.76743091624
4844.16 3.87533904409
4846.84 4.22014315495
4849.52 3.86936189198
4852.19 4.21266030803
4854.87 4.45658286681
4857.55 6.10034532519
4860.22 7.92999265159
4862.9 8.81652750326
4865.58 6.71220494232
4868.25 5.09791760047
4870.93 4.25039393244
4873.61 3.5924965559
4876.29 3.72773532586
4878.96 3.78417606758
4881.64 3.80612271007
4884.32 3.45917412479
4886.99 3.520953239
4889.67 4.04443313366
4892.35 3.77641945796
4895.02 4.22301766322
4897.7 3.93912575138
4900.38 4.0932541471
4903.05 4.10119326518
4905.73 3.95377205541
4908.41 4.16931454843
4911.09 4.2256184088
4913.76 4.23793772995
4916.44 4.06222770865
4919.12 3.92416005754
4921.79 3.76081498451
4924.47 3.80689837103
4927.15 3.57223811668
4929.82 3.97558181656
4932.5 4.12254675517
4935.18 4.42929785182
4937.86 3.98630418867
4940.53 3.81871579391
4943.21 4.04256242193
4945.89 4.09402980807
4948.56 4.51845323525
4951.24 3.99041062906
4953.92 4.4028341249
4956.59 4.93639761206
4959.27 5.49624231767
4961.95 5.72665925029
4964.63 4.85244371977
4967.3 4.20494932553
4969.98 4.30135942031
4972.66 3.8157044043
4975.33 3.8614227739
4978.01 3.78577301662
4980.69 4.03717842231
4983.36 4.2659984059
4986.04 4.06656228461
4988.72 3.64692970454
4991.39 3.83454840295
4994.07 3.51670991727
4996.75 3.88323253505
4999.43 4.29638606474
5002.1 5.01898269088
5004.78 7.25151744601
5007.46 8.53090176103
5010.13 8.16770992268
5012.81 6.33851886743
5015.49 5.06552234856
5018.16 4.05538364135
5020.84 4.04174113385
5023.52 3.68470895607
5026.2 3.73453376605
5028.87 4.10662289191
5031.55 3.90540731312
5034.23 4.20266796977
5036.9 4.16999895516
5039.58 3.4022314848
5042.26 3.73499003721
5044.93 3.7486325447
5047.61 4.16283549805
5050.29 4.09941380768
5052.97 4.58917526408
5055.64 4.19272125861
5058.32 3.80343071026
5061.0 4.33101704531
5063.67 4.16689631131
5066.35 3.85266236775
5069.03 4.04310994731
5071.7 4.09170282518
5074.38 3.78390230489
5077.06 4.16351990478
5079.73 3.97416737598
5082.41 4.07130750461
5085.09 4.45895547681
5087.77 3.86726304467
5090.44 3.87401585774
5093.12 3.88236561986
5095.8 4.21599108745
5098.47 4.17478980227
5101.15 3.76916474662
5103.83 3.77856393239
5106.5 4.38640836337
5109.18 4.52328970948
5111.86 3.76177315393
5114.54 3.7213019026
5117.21 3.91439585485
5119.89 3.56137886322
5122.57 3.70049593799
5125.24 3.53176686534
5127.92 3.46560754805
5130.6 3.65792583934
5133.27 3.60654970744
5135.95 3.92963531138
5138.63 3.92119429504
5141.31 3.81930894641
5143.98 3.93967327676
5146.66 3.71756047913
5149.34 3.61348502897
5152.01 3.62854197704
5154.69 3.96809896964
5157.37 3.75971993374
5160.04 3.76756779758
5162.72 3.69725641279
5165.4 3.60467899571
5168.07 3.58035974321
5170.75 3.47163032728
5173.43 3.18167000909
5176.11 3.34455881097
5178.78 3.3942011125
5181.46 3.43900693979
5184.14 3.43353168595
5186.81 3.6571958055
5189.49 3.35140287828
5192.17 3.02338954587
5194.84 4.20864512188
5197.52 3.93273795523
5200.2 4.10666851902
5202.88 4.53743411525
5205.55 3.78645742335
5208.23 3.83185640314
5210.91 4.03389327001
5213.58 3.83952175852
5216.26 3.74452610432
5218.94 3.86247219755
5221.61 3.94902683541
5224.29 3.78298976258
5226.97 3.75743857797
5229.65 3.47153907305
5232.32 3.92753646407
5235.0 3.67403221107
5237.68 3.7070662426
5240.35 4.04644072673
5243.03 3.97987076541
5245.71 3.63146211243
5248.38 3.43640619421
5251.06 3.9611636481
5253.74 3.93684439561
5256.42 3.63219214627
5259.09 3.86160528236
5261.77 3.29920545829
5264.45 2.97648487127
5267.12 3.40150145096
5269.8 3.74991010393
5272.48 3.81342304853
5275.15 3.37932667288
5277.83 3.43841378729
5280.51 3.78121030508
5283.18 4.08202987672
5285.86 4.14937549901
5288.54 4.15371007497
5291.22 3.82067775987
5293.89 3.90923999081
5296.57 3.85184107967
5299.25 3.83067009814
5301.92 3.74890630739
5304.6 3.98739923944
5307.28 3.72358325836
5309.95 3.55257282995
5312.63 4.19837902092
5315.31 3.73781891836
5317.99 3.5972417759
5320.66 3.83929362295
5323.34 3.9952927304
5326.02 3.92055551542
5328.69 3.8643885364
5331.37 3.79644976161
5334.05 3.73225241028
5336.72 4.18797603862
5339.4 3.82642677641
5342.08 3.45534144709
5344.76 3.35792755578
5347.43 3.2876617981
5350.11 3.3582925727
5352.79 3.58902889513
5355.46 3.84819091044
5358.14 4.13910939805
5360.82 3.93967327676
5363.49 3.88898155159
5366.17 3.80653335411
5368.85 3.62105913012
5371.52 3.39671060384
5374.2 3.95673781791
5376.88 4.24724566148
5379.56 3.76738528912
5382.23 3.68110441395
5384.91 4.15416634613
5387.59 4.12510187363
5390.26 3.63032143454
5392.94 3.62197167243
5395.62 3.89742256793
5398.29 3.38557758769
5400.97 3.36997311423
5403.65 3.8902134837
5406.33 3.92630453196
5409.0 3.82806935256
5411.68 3.52574408611
5414.36 3.98895056137
5417.03 3.53331818726
5419.71 3.77728637316
5422.39 3.62288421474
5425.06 3.67818427857
5427.74 3.59459540321
5430.42 3.67718048203
5433.1 3.39529616326
5435.77 3.65258746685
5438.45 3.38676389269
5441.13 3.78239661008
5443.8 3.85001599506
5446.48 3.93168853157
5449.16 3.41322761961
5451.83 3.81771199738
5454.51 3.84111870756
5457.19 3.69009295568
5459.86 3.91809165119
5462.54 3.88852528043
5465.22 3.98730798521
5467.9 3.83331647083
5470.57 3.37193508019
5473.25 3.24705366542
5475.93 3.55339411803
5478.6 3.69032109126
5481.28 3.57899092975
5483.96 3.96390127503
5486.63 3.99698093367
5489.31 3.6201009607
5491.99 3.47208659844
5494.67 3.33255887963
5497.34 3.71295214048
5500.02 3.76528644181
5502.7 3.57657269264
5505.37 3.66207790684
5508.05 3.78440420315
5510.73 3.38407189288
5513.4 3.67868617684
5516.08 3.54408618649
5518.76 3.48280897055
5521.44 3.80306569334
5524.11 3.90394724543
5526.79 3.74124095201
5529.47 3.63593356973
5532.14 4.07121625038
5534.82 3.56653472725
5537.5 3.2119664137
5540.17 3.38366124885
5542.85 3.70346170048
5545.53 3.61156869013
5548.21 3.4598129044
5550.88 3.72080000433
5553.56 4.44868937585
5556.24 3.80128623584
5558.91 3.41149378922
5561.59 3.6477053655
5564.27 3.55918876168
5566.94 3.65751519531
5569.62 3.20165468563
5572.3 3.47861127593
5574.97 3.60878543609
5577.65 3.57100618456
5580.33 3.57570577744
5583.01 3.86781057005
5585.68 3.51999506958
5588.36 3.15506940083
5591.04 3.54454245765
5593.71 3.78294413546
5596.39 3.13189082622
5599.07 3.67795614299
5601.74 3.79676915142
5604.42 3.95390893676
5607.1 3.81835077699
5609.78 3.78504298277
5612.45 3.70346170048
5615.13 3.58674753936
5617.81 3.58309737013
5620.48 3.68470895607
5623.16 3.75410779855
5625.84 3.72440454644
5628.51 3.72125627548
5631.19 3.6378955357
5633.87 3.82063213276
5636.55 3.55339411803
5639.22 3.85927829948
5641.9 3.48896863112
5644.58 3.63301343435
5647.25 3.66390299146
5649.93 3.29131196733
5652.61 3.90732365197
5655.28 3.69488380279
5657.96 3.17984492448
5660.64 3.35943325058
5663.31 4.36583053433
5665.99 3.77619132239
5668.67 3.36372219943
5671.35 3.84481450391
5674.02 3.66422238127
5676.7 3.9560990383
5679.38 3.37439894442
5682.05 3.70282292087
5684.73 3.28328159503
5687.41 4.10954302729
5690.08 4.16415868439
5692.76 4.23328376418
5695.44 3.69127926068
5698.12 3.92913341311
5700.79 3.60226075859
5703.47 3.66568244896
5706.15 3.39602619711
5708.82 3.99574900156
5711.5 3.5426261188
5714.18 3.15643821429
5716.85 4.23383128956
5719.53 3.35359297982
5722.21 4.38476578721
5724.89 3.67275465184
5727.56 5.13168166585
5730.24 5.67099416954
5732.92 5.14901996969
5735.59 3.93743754811
5738.27 3.46916646305
5740.95 3.39087033307
5743.62 2.4692938568
5746.3 4.20389990188
5748.98 2.24088451725
5751.65 4.19787712265
5754.33 3.69451878587
5757.01 3.4874173092
5759.69 3.7610887472
5762.36 3.92032737985
5765.04 3.20065088909
5767.72 4.19796837688
5770.39 4.01646371193
5773.07 3.504344969
5775.75 3.87068507832
5778.42 3.62758380762
5781.1 3.24887875004
5783.78 4.15562641382
5786.46 3.41623900922
5789.13 3.20913753255
5791.81 3.23081041235
5794.49 3.96974154579
5797.16 3.39146348557
5799.84 3.82962067449
5802.52 3.38890836711
5805.19 3.5132422565
5807.87 3.28939562849
5810.55 2.9243330784
5813.23 3.63684611204
5815.9 4.07760404653
5818.58 3.54937893187
5821.26 3.35290857308
5823.93 3.52314334054
5826.61 3.38909087557
5829.29 3.79471593123
5831.96 3.40985121307
5834.64 3.80032806642
5837.32 4.06902614884
5839.99 3.68283824434
5842.67 3.43271039787
5845.35 3.62575872301
5848.03 3.11049170912
5850.7 3.94318656465
5853.38 3.41414016191
5856.06 3.64893729762
5858.73 3.63575106127
5861.41 3.23655942889
5864.09 3.5907170984
5866.76 3.86799307851
5869.44 3.6681919403
5872.12 3.8249210816
5874.8 4.14248580459
5877.47 4.60651356792
5880.15 4.13942878786
5882.83 3.58008598052
5885.5 3.35847508116
5888.18 3.22369258235
5890.86 3.5040255792
5893.53 3.35163101385
5896.21 3.09041577835
5898.89 3.0047736828
5901.57 2.5755594085
5904.24 2.96735944819
5906.92 3.6782755328
5909.6 3.51885439169
5912.27 3.31029284733
5914.95 3.38936463827
5917.63 3.66216916107
5920.3 3.51684679861
5922.98 3.44210958364
5925.66 3.49102185131
5928.34 3.15538879064
5931.01 3.00331361511
5933.69 3.33552464213
5936.37 3.60299079244
5939.04 3.52223079823
5941.72 3.51940191708
5944.4 3.61677018128
5947.07 3.49083934285
5949.75 3.47870253016
5952.43 3.53021554342
5955.1 3.15548004487
5957.78 3.19590566909
5960.46 3.51794184938
5963.14 3.58706692917
5965.81 3.14110750353
5968.49 3.21890173524
5971.17 3.25220952946
5973.84 3.3965737225
5976.52 3.83892860602
5979.2 3.58651940379
5981.87 2.84380121977
5984.55 3.50781262977
5987.23 4.25377033898
5989.91 3.70734000529
5992.58 3.20671929543
5995.26 3.36116708097
5997.94 3.38617074019
6000.61 3.66180414415
6003.29 3.87146073928
6005.97 4.11807529787
6008.64 3.55097588091
6011.32 3.40834551826
6014.0 3.7593092897
6016.68 3.25239203792
6019.35 3.82218345468
6022.03 3.89746819505
6024.71 3.58679316648
6027.38 3.78444983027
6030.06 2.99245436165
6032.74 3.19084105928
6035.41 3.32174525329
6038.09 3.99004561213
6040.77 3.57593391302
6043.44 3.4511893796
6046.12 3.85822887583
6048.8 3.24458980119
6051.48 3.38722016384
6054.15 2.88089606456
6056.83 3.39050531615
6059.51 3.39976762057
6062.18 3.72052624163
6064.86 4.07322384346
6067.54 3.6260324857
6070.21 4.17063773477
6072.89 3.47126531036
6075.57 4.12259238229
6078.25 3.23149481908
6080.92 3.96344500387
6083.6 3.0454274426
6086.28 4.11387760325
6088.95 3.50160734208
6091.63 3.8385635891
6094.31 2.83554271189
6096.98 3.44726544767
6099.66 4.22972484918
6102.34 2.8008661042
6105.02 3.64277763704
6107.69 3.23204234447
6110.37 3.64880041627
6113.05 3.59728740302
6115.72 3.71044264914
6118.4 2.34509684876
6121.08 3.65071675512
6123.75 3.01896371568
6126.43 4.09074465576
6129.11 5.90277991563
6131.78 5.22795487928
6134.46 3.56320394783
6137.14 2.27341665051
6139.82 2.08118961345
6142.49 3.64930231454
6145.17 3.11628635277
6147.85 3.27205732465
6150.52 3.49147812247
6153.2 3.47204097132
6155.88 3.71459471664
6158.55 3.53340944149
6161.23 3.15032418083
6163.91 3.50270239285
6166.59 3.05003578125
6169.26 3.3428706077
6171.94 3.29103820464
6174.62 3.49613208824
6177.29 3.43435297402
6179.97 3.68972793876
6182.65 3.43631493998
6185.32 3.71801675029
6188.0 3.47204097132
6190.68 3.53824591572
6193.36 3.56959174398
6196.03 3.40957745038
6198.71 3.22670397197
6201.39 3.67950746491
6204.06 3.47299914074
6206.74 3.37499209692
6209.42 3.64218448454
6212.09 3.41938728018
6214.77 3.46369120921
6217.45 3.53915845803
6220.13 3.53363757707
6222.8 3.65915777146
6225.48 3.38753955365
6228.16 3.53199500092
6230.83 3.55334849091
6233.51 3.13846113084
6236.19 3.1039214045
6238.86 3.15589068891
6241.54 3.12249164046
6244.22 2.89015836899
6246.89 3.4200260598
6249.57 3.03406629087
6252.25 3.02124507145
6254.93 2.88299491187
6257.6 3.12116845411
6260.28 3.5168011715
6262.96 3.07964777912
6265.63 2.87368698034
6268.31 2.84608257554
6270.99 3.09520662547
6273.66 3.45958476882
6276.34 3.38941026538
6279.02 2.87432575995
6281.7 2.54257100408
6284.37 2.81295728978
6287.05 3.29505339079
6289.73 3.62817696012
6292.4 3.07522194893
6295.08 3.03570886702
6297.76 4.14093448267
6300.43 4.85791897362
6303.11 3.87889795909
6305.79 3.56603282899
6308.47 2.49826707506
6311.14 3.07257557624
6313.82 2.76769519133
6316.5 3.48645913978
6319.17 2.78065329209
6321.85 4.26545088052
6324.53 4.3642335853
6327.2 3.59172089494
6329.88 3.45055059998
6332.56 3.24349475042
6335.23 3.29505339079
6337.91 3.84992474083
6340.59 3.83828982641
6343.27 3.5815004211
6345.94 3.37193508019
6348.62 3.66901322838
6351.3 3.25919047811
6353.97 3.92548324388
6356.65 3.78590989796
6359.33 3.92812961657
6362.0 3.24408790292
6364.68 3.7797958645
6367.36 2.84325369438
6370.04 3.68146943088
6372.71 2.78895742709
6375.39 3.47765310651
6378.07 3.50986584996
6380.74 2.61607628695
6383.42 3.17560160275
6386.1 3.35988952174
6388.77 3.62872448551
6391.45 3.45908287055
6394.13 3.47313602209
6396.81 3.26922844349
6399.48 2.9860665655
6402.16 2.67466150309
6404.84 3.07043110182
6407.51 3.0680128647
6410.19 2.88805952168
6412.87 3.37330389366
6415.54 3.57634455706
6418.22 3.36846741943
6420.9 2.76874461498
6423.57 2.57770388292
6426.25 3.05318405221
6428.93 3.43786626191
6431.61 3.38918212981
6434.28 3.26156308811
6436.96 3.16428607814
6439.64 3.11555631892
6442.31 3.46387371767
6444.99 3.21972302331
6447.67 3.15922146833
6450.34 3.31056661002
6453.02 2.95919219454
6455.7 2.73128475326
6458.38 3.10017998104
6461.05 2.9062191136
6463.73 2.77025030979
6466.41 3.26909156215
6469.08 3.52843608592
6471.76 3.05884181451
6474.44 2.85507111726
6477.11 2.95440134743
6479.79 3.05783801798
6482.47 3.04821069663
6485.15 3.24732742811
6487.82 3.22538078562
6490.5 2.89677430071
6493.18 2.78640230863
6495.85 3.38224680827
6498.53 3.87355958659
6501.21 3.36253589443
6503.88 3.26931969772
6506.56 2.57117920542
6509.24 3.3918285025
6511.92 3.29842979733
6514.59 3.14024058834
6517.27 3.31855135521
6519.95 3.88889029736
6522.62 3.08192913489
6525.3 3.73115735952
6527.98 3.05943496701
6530.65 3.50429934189
6533.33 1.90995104946
6536.01 3.43038341499
6538.68 3.20124404159
6541.36 3.66709688953
6544.04 4.64392780252
6546.72 4.90993388514
6549.39 4.87251965054
6552.07 4.79358474094
6554.75 5.44742130422
6557.42 8.01120891695
6560.1 16.5256849165
6562.78 22.8915800531
6565.45 20.9683971402
6568.13 12.9152112771
6570.81 5.96346397907
6573.49 4.71875627173
6576.16 3.49531080016
6578.84 5.64316162916
6581.52 7.72375809011
6584.19 9.51964135114
6586.87 7.67448080551
6589.55 5.06643489087
6592.22 3.53085432303
6594.9 3.3369390827
6597.58 3.54276300015
6600.26 3.37631528327
6602.93 3.48814734305
6605.61 3.42463439845
6608.29 3.32607982925
6610.96 2.8421130165
6613.64 2.75610590402
6616.32 3.18084872102
6618.99 3.50429934189
6621.67 3.45173690498
6624.35 3.24176092004
6627.02 3.19508438101
6629.7 3.6108842834
6632.38 3.14028621545
6635.06 2.95184622897
6637.73 3.32922810021
6640.41 3.39351670577
6643.09 3.95126256407
6645.76 3.44621602402
6648.44 3.10615713315
6657.5 3.2066280412
6672.85 3.13298587699
6688.23 3.13960180872
6703.65 3.11021794642
6719.1 3.11674262392
6734.59 3.10898601431
6750.12 3.0727580847
6765.68 3.13649916488
6781.27 3.12865130103
6796.91 3.09935869296
6812.57 3.09160208335
6828.28 3.09808113373
6844.02 3.08320669412
6859.8 3.04031720567
6875.61 3.03269747741
6891.46 2.94267517878
6907.35 3.00367863203
6923.27 3.00303985241
6939.23 3.05824866201
6955.23 3.0576098824
6971.26 3.05697110278
6987.33 2.96621877031
7003.44 3.04168601913
7019.58 3.02010439356
7035.76 3.00559497088
7051.98 3.07499381336
7068.24 2.93596799282
7084.53 3.00372425915
7100.86 2.89444731783
7117.23 2.85415857496
7133.64 2.85351979534
7150.08 2.87934474264
7166.57 2.8720900313
7183.09 2.78681295267
7199.65 2.69779445058
7216.24 2.73475241403
7232.88 2.8762420988
7249.55 2.8231321365
7266.26 2.90161077494
7283.02 2.82190020439
7299.8 2.75072190441
7316.63 2.83371762727
7333.5 2.85931443899
7350.4 2.93875124686
7367.35 2.91119246917
7384.33 2.9442265007
7401.35 2.89654616514
7418.42 2.85616616803
7435.52 2.96270548243
7452.66 2.84831830419
7469.84 2.8151017642
7487.06 2.91338257071
7504.32 2.85954257457
7521.62 2.9053521984
7538.95 2.88472874226
7556.34 2.92419619705
7573.75 2.90339023244
7591.21 2.89604426687
7608.71 2.84909396515
7626.25 2.7581134971
7643.83 2.80871396805
7661.45 2.75049376883
7679.12 2.7435584473
7696.82 2.74291966768
7714.56 2.7233912623
7732.35 2.70404536538
7750.17 2.69720129808
7768.03 2.70901872096
7785.94 2.66507980886
7803.89 2.68292001097
7821.88 2.7447447523
7839.91 2.63875296329
7857.99 2.6934142475
7876.1 2.71768787288
7894.25 2.71700346615
7912.45 2.67913296039
7930.69 2.6295819131
7948.97 2.57505751023
7967.3 2.61023601618
7985.67 2.6337339806
8004.07 2.5791183235
8022.52 2.66909499501
8041.02 2.69314048481
8059.56 2.66781743578
8078.13 2.58254035715
8096.76 2.60581018599
8115.42 2.62930815041
8134.13 2.64687458982
8152.88 2.59193954292
8171.68 2.41832836893
8190.51 2.49119487218
8209.4 2.4734459243
8228.32 2.53627446216
8247.29 2.62474543887
8266.3 2.52336198851
8285.36 2.49384124487
8304.46 2.4989971089
8323.6 2.56241879927
8342.79 2.46911134834
8362.02 2.55525534216
8381.29 2.52536958159
8400.62 2.49584883794
8419.98 2.48371202525
8439.39 2.57628944234
8458.85 2.48248009314
8478.35 2.36467088125
8497.89 2.52733154755
8517.48 2.50351419333
8537.12 2.46851819584
8556.8 2.20456533341
8576.52 2.49580321083
8596.29 2.45524070526
8616.11 2.42654124969
8635.97 2.46532429776
8655.88 2.40856416624
8675.83 2.09236825671
8695.83 2.32556844338
8715.88 2.40112694643
8735.97 2.422708572
8756.11 2.30238986877
8776.29 2.37174308413
8796.53 2.43192524931
8816.8 2.15195726939
8837.13 2.37530199913
8857.5 2.34746945876
8877.92 2.175135844
8898.38 2.32470152818
8918.9 2.3401691203
8939.46 2.30211610608
8960.06 2.30681569896
8980.72 2.20237523187
9001.42 2.06905280076
9022.17 2.0448248025
9042.97 2.39076959124
9063.82 2.41778084354
9084.71 2.35664050894
9105.65 2.31831373203
9126.64 2.12841367786
9147.69 2.20766797726
9168.77 2.27410105724
9189.91 2.28395651416
9211.09 2.28856485281
9232.33 2.20515848591
9253.61 2.18937150399
9274.94 2.3078194955
9296.32 2.13343266055
9317.75 2.27483109108
9339.23 2.27419231147
9360.76 2.26310492243
9382.34 2.25206316051
9403.97 2.21537895975
9425.65 2.24558411013
9447.38 2.22432187437
9469.15 2.24426092378
9490.98 2.2333104161
9512.86 2.20201021495
9534.79 2.18120425034
9556.77 2.08721239268
9578.8 2.16988872573
9600.88 2.2045197063
9623.01 2.18366811457
9645.2 2.16299903131
9667.43 2.15241354054
9689.72 2.16669482765
9712.06 2.14620825285
9734.44 2.1356683892
9756.88 2.12033767844
9779.37 2.12458100016
9801.92 2.12394222055
9824.52 2.11353923824
9847.17 2.11290045863
9869.87 2.09775225633
9892.62 2.08744052825
9915.42 2.07722005441
9938.27 2.08137212191
9961.19 2.07594249518
9984.16 2.06102242845
10030.24 2.02684771904
10076.53 1.98861219636
10123.05 2.01963863481
10169.77 1.9952737552
10216.71 1.98943348443
10263.87 1.98359321367
10311.25 1.96867314694
10502.95 1.89918305023
10698.21 1.81787553064
10897.1 1.73205092662
11099.7 1.68875079413
11306.06 1.63518456069
11489.77 1.60904022358
11703.37 1.55798348148
11893.54 1.50510165476
12086.79 1.46408287805
12311.51 1.43406023613
12511.56 1.39495779826
12685.6 1.35695041115
12891.74 1.31994682059
13101.21 1.29288994117
13314.08 1.25474567272
13499.3 1.23188648792
13687.08 1.206609066
13909.5 1.17101991601
14102.98 1.13648018968
14299.18 1.11060961526
14498.1 1.10549937834
14699.79 1.07784934642
14904.28 1.07538548219
15111.62 1.06553002527
15286.61 1.0679938895
15499.27 1.06064792393
15714.89 1.03646555278
15896.85 1.00361402971
16118.0 1.00361402971
16304.64 0.996678708178
16493.44 0.971766303185
16684.43 0.956253083959
16916.52 0.930154373966
17112.41 0.906884545127
17310.56 0.870109090137
17511.01 0.848344956105
17713.79 0.81950861919
17918.89 0.793546790543
18084.7 0.759554589592
18294.11 0.740573709597
18505.93 0.718718321334
18720.23 0.687965645574
18893.45 0.670764223078
19112.23 0.656984834236
19289.06 0.634673174819
19512.42 0.60893948175
19692.98 0.593700025216
19920.99 0.577502399259
20105.33 0.565684976378
20291.35 0.546475960806
20479.11 0.537715554655
20716.26 0.521882945621
20907.92 0.508833590624
21101.39 0.498384981204
21296.65 0.485928778708
21493.69 0.474841389673
21692.58 0.457685594293
21893.31 0.450362442276
22095.87 0.438088748241
22300.33 0.426148132148
22506.66 0.415494200709
22714.92 0.405100343827
22925.11 0.366915010973
23084.0 0.364387268781
23297.61 0.323268112408
23513.16 0.30659140174
23676.16 0.310857537027
23895.22 0.286789233668
24116.33 0.278973308805
24283.48 0.277691186863
24508.19 0.260955160945
24678.06 0.259755167811
24906.41 0.229915034358
25079.04 0.228331773454
25311.11 0.228856485281
25486.57 0.225717339743
25722.38 0.227282349801
25900.69 0.221597211225
26080.21 0.220579726553
26321.54 0.21555618115
26503.98 0.213580527055
26687.71 0.209200323979
26872.69 0.206330378422
27121.35 0.203501497269
27309.34 0.199326616213
27498.65 0.196137280848
27689.25 0.192117531984
27881.17 0.189480284715
28074.45 0.18602174937
28269.04 0.183046861448
28530.62 0.179291749853
28728.37 0.175614204354
28927.52 0.173205092662
29128.02 0.170043133567
29329.95 0.166557221953
29533.24 0.163518456069
29669.58 0.160904022358
29875.22 0.157600619205
30082.29 0.155082002437
30290.83 0.151901792495
30500.78 0.149816633323
30712.22 0.147421209766
30925.09 0.145066850613
31067.86 0.14274443044
31283.2 0.140787027191
31500.06 0.138537610403
31718.39 0.136634959692
31864.79 0.135384776731
32085.68 0.134449420866
32308.07 0.13475968525
32532.04 0.138218220595
32682.19 0.151550463707
32908.72 0.19035632533
33136.85 0.18774189162
33289.79 0.144400694728
33520.57 0.127514099329
33675.28 0.119552167697
33908.69 0.114702005333
34065.23 0.111316473372
34301.34 0.108784168469
34539.13 0.106306616104
34698.54 0.10388837899
34939.04 0.10199029099
35100.34 0.0999005691062
35262.34 0.097851911626
35506.75 0.0962869015688
35670.67 0.0943112474732
35917.91 0.0925911052237
36083.69 0.0911082239741
36333.83 0.0894473969746
36501.53 0.0876131869366
36670.04 0.0862124344947
36924.21 0.0844421024183
37094.63 0.0828999059187
37265.88 0.0815767195729
37524.17 0.0797196959773
37697.37 0.0788071536699
37871.4 0.0775478452856
38133.89 0.0763067877475
38309.89 0.0750885437671
38486.75 0.0738839879213
38664.39 0.0725379880178
38932.42 0.0713790592874
39112.11 0.0702383814031
39292.63 0.0691113916534
39473.99 0.0678520832692
39656.22 0.0667661579233
39931.08 0.0655479139429
40115.38 0.0646490597701
40300.58 0.0636133242511
40486.58 0.0624543955207
40673.45 0.0617380498094
40861.22 0.060893948175
41144.44 0.059917527906
41334.33 0.0590962398293
41525.16 0.0582840771757
41716.81 0.0573532840221
41909.36 0.0565684976378
42102.83 0.0556605180419
42297.16 0.0551540570612
42492.38 0.054268891023
42688.55 0.0535251690425
42885.57 0.0515905793507
43083.51 0.0498384981204
43282.36 0.0498384981204
43482.17 0.0481457321401
43682.87 0.0471601864481
43884.48 0.0465122814098
44087.08 0.0450362442276
44290.56 0.0446233188335
44494.98 0.0440110029452
44700.39 0.0428119223532
44906.71 0.0428119223532
45113.97 0.0420303298669
45322.24 0.0412633380575
45531.43 0.0410735292575
45741.57 0.0406971055557
45952.69 0.0396791646118
46058.67 0.0397708751137
46271.25 0.0392251748138
46484.81 0.0387762039986
46699.41 0.0385978019775
46914.95 0.0382437355622
47131.48 0.0377190237354
47349.02 0.0377190237354
47458.21 0.0372016122471
47677.25 0.0369456441299
47897.31 0.0366070909338
48118.37 0.0361047363936
48340.51 0.0361877777436
48451.94 0.035773483536
48675.57 0.0353674022092
48900.29 0.0353382008553
49125.98 0.035227326965
49352.72 0.0351972130688
49466.48 0.0349804842708
49694.85 0.0351118903631
49924.21 0.0349202564785
50154.63 0.0349699900343
50270.24 0.0349143249535
50502.32 0.034722691069
50735.41 0.0347715120824
50852.36 0.0347961507247
50969.58 0.0348203330959
51087.06 0.034764211744
51204.88 0.0347085466632
51322.91 0.0347322727632
51441.21 0.0346761514113
51559.79 0.0347003337824
51678.64 0.0348842110574
51797.76 0.0349079371574
51917.22 0.0348513595343
52036.89 0.0348750856343
52156.84 0.0348988117343
52277.07 0.0348417778401
52397.57 0.0349458076631
52518.35 0.034969077492
52639.4 0.0351538673092
52760.8 0.0352583534034
52882.42 0.0352008632381
53004.32 0.0351429168015
53126.49 0.0352474028957
53248.95 0.0353518889899
53371.7 0.0354568313553
53494.72 0.0355617737207
53618.09 0.0355850435495
53741.68 0.0356899859148
53865.56 0.0358779696302
53989.73 0.035984280809
54114.18 0.0360901357167
54238.91 0.0361969031666
54364.0 0.0362201729955
54489.31 0.0364943919588
54614.91 0.0366020719511
54740.8 0.0367097519434
54866.99 0.0369022983703
54993.46 0.0370962136106
55120.22 0.0372910413932
55247.34 0.0375730169662
55374.69 0.0379444216854
55502.33 0.0380557518469
55630.27 0.038255142341
55758.5 0.0386329348563
55887.02 0.0389249483947
56015.91 0.0392187870177
56145.03 0.0396061612272
56274.45 0.039813308331
56404.17 0.0402061577943
56534.18 0.0406966492846
56664.5 0.0410981678998
56795.11 0.0415037929555
56926.09 0.042009797665
57057.31 0.0426198321975
57188.83 0.0432385358819
57320.66 0.0437655290645
57452.78 0.04450331952
57585.22 0.0452534292967
57717.95 0.0460149458523
57851.06 0.0467906068136
57984.41 0.0477989660633
58118.07 0.0487160710823
58252.04 0.0497654947358
58386.31 0.050956362447
58520.9 0.0521746064275
58655.86 0.0535434198886
58791.06 0.0550719282536
58926.58 0.0566506264454
59179.79 0.0715752558835
59481.42 0.0559342807341
59783.05 0.0709045372875
60084.67 0.0841181498991
60386.29 0.0982579929528
60687.92 0.0963553422418
60989.55 0.111316473372
61291.17 0.12873234331
61592.8 0.201598846558
61894.42 0.279196881671
62196.05 0.319412621159
62497.67 0.281063030689
62799.29 0.223089217898
63100.93 0.188106908543
63402.55 0.15930707332
63704.17 0.141690444075
64005.8 0.11279479191
64307.42 0.0976283387607
64609.04 0.0948678982807
64910.68 0.0867188954753
65212.3 0.0757729504977
65513.92 0.0860390514563
65815.55 0.0726566185178
66117.18 0.0952511660498
66418.81 0.103185721413
66720.43 0.0907477697626
67022.05 0.0800710247657
67323.68 0.0874398038982
67625.3 0.0766033639974
67926.93 0.0817683534575
68228.55 0.0772102046319
68530.18 0.092331030666
68831.81 0.077958489324
69133.43 0.0814444009384
69435.05 0.104636663682
69736.68 0.148023487689
70038.3 0.125278370676
70339.94 0.112333958045
70641.55 0.0993484810102
70943.18 0.095269416896
71244.82 0.0942519322232
71546.43 0.0892329495323
71848.06 0.0954017355306
72149.69 0.114387178237
72451.31 0.12249967935
72752.93 0.133536878558
73054.56 0.133591631097
73336.44 0.133742200577
73356.19 0.13959615948
73657.82 0.160685012204
73940.88 0.170166326779
73959.43 0.181997437794
74545.34 0.205896920826
75149.79 0.247239650064
75754.24 0.286743606553
76358.69 0.279133003709
76963.16 0.260352883022
77567.6 0.252710341197
78172.05 0.239382660797
78776.52 0.214242120228
79380.96 0.183042298736
79985.41 0.156770205705
80589.87 0.138245596865
81194.32 0.119141523658
81798.78 0.109167436238
82403.23 0.103692182394
83007.68 0.1084009007
83612.13 0.108747666777
84216.59 0.114236608756
84821.04 0.122924011523
85425.49 0.12870496704
86029.95 0.129822831367
86634.39 0.120966608273
87238.84 0.0989925895103
87843.3 0.0796968824196
88447.75 0.0635768225588
89052.21 0.0544012096576
89656.66 0.0511206200624
90261.11 0.0461837661792
90865.57 0.0386776494294
91470.02 0.0354417744072
92074.47 0.0365801709357
92678.91 0.0355175154187
93283.38 0.0345871785363
93887.83 0.0327201169753
94492.27 0.0300449992011
95096.74 0.0333985921809
95701.19 0.0332562355809
96305.64 0.0323815637792
96910.1 0.0343617805864
97514.51 0.030718455424
98119.01 0.0278412095286
98723.42 0.0272859275345
99327.94 0.0265819011444
99932.35 0.02822538984
100536.85 0.0295709334724
101141.27 0.0300221856434
101745.68 0.0255260896947
102350.18 0.0248991731295
102954.59 0.0242289108046
103559.11 0.0286072887957
104163.52 0.0291466012994
104767.93 0.0331220918617
105372.44 0.0373640447778
105976.86 0.0331950952463
106581.36 0.0320872688851
107185.77 0.032167116337
107790.28 0.0330810274579
108394.7 0.0330677955944
108999.11 0.0381921769218
109603.61 0.0457274950255
110208.03 0.0526901928312
110812.53 0.058074192445
111416.94 0.0815219670345
112021.45 0.125565821503
112625.86 0.131369590578
113230.27 0.10822295495
113834.79 0.0822520008804
114439.2 0.0650551410969
115043.7 0.053894748677
115648.11 0.0488027626015
116252.63 0.0429962558993
116857.04 0.0339401860403
117461.45 0.039863954429
118065.97 0.0382204657334
118670.38 0.0405451672615
119274.88 0.0420864512188
119879.29 0.0419486573304
120483.71 0.0411469889133
121088.21 0.0402636479597
121692.62 0.0363780428147
122297.13 0.0397950574848
122901.55 0.0419983908861
123506.05 0.0411971787402
124110.47 0.0409106404557
124714.88 0.0438937412587
125319.39 0.0458871899293
125923.8 0.0482826134863
126528.31 0.0510841183701
127132.72 0.0601091617906
127737.13 0.0883204072249
128341.64 0.0881880885903
128946.05 0.043965832101
129550.56 0.0294609721243
130154.97 0.0266480604616
130759.48 0.0271221261904
131363.89 0.0247385656833
131968.31 0.0233939345933
132572.82 0.0243703548623
133177.22 0.0258085215388
133781.73 0.0265294299617
134386.15 0.0266530794443
134990.66 0.0248060938141
135595.06 0.022149226886
136199.48 0.0235956064433
136803.99 0.0213918167708
137408.4 0.0223130282302
138012.9 0.0243288341873
138617.32 0.0207325049537
139221.83 0.0215017781189
139826.24 0.0200567673751
140430.65 0.021255847967
141035.17 0.0178187573661
141555.28 0.0171781526663
142447.82 0.0246468551814
143340.47 0.0201046758462
144233.03 0.0191296243907
145125.57 0.0197204955348
146018.13 0.0205061944615
146910.77 0.0141193108518
147803.33 0.0145454681093
148695.87 0.0152595324649
149588.52 0.0161319229108
150481.08 0.0182928230948
151373.62 0.0149428802842
152266.18 0.0171735899547
153158.83 0.0161798313819
154051.38 0.0170850733509
154943.93 0.023357432901
155836.58 0.0276249370018
156729.13 0.0186706156101
157621.67 0.0158960307243
158514.32 0.0133614444654
159406.88 0.0190397389734
160299.42 0.0169682679356
161191.98 0.0174108509547
162084.64 0.0144993847228
162977.17 0.0199212548424
163869.73 0.0252870036101
164762.28 0.0271896543211
165654.93 0.0262086713406
166547.49 0.0221067936687
167440.05 0.0247860178833
168332.7 0.0217358452207
169225.24 0.0227455732839
170117.8 0.0281072156112
171010.44 0.0282445532285
171902.99 0.0237146932144
172795.54 0.0211121225536
173688.09 0.0208452039287
174580.73 0.0210007923921
175473.29 0.018326130889
176365.83 0.0124374953792
177258.48 0.0165156469511
178151.04 0.0186313762909
179043.58 0.0159074375032
179936.23 0.0178278827892
180828.79 0.0120496648985
181721.34 0.0196493172348
182613.89 0.0163294883204
183506.54 0.0150532979034
184399.09 0.0119506540581
185291.63 0.0132633461674
186184.3 0.0229312756435
187076.86 0.0370008529395
187969.38 0.0281610556074
188861.94 0.0168633255702
189754.6 0.0140125434018
190647.15 0.0158631792013
191539.7 0.00884983529748
192432.35 0.0162021886685
193324.89 0.0164134422126
194217.45 0.0138715556153
195110.01 0.01475535284
196002.66 0.0204153965019
196895.2 0.0140440261114
197787.76 0.0113483761352
198680.4 0.0175532075546
200093.85 0.0207238358018
201802.23 0.0249566632948
203511.59 0.0189576101658
205221.95 0.022849603107
206933.16 0.0238848823547
208645.25 0.0233994098472
210358.32 0.0260343757599
212072.28 0.0232269393511
213787.18 0.0284799891438
215503.08 0.0256994727331
217219.84 0.0234153793376
218937.59 0.026019775083
220656.2 0.0282929179708
222375.78 0.0261315615156
224096.34 0.0241568199624
225817.78 0.0279507146055
227540.2 0.0279835661286
229263.6 0.0292501748513
230987.85 0.0288787701322
232713.19 0.027545545821
234439.31 0.0290868297783
236166.47 0.0318354072083
237894.64 0.0286460718438
239623.68 0.0287724589534
241353.67 0.0273055471942
243084.65 0.0298506276896
244816.5 0.0293806684013
246549.43 0.027563340396
248283.24 0.0268574889212
250018.12 0.0288956521649
251753.84 0.0299218059896
253490.59 0.02981914498
255228.28 0.0306011937374
256966.94 0.0270472977212
258706.58 0.030305986301
260447.22 0.0309319903239
262188.8 0.0287008243822
263931.36 0.0283098000035
265674.89 0.0318043807698
267419.39 0.0298515402319
269164.99 0.0289111653841
270911.44 0.0290389213071
272658.87 0.0298405897242
274407.35 0.0312846879257
276156.85 0.0299583076819
277907.19 0.028097633917
279658.6 0.0294888046647
281411.01 0.0294358772109
283164.49 0.029118768759
284918.91 0.0287537518361
286674.25 0.0279456956228
288430.7 0.0308927510047
290188.08 0.0317642289083
291946.48 0.0289380853822
293705.89 0.0309616479489
295466.27 0.03099769337
297227.72 0.0292743572224
298990.14 0.0302484961356
300753.54 0.0314297821526
302518.0 0.0285835626957
304283.55 0.0313193645334
306050.05 0.0293359538282
307817.55 0.0296288799089
309585.99 0.0329742600079
311355.62 0.033048632206
313126.14 0.0292437870551
314897.78 0.0323546437812
316670.33 0.0314612648622
318444.03 0.0324354037754
320218.75 0.0313549536834
321994.37 0.0343070280479
323771.12 0.0344101453287
325548.93 0.0312367794546
327327.78 0.0351616239188
329107.66 0.0296631002454
330888.55 0.0331750193156
332670.44 0.0410269895999
334453.42 0.0559707824264
336237.56 0.0415722336286
338022.56 0.036064584532
339808.74 0.0338261182519
