100.02 1.98656462195e-06
102.11 2.6248155743e-06
104.01 3.1485226659e-06
105.95 3.87360305262e-06
107.92 4.86531533452e-06
109.92 6.98403544779e-06
114.05 9.77486453183e-06
118.06 1.28560807337e-05
121.08 4.74353568757e-05
125.05 5.88992996498e-05
127.08 6.35493162138e-05
127.96 6.7314655522e-05
130.94 7.44917362846e-05
131.85 8.77223030851e-05
133.99 9.29197819634e-05
137.11 0.0001172484065
139.99 0.000128560807337
142.92 0.000328177035135
146.92 0.000748357774397
151.04 0.000813029320092
154.91 0.000895585544881
158.89 0.000993364225538
161.84 0.00106195401772
165.99 0.00117790407843
169.86 0.00127969657257
173.02 0.00135864855668
177.05 0.00149316591783
179.92 0.00158900595388
182.01 0.00165617589368
185.82 0.00179925332642
191.02 0.0019957117479
194.13 0.00214343100575
198.19 0.00232336999082
201.88 0.0025415357709
205.16 0.00271082586307
209.93 0.00290469032346
215.82 0.00343645234686
219.83 0.00377667082243
222.89 0.00398200332132
227.03 0.00439649099861
230.19 0.0064581439679
233.93 0.0104738687834
239.93 0.0137124974661
246.08 0.0142599597803
251.82 0.0168307117445
257.09 0.0163719902044
260.07 0.0191038408048
264.29 0.0252406066461
269.21 0.0285827207238
274.21 0.0320709157682
279.31 0.0312681530731
283.85 0.040097177477
289.79 0.0463568151594
295.86 0.0482067189892
300.67 0.047655160947
307.67 0.0586289815994
317.75 0.0703250156288
328.16 0.0855283581002
338.13 0.0946468139521
347.6 0.103778922231
357.34 0.15455912367
365.67 0.256515446924
375.05 0.283205941295
384.67 0.255928392572
395.44 0.41219406959
404.65 0.558602694467
414.08 0.605485128058
421.78 0.594440314786
429.62 0.609690075509
440.64 0.772877532908
450.9 0.851351682087
460.35 0.807431825109
469.99 0.879243590015
479.83 1.04738687834
489.87 0.953034956806
500.13 1.23057514098
505.92 1.10945081052
511.78 1.76239177409
520.1 1.75024111425
529.77 1.70259414476
539.62 1.47951349104
549.65 1.49999213122
559.87 2.02356269855
570.28 2.33947985443
579.54 2.37197263019
590.32 2.49525404408
599.91 2.18834748988
609.66 2.17319329615
619.56 2.8190896075
629.63 2.72966621204
639.86 3.07684742526
650.26 3.03466142649
657.79 2.85171890752
665.4 3.24422617769
674.66 3.46826250128
685.62 3.06278542567
695.16 3.5901786725
704.83 2.99302152478
716.28 3.83797021871
726.25 3.9455513418
734.66 4.0097177477
744.88 3.9455513418
755.24 3.97285619537
765.75 3.6233540696
774.61 4.08425999797
785.39 3.81162103501
794.48 4.13149739465
805.53 4.27662269141
814.86 4.34611354376
824.3 4.45765387062
835.77 3.61502608925
845.44 4.44741455053
855.23 4.40659379444
865.14 4.60373483726
875.15 4.65697930173
885.29 4.70012097038
895.54 4.74353568757
905.91 4.67855013606
914.29 4.58257357574
924.88 10.8669221506
935.59 17.6239177409
944.24 24.8378600558
955.18 29.9302152478
964.02 32.7426151662
975.18 11.751872455
984.2 26.6754767015
995.6 26.3696623415
1004.81 33.9713335771
1014.11 34.2061553179
1025.85 21.6322702459
1035.34 28.6482523724
1044.92 41.9866733445
1054.59 40.65419649
1064.35 33.8935147445
1074.2 37.8540837557
1084.14 32.2934503249
1094.17 39.0036180913
1104.29 37.3339262951
1114.51 36.3168204994
1124.82 32.2183619775
1135.23 38.6459245094
1145.74 36.1502608925
1153.68 36.8219602905
1164.35 36.8219602905
1175.13 25.5928392572
1186.0 35.0840063604
1194.22 28.3205941295
1205.27 23.4480430088
1213.62 18.2014153941
1224.85 27.4222644468
1236.19 35.0034570423
1244.76 36.7373152444
1256.27 35.5713979967
1264.98 32.8927918609
1273.75 38.3797021871
1285.54 39.3654074012
1294.45 33.1972409783
1306.42 32.9692454509
1315.48 38.4684429612
1324.6 36.8219602905
1333.78 33.8935147445
1346.12 37.6793326928
1355.45 36.4847453489
1364.85 33.427966991
1374.31 33.9713335771
1383.84 33.8143306691
1393.43 27.2966621204
1406.32 27.1710597939
1416.07 31.485226659
1425.88 31.1248025918
1435.77 31.629942383
1442.4 32.5173501242
1445.72 32.7426151662
1455.74 31.7036654876
1465.83 29.6558014694
1475.99 29.7240636033
1486.22 30.0681047584
1496.53 29.9984773818
1503.43 28.5171890752
1510.37 26.0078730316
1517.35 27.2338609572
1524.35 26.614040781
1534.91 23.1258457366
1545.55 22.7572302133
1556.27 22.1360447944
1563.45 23.6105068876
1574.29 25.0672208259
1585.2 25.8290262406
1596.19 26.0679437094
1603.56 25.3580175165
1614.67 25.1245610184
1625.86 24.2726495868
1633.37 25.4167229516
1644.69 25.5327685793
1656.09 24.3286245366
1663.74 25.5928392572
1671.42 23.2336999082
1675.27 26.1280143873
1686.88 26.431098262
1694.67 25.0098806334
1706.41 24.216674637
1714.29 22.9674775858
1726.17 22.652106527
1734.14 23.8289457162
1746.16 23.3401888372
1754.22 24.1606996871
1766.38 22.7572302133
1774.53 22.7039857488
1786.84 23.0726012721
1795.08 23.8835554233
1803.37 23.7197263019
1815.87 22.0855308153
1824.25 22.392710418
1836.9 21.6827842251
1845.37 20.1427904833
1853.89 20.1892087344
1866.74 20.5646504711
1875.36 21.5831215095
1884.02 19.957117479
1897.07 19.1475285705
1905.83 20.1892087344
1914.63 19.3686978845
1923.47 18.754338679
1936.8 19.4588039013
1945.74 20.0035357301
1954.72 18.5399955784
1968.27 19.957117479
1977.35 20.4226652325
1981.91 19.3686978845
1995.65 18.8417142104
2004.86 19.3250101187
2014.12 18.7980264447
2023.41 19.4137508929
2032.75 18.2860604402
2046.84 18.7120161559
2056.29 17.1037602803
2065.78 17.5433684229
2075.32 19.0151000306
2080.1 17.9515759838
2084.9 18.4976730554
2094.52 17.5433684229
2104.19 17.7058323017
2113.9 17.8287041427
2123.66 17.9106187035
2133.46 17.0655334853
2143.31 17.0259414476
2153.2 17.5024111425
2163.14 17.0259414476
2173.12 16.9085305772
2183.15 16.4853053468
2193.23 17.0259414476
2203.35 16.6382125268
2213.52 15.9992789531
2223.74 15.5992628482
2234.01 16.0730020578
2244.32 15.5992628482
2254.68 15.0695486888
2265.08 15.315292371
2275.54 15.455912367
2286.04 15.5282702289
2296.6 14.6982026802
2307.2 14.7705605422
2312.51 14.2722469644
2323.19 12.095367513
2333.91 13.5755636254
2344.68 13.3321408558
2355.51 13.7739333866
2366.38 13.0974556393
2377.3 13.192613054
2382.78 12.5430305874
2393.78 13.0179985154
2404.83 12.6093813816
2415.93 12.7009891654
2427.08 13.0312413694
2432.68 12.5909506054
2443.91 12.9480980902
2455.19 12.7453595524
2466.52 12.6619432247
2472.2 12.3189942638
2483.62 12.4373608041
2495.08 11.1398341621
2506.6 12.5034385497
2512.38 11.6172595269
2518.17 11.9999370498
2523.97 11.6481140114
2535.62 11.6522097395
2547.32 11.4172514745
2553.2 11.7662075032
2564.98 11.6089315466
2576.82 11.9109232271
2582.76 11.8038882011
2594.68 11.6460661474
2606.66 11.3589556121
2612.67 11.2050927622
2624.73 11.417524523
2636.84 11.448105959
2642.92 11.8799322183
2655.12 11.856859617
2667.38 11.1977204517
2673.53 11.4081043485
2685.87 11.3597747577
2692.06 10.9762780892
2704.48 11.0564178344
2716.97 10.7592045033
2723.23 10.7364049505
2735.8 10.9400991582
2742.11 10.1415687154
2754.76 10.1687370447
2767.48 10.2905166916
2773.86 10.5564659655
2786.66 10.2727685368
2793.09 9.05251463047
2805.98 9.43915135711
2812.45 10.3280608653
2825.43 10.4036953097
2831.94 10.0293457672
2845.01 9.91848806165
2858.15 9.76366954187
2864.73 10.0855937655
2877.96 9.95111736167
2884.59 9.93009262442
2897.91 9.79780060884
2911.28 10.0763101153
2931.46 9.80763035613
2951.78 9.63438106018
2972.24 9.59601774091
2992.85 9.49198624878
3006.66 9.43055032824
3027.5 9.34986448592
3048.49 9.22726569336
3069.62 9.12746645354
3090.9 9.04951109658
3112.32 8.93100803205
3126.69 8.79188980308
3148.36 8.73700704739
3170.18 8.62273623518
3192.16 8.33535265128
3206.89 8.37753865006
3229.12 8.17329834531
3251.51 8.23541688719
3266.51 8.22012616919
3289.16 8.13152191934
3311.95 8.06230411552
3319.59 8.2141191014
3327.24 8.23487079012
3334.91 8.29384927385
3342.6 7.88591476142
3350.31 8.24046828511
3358.03 7.79922185131
3365.77 7.72945795042
3373.53 7.62515340976
3381.31 7.73300758139
3389.1 8.00660221422
3396.91 7.91676924596
3404.74 7.73833202783
3412.59 7.6338909629
3420.46 7.81355689944
3428.34 7.77942583247
3436.25 7.79922185131
3444.17 7.46705830755
3452.11 7.89315054761
3460.07 7.47060793852
3468.04 7.45504417198
3476.04 7.38855685352
3484.05 7.37326613552
3492.08 7.47757067618
3500.13 7.32589221456
3508.2 7.24384112957
3516.29 7.12970684162
3524.39 7.31428765179
3532.52 7.36671297066
3540.66 7.41954786233
3548.82 7.52453502433
3557.0 7.44016302678
3565.2 7.47634195777
3573.42 7.17462332575
3581.66 6.93270232306
3589.92 6.68354553418
3598.19 7.01625517501
3606.49 6.96970039966
3614.8 7.0196682817
3623.13 7.0375529608
3631.49 7.52549069421
3639.86 7.18854880107
3648.25 7.10799948302
3648.85 7.05161496039
3651.58 7.19796897556
3654.31 6.46360493862
3657.05 6.63207588518
3659.78 7.98216437027
3662.51 7.82584408355
3665.24 6.93475018708
3667.97 6.44025928881
3670.7 6.26741956567
3673.44 7.89164878067
3676.17 5.37564304786
3678.9 6.29622618619
3681.63 7.03523204824
3684.36 7.70188004831
3687.09 6.49104631646
3689.83 7.52357935446
3692.56 8.06967642599
3695.29 7.84536705385
3698.02 6.57118606171
3700.75 8.22231055748
3703.48 6.62620534167
3706.21 7.56016785825
3708.95 7.48071073434
3711.68 6.67166792287
3714.41 7.56139657666
3717.14 7.60699568213
3719.87 10.4092928047
3722.6 21.7155500494
3725.34 45.3246916942
3728.07 73.0677881706
3730.8 76.9177725249
3733.53 52.7570728377
3736.26 26.1157272032
3738.99 11.4145209891
3741.73 9.2844693616
3744.46 7.64467638007
3747.19 7.71689771778
3749.92 6.68450120405
3752.65 6.72982726099
3755.38 7.05161496039
3758.12 7.97533815688
3760.85 7.00956548588
3763.58 8.85127785961
3766.31 7.05885074658
3769.04 6.86102708242
3771.77 7.57204546955
3774.5 7.93465392505
3777.24 7.6028999541
3779.97 8.5652595184
3782.7 7.30473095304
3785.43 8.39187369819
3788.16 8.30176768138
3790.89 8.64485316657
3793.63 6.5444273052
3796.36 8.21425562567
3799.09 7.93574611919
3801.82 7.70679492195
3804.55 7.76563688141
3807.28 8.09520646408
3810.02 7.9220936924
3812.75 9.01046515596
3815.48 8.83666976295
3818.21 8.37794822286
3820.94 8.05875448455
3823.67 8.68676611681
3826.41 7.95581518657
3829.14 7.60453824531
3831.87 6.8241655301
3834.6 7.90598382879
3837.33 8.24606578009
3840.06 7.34650737901
3842.79 7.31183021497
3845.53 7.53668568417
3848.26 7.98585052551
3850.99 8.46614289992
3853.72 8.61154124521
3856.45 8.74110277543
3859.18 9.23491105236
3861.92 9.62373216729
3864.65 11.2229774413
3867.38 13.4390393575
3870.11 15.0258609231
3872.84 14.3787358934
3875.57 11.1227686286
3878.31 9.08623612464
3881.04 8.40238606681
3883.77 8.54805746064
3886.5 9.43532867761
3889.23 9.85950957792
3891.96 10.4804219483
3894.7 9.91138879972
3897.43 8.69058879631
3900.16 7.89042006226
3902.89 8.0827827557
3905.62 8.46081845347
3908.35 8.39992862999
3911.08 8.58983388662
3913.82 8.63748085611
3916.55 8.91052939187
3919.28 8.90534146969
3922.01 8.1091319394
3924.74 8.28907092447
3927.47 8.35419300025
3930.21 7.82502493794
3932.94 7.35387968948
3935.67 6.58169843034
3938.4 6.85160690794
3941.13 7.87649458693
3943.86 8.36088268938
3946.6 8.11309114317
3949.33 8.23159420769
3952.06 8.38982583417
3954.79 8.41672111494
3957.52 8.27459935208
3960.25 7.57027065407
3962.99 7.70775059183
3965.72 8.77304945411
3968.45 10.1333772593
3971.18 11.1267278324
3973.91 9.59997694468
3976.64 8.07622959084
3979.37 7.73860507637
3982.11 7.76468121154
3984.84 8.04250809668
3987.57 8.22586018844
3990.3 8.97606104046
3993.03 8.4492138907
3995.76 8.68826788376
3998.5 8.95954160404
4001.23 8.58997041088
4003.96 8.50723670455
4006.69 9.04336750452
4009.42 8.86684162615
4012.15 8.4385649978
4014.89 8.56157336316
4017.62 8.66915448626
4020.35 9.0187931363
4023.08 9.03299166016
4025.81 9.62851051666
4028.54 8.6783016122
4031.28 8.92800449816
4034.01 8.64649145779
4036.74 9.12596468659
4039.47 8.99517443796
4042.2 8.92677577975
4044.93 8.70833695114
4047.66 9.1718368406
4050.4 9.36747611647
4053.13 9.46468139521
4055.86 8.99817797185
4058.59 8.81195887046
4061.32 8.87694442197
4064.05 9.13197175438
4066.79 8.36470536888
4069.52 9.26508291556
4072.25 9.16241666611
4074.98 8.55297233429
4077.71 8.51802212171
4080.44 8.70492384444
4083.18 8.03895846571
4085.91 8.21261733446
4088.64 8.05629704773
4091.37 8.44675645388
4094.1 8.03636450462
4096.83 9.05169548486
4099.57 10.5556468199
4102.3 12.4555185317
4105.03 12.1464275892
4107.76 10.022656078
4110.49 8.48921550119
4113.22 7.64686076835
4115.96 7.57504900345
4118.69 7.85929252918
4121.42 8.12933753105
4124.15 7.44207436653
4126.88 8.01929897114
4129.61 8.39801729024
4132.34 7.97424596274
4135.08 8.15541366622
4137.81 8.2927570797
4140.54 8.40156692121
4143.27 8.37002981533
4146.0 8.86424766506
4148.73 8.51024023844
4151.47 7.85055497603
4154.2 7.82789194757
4156.93 8.35364690318
4159.66 8.1163677256
4162.39 8.57072048911
4165.12 8.37235072788
4167.86 8.44525468693
4170.59 8.33985795212
4173.32 8.61345258496
4176.05 8.5546106255
4178.78 7.99909337949
4181.51 7.69833041735
4184.25 7.99322283597
4186.98 8.2251775671
4189.71 8.43460579403
4192.44 8.21876092651
4195.17 8.10053091053
4197.9 7.94298190539
4200.63 7.87608501413
4203.37 8.00318910753
4206.1 8.50436969492
4208.83 8.43351359989
4211.56 7.66406282611
4214.29 8.02708085441
4217.02 8.63174683686
4219.76 8.1724791997
4222.49 7.91321961499
4225.22 8.08865329922
4227.95 8.10066743479
4230.68 8.1720696269
4233.41 7.89069311079
4236.15 7.60781482774
4238.88 8.25234589641
4241.61 7.76003938643
4244.34 7.45832075441
4247.07 7.95813609913
4249.8 8.00359868033
4252.54 8.12141912351
4255.27 7.43046980376
4258.0 8.14285343357
4260.73 7.8392234618
4263.46 8.10353444442
4266.19 7.82379621953
4268.92 7.62911261353
4271.66 8.17384444238
4274.39 7.52371587872
4277.12 7.68672585458
4279.85 7.73560154248
4282.58 7.57149937248
4285.31 7.86489002416
4288.05 7.88782610117
4290.78 7.30473095304
4293.51 7.29776821538
4296.24 7.39087776607
4298.97 7.22663907181
4301.7 7.19168885923
4304.44 7.46255300671
4307.17 7.03495899971
4309.9 6.88642059625
4312.63 7.56180614946
4315.36 7.16424748139
4318.09 7.38268631
4320.83 7.48808304481
4323.56 7.47825329752
4326.29 7.25339782832
4329.02 7.38705508657
4331.75 7.10772643449
4334.48 7.90953345976
4337.21 10.7084174756
4339.95 15.6101847897
4342.68 17.3030857114
4345.41 14.563043655
4348.14 10.2222545577
4350.87 8.04892473727
4353.6 7.27483213837
4356.34 7.62433426415
4359.07 7.44111869666
4361.8 8.24702144996
4364.53 8.31378181696
4367.26 8.07117819293
4369.99 7.97069633177
4372.73 8.09684475529
4375.46 7.91199089658
4378.19 7.56945150846
4380.92 7.73778593076
4383.65 7.71198284413
4386.38 8.01738763139
4389.12 7.50460248122
4391.85 7.21080225674
4394.58 7.30145437061
4397.31 7.32329825347
4400.04 8.02039116528
4402.77 7.63648492399
4405.5 7.3669860192
4408.24 7.58692661475
4410.97 7.32602873883
4413.7 7.11059344411
4416.43 7.87471977145
4419.16 7.77314571614
4421.89 7.3899220962
4424.63 7.35360664094
4427.36 7.55839304277
4430.09 7.39251605729
4432.82 7.18568179145
4435.55 7.22936955717
4438.28 7.38773770791
4441.02 7.36234419409
4443.75 7.31415112752
4446.48 7.68208402947
4449.21 7.62597255537
4451.94 7.32944184553
4454.67 7.18527221864
4457.41 7.10718033742
4460.14 7.359750233
4462.87 7.15414468557
4465.6 7.32111386519
4468.33 7.72727356214
4471.06 8.06913032891
4473.79 8.12674356996
4476.53 7.83662950071
4479.26 7.41599823136
4481.99 7.3941543485
4484.72 7.53477434442
4487.45 7.31592594301
4490.18 7.53286300467
4492.92 7.60344605117
4495.65 7.64604162275
4498.38 7.55880261557
4501.11 7.60180775995
4503.84 7.65273131187
4506.57 7.79676441449
4509.31 7.48931176322
4512.04 7.13707915208
4514.77 7.51101912181
4517.5 7.76304292032
4520.23 7.28370621579
4522.96 7.02922498045
4525.7 7.19892464543
4528.43 7.37572357234
4531.16 7.27879134214
4533.89 7.21653627599
4536.62 7.55129378084
4539.35 7.41258512467
4542.08 7.15168724874
4544.82 7.16028827762
4547.55 7.16807016089
4550.28 7.14103835585
4553.01 7.20820829565
4555.74 7.15469078264
4558.47 7.04956709637
4561.21 7.31046497229
4563.94 7.52835770383
4566.67 7.38855685352
4569.4 7.50077980172
4572.13 7.36193462128
4574.86 7.29435510868
4577.6 7.31251283631
4580.33 7.27974701202
4583.06 7.0230813884
4585.79 6.78703092923
4588.52 7.00424103943
4591.25 7.08601907589
4593.99 7.37135479577
4596.72 7.52330630592
4599.45 7.19168885923
4602.18 7.0643117173
4604.91 7.21080225674
4607.64 7.35387968948
4610.37 7.47101751132
4613.11 7.02663101936
4615.84 7.09803321147
4618.57 7.46719483182
4621.3 7.45640941466
4624.03 7.43401943473
4626.76 7.51716271387
4629.5 7.64221894325
4632.23 7.32015819531
4634.96 7.21257707222
4637.69 7.6254264583
4640.42 7.17967472366
4643.15 6.87973090712
4645.89 7.14049225878
4648.62 7.11810227885
4651.35 7.07564323153
4654.08 7.28425231286
4656.81 7.5055581511
4659.54 7.54596933439
4662.28 7.6147775654
4665.01 7.58760923609
4667.74 7.08451730895
4670.47 7.13038946296
4673.2 7.23005217851
4675.93 6.94376078876
4678.66 6.91345240129
4681.4 7.08219639639
4684.13 7.44357613348
4686.86 7.43511162887
4689.59 7.40466671713
4692.32 7.06704220266
4695.05 7.3601598058
4697.79 7.42364359037
4700.52 7.13066251149
4703.25 7.20561433456
4705.98 7.37995582464
4708.71 7.30514052584
4711.44 7.43907083264
4714.18 7.52016624776
4716.91 7.02226224279
4719.64 7.19892464543
4722.37 7.09229919222
4725.1 7.00738109759
4727.83 6.9971417775
4730.57 6.98854074863
4733.3 7.01093072856
4736.03 6.80573475393
4738.76 6.9257395854
4741.49 7.09598534745
4744.22 6.90239393559
4746.95 6.81488187988
4749.69 7.10663424034
4752.42 7.49245182138
4755.15 7.15755779226
4757.88 6.8466920343
4760.61 6.74361621204
4763.34 6.71057733922
4766.08 7.25571874087
4768.81 6.87140292678
4771.54 6.90512442095
4774.27 6.79795287066
4777.0 6.77979514303
4779.73 6.72586805722
4782.47 6.80191207443
4785.2 6.81624712256
4787.93 6.92628568247
4790.66 6.80218512297
4793.39 6.91345240129
4796.12 6.89379290672
4798.86 7.03564162104
4801.59 6.88628407198
4804.32 6.82307333595
4807.05 7.02826931058
4809.78 6.69760753377
4812.51 7.00874634027
4815.24 6.87645432469
4817.98 6.75126157105
4820.71 6.5436081596
4823.44 6.78552916228
4826.17 6.75644949323
4828.9 6.67043920446
4831.63 6.33895828204
4834.37 6.47125029762
4837.1 6.58470196423
4839.83 6.67221401994
4842.56 6.75617644469
4845.29 6.51329977213
4848.02 6.30250630252
4850.76 6.61760431279
4853.49 7.23578619776
4856.22 10.1920826945
4858.95 19.2963400225
4861.68 29.7281593314
4864.41 30.9718954118
4867.15 22.4186500289
4869.88 12.4129229601
4872.61 7.68399536922
4875.34 6.84164063638
4878.07 6.46305884155
4880.8 6.45022556037
4883.53 6.37882336826
4886.27 6.86211927657
4889.0 6.41131614402
4891.73 6.6634764668
4894.46 6.66839134044
4897.19 6.71317130031
4899.92 6.62156351656
4902.66 6.16734727731
4905.39 6.57569136255
4908.12 6.59398561445
4910.85 6.52203732527
4913.58 6.59384909018
4916.31 6.65323714671
4919.05 6.77733770621
4921.78 6.55767015919
4924.51 6.82921692801
4927.24 6.57514526548
4929.97 6.68873345636
4932.7 6.80709999661
4935.44 6.56244850856
4938.17 6.27806845857
4940.9 6.22919277066
4943.63 6.66538780655
4946.36 6.52067208259
4949.09 7.1765346655
4951.82 8.22121836333
4954.56 12.8398343458
4957.29 25.0822384953
4960.02 35.1290593688
4962.75 32.9869936057
4965.48 21.1926621034
4968.21 11.5958252168
4970.95 7.86789355806
4973.68 7.09912540561
4976.41 6.63357765213
4979.14 6.73993005681
4981.87 6.62402095338
4984.6 6.5703669161
4987.34 6.83658923847
4990.07 6.96000717664
4992.8 6.76600619198
4995.53 6.62347485631
4998.26 8.60799161424
5000.99 15.1009492705
5003.73 39.0650540118
5006.46 77.6236029898
5009.19 93.8017287339
5011.92 70.307267474
5014.65 33.2122586477
5017.38 14.1903324037
5020.11 8.65727687495
5022.85 7.10485942486
5025.58 6.3871513486
5028.31 6.41008742561
5031.04 6.54415425667
5033.77 6.50046649095
5036.5 6.30318892386
5039.24 6.05061902827
5041.97 6.24830616817
5044.7 6.33144944731
5047.43 6.15192003504
5050.16 6.13389883168
5052.89 6.18687024762
5055.63 6.08529619232
5058.36 6.53801066461
5061.09 6.4160944934
5063.82 6.26919438115
5066.55 6.17895184008
5069.28 6.32653457366
5072.02 5.99955895209
5074.75 6.04652330024
5077.48 5.75531703684
5080.21 5.98071860312
5082.94 6.06304273665
5085.67 6.17362739364
5088.4 6.07396467808
5091.14 6.09294155132
5093.87 6.30960556445
5096.6 6.31643177784
5099.33 6.13826760825
5102.06 6.30783074896
5104.79 5.82043911262
5107.53 6.23847642088
5110.26 5.91464085746
5112.99 5.95942081733
5115.72 5.78985767662
5118.45 6.30127758411
5121.18 6.02918471822
5123.92 6.08283875549
5126.65 5.94453967213
5129.38 5.16362085984
5132.11 5.71395018368
5134.84 6.00147029184
5137.57 6.23096758615
5140.31 6.02358722323
5143.04 5.94590491481
5145.77 5.81880082141
5148.5 5.84610567499
5151.23 5.99873980648
5153.96 6.12461518147
5156.69 5.96897751608
5159.43 5.77825311385
5162.16 6.01048089352
5164.89 5.7244625523
5167.62 5.63667744806
5170.35 5.55476288733
5173.08 5.68787404851
5175.82 5.43899030816
5178.55 5.8588024319
5181.28 5.78289493896
5184.01 5.65183164179
5186.74 5.75477093977
5189.47 5.71763633891
5192.21 5.87532186831
5194.94 5.81511466618
5197.67 5.87313748003
5200.4 6.09239545425
5203.13 6.57432611987
5205.86 6.07614906637
5208.6 5.93252553656
5211.33 6.2524018962
5214.06 6.10946098773
5216.79 6.18018055849
5219.52 5.66862412674
5222.25 5.42124215334
5224.98 5.86835913065
5227.72 5.59940632292
5230.45 5.53155376179
5233.18 5.77129037619
5235.91 5.64828201083
5238.64 5.93648474032
5241.37 5.96597398219
5244.11 5.83532025782
5246.84 5.50383933541
5249.57 5.71900158159
5252.3 5.87095309174
5255.03 5.76760422095
5257.76 5.90890683821
5260.5 6.08038131867
5263.23 5.96283392403
5265.96 5.56964403253
5268.69 5.41305069726
5271.42 5.75627270672
5274.15 5.65770218531
5276.89 5.72992352302
5279.62 5.96092258428
5282.35 5.95355027381
5285.08 5.87450272271
5287.81 5.92146707086
5290.54 5.62821294345
5293.27 5.99423450564
5296.01 6.0904841145
5298.74 5.71668066903
5301.47 5.70248214517
5304.2 6.09676423082
5306.93 5.96365306963
5309.66 5.92965852693
5312.4 5.83682202477
5315.13 6.07396467808
5317.86 6.07410120235
5320.59 5.8103363168
5323.32 5.95027369138
5326.05 5.98303951567
5328.79 5.69606550458
5331.52 5.38506322235
5334.25 5.68678185437
5336.98 5.8179816758
5339.71 5.90917988675
5342.44 5.8923874018
5345.18 5.94399357506
5347.91 5.70685092175
5350.64 5.88119241183
5353.37 5.74248375566
5356.1 5.95355027381
5358.83 5.83013233564
5361.56 5.66589364138
5364.3 5.80050656951
5367.03 5.49783226762
5369.76 5.38847632905
5372.49 5.67258333051
5375.22 5.75941276488
5377.95 5.91423128466
5380.69 5.61674490494
5383.42 5.64609762254
5386.15 5.58070249822
5388.88 5.79941437537
5391.61 5.63026080746
5394.34 5.54780014966
5397.08 5.61169350703
5399.81 5.49947055883
5402.54 5.53783387811
5405.27 5.4809032584
5408.0 5.49469220946
5410.73 5.48622770485
5413.47 5.51708218939
5416.2 5.72323383389
5418.93 5.8031005306
5421.66 5.71135622259
5424.39 5.63872531207
5427.12 5.23911877998
5429.85 5.55558203293
5432.59 5.66261705895
5435.32 5.51967615048
5438.05 5.4847259379
5440.78 5.4320275705
5443.51 5.82508093773
5446.24 5.72186859121
5448.98 5.53428424714
5451.71 5.59708541037
5454.44 5.73497492093
5457.17 5.62971471039
5459.9 5.64063665182
5462.63 5.73415577532
5465.37 5.74193765859
5468.1 5.92174011939
5470.83 5.71203884393
5473.56 5.63681397232
5476.29 5.58452517772
5479.02 5.60322900242
5481.76 5.73347315398
5484.49 5.64664371961
5487.22 5.37618914494
5489.95 5.57210146935
5492.68 5.7274660862
5495.41 5.69647507739
5498.14 5.45960547261
5500.88 5.28662922521
5503.61 5.38042139724
5506.34 5.53237290739
5509.07 5.50424890821
5511.8 5.57237451788
5514.53 5.43585025
5517.27 5.82016606409
5520.0 5.2930458658
5522.73 5.70343781505
5525.46 5.56240824633
5528.19 5.3121592633
5530.92 4.87951385838
5533.66 5.36813421313
5536.39 5.16484957825
5539.12 5.29427458421
5541.85 5.25536516786
5544.58 5.36840726167
5547.31 5.46929869563
5550.05 5.50179147139
5552.78 5.53687820823
5555.51 5.86535559676
5558.24 5.53128071325
5560.97 5.45469059897
5563.7 5.72173206695
5566.43 5.44663566716
5569.17 5.23338476073
5571.9 5.57251104215
5574.63 5.62753032211
5577.36 5.34588075747
5580.09 5.16321128704
5582.82 5.42793184246
5585.56 5.56172562499
5588.29 5.32198901059
5591.02 5.55394374172
5593.75 5.57633372165
5596.48 5.20662600423
5599.21 5.34533466039
5601.95 5.28212392436
5604.68 5.15065105439
5607.41 5.22887945989
5610.14 5.44581652156
5612.87 5.48499898644
5615.6 5.71941115439
5618.34 5.37263951397
5621.07 5.20840081971
5623.8 5.11815827864
5626.53 5.47011784124
5629.26 5.443495609
5631.99 5.47926496719
5634.72 5.46110723956
5637.46 5.14355179246
5640.19 5.29563982689
5642.92 4.90258645965
5645.65 5.18601083978
5648.38 5.41386984287
5651.11 5.64364018572
5653.85 5.37700829054
5656.58 4.99146375804
5659.31 5.06805387233
5662.04 4.77179621102
5664.77 5.18587431551
5667.5 5.32103334071
5670.24 5.42206129894
5672.97 5.26451229381
5675.7 5.17768285944
5678.43 5.22232629503
5681.16 5.55203240197
5683.89 5.49865141323
5686.63 5.16962792763
5689.36 5.09631439578
5692.09 5.67408509745
5694.82 5.22532982893
5697.55 5.264102721
5700.28 5.59899675012
5703.01 4.94231502161
5705.75 5.29441110847
5708.48 5.06313899868
5711.21 5.04252383423
5713.94 5.48554508351
5716.67 5.28062215742
5719.4 5.07597227986
5722.14 5.4469087157
5724.87 5.40472271692
5727.6 5.22328196491
5730.33 5.33373009762
5733.06 5.41427941568
5735.79 5.30137384614
5738.53 5.43120842489
5741.26 5.19488491719
5743.99 5.12198095814
5746.72 5.21741142139
5749.45 5.30669829258
5752.18 5.16867225775
5754.92 5.13481423932
5757.65 5.33946411688
5760.38 5.17140274311
5763.11 5.26847149758
5765.84 5.3793292031
5768.57 4.95064300195
5771.3 5.10928420123
5774.04 5.31570889426
5776.77 5.44827395838
5779.5 5.35188782525
5782.23 5.30847310807
5784.96 5.28253349717
5787.69 5.25754955615
5790.43 5.3606253784
5793.16 5.33263790348
5795.89 5.18423602429
5798.62 4.90804743037
5801.35 4.75118104657
5804.08 5.05945284345
5806.82 5.00006478692
5809.55 5.23993792559
5812.28 5.35175130098
5815.01 5.18778565526
5817.74 5.20881039251
5820.47 5.21345221762
5823.21 5.17072012177
5825.94 5.18328035442
5828.67 5.34260417504
5831.4 5.75245002722
5834.13 5.27174808001
5836.86 5.1965232084
5839.59 5.14177697698
5842.33 5.27543423524
5845.06 4.98177053502
5847.79 5.17044707324
5850.52 5.0873037941
5853.25 5.34588075747
5855.98 5.17058359751
5858.72 4.99856301997
5861.45 4.71950741642
5864.18 4.55335738241
5866.91 5.03965682461
5869.64 4.97917657393
5872.37 6.18605110201
5875.11 7.37531399954
5877.84 7.81191860822
5880.57 7.24015497433
5883.3 5.80678668584
5886.03 5.17672718956
5888.76 4.81739531649
5891.5 4.91364492535
5894.23 4.69711743649
5896.96 4.72155528044
5899.69 4.39130307643
5902.42 4.52850996565
5905.15 4.57683955649
5907.88 4.78544863781
5910.62 4.94600117684
5913.35 4.86586143159
5916.08 4.84251578178
5918.81 5.00238569947
5921.54 4.61329153601
5924.27 5.06368509575
5927.01 4.84128706337
5929.74 5.07392441584
5932.47 5.06668862965
5935.2 5.02941750451
5937.93 4.79159222986
5940.66 4.83323213157
5943.4 5.01235197103
5946.13 4.83896615082
5948.86 4.97098511786
5951.59 5.00020131119
5954.32 5.18901437367
5957.05 4.95473872998
5959.79 4.70476279549
5962.52 4.55704353764
5965.25 4.81357263699
5967.98 4.78135290977
5970.71 4.7880425989
5973.44 4.84306187886
5976.17 5.06696167818
5978.91 5.26246442979
5981.64 4.92565906092
5984.37 4.83514347132
5987.1 4.67773099045
5989.83 4.84906894664
5992.56 5.01658422333
5995.3 4.90040207137
5998.03 4.9903715639
6000.76 4.99583253462
6003.49 5.02027037857
6006.22 4.74367221184
6008.95 4.63349712766
6011.69 4.67049520425
6014.42 4.70326102854
6017.15 4.62366738037
6019.88 4.46693752084
6022.61 4.50284340329
6025.34 4.731521552
6028.08 4.98572973879
6030.81 5.13604295773
6033.54 4.97139469066
6036.27 4.67349873815
6039.0 4.62066384648
6041.73 4.79869149179
6044.46 4.92101723582
6047.2 4.93316789566
6049.93 4.80688294787
6052.66 4.75200019218
6055.39 4.66284984525
6058.12 4.62516914732
6060.85 4.80579075372
6063.59 4.83828352948
6066.32 4.87268764499
6069.05 4.79500533656
6071.78 4.70039401892
6074.51 4.77520931772
6077.24 5.02259129112
6079.98 5.1514702
6082.71 4.92934521616
6085.44 4.76046469679
6088.17 4.69629829088
6090.9 4.61110714772
6093.63 4.56427932384
6096.37 4.56851157614
6099.1 4.72496838714
6101.83 4.81384568553
6104.56 4.54967122718
6107.29 4.54243544098
6110.02 4.56004707154
6112.75 4.67855013606
6115.49 4.70066706745
6118.22 4.70749328085
6120.95 4.48591439408
6123.68 4.52482381042
6126.41 4.71527516412
6129.14 4.84087749057
6131.88 4.5631871297
6134.61 4.66612642768
6137.34 4.62817268121
6140.07 4.58393881842
6142.8 4.4666644723
6145.53 4.43553693923
6148.27 4.56946724602
6151.0 4.55076342132
6153.73 4.59499728411
6156.46 4.82394848135
6159.19 4.73862081393
6161.92 4.82736158805
6164.66 4.439496143
6167.39 4.55786268325
6170.12 4.5078948012
6172.85 4.41710616306
6175.58 4.54175281964
6178.31 4.33833166049
6181.04 4.67841361179
6183.78 4.67281611681
6186.51 4.72633362982
6189.24 4.48960054931
6191.97 4.73220417334
6194.7 4.59172070168
6197.43 4.3162147291
6200.17 4.33751251489
6202.9 4.63049359376
6205.63 4.60783056529
6208.36 4.36864004796
6211.09 4.50120511208
6213.82 4.88046952826
6216.56 4.41205476515
6219.29 4.8250406755
6222.02 4.20917970308
6224.75 4.37150705759
6227.48 4.09832199756
6230.21 4.43362559948
6232.95 4.61151672053
6235.68 4.13613921976
6238.41 4.56277755689
6241.14 4.82667896671
6243.87 4.44345534676
6246.6 4.58380229415
6249.33 4.60223307031
6252.07 3.87592396518
6254.8 4.37874284379
6257.53 4.4059111731
6260.26 4.7021688344
6262.99 4.48796225809
6265.72 4.88715921738
6268.46 4.48195519031
6271.19 4.43444474508
6273.92 4.31990088433
6276.65 3.99347135982
6279.38 4.34351958267
6282.11 4.42270365805
6284.85 4.70080359172
6287.58 4.71431949424
6290.31 4.38529600865
6293.04 4.63308755485
6295.77 5.14205002552
6298.5 5.65879437945
6301.24 6.58879769227
6303.97 6.281345041
6306.7 5.55012106222
6309.43 4.97535389443
6312.16 4.49082926772
6314.89 4.66872038877
6317.62 4.66721862182
6320.36 4.54502940207
6323.09 4.6987557277
6325.82 4.53178654808
6328.55 4.10432906534
6331.28 4.55745311045
6334.01 4.54257196525
6336.75 4.38120028061
6339.48 4.33259764124
6342.21 4.40877818272
6344.94 4.45642515221
6347.67 4.50857742254
6350.4 4.26187807048
6353.14 4.31293814667
6355.87 4.37178010613
6358.6 4.70544541683
6361.33 4.77411712358
6364.06 5.03078274719
6366.79 5.09235519201
6369.53 4.9121431584
6372.26 4.61520287576
6374.99 4.64728607871
6377.72 4.57957004184
6380.45 4.39676404715
6383.18 4.47581159825
6385.91 4.54393720793
6388.65 4.50284340329
6391.38 4.29355170063
6394.11 4.55267476107
6396.84 4.46338788988
6399.57 4.41109909528
6402.3 4.22051121731
6405.04 4.24399339139
6407.77 4.41997317269
6410.5 4.32017393287
6413.23 4.52536990749
6415.96 4.13054172478
6418.69 4.53042130541
6421.43 4.2936882249
6424.16 4.51376534472
6426.89 3.79400940445
6429.62 4.23853242067
6432.35 4.16194230639
6435.08 4.39403356179
6437.82 4.15702743275
6440.55 4.35580676678
6443.28 4.18310356791
6446.01 4.15456999593
6448.74 4.34365610694
6451.47 4.16958766539
6454.2 4.45205637564
6456.94 4.31020766131
6459.67 4.22665480937
6462.4 4.24262814871
6465.13 4.59540685692
6467.86 4.52291247067
6470.59 4.01886487365
6473.33 4.35881030068
6476.06 4.48987359784
6478.79 4.26897733241
6481.52 4.35662591239
6484.25 4.43403517228
6486.98 4.19225069386
6489.72 4.33655684501
6492.45 3.67509676712
6495.18 3.94923749703
6497.91 3.87865445054
6500.64 4.37478364002
6503.37 4.26447203157
6506.11 4.52414118908
6508.84 3.97777106902
6511.57 3.92070392504
6514.3 4.44058833714
6517.03 4.71090638755
6519.76 4.46488965682
6522.49 4.19457160641
6525.23 4.14815335533
6527.96 4.30815979729
6530.69 4.27716878848
6533.42 4.28099146798
6536.15 4.51048876229
6538.88 4.283039332
6541.62 4.73889386246
6544.35 4.93289484712
6547.08 5.67026241795
6549.81 6.52422171356
6552.54 6.91345240129
6555.27 9.15709221967
6558.01 20.2806799939
6560.74 47.2114570764
6563.47 76.7744220436
6566.2 79.1199089658
6568.93 50.9727006565
6571.66 19.880663889
6574.4 8.14517434612
6577.13 5.76309892011
6579.86 6.44408196831
6582.59 8.45958973506
6585.32 10.1064819785
6588.05 9.07599680455
6590.78 6.49036369512
6593.52 4.5899458862
6596.25 4.39171264924
6598.98 4.18979325704
6601.71 3.83291882079
6604.44 3.90950893508
6607.17 4.20249001395
6609.91 4.40782251285
6612.64 4.5865327795
6615.37 4.22938529472
6618.1 4.38352119316
6620.83 4.26337983743
6623.56 4.04726192137
6626.3 3.99210611715
6629.03 4.35143799021
6631.76 4.11511448251
6634.49 3.85448965512
6637.22 4.08944792015
6639.95 4.34556744669
6642.69 3.90008876059
6645.42 4.11320314276
6648.15 4.00466634979
6650.88 4.02145883474
6653.61 4.05231331928
6656.34 3.85735666475
6659.07 4.21764420769
6661.81 4.00698726234
6664.54 3.88397889698
6667.27 4.04548710589
6670.0 4.02951376655
6672.73 4.26078587634
6675.46 4.38679777559
6678.2 4.83541651985
6680.93 4.60796708956
6683.66 4.38079070781
6686.39 4.46420703548
6689.12 4.46256874427
6691.85 4.4207923183
6694.59 4.10187162852
6697.32 4.17873479134
6700.05 4.27239043911
6702.78 4.33819513623
6705.51 4.3089789429
6708.24 4.51376534472
6710.98 5.76924251217
6713.71 8.33180302032
6716.44 12.0195965444
6719.17 12.9227045764
6721.9 10.2334495477
6724.63 7.15004895753
6727.36 6.82252723888
6730.1 8.94848313834
6732.83 10.4897055985
6735.56 9.37061617464
6738.29 6.61965217681
6741.02 4.75090799804
6743.75 4.33682989355
6746.49 4.08248518248
6749.22 3.97899978743
6751.95 3.88042926602
6754.68 4.09013054148
6757.41 4.19457160641
6760.14 3.95510804055
6762.88 4.16262492773
6765.61 4.07210933812
6768.34 4.30187968097
6771.07 4.01872834938
6773.8 3.8108018894
6776.53 4.03101553349
6779.27 3.72274373661
6782.0 4.30310839938
6793.36 4.02063968913
6809.02 4.05763776573
6824.71 4.06664836741
6840.45 4.05695514439
6856.21 4.02869462094
6872.02 3.90964545934
6887.86 3.95456194348
6903.74 3.94514176899
6919.65 3.93585811878
6935.61 3.92643794429
6951.59 3.98077460291
6967.62 3.9349024489
6983.68 3.81858377267
6999.78 3.92520922588
7015.92 3.88889377063
7032.09 3.8001529965
7048.3 3.97886326316
7064.55 3.83469363628
7080.83 3.83428406347
7097.16 3.68683785416
7113.52 3.71209484372
7129.91 3.6947562617
7146.35 3.66062519473
7162.83 3.66868012653
7179.34 3.60983816708
7195.89 3.42334601715
7212.48 3.4707199381
7229.1 3.61721047754
7245.77 3.60028146832
7262.47 3.65857733071
7279.21 3.59973537125
7295.99 3.4932464423
7312.81 3.62403669093
7329.67 3.6573486123
7346.57 3.73366567804
7363.5 3.54075688753
7380.48 3.70731649434
7397.49 3.57284009048
7414.54 3.6390543604
7431.64 3.59700488589
7448.77 3.57202094487
7465.94 3.65489117548
7483.15 3.6127051767
7500.4 3.55468236285
7517.69 3.55440931431
7535.02 3.65366245707
7552.39 3.61980443863
7569.8 3.57816453693
7587.25 3.57775496412
7604.74 3.52027824734
7622.27 3.52000519881
7639.84 3.46348415191
7657.46 3.4630745791
7675.11 3.11480117173
7692.8 3.37597209619
7710.53 3.2088663923
7728.31 3.35986223258
7746.12 3.35958918405
7763.98 3.31317093297
7781.88 3.13473371484
7799.82 3.28217992416
7817.8 3.25938037142
7835.82 3.31958757356
7853.88 3.34238712629
7871.99 3.32668683549
7890.14 3.27316932248
7908.32 3.22060747934
7926.55 3.11807775416
7944.83 3.12504049183
7963.14 3.16094637428
7981.5 3.19726182953
7999.9 3.21173340193
8018.34 3.17473532533
8036.82 3.08080662903
8055.35 3.11616641441
8073.92 3.18852427639
8092.53 3.09418600728
8111.19 3.15138967553
8129.89 3.15111662699
8148.63 3.07903181355
8167.41 3.08585802694
8186.24 2.93322389545
8205.11 2.92612463352
8224.02 3.08503888134
8242.98 2.99384067039
8261.99 3.0702942604
8281.03 3.01404626204
8300.12 3.02756216456
8319.26 2.97895952519
8338.43 2.99233890344
8357.65 2.98523964151
8376.92 3.06851944492
8396.23 2.85035366485
8415.59 3.01896113568
8434.98 2.90277898371
8454.43 2.84298135438
8473.92 2.83615514099
8493.45 2.99015451516
8513.04 2.80311626816
8532.66 2.95534082685
8552.33 2.02096873746
8572.05 2.92762640047
8591.81 2.85417634435
8611.61 2.76966782253
8631.46 2.86018341213
8651.36 2.87315321758
8671.3 1.84212194654
8691.29 2.72434176559
8711.33 2.81335558825
8731.41 2.92530548791
8751.54 2.71724250366
8771.71 2.77390007483
8791.93 2.88434820755
8812.2 2.81840698616
8832.51 2.73499065849
8852.88 2.78564116187
8873.28 2.43149721098
8893.74 2.69048374716
8914.24 2.74659522126
8934.79 2.71478506684
8955.39 2.64665945717
8976.03 2.60406388559
8996.72 2.3583202034
9017.46 2.4297223955
9038.25 2.63956019524
9059.09 2.85417634435
9079.97 2.54344711065
9100.9 2.65089170947
9121.88 2.77553836605
9142.91 2.59600895378
9163.98 2.35094789293
9185.11 2.34535039795
9206.29 2.55955697426
9227.51 2.42726495868
9248.78 2.46071340431
9270.1 2.54699674161
9291.47 2.60010468182
9312.89 2.59983163328
9334.36 2.59955858475
9355.87 2.59327846842
9377.44 2.55737258597
9399.06 2.57484769226
9420.73 2.5160057328
9442.44 2.53894180981
9464.21 2.56815800313
9486.03 2.55600734329
9507.89 2.49757495664
9529.82 2.45743682188
9551.78 2.30371049625
9573.8 2.44555921058
9595.87 2.51382134452
9617.99 2.49047569471
9640.16 2.49020264617
9662.38 2.4671300449
9684.66 2.48392252985
9706.99 2.45525243359
9729.36 2.43245288086
9751.79 2.41538734737
9774.27 2.42071179382
9796.8 2.3927243189
9819.38 2.42016569675
9842.02 2.40323668753
9864.71 2.38644420258
9887.45 2.37524921262
9910.25 2.36405422265
9933.09 2.36924214483
9955.99 2.36896909629
9978.94 2.36323507704
10025.0 2.29306160335
10071.28 2.24036323595
10117.76 2.31313067073
10164.47 2.29142331214
10234.92 2.28541624435
10282.16 2.27954570083
10305.86 2.26889680794
10497.47 2.16964366519
10692.63 2.06110687222
10891.42 1.93686978845
11093.9 1.86683283902
11300.16 1.81181355907
11510.24 1.78287041427
11697.27 1.72225363933
11887.33 1.65235321418
12108.33 1.61098636101
12305.08 1.57071170199
12505.02 1.51746723751
12708.21 1.46927417095
12914.7 1.42599597803
13094.36 1.39350320227
13307.13 1.34309844257
13492.25 1.30649628635
13711.48 1.27381237662
13902.22 1.22492303629
14095.63 1.16710500885
14291.72 1.14053738632
14490.54 1.13268724091
14692.12 1.09422835465
14896.51 1.09675405361
15103.74 1.08920426159
15313.86 1.09422835465
15491.17 1.08169542686
15706.68 1.04980335788
15888.55 1.00485956889
16109.59 1.00485956889
16296.13 0.997951440939
16484.82 0.975233802763
16714.15 0.968516808784
16907.69 0.946468139521
17103.48 0.929197819634
17301.53 0.887380436381
17501.86 0.863188336112
17704.53 0.828142556547
17909.54 0.794530281794
18116.93 0.753545696576
18284.55 0.733012446687
18496.28 0.708124072652
18710.46 0.671590178566
18883.57 0.65631311299
19102.24 0.64432628227
19279.0 0.622455094556
19502.25 0.595805557465
19682.69 0.578234884189
19910.6 0.559899675012
20094.84 0.549674007348
20280.77 0.529796073944
20515.61 0.521317916908
20705.43 0.507119393049
20897.02 0.495569439986
21090.39 0.485412034455
21285.52 0.474353568757
21482.48 0.463568151594
21681.27 0.445765387062
21881.87 0.438638820279
22084.35 0.42570997211
22288.67 0.41410540934
22494.92 0.403743217408
22703.07 0.392739361417
22913.12 0.354089341179
23125.15 0.350840063604
23285.43 0.309814521105
23500.9 0.290469032346
23718.33 0.293841181763
23882.76 0.270468227102
24103.75 0.261280143873
24326.76 0.258290262406
24495.4 0.240501150301
24722.04 0.236651165947
24893.42 0.205646504711
25123.74 0.203748817387
25297.9 0.203748817387
25473.25 0.201892087344
25708.96 0.203284634877
25887.15 0.198656462195
26126.69 0.197291219517
26307.78 0.191912163362
26490.16 0.190151000306
26673.76 0.185399955784
26920.58 0.182860604402
27107.18 0.180348557872
27295.09 0.176239177409
27484.28 0.173030857114
27674.81 0.169085305772
27930.86 0.167146661168
28124.48 0.163351286521
28319.42 0.160730020578
28515.74 0.157439785722
28713.38 0.15349423438
28912.43 0.151746723751
29112.83 0.148975281113
29314.61 0.145917137513
29517.83 0.142927256046
29722.42 0.140633648346
29928.47 0.137752986293
30066.6 0.135240939764
30275.03 0.132162317523
30484.87 0.130649628635
30696.17 0.128857064998
30908.96 0.126504751862
31123.2 0.124769528418
31266.88 0.122774908864
31483.6 0.120811689892
31701.85 0.118879871501
31921.58 0.11751872455
32068.91 0.116173960512
32291.22 0.115640150624
32515.04 0.116441548077
32665.15 0.121368708905
32891.55 0.137752986293
33119.53 0.136178861485
33272.43 0.115906372947
33503.05 0.107425485426
33735.3 0.103063535067
33891.0 0.100024504864
34125.91 0.0975233802763
34283.45 0.0955232997519
34521.07 0.093779884851
34680.44 0.0918562579165
34920.82 0.090179739907
35081.99 0.0885332572363
35325.19 0.0867174844735
35488.23 0.0853317631545
35734.25 0.0835815220402
35899.18 0.0822449494576
36064.87 0.0807431825109
36314.88 0.0792700856605
36482.49 0.0778229284209
36735.36 0.076403076035
36904.95 0.0748357774397
37075.28 0.0734691695182
37332.25 0.0721285012076
37504.6 0.0704861142649
37677.7 0.0698403544779
37938.85 0.0685652178158
38114.0 0.067314655522
38289.91 0.0662374790484
38466.64 0.0651794159724
38733.3 0.0639889243564
38912.07 0.062821641866
39091.67 0.0618168232544
39272.13 0.0608283875549
39544.34 0.0595805557465
39726.9 0.0586289815994
39910.25 0.0574262027993
40094.46 0.0566384577736
40279.51 0.0557319366349
40465.46 0.0545892285127
40745.94 0.0539639473658
40934.0 0.0531011139928
41122.97 0.052373439645
41312.78 0.0515351806402
41503.45 0.0507119393049
41695.06 0.0497863047686
41887.49 0.0492156333289
42080.82 0.0484292535459
42275.09 0.0478749650183
42470.21 0.0471090638755
42666.23 0.0464633040884
42863.2 0.0447826903507
43061.04 0.0433614727221
43259.78 0.0432618100065
43459.45 0.0417928088841
43660.08 0.0409368017245
43861.59 0.0403743217408
44064.03 0.0390937241081
44267.46 0.0387360305262
44471.77 0.0382035858815
44677.03 0.0371632709602
44883.28 0.0371632709602
45090.44 0.0364847453489
45298.55 0.0357365923609
45507.62 0.0355713979967
45717.71 0.0351645556784
45928.72 0.0343645234686
46140.7 0.0343645234686
46247.11 0.0338143306691
46460.57 0.033427966991
46675.0 0.0331972409783
46890.43 0.0328927918609
47106.9 0.0324422617769
47324.32 0.0323671734295
47542.74 0.0319234695589
47652.38 0.031629942383
47872.32 0.0313405109351
48093.27 0.0309104594912
48315.25 0.0309104594912
48538.3 0.0305568616374
48650.18 0.030137732135
48874.73 0.0299302152478
49100.3 0.0296558014694
49326.98 0.0294510150676
49554.65 0.0291138001259
49668.87 0.02904963372
49898.17 0.0288434820755
50128.47 0.0288366558621
50244.02 0.0286359651883
50475.92 0.0284325440292
50708.95 0.0284270830584
50825.83 0.0284243525731
50942.99 0.0284216220877
51060.42 0.0282878283052
51178.12 0.0282195661713
51296.09 0.0281513040373
51414.38 0.0280844071461
51532.9 0.0280816766607
51651.68 0.0281431125813
51770.74 0.0281403820959
51890.08 0.0280734852046
52009.69 0.0280052230707
52129.57 0.0280024925853
52249.8 0.0279355956941
52370.23 0.0279328652087
52490.95 0.0279301347234
52611.95 0.0279915706439
52733.22 0.0280530065644
52854.77 0.0279861096732
52976.67 0.027855046376
53098.78 0.0278523158907
53221.18 0.0278495854053
53343.86 0.0279110213259
53466.82 0.0279082908405
53590.06 0.0279055603551
53713.59 0.0279669962757
53837.46 0.0279642657903
53961.57 0.0280257017109
54085.95 0.0280229712255
54210.62 0.0280202407402
54335.58 0.0280175102548
54460.83 0.028080311418
54586.36 0.0281417473386
54712.25 0.0282031832591
54838.37 0.0282018180164
54964.77 0.028263253937
55091.47 0.0283260551002
55218.46 0.028454387912
55345.74 0.0286482523724
55473.38 0.0285799902385
55601.25 0.0286427914017
55729.42 0.0288393863475
55857.87 0.0289021875107
55986.63 0.0289663539166
56115.68 0.029164314105
56245.04 0.0292967426449
56374.74 0.0293609090508
56504.69 0.0295615997245
56634.94 0.029763655641
56765.49 0.0298988146662
56896.34 0.0300339736914
57027.48 0.0303097527125
57159.0 0.0305868969763
57290.76 0.0307957791062
57422.82 0.0310783843407
57555.18 0.0313623548179
57687.85 0.0316504210231
57820.82 0.0320135755757
57954.11 0.032382191099
58087.76 0.0327535371076
58221.65 0.033130344087
58355.86 0.0335877003844
58490.37 0.0341310669706
58625.19 0.0346812597701
58760.33 0.0353229238292
58895.78 0.0358935952689
59156.33 0.0428385847761
59464.11 0.0621881692631
59771.88 0.0242467099759
60079.67 0.0397121790416
60387.45 0.0540581491107
60695.23 0.0573797845482
61003.02 0.0539270858135
61310.79 0.0536622287338
61618.57 0.136947493113
61926.35 0.145084339478
62234.13 0.147787519983
62541.91 0.124452792116
62849.69 0.0771280198974
63157.47 0.0453915885855
63465.26 0.0448086299616
63773.03 0.0968503156357
64080.81 0.0656927472196
64388.6 0.0872663120303
64696.37 0.011261067712
65004.15 0.0185850485868
65311.94 0.0471431949424
65619.71 0.0992572384784
65927.49 0.0712260757969
66235.28 0.0838518400906
66543.06 0.044696680062
66850.83 0.0560909954594
67158.62 0.0851515511208
67466.4 0.0540827234789
67774.18 0.0340409609538
68081.96 0.021300516275
68389.74 0.0158545632292
68697.53 0.0504457169825
69005.3 0.0462407695317
69313.08 0.0187447819802
69620.86 0.0480005673447
69928.64 0.0407019799837
70236.43 0.0782720932623
70544.2 0.0456468889664
70851.98 0.0232719267032
71159.77 0.0359850665284
71467.54 0.0770624882488
71775.33 0.0627629364308
72083.1 0.0275164661917
72390.88 0.0195175093364
72698.68 0.0548322417096
73006.45 0.111469334241
73314.23 0.0997514563282
73622.01 0.111487082395
73929.79 0.050239565338
74237.57 0.0599873980648
74545.35 0.100774023095
74832.99 0.0863092769125
74853.13 0.116453835261
75160.92 0.115283822285
75449.76 0.122972869052
75468.69 0.137124974661
76066.55 0.138176211524
76683.34 0.10764665474
77300.13 0.105230175198
77916.91 0.0932488054489
78533.71 0.11594869547
79150.49 0.09808586026
79767.27 0.0789410621749
80384.07 0.082625852165
81000.85 0.0464155205946
81617.64 0.0532881522398
82234.43 0.0784168089862
82851.21 0.0501426331078
83468.01 0.0739825007654
84084.79 0.0571777286318
84701.58 0.0568487051462
85318.37 0.0685952531548
85935.16 0.0438898216388
86551.94 0.0786693788818
87168.73 0.0534970343697
87785.52 0.0281431125813
88402.3 0.0351249636408
89019.09 0.0268311143669
89635.88 0.0424385686712
90252.66 0.0402924071801
90869.46 0.040998237645
91486.24 0.0342539388117
92103.03 0.0300762962145
92719.82 0.0368506303868
93336.6 0.0157863010952
93953.39 0.0130334257576
94570.17 0.0193946374954
95186.97 0.0170204804769
95803.75 0.0202806799939
96420.53 0.0181290575321
97037.33 0.0205673809565
97654.12 0.0246917790892
98270.91 0.0262645386552
98887.7 0.0251354829598
99504.44 0.0281458430666
100121.28 0.0205591895004
100738.02 0.0179597674399
101354.88 0.0293759267202
101971.62 0.0214657106391
102588.46 0.020701174739
103205.22 0.0224404939118
103821.96 0.0184457938336
104438.8 0.0376383754125
105055.54 0.0632858243768
105672.39 0.0525017724568
106289.14 0.024067863185
106905.88 0.0241415862896
107522.73 0.0303329618381
108139.48 0.0226043230333
108756.32 0.0245279499677
109373.06 0.0279547090916
109989.9 0.0321214297473
110606.66 0.0346007104521
111223.4 0.0440399983335
111840.25 0.0825261894495
112456.99 0.0931668908882
113073.83 0.0775007311487
113690.58 0.0691263325568
114307.42 0.0529755116664
114924.17 0.0482859030646
115540.91 0.0391019155642
116157.76 0.0390882631374
116774.51 0.030439450767
117391.35 0.0331480922418
118008.09 0.0342771479372
118624.94 0.0346498591885
119241.69 0.0346785292848
119858.43 0.0382008553961
120475.28 0.0299698072855
121092.03 0.0286154865481
121708.86 0.0344464380294
122325.61 0.0284188916024
122942.37 0.035451256641
123559.21 0.0380520439441
124175.95 0.0388302322711
124792.79 0.0360328500222
125409.55 0.0367536981566
126026.38 0.0413026867624
126643.13 0.0467336221388
127259.88 0.0489466805212
127876.72 0.0790816821708
128493.47 0.0806285021259
129110.31 0.0429245950649
129727.06 0.0290687471175
130343.8 0.0278236457944
130960.65 0.0174559928914
131577.4 0.0285240152886
132194.24 0.0274113425054
132810.98 0.0331890495222
133427.82 0.0290209636237
134044.58 0.0188089483861
134661.33 0.0213209949152
135278.17 0.0238357719296
135894.91 0.0241292991055
136511.75 0.0252733724704
137128.51 0.0327153103126
137745.35 0.0280857723887
138362.09 0.0245716377335
138978.84 0.025117734805
139595.68 0.0128994954509
140212.44 0.0213264558859
140829.26 0.0216827842251
141446.02 0.0277116958947
142062.86 0.0247996332608
142679.61 0.0270004044591
143296.35 0.0266099450529
143913.21 0.0238548853271
144443.93 0.0173522344478
145354.69 0.0248351295705
146265.55 0.011257518081
147176.32 0.0206315473624
148087.08 0.019987152818
148997.85 0.0181577276283
149908.71 0.0211790096766
150819.49 0.0240282711473
151730.24 0.0319535048978
152641.11 0.0242726495868
153551.88 0.0297131416619
154462.63 0.0472496838714
155373.4 0.100494148345
156284.27 0.06109597512
157195.04 0.0195693885582
158105.8 0.0228801020544
159016.66 0.017253936975
159927.43 0.022609784004
160838.19 0.0236391769838
161749.05 0.0249293313153
162659.82 0.0294059620592
163570.58 0.0335754132003
164481.35 0.0383742412163
165392.23 0.0283083069454
166302.97 0.0249143136458
167213.74 0.0360615201184
168124.51 0.0284298135438
169035.38 0.0312080823952
169946.15 0.0296435142853
170856.92 0.0255846478011
171767.78 0.0221565234346
172678.54 0.0347508871468
173589.31 0.0281239991837
174500.18 0.0300407999048
175410.93 0.030588262219
176321.7 0.0345529269583
177232.46 0.0358062197375
178143.32 0.0476715438591
179054.09 0.0331508227272
179964.85 0.0267874266012
180875.71 0.0251723445121
181786.49 0.0197536963199
182697.24 0.0208718300738
183608.11 0.0255081942111
184518.88 0.0311753165709
185429.65 0.0432072002994
186340.4 0.0752207758751
187251.27 0.0872471986328
188162.04 0.0508621159995
189072.8 0.0394964706983
189983.68 0.0373735183328
190894.45 0.0334170450495
191805.19 0.0385803928609
192715.96 0.0525959742016
193626.84 0.0377093680318
194537.59 0.031217639094
195448.37 0.0327890334173
196359.23 0.0591259299345
197269.99 0.0417272772355
198180.76 0.0372342635795
199091.53 0.04731521552
200002.39 0.0368137688345
200913.15 0.0506109113466
201823.92 0.03803975676
202734.78 0.0401763615524
205920.31 0.04769748347
207664.56 0.0466762819463
209409.82 0.0412166764737
211155.95 0.0417723302439
212902.98 0.0448659701541
214651.0 0.0430392754499
216399.94 0.0419757514031
218149.84 0.0488825141152
219900.75 0.0492647820653
221652.54 0.0449137536479
223405.34 0.0439758319276
225159.03 0.0520307637326
226913.7 0.050881229397
228669.37 0.0477370755077
230425.94 0.0462953792389
232183.51 0.0452345856774
233942.07 0.0492224595423
235701.52 0.048972620132
237462.06 0.0492033461448
239223.4 0.0487582770315
240985.81 0.0505644930956
242749.25 0.0487173197511
244513.57 0.0460619227408
246278.86 0.0477575541479
248045.17 0.0500579880617
249812.36 0.0484975156798
251580.65 0.0462516914732
253349.84 0.0470312450428
255120.12 0.0476360475495
256891.27 0.0480879428762
258663.46 0.0481316306419
260436.61 0.0522082452809
262210.75 0.0474954275536
263985.88 0.0486313094623
265762.05 0.0498491059319
267539.17 0.0513727167614
269317.29 0.0507610880413
271096.39 0.0492907216762
272876.5 0.0530082774906
274657.72 0.0512771497739
276439.81 0.0500839276726
278222.89 0.0496224756472
280007.06 0.0530478695283
281792.25 0.0540513228973
283578.32 0.0539489296964
285365.47 0.0530915572941
287153.64 0.0503583414511
288942.9 0.0496183799191
290733.12 0.0538847632905
292524.28 0.0489043579981
294316.58 0.0510204841503
296109.81 0.0552390840278
297904.1 0.0525932437163
299699.41 0.0496852768104
301495.72 0.0567121808783
303293.11 0.0558616346894
305091.5 0.0530628871978
306890.88 0.0544158426925
308691.34 0.0534669990307
310492.93 0.053159819428
312295.47 0.0543666939561
314099.04 0.0587777930514
315903.57 0.0508716726983
317709.32 0.0531366103025
319515.96 0.0558438865346
321323.75 0.0559640278903
323132.47 0.0566725888406
324942.38 0.0517863852931
326753.3 0.0550465848101
328565.16 0.0564445933132
330378.17 0.0614181723922
332192.26 0.0667412535969
334007.41 0.0724506984798
335823.61 0.0798803491379
337640.84 0.0581675295739
339459.09 0.0495596744839
341278.46 0.0615178351078
343099.01 0.0673556128024
344920.43 0.0637349892182
346743.06 0.0778666161867
