100.01 9.14939374368e-19
102.1 1.6530536047e-18
104.0 2.70514672122e-18
105.94 4.55102124304e-18
107.91 7.62096111046e-18
109.91 1.59557247608e-17
114.04 3.98763550902e-17
118.04 9.0892034635e-17
121.07 3.76171582726e-16
125.04 8.18823388802e-16
127.07 1.18601943464e-15
127.95 1.42901855011e-15
130.93 2.40937804505e-15
132.14 3.05392053649e-15
133.98 4.2537213073e-15
137.1 7.35558204737e-15
139.97 1.17895208276e-14
142.9 2.57239829507e-14
146.91 5.76955049633e-14
151.02 1.00680316989e-13
154.9 1.73279689175e-13
158.87 2.91457591526e-13
161.83 4.24064670632e-13
165.98 6.87429538435e-13
169.84 1.09155249785e-12
173.0 1.52713695204e-12
177.03 2.34800987289e-12
179.91 3.21034459143e-12
181.99 3.93969530543e-12
185.8 5.86507753591e-12
191.01 9.39781116226e-12
194.11 1.2412625685e-11
198.17 1.77284521907e-11
201.86 2.49171269445e-11
205.14 3.20139261238e-11
209.92 4.66786812746e-11
215.8 7.60034800081e-11
219.81 1.02244557538e-10
222.87 1.26328914853e-10
227.01 1.67990954185e-10
230.17 2.97264598987e-10
233.91 5.86083712478e-10
239.91 9.92350435292e-10
246.06 1.31935680677e-09
251.79 1.84540336503e-09
257.07 1.97167338529e-09
260.04 2.62234091503e-09
264.27 3.26959255802e-09
269.18 4.07621298591e-09
274.19 5.03513484681e-09
279.28 6.14836055709e-09
283.82 7.50835463717e-09
289.77 9.06258310475e-09
295.83 1.15334471112e-08
301.33 1.32336163951e-08
308.35 1.71135925771e-08
317.72 2.42045022966e-08
328.13 3.26876803364e-08
338.1 4.3241592477e-08
348.37 5.62867461552e-08
357.31 7.07901301047e-08
365.63 8.86269483575e-08
375.01 1.08668780397e-07
384.63 1.31711881201e-07
395.41 1.66000316738e-07
404.62 2.0353973414e-07
414.04 2.40549100151e-07
421.74 2.76580815819e-07
429.58 3.16546690699e-07
440.6 3.83615860039e-07
450.86 4.50190314748e-07
460.31 5.16328949423e-07
469.94 6.00418657874e-07
479.78 6.98183692212e-07
489.83 8.00719189069e-07
500.09 9.31052936654e-07
505.88 1.3294866778e-06
511.74 3.04367287626e-06
520.05 3.35722772133e-06
529.72 3.8063579333e-06
539.57 4.06466964451e-06
549.6 5.4768443393e-06
559.82 7.01493568676e-06
570.22 8.44312971248e-06
579.49 8.99591441869e-06
590.26 1.12334380239e-05
599.85 1.23042596229e-05
609.6 1.51547582144e-05
619.51 1.87956223245e-05
629.57 2.15059517704e-05
639.8 2.39913038482e-05
650.2 2.82187581643e-05
657.73 3.10562999441e-05
665.34 3.48962277988e-05
674.6 3.90223834047e-05
685.56 4.12827581143e-05
695.1 5.27577817832e-05
704.77 5.40511071772e-05
716.22 6.90598067861e-05
726.18 7.63356455465e-05
734.59 8.40049002281e-05
744.81 9.67814945349e-05
755.17 0.000107962045209
765.68 0.000119874066802
774.54 0.000135928734489
785.32 0.000154080049901
794.41 0.000169157067245
805.46 0.000185247071691
814.79 0.000201961358887
824.23 0.000228970421988
835.69 0.000217379964905
845.37 0.000268359129798
855.16 0.000292564809987
865.06 0.000325628237865
875.08 0.000359928452322
885.21 0.000400589283471
895.46 0.000438705867943
905.83 0.000467352200896
914.21 0.000714862642649
924.8 0.00444312633768
935.51 0.00982055659387
944.16 0.0201231065859
955.09 0.028651044521
963.93 0.0367019362041
975.09 0.00975247443743
984.12 0.04341592049
995.51 0.0445726104144
1004.72 0.0557943873076
1014.02 0.05094736181
1025.76 0.0209181836724
1035.25 0.0435537338517
1044.83 0.0752543407088
1054.5 0.0787114536701
1064.26 0.0712082817576
1074.1 0.0827987388406
1084.04 0.0749045067908
1094.07 0.090363161136
1104.2 0.0900463081934
1114.41 0.092244254628
1124.72 0.0883901920695
1135.13 0.102769897361
1145.63 0.098246792158
1156.24 0.104656880313
1164.25 0.110498046642
1175.02 0.0903219349167
1185.89 0.110975092894
1194.12 0.0888790172412
1205.16 0.0709939054173
1216.32 0.0356159197986
1224.75 0.0807609857152
1236.08 0.117113088001
1244.65 0.132183037993
1256.16 0.134762621429
1264.87 0.125339485589
1273.64 0.150534595041
1285.42 0.158497144826
1294.33 0.14472758758
1306.31 0.146188173635
1315.37 0.16882725749
1324.48 0.167861386067
1333.66 0.161618558573
1346.0 0.17940472747
1355.33 0.179616748027
1364.73 0.172914542661
1374.19 0.180441272413
1383.71 0.186566310709
1396.52 0.174245560598
1406.2 0.182655709335
1415.94 0.189723061215
1425.76 0.193468757711
1435.64 0.196366371982
1442.27 0.205459698068
1445.59 0.208227744221
1455.61 0.208451543697
1465.7 0.20298612491
1475.86 0.205082772634
1486.09 0.208640006414
1496.4 0.213716720847
1503.3 0.211572957444
1513.72 0.200406541474
1517.21 0.209759003795
1524.21 0.208616448574
1534.78 0.195789204912
1545.42 0.209511646479
1556.13 0.203068577348
1563.31 0.207603461471
1574.15 0.221137440321
1585.06 0.229123547945
1596.05 0.237404128565
1603.42 0.232857465522
1614.53 0.235766858712
1625.72 0.231137743231
1633.23 0.242928441951
1644.55 0.24766356771
1655.95 0.236720951216
1663.59 0.256933577593
1671.27 0.24122049858
1675.12 0.260137443778
1686.73 0.26826489844
1694.52 0.260702831929
1706.26 0.257334060866
1714.14 0.25473091959
1726.02 0.256109053207
1733.99 0.269148317425
1746.01 0.266898543743
1754.07 0.280479638272
1766.23 0.264990358736
1774.38 0.277193319648
1786.68 0.281904887568
1794.92 0.294213858759
1803.21 0.29593358105
1815.71 0.287417422034
1824.09 0.29177562236
1836.73 0.288642429694
1845.21 0.274083684821
1853.73 0.27887770518
1866.58 0.286887370644
1875.19 0.300774717087
1883.85 0.288901565929
1896.91 0.283165231987
1905.66 0.296169159446
1914.46 0.293130198137
1923.3 0.292128989954
1936.63 0.297735755779
1945.57 0.312848109882
1954.55 0.30118697928
1968.1 0.319939019602
1977.18 0.327772001269
1981.74 0.317913045396
1995.48 0.313719749947
2004.69 0.319915461762
2013.94 0.318066171354
2023.23 0.327336181236
2037.26 0.322259466802
2046.66 0.330127785229
2056.11 0.321470279176
2065.6 0.327041708241
2075.13 0.343614648399
2079.92 0.336358833803
2084.71 0.343190607286
2094.34 0.333425882772
2104.0 0.339197553474
2113.71 0.342684113735
2123.47 0.348608910394
2133.27 0.334804016389
2143.12 0.343744216517
2153.01 0.351294504109
2162.95 0.344439172785
2172.93 0.344780761459
2182.96 0.346712504307
2193.04 0.360081578279
2203.16 0.353850529705
2213.33 0.344545183063
2223.55 0.340917275765
2233.81 0.359810663124
2244.12 0.350328632685
2254.48 0.344262488988
2264.88 0.348008185485
2275.34 0.358644550064
2285.84 0.367631865871
2296.39 0.355758714713
2306.99 0.362166447084
2317.64 0.357820025678
2322.98 0.314084896461
2333.71 0.350599547841
2344.48 0.34006919354
2355.3 0.363356117984
2366.17 0.346017548038
2377.09 0.358821233861
2382.57 0.339833615144
2393.57 0.357301753207
2404.62 0.351412293307
2415.72 0.357761131079
2426.87 0.376171582726
2432.46 0.36709003556
2443.69 0.384204806029
2454.97 0.382261284262
2466.3 0.382956240531
2477.69 0.375794657292
2483.4 0.384016343313
2494.86 0.373379978733
2506.38 0.40360468694
2512.15 0.378751166162
2517.94 0.383498070841
2523.75 0.372531896508
2535.4 0.377549716342
2547.1 0.379139870515
2552.97 0.401060440263
2564.76 0.398127489233
2576.59 0.415760532173
2582.54 0.41711510795
2594.46 0.415996110569
2606.43 0.407303267757
2612.44 0.405819123862
2624.5 0.421862012629
2636.61 0.434512572494
2642.69 0.4671166225
2654.89 0.478930879059
2667.14 0.454065579362
2673.29 0.46831807232
2685.63 0.476857789174
2698.03 0.45946032463
2704.25 0.471710401222
2716.73 0.454501399394
2722.99 0.452852350622
2735.56 0.474054406262
2741.87 0.432769292364
2754.52 0.44476023272
2767.24 0.463441599522
2773.62 0.480214781317
2786.42 0.462711306495
2792.84 0.3906125384
2805.73 0.41651438304
2812.2 0.489849937714
2825.18 0.506941150343
2838.22 0.499850240624
2844.76 0.488978297648
2857.89 0.474443110615
2864.48 0.51359624003
2877.7 0.52303115479
2884.34 0.52477443492
2897.65 0.52829633194
2911.03 0.56595353854
2931.2 0.556094582668
2951.52 0.555293616121
2971.98 0.567414124595
2992.58 0.575824273332
3013.33 0.587061362821
3027.24 0.596508056501
3048.22 0.60537758311
3069.35 0.611561516005
3090.62 0.62067839993
3112.05 0.629924851973
3126.41 0.626980122023
3148.08 0.634883777208
3169.91 0.648853576091
3191.88 0.63183303698
3206.61 0.657016367512
3228.84 0.64127973066
3251.22 0.684743944721
3273.76 0.714521053975
3288.87 0.717807372599
3311.66 0.720292724677
3319.3 0.712872005203
3326.95 0.716994627133
3334.62 0.74304959773
3342.31 0.697465178105
3350.01 0.726146847817
3357.73 0.7153691362
3365.47 0.659230804434
3373.23 0.658488732487
3381.01 0.695109394145
3388.8 0.738868081201
3396.61 0.717913382877
3404.44 0.740599582411
3412.29 0.717960498556
3420.16 0.747502029414
3428.04 0.762296352683
3435.94 0.773816136247
3443.87 0.713107583599
3451.8 0.786454917192
3459.76 0.75716074365
3467.74 0.759811000605
3475.73 0.780235647538
3483.74 0.772225982074
3491.78 0.802179775125
3499.82 0.740811602968
3507.89 0.792556397648
3515.98 0.755711936514
3524.08 0.773898588685
3532.21 0.799847549004
3540.35 0.817209676789
3548.51 0.85242864699
3556.69 0.837504755604
3564.89 0.845891346502
3573.11 0.779199102595
3581.35 0.774416861157
3589.6 0.71830208723
3597.88 0.797326860167
3606.17 0.805312967791
3607.63 0.616037505529
3610.33 0.970582991502
3613.03 0.865526805808
3615.73 0.842758153835
3618.43 0.858129644174
3621.13 0.886222367896
3623.83 0.807550962553
3626.53 0.998440136829
3629.23 0.721411722057
3631.93 0.650926665976
3634.63 0.839024236258
3637.33 1.15737310169
3640.03 0.890333210906
3642.73 1.00706230612
3645.43 1.05733473583
3648.13 0.834630699173
3650.83 0.848635834815
3653.53 1.09791311454
3656.23 0.76246125756
3658.93 1.01131449617
3661.63 0.936294555965
3664.33 0.672270068653
3667.03 0.895280357222
3669.73 0.94130059688
3672.43 0.850496904143
3675.13 0.811567574205
3677.83 0.807951445826
3680.53 0.613834847526
3683.23 0.810472134664
3685.93 0.899614999708
3688.63 0.830991012955
3691.33 1.09311909418
3694.03 0.848836076452
3696.73 0.857069541392
3699.43 0.995295165242
3702.13 0.903502043242
3704.83 0.978109721254
3707.53 1.03038456733
3710.23 0.972585407868
3712.93 0.90012149326
3715.63 1.00553104655
3718.33 1.13262559119
3721.03 1.49580502537
3723.73 2.08109955023
3726.43 2.06307780293
3729.13 1.54280291538
3731.83 1.28484457176
3734.53 0.98012391654
3737.23 0.814936345268
3739.93 0.800424716074
3742.63 0.811732479082
3745.34 0.797291523408
3748.04 1.01818160641
3750.74 0.970559433662
3753.44 0.897895277418
3756.14 1.02375303548
3758.84 0.985660008846
3761.54 0.945953270201
3764.24 0.802144438365
3766.94 0.971537084006
3769.64 0.93720153279
3772.34 1.02497804314
3775.04 0.998310568711
3777.74 1.30215958387
3780.44 1.29014508567
3783.14 1.03502546173
3785.84 1.24408950925
3788.54 1.0434002737
3791.24 0.977261639029
3793.94 0.94008736814
3796.64 0.959722827447
3799.34 0.953586010231
3802.04 1.18012997474
3804.74 1.10898529915
3807.44 1.06748816469
3810.14 1.11736011113
3812.84 1.10432084691
3815.54 0.968521680537
3818.24 1.10237732514
3820.94 1.10327252305
3823.64 1.05091522454
3826.34 0.87717615749
3829.04 0.934786854231
3831.74 0.858848158281
3834.44 1.01007770959
3837.14 0.948014581166
3839.84 1.04471951272
3842.54 1.08732386564
3845.24 1.16062408355
3847.94 1.2768349063
3850.64 1.19131994855
3853.34 1.28484457176
3856.04 1.26682282447
3858.74 1.32230153672
3861.44 1.29921485392
3864.14 1.33890981364
3866.84 1.32783762903
3869.54 1.30510431382
3872.24 1.10573431728
3874.94 1.15677237678
3877.64 1.10889106779
3880.34 1.18554827785
3883.04 0.980194590059
3885.74 1.00394089238
3888.44 0.966083444139
3891.14 1.11084636848
3893.84 1.00054856347
3896.54 1.13233111819
3899.24 1.22477208078
3901.94 1.26694061366
3904.64 1.31358513607
3907.34 1.31311397928
3910.04 1.39179716354
3912.74 1.2705920788
3915.44 1.32088806635
3918.14 1.37342204865
3920.84 1.26741177046
3923.54 1.20828159306
3926.24 0.973409932254
3928.94 0.966236570096
3931.64 0.897318110347
3934.34 1.13131813109
3937.04 1.16391040218
3939.74 1.22759902153
3942.44 1.3237150071
3945.14 1.35516472296
3947.84 1.39957125061
3950.54 1.30781346537
3953.24 1.36317438843
3955.94 1.33455161332
3958.64 1.14658361115
3961.34 1.15604208375
3964.04 0.930852695017
3966.74 0.946789573507
3969.44 0.997309360528
3972.14 1.02613237728
3974.84 1.10486267722
3977.54 1.21428884216
3980.24 1.2767171171
3982.94 1.36564796159
3985.64 1.47142266139
3988.34 1.48167032161
3991.04 1.45469659527
3993.74 1.44362441066
3996.44 1.48390831638
3999.14 1.5001632257
4001.84 1.5940412165
4004.54 1.59828162763
4007.24 1.5885051242
4009.94 1.65847190781
4012.64 1.63220491666
4015.34 1.62077936445
4018.04 1.58944743778
4020.74 1.51288445908
4023.44 1.5768439936
4026.14 1.47601644011
4028.84 1.56447612781
4031.55 1.59639700046
4034.25 1.52030517856
4036.95 1.53349756873
4039.65 1.59839941683
4042.35 1.51653592422
4045.05 1.52054075695
4047.75 1.57378147445
4050.45 1.5061704748
4053.15 1.50746615598
4055.85 1.59062532976
4058.55 1.48155253242
4061.25 1.55281499721
4063.95 1.47625201851
4066.65 1.40699197008
4069.35 1.45257638971
4072.05 1.4237180362
4074.75 1.49827859853
4077.45 1.46223510395
4080.15 1.39886451542
4082.85 1.39167937434
4085.55 1.44821818938
4088.25 1.4942737658
4090.95 1.41429490036
4093.65 1.36152533966
4096.35 1.32819099662
4099.05 1.2884960369
4101.75 1.28920277209
4104.45 1.36906384833
4107.15 1.38567212525
4109.85 1.46777119625
4112.55 1.54009376382
4115.25 1.46211731475
4117.95 1.42583824176
4120.65 1.4942737658
4123.35 1.57778630718
4126.05 1.55564193796
4128.75 1.50546373961
4131.45 1.51842055139
4134.15 1.50134111768
4136.85 1.59922394122
4139.55 1.55446404598
4142.25 1.51936286497
4144.95 1.47401402374
4147.65 1.51842055139
4150.35 1.55835108951
4153.05 1.53455767152
4155.75 1.46046826598
4158.45 1.47413181294
4161.15 1.49757186334
4163.85 1.5707189553
4166.55 1.63703427377
4169.25 1.47248276417
4171.95 1.50405026923
4174.65 1.47236497497
4177.35 1.5591756139
4180.05 1.56424054941
4182.75 1.59345227051
4185.45 1.54998805645
4188.15 1.62666882435
4190.85 1.66188779455
4193.55 1.53632450949
4196.25 1.40286934815
4198.95 1.49262471703
4201.65 1.55057700244
4204.35 1.49969206891
4207.05 1.5237210653
4209.75 1.58803396741
4212.45 1.55705540833
4215.15 1.52277875172
4217.85 1.5529327864
4220.55 1.47154045059
4223.25 1.34350359236
4225.95 1.43950178873
4228.65 1.52843263322
4231.35 1.55870445711
4234.05 1.68320763939
4236.75 1.57719736119
4239.45 1.4709515046
4242.15 1.53337977954
4244.85 1.64080352811
4247.55 1.57130790129
4250.25 1.60146193598
4252.95 1.57413484204
4255.65 1.60275761716
4258.35 1.53879808264
4261.05 1.64787087999
4263.75 1.58968301618
4266.45 1.54433417495
4269.15 1.62231062402
4271.85 1.53656008788
4274.55 1.55352173239
4277.25 1.53644229868
4279.95 1.62607987836
4282.65 1.69569329438
4285.35 1.51229551309
4288.05 1.52607684926
4290.75 1.54032934222
4293.45 1.4412686267
4296.15 1.42866518252
4298.85 1.4180641547
4301.55 1.41229248399
4304.25 1.38437644407
4306.95 1.42159783064
4309.65 1.40487176452
4312.35 1.50357911244
4315.05 1.56141360866
4317.75 1.49498050099
4320.46 1.46871350983
4323.16 1.423600247
4325.86 1.46364857432
4328.56 1.4472758758
4331.26 1.41971320347
4333.96 1.52089412455
4336.66 1.50369690164
4339.36 1.45175186532
4342.06 1.46635772587
4344.76 1.31841449319
4347.46 1.38743896322
4350.16 1.34880410627
4352.86 1.40275155896
4355.56 1.61053170422
4358.26 1.67048640601
4360.96 1.61441874776
4363.66 1.67708260109
4366.36 1.51300224828
4369.06 1.66365463252
4371.76 1.66836620044
4374.46 1.58756281061
4377.16 1.59769268164
4379.86 1.53043504959
4382.56 1.52831484402
4385.26 1.63456070062
4387.96 1.57437042044
4390.66 1.55705540833
4393.36 1.56424054941
4396.06 1.52537011407
4398.76 1.62890681911
4401.46 1.53608893109
4404.16 1.51323782668
4406.86 1.72867426982
4409.56 1.63679869538
4412.26 1.58155556152
4414.96 1.63738764137
4417.66 1.65081560994
4420.36 1.6470463556
4423.06 1.60958939064
4425.76 1.61347643417
4428.46 1.62042599686
4431.16 1.59097869736
4433.86 1.59144985415
4436.56 1.71501072285
4439.26 1.66412578931
4441.96 1.72561175067
4444.66 1.72160691794
4447.36 1.67508018473
4450.06 1.63314723024
4452.76 1.70794337097
4455.46 1.69168846164
4458.16 1.59804604924
4460.86 1.67590470911
4463.56 1.66718830846
4466.26 1.66353684332
4468.96 1.74328013037
4471.66 1.81678058992
4474.36 1.79263380433
4477.06 1.69015720207
4479.76 1.6885081533
4482.46 1.70971020894
4485.16 1.67625807671
4487.86 1.67943838505
4490.56 1.76012398568
4493.26 1.74504696834
4495.96 1.69486876999
4498.66 1.83680475358
4501.36 1.80111462658
4504.06 1.84198747829
4506.76 1.8058261945
4509.46 1.75659030974
4512.16 1.7823861441
4514.86 1.80311704295
4517.56 1.79970115621
4520.26 1.73479930811
4522.96 1.68132301222
4525.66 1.58402913467
4528.36 1.70393853824
4531.06 1.68049848783
4533.76 1.74292676277
4536.46 1.72443385869
4539.16 1.77496542463
4541.86 1.74375128716
4544.56 1.73103005378
4547.26 1.73114784297
4549.96 1.75199653102
4552.66 1.76589565638
4555.36 1.72502280468
4558.06 1.7588283045
4560.76 1.72702522104
4563.46 1.78215056571
4566.16 1.76448218601
4568.86 1.71347946327
4571.56 1.73114784297
4574.26 1.78368182528
4576.96 1.76353987242
4579.66 1.64198142009
4582.36 1.70841452776
4585.06 1.77190290548
4587.76 1.72172470713
4590.46 1.74280897358
4593.16 1.80994881643
4595.86 1.76059514247
4598.56 1.73456372972
4601.26 1.75128979583
4603.96 1.76200861285
4606.67 1.81065555162
4609.37 1.85765344162
4612.07 1.8119512328
4614.77 1.76554228879
4617.47 1.81254017879
4620.17 1.79345832871
4622.87 1.81489596275
4625.57 1.75458789338
4628.27 1.75788599092
4630.97 1.82078542265
4633.67 1.72431606949
4636.37 1.71465735525
4639.07 1.788275604
4641.77 1.80205694017
4644.47 1.75741483413
4647.17 1.80111462658
4649.87 1.77979478175
4652.57 1.85141061413
4655.27 1.87791318368
4657.97 1.84257642428
4660.67 1.77143174869
4663.37 1.73797961646
4666.07 1.71925113398
4668.77 1.72890984821
4671.47 1.73267910255
4674.17 1.7238449127
4676.87 1.73703730287
4679.57 1.74928737947
4682.27 1.74351570876
4684.97 1.74233781678
4687.67 1.79710979385
4690.37 1.76636681318
4693.07 1.72054681515
4695.77 1.71571745804
4698.47 1.73797961646
4701.17 1.72172470713
4703.87 1.73232573495
4706.57 1.75588357455
4709.27 1.75765041252
4711.97 1.69345529961
4714.67 1.73456372972
4717.37 1.776967841
4720.07 1.76931154313
4722.77 1.73397478373
4725.47 1.75411673658
4728.17 1.72455164789
4730.87 1.79369390711
4733.57 1.77520100303
4736.27 1.79640305866
4738.97 1.8647207935
4741.67 1.84398989466
4744.37 1.87932665406
4747.07 1.91572351624
4749.77 1.8647207935
4752.47 1.83173981806
4755.17 1.80064346979
4757.87 1.73409257292
4760.57 1.765071132
4763.27 1.69934475951
4765.97 1.77037164591
4768.67 1.7234915451
4771.37 1.8119512328
4774.07 1.76931154313
4776.77 1.7941650639
4779.47 1.77602552741
4782.17 1.79781652904
4784.87 1.84269421348
4787.57 1.7768500518
4790.27 1.74457581155
4792.97 1.76954712152
4795.67 1.72867426982
4798.37 1.78544866325
4801.07 1.75871051531
4803.77 1.76448218601
4806.47 1.74210223839
4809.17 1.81948974147
4811.87 1.80853534606
4814.57 1.8059439837
4817.27 1.81642722232
4819.97 1.83880716994
4822.67 1.73633056769
4825.37 1.73232573495
4828.07 1.78026593854
4830.77 1.7177198744
4833.47 1.77826352217
4836.17 1.75776820172
4838.87 1.72031123676
4841.57 1.76589565638
4844.27 1.72655406425
4846.97 1.67496239553
4849.67 1.75176095262
4852.37 1.84033842952
4855.07 2.03492618461
4857.77 2.1944127587
4860.47 2.15377548539
4863.17 1.92302644651
4865.87 1.72643627505
4868.57 1.63232270585
4871.27 1.57884640996
4873.97 1.63326501944
4876.67 1.67943838505
4879.37 1.7058231654
4882.07 1.63102702468
4884.77 1.64586846362
4887.47 1.70570537621
4890.17 1.77885246816
4892.88 1.82561477977
4895.58 1.81312912478
4898.28 1.79016023117
4900.98 1.7529388446
4903.68 1.77861688977
4906.38 1.75965282889
4909.08 1.73821519485
4911.78 1.74763833069
4914.48 1.70546979781
4917.18 1.63244049505
4919.88 1.71548187964
4922.58 1.72478722628
4925.28 1.75977061809
4927.98 1.74222002759
4930.68 1.73032331859
4933.38 1.70358517064
4936.08 1.76094851007
4938.78 1.85576881446
4941.48 1.765071132
4944.18 1.88344927599
4946.88 1.79557853428
4949.58 1.76754470516
4952.28 1.81548490874
4954.98 1.88415601117
4957.68 1.86707657746
4960.38 1.83067971528
4963.08 1.80676850809
4965.78 1.78344624689
4968.48 1.76024177488
4971.18 1.81030218403
4973.88 1.77955920335
4976.58 1.73715509207
4979.28 1.6886259425
4981.98 1.69015720207
4984.68 1.76259755884
4987.38 1.77366974345
4990.08 1.74916959027
4992.78 1.8238479418
4995.48 1.87202372378
4998.18 1.95859878431
5000.88 2.02785883273
5003.58 2.08722458852
5006.28 2.01231065859
5008.98 1.85730007403
5011.68 1.73267910255
5014.38 1.70476306262
5017.08 1.66683494087
5019.78 1.75187874182
5022.48 1.79758095064
5025.18 1.76035956408
5027.88 1.76377545082
5030.58 1.729381005
5033.28 1.6827364826
5035.98 1.72007565836
5038.68 1.76141966686
5041.38 1.78898233919
5044.08 1.74292676277
5046.78 1.74080655721
5049.48 1.76047735328
5052.18 1.82137436864
5054.88 1.78568424165
5057.58 1.82608593656
5060.28 1.79310496112
5062.98 1.81513154115
5065.68 1.76035956408
5068.38 1.72101797195
5071.08 1.76094851007
5073.78 1.70499864102
5076.48 1.71548187964
5079.18 1.75011190385
5081.88 1.72207807473
5084.58 1.72537617227
5087.28 1.70888568455
5089.98 1.7470493847
5092.68 1.77826352217
5095.38 1.75859272611
5098.08 1.70429190583
5100.78 1.76012398568
5103.48 1.76601344558
5106.18 1.74869843348
5108.88 1.79169149074
5111.58 1.80335262135
5114.28 1.79805210744
5116.98 1.79475400989
5119.68 1.75588357455
5122.38 1.74316234117
5125.08 1.75352779059
5127.78 1.74822727668
5130.48 1.71395062007
5133.18 1.74398686556
5135.88 1.77190290548
5138.58 1.74021761122
5141.28 1.73468151891
5143.98 1.73338583774
5146.68 1.68744805052
5149.38 1.65529159946
5152.08 1.7297343726
5154.78 1.72184249633
5157.48 1.78344624689
5160.18 1.75447010418
5162.88 1.65069782074
5165.58 1.5647117062
5168.28 1.60252203876
5170.98 1.60134414678
5173.68 1.6413924741
5176.38 1.67543355232
5179.09 1.70817894936
5181.79 1.67189987638
5184.49 1.69333751042
5187.19 1.67743596869
5189.89 1.73597720009
5192.59 1.8117156544
5195.29 1.88780747631
5197.99 1.92173076533
5200.69 1.78639097684
5203.39 1.73939308683
5206.09 1.74858064428
5208.79 1.75458789338
5211.49 1.7413955032
5214.19 1.81560269794
5216.89 1.83091529368
5219.59 1.78945349598
5222.29 1.80888871365
5224.99 1.80476609172
5227.69 1.74457581155
5230.39 1.71489293365
5233.09 1.81654501152
5235.79 1.84552115423
5238.49 1.85376639809
5241.19 1.87273045897
5243.89 1.86260058794
5246.59 1.79816989663
5249.29 1.79970115621
5251.99 1.85741786323
5254.69 1.82655709335
5257.39 1.81619164393
5260.09 1.76236198044
5262.79 1.64657519881
5265.49 1.71100589012
5268.19 1.77284521907
5270.89 1.75399894739
5273.59 1.75152537423
5276.29 1.84834809498
5278.99 1.81583827633
5281.69 1.8530596629
5284.39 1.90571143441
5287.09 1.93763230706
5289.79 1.86801889105
5292.49 1.82903066651
5295.19 1.84316537027
5297.89 1.85706449563
5300.59 1.85788902002
5303.29 1.9117186835
5305.99 1.96024783308
5308.69 1.95506510837
5311.39 1.88627621674
5314.09 1.89098778466
5316.79 1.89181230904
5319.49 1.8883964223
5322.19 1.84893704097
5324.89 1.80935987044
5327.59 1.76695575917
5330.29 1.81572048714
5332.99 1.81100891922
5335.69 1.87968002165
5338.39 1.86625205308
5341.09 1.85223513852
5343.79 1.88651179513
5346.49 1.91690140822
5349.19 1.94069482621
5351.89 1.94870449168
5354.59 1.88957431428
5357.29 1.95871657351
5359.99 1.94575976173
5362.69 1.87850212967
5365.39 1.8647207935
5368.09 1.83091529368
5370.79 1.87402614015
5373.49 1.93598325829
5376.19 1.94976459446
5378.89 1.93998809102
5381.59 1.89405030381
5384.29 1.89169451985
5386.99 1.93421642032
5389.69 1.84575673263
5392.39 1.81254017879
5395.09 1.86660542067
5397.79 1.80170357257
5400.49 1.82561477977
5403.19 1.89334356862
5405.89 1.88403822198
5408.59 1.86813668025
5411.29 1.88203580561
5413.99 1.92809138203
5416.69 1.93786788546
5419.39 1.90830279676
5422.09 1.94469965894
5424.79 1.93892798824
5427.49 1.88898536829
5430.19 1.89546377418
5432.89 1.89581714178
5435.59 1.8823891732
5438.29 1.86754773426
5440.99 1.92019950576
5443.69 1.93810346386
5446.39 1.89322577942
5449.09 1.8412807431
5451.79 1.77967699255
5454.49 1.90359122884
5457.19 1.8589491228
5459.89 1.93504094471
5462.59 1.90924511035
5465.3 1.87944444325
5468.0 1.84575673263
5470.7 1.83704033197
5473.4 1.84033842952
5476.1 1.9118364727
5478.8 1.88780747631
5481.5 1.8118334436
5484.2 1.80700408648
5486.9 1.89169451985
5489.6 1.83315328844
5492.3 1.86955015062
5495.0 1.8295018233
5497.7 1.89181230904
5500.4 1.8411629539
5503.1 1.86849004784
5505.8 1.92055287335
5508.5 1.86907899383
5511.2 1.84422547305
5513.9 1.89216567664
5516.6 1.96649066057
5519.3 1.94634870772
5522.0 1.93445199872
5524.7 1.92703127924
5527.4 1.87320161576
5530.1 1.87025688581
5532.8 1.83185760726
5535.5 1.92585338726
5538.2 1.93021158759
5540.9 1.95447616238
5543.6 2.02102705925
5546.3 1.97202675288
5549.0 2.00795245827
5551.7 2.01749338331
5554.4 1.93091832278
5557.1 1.96919981213
5559.8 1.91961055977
5562.5 1.88568727075
5565.2 1.90924511035
5567.9 1.89004547107
5570.6 1.95447616238
5573.3 1.91313215388
5576.0 1.93598325829
5578.7 1.96036562228
5581.4 1.98533693225
5584.1 1.93739672867
5586.8 1.92255528972
5589.5 1.95176701082
5592.2 1.84658125701
5594.9 1.97909410476
5597.6 1.92726685764
5600.3 1.88957431428
5603.0 1.91395667827
5605.7 1.96884644453
5608.4 1.9590699411
5611.1 1.953062692
5613.8 1.94469965894
5616.5 1.96684402817
5619.2 1.97355801245
5621.9 1.96707960656
5624.6 1.92173076533
5627.3 1.94022366942
5630.0 1.92868032802
5632.7 1.93975251263
5635.4 1.91843266779
5638.1 1.89593493097
5640.8 1.92055287335
5643.5 1.95424058398
5646.2 1.94623091852
5648.9 1.90429796403
5651.6 1.94599534012
5654.3 2.00123847398
5657.0 1.9356298907
5659.7 1.90924511035
5662.4 1.89770176894
5665.1 1.87826655127
5667.8 1.96578392539
5670.5 1.9651949794
5673.2 1.97367580165
5675.9 1.9293870632
5678.6 1.95023575125
5681.3 1.94281503178
5684.0 1.91077636992
5686.7 1.96425266581
5689.4 1.94858670248
5692.1 1.91584130543
5694.8 1.92043508416
5697.5 1.91725477581
5700.2 1.97014212571
5702.9 1.87779539448
5705.6 1.906064802
5708.3 1.94575976173
5711.0 1.95565405436
5713.7 1.92879811721
5716.4 2.06072201897
5719.1 1.9767383208
5721.8 1.97826958037
5724.5 2.0058322527
5727.2 1.99652690606
5729.9 1.92856253882
5732.6 1.97932968316
5735.3 1.97838736957
5738.0 1.93727893947
5740.7 2.07344325236
5743.4 1.96554834699
5746.1 1.97120222849
5748.8 1.98215662391
5751.5 1.97344022326
5754.21 2.01007266383
5756.91 1.91395667827
5759.61 1.93421642032
5762.31 1.98392346188
5765.01 1.94858670248
5767.71 1.96307477383
5770.41 1.90877395355
5773.11 1.94929343767
5775.81 1.94505302654
5778.51 1.91525235944
5781.21 1.75282105541
5783.91 1.87944444325
5786.61 1.8058261945
5789.31 1.92491107368
5792.01 1.96272140624
5794.71 1.84764135979
5797.41 1.94093040461
5800.11 1.97591379641
5802.81 2.0061856203
5805.51 1.99570238168
5808.21 1.99322880852
5810.91 2.01949579967
5813.61 1.96378150902
5816.31 2.01019045303
5819.01 2.0176111725
5821.71 2.00724572308
5824.41 2.0765057715
5827.11 2.04093343371
5829.81 2.01066160982
5832.51 1.93633662589
5835.21 1.95871657351
5837.91 1.95247374601
5840.61 2.00064952799
5843.31 1.97379359085
5846.01 2.05047435875
5848.71 1.91984613817
5851.41 1.89028104947
5854.11 1.98816387301
5856.81 1.96437045501
5859.51 1.93586546909
5862.21 2.01572654534
5864.91 1.9946422789
5867.61 1.988752819
5870.31 1.91878603538
5873.01 1.81713395751
5875.71 1.70111159748
5878.41 1.53750240147
5881.11 1.41405932196
5883.81 1.30357305424
5886.51 1.35434019858
5889.21 1.4827304244
5891.91 1.60381771994
5894.61 1.74363349796
5897.31 1.85588660365
5900.01 1.88710074112
5902.71 1.92597117646
5905.41 1.89593493097
5908.11 1.88215359481
5910.81 1.94952901606
5913.51 1.92620675486
5916.21 1.92573559807
5918.91 1.92408654929
5921.61 1.91065858072
5924.31 1.93327410674
5927.01 1.91266099709
5929.71 1.91101194832
5932.41 1.91725477581
5935.11 1.95412279478
5937.81 1.92762022523
5940.51 1.91419225666
5943.21 1.95765647072
5945.91 1.93091832278
5948.61 1.95588963275
5951.31 1.9886350298
5954.01 1.92644233325
5956.71 1.90641816959
5959.41 1.92432212769
5962.11 1.93963472343
5964.81 1.95518289757
5967.51 1.94057703701
5970.21 1.9826277807
5972.91 1.93892798824
5975.61 1.93892798824
5978.31 1.94328618857
5981.01 1.97261569887
5983.71 1.95671415714
5986.41 1.95412279478
5989.11 1.98309893749
5991.81 1.98604366744
5994.51 1.93633662589
5997.21 1.92903369561
5999.91 1.97261569887
6002.61 1.93621883669
6005.31 1.89263683343
6008.01 1.89122336305
6010.71 1.90665374799
6013.41 1.9412837722
6016.11 1.84658125701
6018.81 1.87155256699
6021.51 1.96837528774
6024.21 1.91454562426
6026.91 1.93456978792
6029.61 1.92290865731
6032.31 2.01278181539
6035.01 1.98427682947
6037.71 2.00088510639
6040.42 1.96778634175
6043.12 2.01902464288
6045.82 1.95812762752
6048.52 1.9356298907
6051.22 1.96813970935
6053.92 1.94316839937
6056.62 1.9886350298
6059.32 1.9356298907
6062.02 1.93975251263
6064.72 1.96189688185
6067.42 1.92267307892
6070.12 1.96236803864
6072.82 1.91431004586
6075.52 1.91466341345
6078.22 1.95624300035
6080.92 1.86636984228
6083.62 1.90830279676
6086.32 1.92161297614
6089.02 1.96119014666
6091.72 1.95200258922
6094.42 1.87861991887
6097.12 1.92125960854
6099.82 1.92255528972
6102.52 1.89051662787
6105.22 1.89946860691
6107.92 1.90052870969
6110.62 1.90347343964
6113.32 1.88462716797
6116.02 1.87791318368
6118.72 1.93916356664
6121.42 1.9647238226
6124.12 1.93987030183
6126.82 1.90370901804
6129.52 1.82160994704
6132.22 1.83621580759
6134.92 1.81866521709
6137.62 1.90099986649
6140.32 1.93739672867
6143.02 2.00807024747
6145.72 1.90359122884
6148.42 1.86377847992
6151.12 1.85730007403
6153.82 1.8121868112
6156.52 1.78921791759
6159.22 1.9118364727
6161.92 1.88804305471
6164.62 1.81572048714
6167.32 1.87296603736
6170.02 1.83598022919
6172.72 1.9470554429
6175.42 1.92479328448
6178.12 1.95965888709
6180.82 1.8650741611
6183.52 1.94481744814
6186.22 1.85058608974
6188.92 1.85353081969
6191.62 1.83173981806
6194.32 1.88026896764
6197.02 1.95376942719
6199.72 1.93987030183
6202.42 2.01714001571
6205.12 1.98180325631
6207.82 1.9647238226
6210.52 1.90052870969
6213.22 1.90205996927
6215.92 1.86801889105
6218.62 1.84457884065
6221.32 1.94352176696
6224.02 1.84823030578
6226.72 1.8529418737
6229.42 1.88886757909
6232.12 1.894168093
6234.82 1.87920886486
6237.52 1.90842058596
6240.22 1.7767322626
6242.92 1.88132907042
6245.62 1.92290865731
6248.32 1.90359122884
6251.02 1.87355498335
6253.72 1.82043205506
6256.42 1.88333148679
6259.12 1.77402311105
6261.82 1.8234945742
6264.52 1.95730310313
6267.22 1.84198747829
6269.92 1.91855045699
6272.62 1.83609801839
6275.32 1.8767352917
6278.02 1.82749940694
6280.72 1.83904274834
6283.42 1.81277575719
6286.12 1.84987935456
6288.82 1.92173076533
6291.52 1.93021158759
6294.22 2.03233482225
6296.92 2.04081564451
6299.62 1.99381775451
6302.32 1.89016326027
6305.02 1.90088207729
6307.72 1.86295395553
6310.42 1.8531774521
6313.12 1.86907899383
6315.82 1.80723966488
6318.52 1.91054079152
6321.22 1.86271837714
6323.92 1.93798567466
6326.63 1.92703127924
6329.33 1.86648763147
6332.03 1.92467549528
6334.73 1.89711282295
6337.43 1.93480536631
6340.13 1.87308382656
6342.83 1.91431004586
6345.53 1.86106932837
6348.23 1.84210526749
6350.93 1.8236123634
6353.63 1.75729704493
6356.33 1.85647554964
6359.03 1.91678361902
6361.73 1.92703127924
6364.43 1.85635776045
6367.13 1.91160089431
6369.83 1.85353081969
6372.53 1.89393251461
6375.23 1.95106027564
6377.93 1.97909410476
6380.63 1.87744202689
6383.33 1.9234976033
6386.03 1.88297811919
6388.73 1.88038675684
6391.43 1.85788902002
6394.13 1.87225930218
6396.83 1.86271837714
6399.53 1.89086999546
6402.23 1.84764135979
6404.93 1.81418922756
6407.63 1.90288449365
6410.33 1.92997600919
6413.03 1.85965585799
6415.73 1.87885549726
6418.43 1.93456978792
6421.13 1.90335565045
6423.83 1.95541847596
6426.53 1.92326202491
6429.23 1.92137739774
6431.93 1.94305061017
6434.63 1.90229554766
6437.33 1.84175189989
6440.03 1.87920886486
6442.73 1.93091832278
6445.43 1.88215359481
6448.13 1.86825446944
6450.83 1.81878300628
6453.53 1.86731215586
6456.23 1.96872865534
6458.93 1.89334356862
6461.63 1.89876187172
6464.33 1.92844474962
6467.03 1.9239687601
6469.73 1.88050454604
6472.43 1.96095456827
6475.13 1.90135323408
6477.83 1.88462716797
6480.53 1.93233179315
6483.23 1.89546377418
6485.93 1.8764997133
6488.63 1.84504999744
6491.33 1.74422244395
6494.03 1.75223210942
6496.73 1.93398084193
6499.43 1.82855950972
6502.13 1.84316537027
6504.83 1.99593796007
6507.53 1.94858670248
6510.23 2.00453657153
6512.93 1.91878603538
6515.63 1.95400500559
6518.33 1.93421642032
6521.03 1.91619467303
6523.73 1.96331035223
6526.43 1.92067066255
6529.13 2.02597420556
6531.83 2.05212340752
6534.53 2.12444597509
6537.23 2.33646653148
6539.93 2.68653602793
6542.63 2.96251611884
6545.33 3.06817302945
6548.03 2.91952306157
6550.73 3.41953820707
6553.43 4.81321999779
6556.13 6.36426815702
6558.83 6.91528602525
6561.53 5.99087639937
6564.23 4.41191220021
6566.93 3.13448834792
6569.63 2.67405037295
6572.33 3.08395678198
6575.03 3.99623412047
6577.73 4.80556369992
6580.43 4.9240596331
6583.13 4.15572069456
6585.83 3.06770187266
6588.53 2.37144992329
6591.23 2.01926022128
6593.93 1.91077636992
6596.63 1.87485066453
6599.33 1.87968002165
6602.03 1.8945214606
6604.73 1.94528860493
6607.43 1.90205996927
6610.13 1.96448824421
6612.84 1.94599534012
6615.54 1.95447616238
6618.24 1.92302644651
6620.94 1.91525235944
6623.64 1.89098778466
6626.34 1.93150726877
6629.04 1.91054079152
6631.74 1.88922094669
6634.44 1.87861991887
6637.14 1.964959401
6639.84 1.9120720511
6642.54 1.89829071493
6645.24 1.88203580561
6647.94 1.90064649889
6650.64 1.90818500756
6653.34 1.87638192411
6656.04 1.92326202491
6658.74 1.85953806879
6661.44 1.84693462461
6664.14 1.95659636794
6666.84 1.92279086812
6669.54 1.95671415714
6672.24 2.05389024549
6674.94 2.22103311745
6677.64 2.3003052477
6680.34 2.38476010266
6683.04 2.25036262775
6685.74 1.98651482423
6688.44 2.06684705727
6691.14 1.89145894145
6693.84 1.89840850413
6696.54 1.81336470318
6699.24 1.9059470128
6701.94 1.94293282097
6704.64 2.12032335316
6715.0 1.9058292236
6730.48 1.8882786331
6746.0 1.88804305471
6761.55 1.88356706518
6777.14 1.87920886486
6792.76 1.87897328646
6808.42 1.89193009824
6824.11 1.89181230904
6839.84 1.89605272017
6855.61 1.87850212967
6871.42 1.84410768385
6887.26 1.8825069624
6903.13 1.8823891732
6919.05 1.88662958433
6935.0 1.88215359481
6950.98 1.91701919741
6967.01 1.89487482819
6983.07 1.88604063834
6999.16 1.90335565045
7015.3 1.89887966092
7031.47 1.89876187172
7047.68 1.9472910213
7063.93 1.92491107368
7080.21 1.92467549528
7096.53 1.88074012443
7112.89 1.88933873589
7129.29 1.88922094669
7145.72 1.87602855651
7162.19 1.88026896764
7178.71 1.82467246618
7195.26 1.76660239157
7211.84 1.79110254475
7228.47 1.87532182132
7245.13 1.85800680922
7261.83 1.87932665406
7278.57 1.89228346584
7295.35 1.86189385275
7312.17 1.92267307892
7329.02 1.95376942719
7345.92 1.98545472145
7362.85 1.9356298907
7379.83 1.98050757514
7396.84 1.93975251263
7413.89 1.9710844393
7430.98 1.93504094471
7448.11 1.9708488609
7465.28 1.99805816564
7482.49 1.988752819
7499.74 1.97037770411
7517.03 1.97025991491
7534.36 1.99746921965
7551.72 2.01113276661
7569.14 2.00182741997
7586.58 2.01089718822
7604.07 1.96036562228
7621.6 1.95577184356
7639.17 1.91548793784
7656.78 1.93303852834
7674.43 1.74269118438
7692.12 1.89310799022
7709.85 1.77885246816
7727.63 1.8883964223
7745.44 1.91902161378
7763.3 1.88816084391
7781.19 1.79887663182
7799.13 1.88344927599
7817.11 1.90948068874
7835.13 1.91819708939
7853.19 1.92243750052
7871.3 1.92231971132
7889.44 1.92656012245
7907.63 1.91313215388
7925.86 1.87803097288
7944.13 1.89098778466
7962.44 1.90394459644
7980.8 1.92137739774
7999.19 1.91678361902
8017.63 1.92102403015
8036.12 1.90759606157
8054.64 1.91631246223
8073.21 1.96531276859
8091.82 1.93810346386
8110.47 1.964959401
8129.17 1.96024783308
8147.91 1.95565405436
8166.69 1.94199050739
8185.52 1.88015117844
8204.39 1.76672018077
8223.3 1.93256737155
8242.26 1.89275462263
8261.26 1.98639703504
8280.3 1.95447616238
8299.39 1.91419225666
8318.52 1.92279086812
8337.7 1.89193009824
8356.92 1.92691349005
8376.18 1.93127169037
8395.49 1.87414392934
8414.85 1.94422850215
8434.25 1.93068274438
8453.69 1.89098778466
8473.18 1.89075220626
8492.71 1.93468757711
8512.29 1.83468454801
8531.91 1.92538223047
8551.58 1.3473906359
8571.29 1.92502886288
8591.05 1.90724269398
8610.86 1.8766175025
8630.7 1.90253112606
8650.6 1.91548793784
8670.54 1.43961957793
8690.53 1.85871354441
8710.56 1.87143477779
8730.64 1.906064802
8750.77 1.85824238761
8770.94 1.89699503376
8791.16 1.90995184553
8811.43 1.90099986649
8831.74 1.89204788744
8852.1 1.89628829857
8872.51 1.72125355034
8892.96 1.85706449563
8913.46 1.89134115225
8934.01 1.87379056175
8954.6 1.84375431626
8975.24 1.78509529566
8995.93 1.71642419322
9016.67 1.76836922954
9037.46 1.8472879922
9058.29 1.97921189396
9079.17 1.81324691398
9100.1 1.80476609172
9121.08 1.90264891526
9142.11 1.78368182528
9163.18 1.66447915691
9184.3 1.6529358155
9205.47 1.81630943313
9226.7 1.76672018077
9247.97 1.78697992283
9269.28 1.82420130939
9290.65 1.80735745408
9312.07 1.84069179711
9333.53 1.84057400791
9355.05 1.83609801839
9376.62 1.82325899581
9398.23 1.83150423967
9419.9 1.81041997323
9441.61 1.81442480596
9463.38 1.81418922756
9485.19 1.80983102724
9507.06 1.79310496112
9528.98 1.76424660761
9550.94 1.67307776836
9572.96 1.75988840729
9595.03 1.78415298207
9617.14 1.77991257095
9639.32 1.77967699255
9661.54 1.76730912676
9683.81 1.77119617029
9706.13 1.76283313724
9728.51 1.75859272611
9750.93 1.75435231498
9773.41 1.75011190385
9795.94 1.74198444919
9818.52 1.74575370353
9841.16 1.7416310816
9863.84 1.73338583774
9886.58 1.72525838307
9909.38 1.72113576114
9932.22 1.72090018275
9955.11 1.71677756082
9978.06 1.71265493889
10001.06 1.70464527342
10024.11 1.66565704889
10070.39 1.63491406821
10116.87 1.66871956804
10163.57 1.65694064824
10234.02 1.65258244791
10281.26 1.64469057164
10304.96 1.63691648458
10496.54 1.59086090816
10691.69 1.53679566628
10890.46 1.46765340705
11092.93 1.45422543848
11299.16 1.41135017041
11509.22 1.38873464439
11696.24 1.35092431184
11913.69 1.31711881201
12107.27 1.28413783657
12304.0 1.26069778617
12503.92 1.23490195181
12707.09 1.20957727424
12913.57 1.18472375346
13093.21 1.16580680826
13305.96 1.14189560107
13491.06 1.12882100009
13710.28 1.11077569496
13901.01 1.09050417398
14094.39 1.07059779952
14290.46 1.05834772293
14489.27 1.05590948653
14690.83 1.03903029446
14895.2 1.03663917374
15102.4 1.03186871122
15312.5 1.03663917374
15489.81 1.03663917374
15705.3 1.02006623358
15887.16 1.00144376138
16108.18 1.00375242966
16294.69 1.00375242966
16483.37 0.980901325247
16712.68 0.967449798835
16906.21 0.943244118647
17101.98 0.928167101303
17300.0 0.892535868909
17500.33 0.878271597031
17702.98 0.856303911605
17907.97 0.836809799336
18115.32 0.806537975451
18282.95 0.795477569759
18494.66 0.779163765836
18708.82 0.750976810755
18881.92 0.738974091479
19100.57 0.725487228308
19321.75 0.704084931032
19500.52 0.677064089011
19680.96 0.667770521289
19908.86 0.652563935828
20093.06 0.642139591805
20278.99 0.624636116982
20513.81 0.614647592992
20703.61 0.60065423627
20895.19 0.58833348616
21088.51 0.576271872285
21283.65 0.564445836806
21480.6 0.554151060901
21679.34 0.53534012598
21879.95 0.529203308765
22082.41 0.517165252729
22286.72 0.50655244599
22492.95 0.496163438726
22701.06 0.480438580794
22911.12 0.435973158549
23123.12 0.426679590827
23283.39 0.380588677651
23498.84 0.359539747969
23716.26 0.356312323943
23880.66 0.328655420254
24101.61 0.315804618752
24324.63 0.308218994401
24493.23 0.289254933523
24719.87 0.282658738435
24891.21 0.249065259166
25059.92 0.258676857723
25154.96 0.248382081818
25250.01 0.252115999395
25344.95 0.240466647713
25439.99 0.242633968956
25534.94 0.244177007449
25629.98 0.243010894389
25725.02 0.243434935502
25819.97 0.25474269851
25915.01 0.252139557234
26010.06 0.256709778116
26105.0 0.24650923357
26200.05 0.240749341788
26294.99 0.232586550367
26390.03 0.230266103166
26485.08 0.220984314364
26580.02 0.223363656163
26675.06 0.217321070306
26770.11 0.221926627948
26865.05 0.210724875218
26960.1 0.208321975579
27055.04 0.20474118396
27150.08 0.20706163116
27245.13 0.209876792993
27340.07 0.21060708602
27435.12 0.201101497742
27530.16 0.199534901408
27625.11 0.190924511035
27720.15 0.203245261145
27815.09 0.193445199872
27910.14 0.19180793002
28005.18 0.184940819776
28100.13 0.191866824619
28195.17 0.184363652706
28290.21 0.17767322626
28385.16 0.179298717192
28480.2 0.173597720009
28575.15 0.175706146653
28670.19 0.179687421546
28765.23 0.16768470227
28860.18 0.169852023513
28955.22 0.166377242172
29050.26 0.163456070062
29145.21 0.165270023711
29240.25 0.164633962042
29335.2 0.162183946723
29430.24 0.149498050099
29525.29 0.154433417495
29620.23 0.156659633337
29715.27 0.153396872553
29810.31 0.152690137365
29905.26 0.150122332848
30000.31 0.150134111768
30095.25 0.139273947713
30190.29 0.144185757269
30285.34 0.149592281457
30380.28 0.150463921522
30475.32 0.147860780247
30570.37 0.143797052916
30665.31 0.140157366698
30760.36 0.145033839495
30855.3 0.136270323164
30950.35 0.141735741951
31045.39 0.139132600675
31140.33 0.144421335665
31235.38 0.136576575078
31330.42 0.133490498091
31425.36 0.132065248795
31520.41 0.132618858026
31615.35 0.134597716552
31710.4 0.139721546665
31805.44 0.1435496956
31900.39 0.147189381818
31995.43 0.148626410034
32090.47 0.160782255267
32185.42 0.173103005378
32280.46 0.192785580363
32375.41 0.213233785135
32470.45 0.252716724304
32565.49 0.275991869829
32660.44 0.281751761611
32755.48 0.283871967175
32850.52 0.263694677558
32945.47 0.230466344803
33040.51 0.211572957444
33135.46 0.178603760924
33230.5 0.162443082959
33325.54 0.162655103515
33420.49 0.151099983192
33515.53 0.153738461227
33610.58 0.160994275823
33705.52 0.159121427575
33800.56 0.162466640798
33895.51 0.172090018275
33990.55 0.167272440077
34085.6 0.161017833663
34180.54 0.158414692387
34275.59 0.152077633535
34370.63 0.156624296578
34465.57 0.153832692585
34560.61 0.149898533372
34655.56 0.14647086771
34750.6 0.142642718775
34845.65 0.141688626272
34940.59 0.138096055733
35035.64 0.134409253835
35130.68 0.133902760284
35225.62 0.125834200221
35320.67 0.123348848143
35415.61 0.129532781038
35510.66 0.122924807031
35605.7 0.123125048667
35700.64 0.121817588569
35795.69 0.115332115328
35890.73 0.114950478326
35985.68 0.120934169584
36080.72 0.115862166719
36175.67 0.11037790166
36270.71 0.110392036364
36365.75 0.108364884266
36460.7 0.104467239704
36555.74 0.106972615946
36650.78 0.106634560947
36745.73 0.107287113104
36840.77 0.104597985714
36935.72 0.105772344018
37030.76 0.10649910337
37125.8 0.106720547062
37220.75 0.10743317171
37315.79 0.105323567174
37410.84 0.106161048371
37505.78 0.105971407763
37600.82 0.107032688437
37695.77 0.0999276440134
37790.81 0.0957308148888
37885.85 0.100686206449
37980.8 0.102184485047
38075.85 0.102012512818
38170.89 0.102455400202
38265.83 0.0994117273262
38360.88 0.100677961205
38455.82 0.0954068945943
38550.87 0.0915222068443
38645.91 0.0946707121068
38740.85 0.0929297877604
38835.9 0.0917978335676
38930.94 0.0923290628506
39025.88 0.0964293048329
39120.93 0.0885892558142
39215.87 0.0895032999906
39310.92 0.0923467312303
39405.96 0.0886351936014
39500.9 0.0852004605878
39595.95 0.0865891952322
39690.99 0.0878259818111
39785.94 0.0894656074473
39880.98 0.0923938469095
39975.92 0.0890333210906
40070.97 0.0939934242183
40166.01 0.100326949395
40260.96 0.108017406132
40356.0 0.108958541824
40451.05 0.105317677714
40545.99 0.0934621949353
40641.03 0.0878377607309
40735.98 0.0851238976091
40831.02 0.0816832751356
40926.06 0.079008282449
41021.01 0.0830060478291
41116.05 0.0805536767268
41211.1 0.0809741841636
41306.04 0.081129665905
41401.08 0.0842605027877
41496.03 0.080007134848
41591.07 0.0812392098591
41686.11 0.0789116953067
41781.06 0.0764393000407
41876.1 0.0768244707181
41971.15 0.0767208162239
42066.09 0.0736618307519
42161.14 0.0731930297439
42256.08 0.0713201814957
42351.12 0.0677547024723
42446.17 0.0703107280689
42541.11 0.0668830624071
42636.16 0.0683318695425
42731.2 0.0725110302875
42826.15 0.0728726431253
42921.19 0.070065726537
43016.14 0.0718820359702
43111.18 0.0680326849796
43206.22 0.0714097012862
43301.16 0.0717336215807
43396.2 0.0720434071714
43491.25 0.0657888007577
43586.2 0.0670479672843
43681.24 0.0680821564427
43776.19 0.064888891285
43871.23 0.0655214192783
43966.27 0.0601773233651
44061.21 0.0650620414061
44156.26 0.05847880313
44251.3 0.0582019985147
44346.25 0.058125435536
44441.29 0.0581772627831
44536.24 0.0538343750529
44631.28 0.055006377573
44726.33 0.0532171596554
44821.27 0.056475208872
44916.31 0.0573079785019
45011.36 0.0528955951449
45106.3 0.053596440873
45201.34 0.048414894053
45296.29 0.0507612548772
45391.33 0.0525563622547
45486.38 0.0554645775532
45581.32 0.0548450063717
45676.37 0.054889766267
45771.41 0.0536070419008
45866.35 0.0532218712233
45961.39 0.0540805544767
46056.34 0.0557590505482
46151.38 0.0593174622197
46246.43 0.0583869275555
46341.37 0.0662788038214
46436.41 0.0585565440007
46531.46 0.0580900987766
46626.4 0.0614847834629
46721.45 0.0573539162891
46816.39 0.0586649100628
46911.44 0.0558980418018
47006.48 0.0585789239483
47101.43 0.0564834541159
47196.47 0.0536082197928
47291.51 0.053300789986
47386.46 0.0531123272692
47481.5 0.0456986751472
47576.45 0.0443912150494
47671.49 0.0488778056012
47766.53 0.0499273073553
47861.47 0.0496151659806
47956.52 0.0510710404679
48051.56 0.0504691376661
48146.51 0.0485562410906
48241.55 0.0488248004621
48336.5 0.0465444015888
48431.54 0.0480862621906
48526.58 0.0456492036841
48622.51 0.0481545799255
49108.74 0.0494349485077
49599.82 0.0507259181178
50095.82 0.0520310224316
50596.78 0.0533490835572
51102.75 0.0546812793865
51225.7 0.055004021789
51522.61 0.0577520437783
51819.52 0.0674873209929
52116.43 0.0741765695472
52413.35 0.0924185826411
52710.36 0.083301698716
53007.27 0.0759068928657
53304.18 0.0799364613292
53601.09 0.0698113018694
53898.0 0.0604411711686
54195.01 0.0597462149004
54491.93 0.0583433455523
54788.84 0.0628723402153
55085.75 0.0683895862495
55382.66 0.070124621136
55679.67 0.0711917912699
55976.58 0.0826467907752
56273.49 0.0993928810545
56570.41 0.105674578984
56867.32 0.105633352764
57164.33 0.105668689524
57461.24 0.103105596575
57758.16 0.0975812831893
58055.07 0.0942384257501
58351.98 0.0965765413304
58648.99 0.100908828033
58945.9 0.102288139541
59242.82 0.101159719024
59539.73 0.108321302263
59836.64 0.127895511186
60133.65 0.144044410232
60430.56 0.150640605319
60727.47 0.157861083157
61024.39 0.18178406927
61321.3 0.245060426434
61618.31 0.359021475497
61915.22 0.468624324234
62212.14 0.479425593691
62509.04 0.422250716983
62805.95 0.35237816473
63102.97 0.291646054243
63399.88 0.243175799267
63696.79 0.217756890339
63993.7 0.192337981411
64290.62 0.172219586393
64587.63 0.162337072681
64884.54 0.149262471703
65181.45 0.145552111966
65478.36 0.142454256059
65775.28 0.143043202049
66072.29 0.146812456384
66369.2 0.151312003748
66666.11 0.151359119427
66963.02 0.149851417693
67259.94 0.148661746793
67556.95 0.149933870131
67853.86 0.146211731475
68150.77 0.143384790723
68447.69 0.148897325189
68744.6 0.154975247806
69041.61 0.164999108555
69338.52 0.173432815132
69635.43 0.22647329099
69932.34 0.246002740018
70229.25 0.210748433058
70526.26 0.201466644255
70823.18 0.199228649494
71120.09 0.202102705925
71417.0 0.206048644058
71713.91 0.208192407461
72010.92 0.209723667035
72307.83 0.220925419765
72604.75 0.229488694459
72901.66 0.243046231149
73198.57 0.25588525373
73495.58 0.27709908829
73792.49 0.300880727366
74089.4 0.320987343464
74386.31 0.346123558317
74980.14 0.417751169619
75574.06 0.483171290187
76167.88 0.508578420195
76761.71 0.487611942952
77355.63 0.471333475788
77949.46 0.462216591863
78543.38 0.431261590629
79137.21 0.382331957781
79731.03 0.329279703003
80324.95 0.285815488942
80918.78 0.248817901851
81512.61 0.225483861727
82106.52 0.21649654592
82700.35 0.214623697672
83294.17 0.214965286346
83888.1 0.213422247852
84481.92 0.219158581795
85075.85 0.234176704539
85669.67 0.239559670888
86263.5 0.22416462271
86857.42 0.198015420754
87451.24 0.161135622861
88045.07 0.127377238715
88638.98 0.104347094722
89232.81 0.0897212100069
89826.63 0.0805654556466
90420.55 0.0707053218822
91014.38 0.0641962908008
91608.3 0.0603752092177
92202.12 0.0574823065149
92795.95 0.0549580840018
93389.87 0.0524279720288
93983.7 0.0509132029426
94577.53 0.050303054897
95171.45 0.0489826379874
95765.27 0.0483925141054
96359.09 0.0507023602782
96953.02 0.0498578117285
97546.85 0.0454348273437
98140.77 0.0433099102118
98734.59 0.0418611030764
99328.42 0.0414464850995
99922.34 0.0408504717576
100516.16 0.0409941745792
101109.99 0.040888164301
101703.9 0.0418728819962
102297.73 0.0412109067035
102891.55 0.0413758115807
103485.47 0.0425266120451
104079.3 0.0451521332685
104673.23 0.0492712215225
105267.04 0.0545870480281
105860.87 0.0584081296112
106454.8 0.0583409897683
107048.62 0.0594305398498
107642.44 0.0601478760656
108236.37 0.0610042035351
108830.19 0.0650384835665
109424.02 0.0758373972389
110017.94 0.0911417477348
110611.77 0.103115019711
111205.69 0.140769870527
111799.51 0.220572052171
112393.34 0.272305067931
112987.26 0.238735146502
113581.08 0.19353943123
114174.91 0.160452445513
114768.82 0.136011186928
115362.65 0.119273341893
115956.47 0.108795992731
116550.39 0.10059786455
117144.22 0.0975907063252
117738.15 0.0977626785542
118331.97 0.102375303548
118925.79 0.10662395992
119519.72 0.11187735815
120113.54 0.111854978203
120707.37 0.109903211192
121301.29 0.106578022132
121895.11 0.107144588175
122488.94 0.114213117947
123082.86 0.120239213316
123676.69 0.123431300582
124270.61 0.127919069026
124864.43 0.134303243557
125458.26 0.143007865289
126052.18 0.150958636154
126646.0 0.157990651274
127239.83 0.181960753067
127833.76 0.252445809149
128427.57 0.235813974392
129021.39 0.123643321138
129615.32 0.100411757617
130209.14 0.0935740946734
130802.96 0.0923856016656
131396.89 0.0921040854824
131990.71 0.090069866033
132584.64 0.0898389992049
133178.46 0.0885869000302
133772.28 0.0877235052089
134366.21 0.0877447072645
134960.03 0.087365426047
135553.85 0.0876198507146
136147.78 0.0844513212885
136741.6 0.0825502036328
137335.43 0.0799977117122
137929.35 0.0794770834571
138523.18 0.0799765096566
139117.1 0.0787526798894
139710.93 0.0779988290222
140304.75 0.0769881977034
140898.68 0.075713718581
141492.5 0.0768562738016
142086.32 0.0763980738214
143128.65 0.0806820669526
143960.09 0.0781590223315
144791.52 0.0742507767419
145622.95 0.0726924256524
146454.29 0.0721906436689
147285.72 0.0710209969328
148117.15 0.0707006103142
148948.49 0.0721329269619
149779.91 0.0712483300849
150611.34 0.0706746966907
151442.68 0.0700716159969
152274.11 0.0701093085403
153105.56 0.0702636123897
153936.89 0.0712765994924
154768.32 0.0755829725712
155599.75 0.0836904030694
156431.08 0.0792532839809
157262.52 0.0747608039692
158093.95 0.0755064095925
158925.38 0.0768550959096
159756.72 0.0773003390781
160588.16 0.0774310850878
161419.58 0.0776913992154
162250.93 0.0797385754766
163082.34 0.0878165586753
163913.77 0.0976708029798
164745.13 0.103007831541
165576.54 0.0973209690617
166407.98 0.0932301502153
167239.31 0.0936176766767
168070.75 0.0939392411872
168902.18 0.0946165290757
169733.5 0.106105687448
170564.95 0.110522782373
171396.38 0.0992067741217
172227.81 0.0975789274054
173059.14 0.0975883505412
173890.59 0.0981195798242
174722.0 0.0922348314922
175553.36 0.0880980748585
176384.79 0.0856680837038
177216.22 0.0854101253602
178047.55 0.0849695937597
178878.97 0.0854030580083
179710.41 0.0836020611709
180541.75 0.0824983763857
181373.18 0.0826126319078
182204.61 0.0823205146967
183035.93 0.0815525291258
183867.38 0.0816314478884
184698.82 0.0825737614724
185530.25 0.0856798626236
186361.57 0.0977273417948
187193.02 0.112723084592
188024.43 0.0990972301676
188855.78 0.0883843026096
189687.21 0.0892912794342
190518.64 0.087012058453
191349.98 0.0878848764101
192181.43 0.0885916115981
193012.84 0.090188833123
193844.18 0.0888283678861
194675.61 0.0891546439646
195507.04 0.0898142634733
196338.39 0.09106754054
197169.8 0.0918826417902
198001.25 0.0923314186346
198832.68 0.0929356772203
199664.0 0.0942737625095
200495.45 0.0943409023524
202158.21 0.0960252878838
203821.07 0.0984281875229
205483.85 0.0998074990315
207146.61 0.100672071745
208809.47 0.102610881944
210472.23 0.104575605766
212135.11 0.104736976968
213797.87 0.106917255023
215460.64 0.10905159529
217123.52 0.108516832331
218786.28 0.110409704743
220449.03 0.112845585358
222111.89 0.114555884513
223774.68 0.114267300978
225437.53 0.116797412951
227100.3 0.117739726535
228763.07 0.119214447294
230425.94 0.123101490828
232088.71 0.124408950925
233751.48 0.12470342392
235414.32 0.125975547259
237077.1 0.128684698813
238739.96 0.13062822058
240402.73 0.130746009778
242065.5 0.132442174229
243728.37 0.134609495472
245391.14 0.135269114981
247053.91 0.136729701036
248716.78 0.138213844931
250379.55 0.139297505552
252042.39 0.140934775404
253705.16 0.142277572262
255367.93 0.144103304831
257030.8 0.144397777826
258693.57 0.146906687743
260356.33 0.148202368921
262019.19 0.148543957595
263681.96 0.15059348964
265344.82 0.151147098871
267007.59 0.151512245385
268670.38 0.153514661751
270333.24 0.153703124467
271995.98 0.15475144833
273658.75 0.157307473926
275321.64 0.158190892911
276984.4 0.160228646036
278647.26 0.160087298999
280310.03 0.161642116412
281972.8 0.163679869538
283635.66 0.162820008392
285298.42 0.16352674358
286961.19 0.163408954382
288624.05 0.165576275626
290286.82 0.16647147353
291949.68 0.168379658538
293612.47 0.169286635362
295275.24 0.169592887277
296938.1 0.171041694413
298600.87 0.171877997718
300263.63 0.172207807473
301926.49 0.174575370353
303589.26 0.17470493847
305252.12 0.173385699453
306914.89 0.172832090222
308577.65 0.175140758503
310240.51 0.176719133756
311903.31 0.176919375393
313566.08 0.175729704493
315228.94 0.176141966686
316891.67 0.179004244197
318554.56 0.182479025538
320217.33 0.184257642428
321880.1 0.181265796799
323542.96 0.18119512328
325205.72 0.184257642428
326868.49 0.188191801641
328531.38 0.189640608777
330194.15 0.188662958433
331856.98 0.19117186835
333519.74 0.225601650925
335182.54 0.208310196659
336845.37 0.195058911884
338508.14 0.19707310717
340170.9 0.191065858072
341833.79 0.194552418333
343496.53 0.193456978792
