100.05 7.56742965671e-05
101.91 9.50472954222e-05
104.04 0.000109636252995
105.97 0.000129405948343
107.95 0.000155937246592
109.95 0.000217247577626
114.08 0.000284413622557
118.09 0.000353142770084
121.12 0.00115598542068
125.08 0.00137073440249
127.12 0.00145865892358
128.0 0.00152384740689
130.98 0.00164794827975
131.89 0.00190088670001
134.03 0.00198585079951
137.15 0.00241517113784
140.02 0.00258196128996
142.96 0.00615116397023
146.96 0.0132111773672
151.08 0.0139619402813
154.95 0.014857763853
158.93 0.0158838459745
161.88 0.0166322405513
166.04 0.0178217379444
169.9 0.0187477578163
173.06 0.0195861492093
177.09 0.020556575405
179.97 0.0212789182718
182.06 0.0218248200122
185.87 0.0228005749668
191.07 0.0240409916111
194.18 0.0250007602891
197.79 0.0259386218473
201.93 0.0270363461712
205.21 0.0278581592033
209.99 0.0279221043096
215.88 0.0306160879523
219.89 0.0317653236118
222.95 0.0322070185123
227.09 0.0334924335647
230.25 0.0502282888716
233.99 0.0835490179843
240.0 0.103981847767
246.15 0.0974866828086
251.89 0.102318090836
257.16 0.0841292606151
260.14 0.0979366668896
263.76 0.102554924563
269.28 0.101376676772
274.29 0.0999911994699
278.74 0.0986175638542
283.92 0.0977116748491
289.87 0.0922467366024
295.94 0.0922467366024
300.75 0.089114610565
307.75 0.089114610565
317.84 0.089114610565
328.25 0.0868883735327
338.22 0.0839338727905
347.7 0.080902401087
356.62 0.0790610188608
365.77 0.0781551298557
375.15 0.0756742965671
384.77 0.0706238173423
394.64 0.0711152473255
404.77 0.0698126618279
414.19 0.067598266482
421.89 0.0651529582524
429.74 0.0630865839858
440.76 0.0615116397023
451.03 0.0591492232771
460.47 0.0568785799211
470.11 0.0550744990069
479.96 0.0536967188011
490.01 0.0510447731448
500.27 0.0504603859239
506.06 0.0487474859945
511.92 0.0504603859239
520.24 0.048972478035
529.91 0.0468759074682
539.76 0.0439492346888
549.8 0.0422617943851
560.02 0.0425548761221
570.43 0.0421646925571
579.7 0.0404529767964
590.48 0.0395322856834
600.07 0.0371491463071
609.82 0.0323556316759
619.73 0.0362201660136
629.8 0.0345901578886
640.03 0.0343515479088
650.43 0.0331093550116
657.97 0.0317653236118
665.58 0.0319115684381
674.84 0.0313295495544
684.23 0.0293058053586
695.35 0.0295769799758
705.02 0.0274756727345
716.48 0.0281157158813
726.45 0.0274756727345
734.86 0.0269120084646
745.08 0.0259386218473
755.45 0.0252316731727
764.19 0.0225915692028
774.82 0.0239853356853
785.6 0.0227484715469
794.7 0.0226957760426
805.76 0.0223843396918
815.09 0.0218751471791
824.52 0.0214760823494
834.07 0.0194067476612
845.67 0.0203682925922
855.47 0.0197673270103
865.37 0.0194961523931
875.39 0.0191847160423
885.53 0.0187909799714
895.78 0.018405533081
904.07 0.0179040376644
914.54 0.0193617492531
925.13 0.0354771001956
935.84 0.0539448021299
944.5 0.0762012516093
955.44 0.0926730373107
964.28 0.100683938121
975.45 0.0390793411808
984.47 0.0862903683725
995.87 0.0862903683725
1005.09 0.110139524665
1014.39 0.107137657177
1026.13 0.0580698535671
1035.63 0.0845200362644
1045.21 0.130003953503
1054.88 0.126457368444
1064.64 0.104698269791
1074.49 0.118020166925
1084.43 0.0957104298573
1094.47 0.120210878898
1104.6 0.114538711141
1114.82 0.110394120921
1125.13 0.0992984608189
1135.54 0.118837243283
1146.05 0.109636252995
1153.99 0.112963766857
1164.67 0.114011756099
1175.45 0.0820273612894
1186.32 0.108381034243
1194.55 0.0827852292153
1205.6 0.0651529582524
1213.96 0.0452843848239
1225.19 0.0792386441559
1233.68 0.105912042641
1245.1 0.112709170601
1253.73 0.10813235883
1265.33 0.0968176275303
1274.1 0.116131417954
1285.89 0.119109602069
1294.8 0.0979366668896
1303.78 0.0965926354898
1315.84 0.114538711141
1324.96 0.109381656739
1334.15 0.0983925718138
1346.49 0.112188136402
1355.82 0.108381034243
1365.22 0.0981616589301
1374.69 0.100683938121
1384.21 0.100683938121
1393.81 0.0856923632122
1403.47 0.0870837613574
1416.46 0.0924598869565
1426.27 0.093099338019
1436.16 0.0928861876648
1442.79 0.096148572252
1446.12 0.0968176275303
1456.14 0.0937447099246
1466.23 0.0872850700252
1476.4 0.0866870648649
1486.63 0.0872850700252
1493.49 0.0876876873608
1503.84 0.0829746961968
1510.79 0.0748098534641
1517.76 0.0786939265842
1524.77 0.0767282066515
1535.33 0.0671364407147
1545.98 0.0701383082023
1556.69 0.0668285568698
1563.88 0.0686995433118
1574.72 0.0724355953526
1585.63 0.0746381490122
1596.63 0.0756742965671
1604.0 0.0736138431436
1615.11 0.0731046506309
1626.31 0.0696527990623
1633.82 0.0731046506309
1645.14 0.0734421386916
1656.54 0.0686995433118
1664.19 0.0734421386916
1671.87 0.06621278918
1675.73 0.0737796267524
1683.46 0.0756742965671
1695.13 0.0712751100911
1706.88 0.0685396805462
1714.76 0.0651529582524
1726.65 0.0645608739353
1734.61 0.0680719339357
1746.64 0.0663667311024
1754.7 0.0698126618279
1766.86 0.0644069320129
1775.02 0.0653069001749
1783.21 0.0663667311024
1795.57 0.0701383082023
1803.86 0.0693330735311
1816.36 0.0641108898543
1824.75 0.0651529582524
1833.17 0.0627964626704
1845.88 0.0572729080763
1854.4 0.0579360425114
1862.96 0.059836041085
1875.87 0.0635247263804
1884.53 0.0590130438842
1893.23 0.057404942879
1906.35 0.0599722204779
1915.15 0.0579360425114
1923.99 0.0559691384101
1932.87 0.0555836915196
1946.27 0.0605287797359
1955.25 0.0570100226395
1968.81 0.0625122621982
1977.89 0.0627964626704
1982.45 0.061085338994
1996.2 0.059836041085
2005.41 0.0605287797359
2014.67 0.0592854026701
2023.97 0.059421582063
2033.31 0.0591492232771
2042.69 0.0619379404106
2056.85 0.0586068740427
2066.35 0.0586068740427
2075.88 0.0633767053011
2085.47 0.0849108119136
2095.09 0.0792386441559
2104.76 0.0781551298557
2114.48 0.0831641631782
2124.24 0.0786939265842
2134.04 0.0741230356563
2143.89 0.084715424089
2153.79 0.0853015875629
2163.73 0.0779715837174
2173.72 0.0781551298557
2183.75 0.0884988428752
2193.83 0.088907381054
2203.96 0.0866870648649
2214.13 0.0734421386916
2224.35 0.0794221902942
2234.62 0.0968176275303
2244.93 0.0922467366024
2255.29 0.0767282066515
2265.7 0.0736138431436
2276.16 0.0785163012891
2286.67 0.0965926354898
2297.22 0.083016142099
2302.52 0.0953492584239
2313.15 0.0834898095526
2323.82 0.0676041873252
2334.55 0.0665680397703
2345.33 0.0536546808146
2356.15 0.0790550980176
2367.03 0.0563983995399
2372.48 0.0658279343739
2383.43 0.0491767471244
2394.44 0.0563753082516
2405.49 0.0556446762043
2416.59 0.0612037558574
2427.75 0.0885284470911
2433.34 0.0885639721501
2444.57 0.102708866485
2455.86 0.10762908716
2467.19 0.0942479815941
2472.88 0.085200933229
2484.3 0.0606412757562
2495.76 0.0684094219964
2507.28 0.097605099672
2513.06 0.0546570795634
2518.86 0.0486207799507
2524.66 0.0505817632089
2536.31 0.0706889466172
2542.16 0.0733710885736
2553.9 0.122703553873
2565.68 0.0942361399078
2577.53 0.117641232962
2583.47 0.105379166755
2595.39 0.096184097311
2607.37 0.0848101575797
2613.38 0.078095921424
2625.45 0.101157605575
2637.57 0.168400621466
2643.65 0.223630246564
2655.85 0.311092941885
2661.97 0.197276573611
2674.26 0.223582879819
2686.6 0.259895410986
2692.79 0.189662369293
2705.22 0.234613410646
2717.71 0.170496599949
2723.98 0.134864965746
2736.55 0.171503143288
2742.86 0.101033267868
2755.52 0.134533398529
2761.87 0.17458790258
2774.62 0.185950000625
2787.42 0.115018299438
2793.85 0.058473062987
2806.75 0.0687587517435
2813.22 0.16463496521
2826.2 0.238177758235
2832.72 0.22392036788
2845.79 0.160502216676
2852.35 0.0960893638203
2865.52 0.223896684507
2872.12 0.308487770889
2885.38 0.279013813585
2892.03 0.345795003709
2912.08 0.470334018966
2932.27 0.409254600815
2952.59 0.377205076731
2973.06 0.395524165501
2986.78 0.401391721084
3007.48 0.402871931876
3028.33 0.433281382402
3049.32 0.453287911477
3070.46 0.497717918631
3091.74 0.484834163891
3113.17 0.567820701774
3127.54 0.524349871213
3149.22 0.525101818296
3171.05 0.581924150207
3193.03 0.501761854517
3207.77 0.558359194387
3230.0 0.468326853131
3252.39 0.668640819288
3267.41 0.784511720142
3290.06 0.769591195352
3312.86 0.719264028399
3320.5 0.677818126203
3328.15 0.743598693831
3335.82 0.780840797376
3343.51 0.710856431096
3351.22 0.701442290455
3358.95 0.79102464763
3366.69 0.664377812205
3374.45 0.519565829931
3382.23 0.62642520748
3390.03 0.758696843917
3397.84 0.66420018691
3405.67 0.804464961628
3413.53 0.737441016934
3421.39 0.794281111374
3429.28 0.757157424693
3437.19 0.769828029078
3445.11 0.487113688512
3453.05 0.814411978155
3461.01 0.660825306302
3468.99 0.728263710019
3476.99 0.678469418952
3485.0 0.749460328571
3493.04 0.633826261443
3501.09 0.728086084724
3509.16 0.811747598728
3517.25 0.661654224346
3525.36 0.680600922493
3533.48 0.831937673941
3541.63 0.904349585921
3549.79 0.902750958265
3557.98 0.786643223684
3566.18 0.843364901261
3574.4 0.598774869872
3582.64 0.58812919385
3590.9 0.512508184872
3599.18 0.895231487438
3607.47 0.731401756899
3615.79 0.768051776127
3624.13 0.669292112037
3632.48 0.976939123196
3640.85 0.910092803797
3649.24 0.794932404123
3657.66 1.0533180001
3666.09 1.08588263754
3674.54 1.0471603232
3683.01 0.869475819644
3691.5 0.836555931614
3700.01 1.01797056637
3708.54 0.741230356563
3717.09 1.13549930331
3725.66 0.653779502929
3734.25 0.892626316442
3742.86 0.850943580519
3751.48 0.535972486358
3760.13 0.97812329183
3768.8 0.823411659775
3777.49 1.0206349458
3786.2 1.15906425913
3794.93 0.881731965008
3803.67 0.804583378491
3812.44 1.02756233231
3821.23 0.785340638186
3830.04 0.561438032836
3838.87 0.546440537084
3847.72 0.870541571415
3856.59 0.889251435835
3865.48 0.879541253035
3874.39 0.754256211539
3883.32 0.779419795015
3886.7 0.893692068213
3890.75 0.919743778165
3894.8 0.986945348155
3898.85 1.04781161595
3902.9 0.986590097564
3906.95 1.09221793973
3911.01 1.06030459504
3915.06 1.03792380786
3919.11 1.05355483383
3923.16 0.804997837513
3927.21 0.738802810863
3931.26 0.56602076545
3935.31 0.584683263125
3939.37 0.716362815245
3943.42 0.858759093505
3947.47 0.983925718138
3951.52 1.01980602775
3955.57 0.916428105989
3959.62 0.836023055729
3963.67 0.747565658756
3967.72 0.760058637846
3971.78 0.78652480682
3975.83 0.918026733646
3979.88 1.09121139639
3983.93 1.29571731952
3987.98 1.30513146016
3992.03 1.38707592964
3996.08 1.47571095191
4000.14 1.37671445409
4004.19 1.40247012189
4008.24 1.61893614821
4012.29 1.5513201192
4016.34 1.55611600217
4020.39 1.60573266794
4024.44 1.39560194381
4028.5 1.48157258665
4032.55 1.45706029592
4036.6 1.54871494821
4040.65 1.47322419778
4044.7 1.49631548615
4048.75 1.51467009998
4052.8 1.44888953235
4056.85 1.45670504533
4060.91 1.44154768682
4064.96 1.42704162105
4069.01 1.37339878192
4073.06 1.50768350503
4077.11 1.43029808479
4081.16 1.53036033438
4085.21 1.59643694417
4089.27 1.50300603893
4093.32 1.55481341667
4097.37 1.47766483016
4101.42 1.5707404848
4105.47 1.45362620688
4109.52 1.47067823522
4113.57 1.4676586052
4117.62 1.59442385749
4121.68 1.47162557012
4125.73 1.43876489052
4129.78 1.51792656372
4133.83 1.37825387332
4137.88 1.45765238024
4141.93 1.41087771919
4145.98 1.44285027231
4150.04 1.46144171987
4154.09 1.43633734482
4158.14 1.49726282105
4162.19 1.47452678328
4166.24 1.43568605208
4170.29 1.45640900317
4174.34 1.4941839826
4178.39 1.466533645
4182.45 1.33142000384
4186.5 1.42988362577
4190.55 1.40904225781
4194.6 1.45060657687
4198.65 1.48808551414
4202.7 1.56079346828
4206.75 1.55552391785
4210.81 1.54095864365
4214.86 1.59531198396
4218.91 1.41253555528
4222.96 1.42781133066
4227.01 1.44498177585
4231.06 1.47873058193
4235.11 1.55155695293
4239.16 1.57263515462
4243.22 1.66997381635
4247.27 1.68809159645
4251.32 1.57340486423
4255.37 1.53349838126
4259.42 1.61372580622
4263.47 1.57790470504
4267.52 1.55688571178
4271.58 1.62373203118
4275.63 1.59827240555
4279.68 1.49601944399
4283.73 1.47784245545
4287.78 1.42307465612
4291.83 1.36866210738
4295.88 1.35368237416
4299.93 1.25995542676
4303.99 1.26658677112
4308.04 1.25770550636
4312.09 1.39643086185
4316.14 1.55783304669
4320.19 1.62983049965
4324.24 1.65339545547
4328.29 1.81994877387
4332.35 1.62444253236
4336.4 1.8213105678
4340.45 1.78039754148
4344.5 1.78181854385
4348.55 1.78945643154
4352.6 1.74309622951
4356.65 1.85055953306
4360.7 1.99342947877
4364.76 1.92516215701
4368.81 1.83670476004
4372.86 1.71840631349
4376.91 1.72101148448
4380.96 1.67719724502
4385.01 1.69128885176
4389.06 1.68838763861
4393.12 1.76375997217
4397.17 1.80366645515
4401.22 1.77376619713
4405.27 1.86364459647
4409.32 1.83552059141
4413.37 1.80496904064
4417.42 1.85180291013
4421.47 1.93534600727
4425.53 1.8625788447
4429.58 1.9548255813
4433.63 2.01936277186
4437.68 1.98294958636
4441.73 1.93481313138
4445.78 2.01450768046
4449.83 2.00148182549
4453.89 1.87270348652
4457.94 1.90207086865
4461.99 1.99976478097
4466.04 1.93327371216
4470.09 1.99905427979
4474.14 2.09662977524
4478.19 2.06430197153
4482.25 2.12327356951
4486.3 2.09864286192
4490.35 2.14156897491
4494.4 2.15802891892
4498.45 2.20918500392
4502.5 2.25288082652
4506.55 2.25057169768
4510.6 2.21925043731
4514.66 2.16400897053
4518.71 2.11291209396
4522.76 2.08431442145
4526.81 2.01604709969
4530.86 2.05180899244
4534.91 2.07703178435
4538.96 1.97027898198
4543.02 2.0834855034
4547.07 2.05672329227
4551.12 2.16625889093
4555.17 2.12901678739
4559.22 2.22398711185
4563.27 2.30705654154
4567.32 2.20551408115
4571.37 2.23949972096
4575.43 2.21285592669
4579.48 2.19438289599
4583.53 2.12694449228
4587.58 2.14091768216
4591.63 2.2634791358
4595.68 2.16199588385
4599.73 2.15749604304
4603.79 2.16081171521
4607.84 2.26780135131
4611.89 2.21546109768
4615.94 2.32434540359
4619.99 2.30806308487
4624.04 2.34512756312
4628.09 2.24234172568
4632.14 2.26851185249
4636.2 2.24441402079
4640.25 2.18994226361
4644.3 2.19006068048
4648.35 2.14222026766
4652.4 2.09722185956
4656.45 2.13079304034
4660.5 2.13168116681
4664.56 2.21267830139
4668.61 2.15370670341
4672.66 2.13624021605
4676.71 2.06927547979
4680.76 2.09526798131
4684.81 2.13523367272
4688.86 2.1818899169
4692.91 2.12315515265
4696.97 2.07418977962
4701.02 2.07223590138
4705.07 2.09716265113
4709.12 2.1441741459
4713.17 2.17786374355
4717.22 2.13481921369
4721.27 2.28621517357
4725.33 2.23316441876
4729.38 2.2524663675
4733.43 2.1553645395
4737.48 2.34400260292
4741.53 2.2013102825
4745.58 2.20136949093
4749.63 2.31682593277
4753.68 2.15731841774
4757.74 2.25702541674
4761.79 2.20515883056
4765.84 2.25826879381
4769.89 2.25921612871
4773.94 2.15832496108
4777.99 2.29574773108
4782.04 2.21640843259
4786.1 2.20350099448
4790.15 2.29935944541
4794.2 2.30930646194
4798.25 2.33701600798
4802.3 2.37265948387
4806.35 2.33636471523
4810.4 2.30427374524
4814.45 2.27082098133
4818.51 2.29521485519
4822.56 2.28633359044
4826.61 2.28260345924
4830.66 2.22937507913
4834.71 2.30557633074
4838.76 2.23855238605
4842.81 2.16945614624
4846.87 2.26069633951
4850.92 2.13511525585
4854.97 2.14352285316
4859.02 2.04695390104
4863.07 2.04488160593
4867.12 2.03990809766
4871.17 2.00651454218
4875.22 2.16815356075
4879.28 2.11960264674
4883.33 2.16063408992
4887.38 2.27532082214
4891.43 2.2828995014
4895.48 2.35608112299
4899.53 2.36466634559
4903.58 2.28094562315
4907.64 2.31102350646
4911.69 2.31433917864
4915.74 2.17644274119
4919.79 2.20136949093
4923.84 2.20628379077
4927.89 2.23849317762
4931.94 2.19556706463
4935.99 2.38361304373
4940.05 2.33991722113
4944.1 2.33891067779
4948.15 2.34435785351
4952.2 2.26993285485
4956.25 2.28739934221
4960.3 2.35714687476
4964.35 2.27922857863
4968.41 2.23298679347
4972.46 2.25074932298
4976.51 2.1869226336
4980.56 2.18834363596
4984.61 2.16596284877
4988.66 2.11628697457
4992.71 2.1103661314
4996.77 2.0922483513
5000.82 2.13168116681
5004.87 2.05648645854
5008.92 2.10397162077
5012.97 2.12795103562
5017.02 2.18485033849
5021.07 2.1381940943
5025.12 2.1017809088
5029.18 2.10989246394
5033.23 2.11800401909
5037.28 2.12611557423
5041.33 2.13416792095
5045.38 2.10633995804
5049.43 2.09538639818
5053.48 2.1490292373
5057.54 2.08881426226
5061.59 2.24299301843
5065.64 2.08259737693
5069.69 2.1296088717
5073.74 2.15566058166
5077.79 2.06175600897
5081.84 2.0836631287
5085.89 2.11243842651
5089.95 2.15950912972
5094.0 2.1368915088
5098.05 2.15258174321
5102.1 2.13914142921
5106.15 2.1225038599
5110.2 2.13730596783
5114.25 2.14719377592
5118.31 2.12854311993
5122.36 2.06921627136
5126.41 2.07981458064
5130.46 2.11380022044
5134.51 2.10592549902
5138.56 2.09704423426
5142.61 2.04227643493
5146.66 2.06744001841
5150.72 2.06376909564
5154.77 2.02475073915
5158.82 2.00604087473
5162.87 1.84114539242
5166.92 1.81994877387
5170.97 1.71289992934
5175.02 1.66725022849
5179.08 1.65570458431
5183.13 1.76725326965
5187.18 1.89182780996
5191.23 1.94665481772
5195.28 2.05743379345
5199.33 2.1103661314
5203.38 1.93416183863
5207.43 2.13345741976
5211.49 2.15749604304
5215.54 2.16519313916
5219.59 2.22813170207
5223.64 2.22872378638
5227.69 2.21676368318
5231.74 2.2233358191
5235.79 2.29829369364
5239.85 2.32505590477
5243.9 2.29296493479
5247.95 2.34435785351
5252.0 2.21877676986
5256.05 2.17075873174
5260.1 2.16406817896
5264.15 2.14370047845
5268.2 2.18615292399
5272.26 2.14778586024
5276.31 2.21646764102
5280.36 2.30924725351
5284.41 2.44406485251
5288.46 2.42328269298
5292.51 2.4406899719
5296.56 2.48414896078
5300.62 2.41244754998
5304.67 2.4055793719
5308.72 2.48414896078
5312.77 2.50392457697
5316.82 2.50984542014
5320.87 2.4369598407
5324.92 2.37721853311
5328.97 2.37917241136
5333.03 2.32298360966
5337.08 2.39580998067
5341.13 2.40398074424
5345.18 2.41783551726
5349.23 2.53820625893
5353.28 2.47432036111
5357.33 2.52405544375
5361.39 2.48320162587
5365.44 2.50232594931
5369.49 2.46940606128
5373.54 2.43761113345
5377.59 2.44850548489
5381.64 2.44234780799
5385.69 2.53773259147
5389.74 2.41742105824
5393.8 2.29385306126
5397.85 2.42452607005
5401.9 2.3215626073
5405.95 2.34613410646
5410.0 2.38586296414
5414.05 2.38888259416
5418.1 2.4358348805
5422.16 2.38752080023
5426.21 2.34862086059
5430.26 2.42636153143
5434.31 2.49172764003
5438.36 2.42162485689
5442.41 2.40599383092
5446.46 2.39107330613
5450.51 2.27721549195
5454.57 2.33293062619
5458.62 2.4892408859
5462.67 2.38432354492
5466.72 2.28585992298
5470.77 2.40102032266
5474.82 2.40871741878
5478.87 2.36383742754
5482.93 2.39693494087
5486.98 2.38367225217
5491.03 2.39273114222
5495.08 2.41209229939
5499.13 2.45922221103
5503.18 2.34270001742
5507.23 2.33322666835
5511.28 2.3656136805
5515.34 2.4261246977
5519.39 2.49237893278
5523.44 2.45448553649
5527.49 2.46543909636
5531.54 2.38906021945
5535.59 2.39113251456
5539.64 2.3932640181
5543.7 2.39539552164
5547.75 2.39746781675
5551.8 2.3995993203
5555.85 2.40167161541
5559.9 2.40161240697
5563.95 2.54939665252
5568.0 2.31694434963
5572.05 2.45975508691
5576.11 2.44092680563
5580.16 2.38041578842
5584.21 2.40504649601
5588.26 2.35146286532
5592.31 2.36117304812
5596.36 2.39723098303
5600.41 2.48876721845
5604.47 2.53903517697
5608.52 2.43755192502
5612.57 2.45324215942
5616.62 2.43915055268
5620.67 2.35915996144
5624.72 2.39196143261
5628.77 2.43737429973
5632.83 2.48604363059
5636.88 2.42991403733
5640.93 2.46461017831
5644.98 2.42991403733
5649.03 2.48888563531
5653.08 2.45336057629
5657.13 2.4530053257
5661.18 2.48835275943
5665.24 2.52251602452
5669.29 2.4649654289
5673.34 2.46786664206
5677.39 2.50664816483
5681.44 2.55555432942
5685.49 2.59415822689
5689.54 2.51908193548
5693.6 2.48089249703
5697.65 2.40475045385
5701.7 2.39048122181
5705.75 2.44145968151
5709.8 2.37112006464
5713.85 2.48414896078
5717.9 2.44465693683
5721.95 2.57272477461
5726.01 2.56076467141
5730.06 2.57236952402
5734.11 2.60771695775
5738.16 2.50783233346
5742.21 2.55360045117
5746.26 2.64217626501
5750.31 2.49575381339
5754.37 2.52529882081
5758.42 2.5684025591
5762.47 2.41629609804
5766.52 2.45857091828
5770.57 2.60031590379
5774.62 2.47556373818
5778.67 2.4091318778
5782.72 2.52014768726
5786.78 2.52204235707
5790.83 2.58438883566
5794.88 2.4967011483
5798.93 2.5523570741
5802.98 2.5840927935
5807.03 2.6143483021
5811.08 2.60244740733
5815.14 2.59321089198
5819.19 2.60511178676
5823.24 2.56153438102
5827.29 2.69658881375
5831.34 2.70363461712
5835.39 2.62032835371
5839.44 2.64685373111
5843.49 2.57965216112
5847.55 2.55342282588
5851.6 2.66609647142
5855.65 2.56869860126
5859.7 2.57609965522
5863.75 2.30243828386
5867.8 2.36158750714
5871.85 2.36810043463
5875.91 2.28929401202
5879.96 2.25631491556
5884.01 2.09905732094
5888.06 2.0763804916
5892.11 2.03167812566
5896.16 2.07199906765
5900.21 2.17389677862
5904.26 2.2926096842
5908.32 2.35714687476
5912.37 2.28461654592
5916.42 2.44832785959
5920.47 2.4761558225
5924.52 2.34903531962
5928.57 2.48995138708
5932.62 2.51008225386
5936.68 2.51387159349
5940.73 2.52287127511
5944.78 2.52310810884
5948.83 2.49829977595
5952.88 2.47846495133
5956.93 2.53193016517
5960.98 2.48189904037
5965.03 2.46437334459
5969.09 2.47183360698
5973.14 2.49593143869
5977.19 2.49711560732
5981.24 2.51168088152
5985.29 2.5183714343
5989.34 2.46431413615
5993.39 2.47426115268
5997.45 2.4563802063
6001.5 2.52630536415
6005.55 2.55105448861
6009.6 2.46585355538
6013.65 2.43133503969
6017.7 2.41629609804
6021.75 2.51097038034
6025.8 2.56869860126
6029.86 2.50949016955
6033.91 2.55318599215
6037.96 2.52707507377
6042.01 2.57000118675
6046.06 2.59901331829
6050.11 2.73821234124
6054.16 2.61298650817
6058.22 2.70588453753
6062.27 2.6459063962
6066.32 2.58551379586
6070.37 2.6277886161
6074.42 2.54223243228
6078.47 2.61049975404
6082.52 2.57734303229
6086.58 2.61115104679
6090.63 2.54945586095
6094.68 2.41807235099
6098.73 2.55277153313
6102.78 2.57959295269
6106.83 2.54158113953
6110.88 2.58936234392
6114.93 2.54981111154
6118.99 2.60398682655
6123.04 2.49510252064
6127.09 2.5779351166
6131.14 2.63270291593
6135.19 2.472248066
6139.24 2.47218885757
6143.29 2.56165279788
6147.35 2.4955761881
6151.4 2.48983297022
6155.45 2.51250979956
6159.5 2.34045009702
6163.55 2.34465389567
6167.6 2.40025061304
6171.65 2.42026306296
6175.7 2.43263762519
6179.76 2.38527087982
6183.81 2.42476290377
6187.86 2.45140669804
6191.91 2.42600628084
6195.96 2.41635530647
6200.01 2.35134444845
6204.06 2.34181189095
6208.12 2.36887014424
6212.17 2.35110761473
6216.22 2.28082720629
6220.27 2.28769538437
6224.32 2.28751775907
6228.37 2.3142799702
6232.42 2.29983311287
6236.47 2.38639584002
6240.53 2.38888259416
6244.58 2.19201455872
6248.63 2.17656115805
6252.68 2.32357569398
6256.73 2.28035353883
6260.78 2.32718740832
6264.83 2.25447945418
6268.89 2.26987364642
6272.94 2.28846509398
6276.99 2.3071749584
6281.04 2.32594403125
6285.09 2.34477231253
6289.14 2.36365980225
6293.19 2.38254729196
6297.24 2.39148776515
6301.3 2.32848999381
6305.35 2.36780439247
6309.4 2.40392153581
6313.45 2.34891690275
6317.5 2.42920353615
6321.55 2.45205799079
6325.6 2.42452607005
6329.66 2.53175253987
6333.71 2.52666061474
6337.76 2.45484078708
6341.81 2.4601103375
6345.86 2.50392457697
6349.91 2.38734317493
6353.96 2.36265325891
6358.01 2.51872668489
6362.07 2.53933121913
6366.12 2.41990781237
6370.17 2.52239760766
6374.22 2.52648298945
6378.27 2.48148458135
6382.32 2.50457586972
6386.37 2.43974263699
6390.43 2.50978621171
6394.48 2.48308320901
6398.53 2.4808332886
6402.58 2.46040637966
6406.63 2.48278716685
6410.68 2.51215454897
6414.73 2.5002536542
6418.78 2.45679466533
6422.84 2.44595952232
6426.89 2.44743973312
6430.94 2.44270305858
6434.99 2.55916604375
6439.04 2.56188963161
6443.09 2.45312374256
6447.14 2.5499295284
6451.2 2.52861449299
6455.25 2.53358800125
6459.3 2.51937797764
6463.35 2.52109502216
6467.4 2.5110887972
6471.45 2.59338851728
6475.5 2.60416445185
6479.55 2.42452607005
6483.61 2.46591276381
6487.66 2.45874854357
6491.71 2.37739615841
6495.76 2.43145345656
6499.81 2.42529577966
6503.86 2.39367847713
6507.91 2.48864880159
6511.97 2.49853660968
6516.02 2.45602495571
6520.07 2.54844931761
6524.12 2.57011960362
6528.17 2.50611528894
6532.22 2.55555432942
6536.27 2.61494038642
6540.32 2.52535802925
6544.38 2.39652048185
6548.43 2.56828414223
6552.48 2.46437334459
6556.53 2.39764544205
6560.58 2.35951521203
6564.63 2.28023512197
6568.68 2.27603132332
6572.74 2.37064639719
6576.79 2.42274981709
6580.84 2.44459772839
6584.89 2.4067043321
6588.94 2.4563802063
6592.99 2.58190208153
6597.04 2.44767656684
6601.1 2.44412406094
6605.15 2.49249734965
6609.2 2.58924392706
6613.25 2.52026610412
6617.3 2.43536121305
6621.35 2.52162789805
6625.4 2.53127887242
6629.45 2.5353642542
6633.51 2.44039392974
6637.56 2.39462581203
6641.61 2.58533617057
6645.66 2.49196447376
6649.71 2.45312374256
6653.76 2.46987972873
6657.81 2.52221998236
6661.87 2.42683519888
6665.92 2.40759245858
6669.97 2.53116045555
6674.02 2.46283392536
6678.07 2.39243510006
6682.12 2.47455719484
6686.17 2.45336057629
6690.22 2.43642696482
6694.28 2.52920657731
6698.33 2.42979562047
6702.38 2.37283710916
6706.43 2.48965534493
6710.48 2.37123848151
6714.53 2.45697229062
6718.58 2.2718867331
6722.64 2.40617145622
6726.69 2.46082083868
6730.74 2.41232913311
6734.79 2.40066507207
6738.84 2.40078348893
6742.89 2.38752080023
6746.94 2.36271246734
6750.99 2.40173082384
6755.05 2.51878589333
6759.1 2.35483774592
6763.15 2.43174949871
6767.2 2.40960554525
6771.25 2.34388418606
6775.3 2.4199670208
6779.35 2.48906326061
6783.41 2.47805049231
6787.46 2.47781365858
6791.51 2.50487191187
6795.56 2.512569008
6799.61 2.51410842722
6803.66 2.39089568083
6807.71 2.48959613649
6811.76 2.5695275193
6815.82 2.36975827071
6819.87 2.44477535369
6823.92 2.43263762519
6827.97 2.4117370488
6842.31 2.4636628434
6858.09 2.3956915638
6873.9 2.36744914188
6889.74 2.3557258724
6905.63 2.39320480967
6921.55 2.40338865993
6937.5 2.46419571929
6953.5 2.44637398135
6969.52 2.4795307031
6985.59 2.28147849904
7001.69 2.47781365858
7017.84 2.45424870276
7034.01 2.41967097865
7050.23 2.55040319586
7066.48 2.34127901506
7082.77 2.4115594235
7099.1 2.26537380561
7115.46 2.29083343125
7131.87 2.2900045132
7148.31 2.27342615232
7164.79 2.30948408724
7181.3 2.25092694828
7197.85 2.16371292837
7214.45 2.13327979447
7231.08 2.28503100494
7247.75 2.30528028858
7264.46 2.40753325014
7281.2 2.31422076177
7297.99 2.20421149566
7314.81 2.33932513682
7331.68 2.35466012063
7348.58 2.51055592132
7365.51 2.43559804677
7382.49 2.48562917157
7399.51 2.44501218742
7416.57 2.41611847274
7433.67 2.55241628254
7450.81 2.46484701204
7467.98 2.43571646364
7485.19 2.51452288624
7502.45 2.37846191018
7519.75 2.49533935437
7537.08 2.5174240994
7554.46 2.51067433818
7571.87 2.50392457697
7589.32 2.50877966837
7606.82 2.42263140023
7624.36 2.44974886195
7641.93 2.41517113784
7659.55 2.41428301136
7677.21 2.15583820695
7694.9 2.33044387206
7712.64 2.28704409162
7730.42 2.32860841068
7748.24 2.31700355806
7766.1 2.27384061135
7784.0 2.29924102855
7801.95 2.30895121135
7819.93 2.29740556717
7837.96 2.28591913141
7856.03 2.34364735233
7874.14 2.35347595199
7892.29 2.32026002181
7910.49 2.29805685992
7928.72 2.23967734625
7947.0 2.18781076007
7965.32 2.24299301843
7983.68 2.31552334727
8002.08 2.25672937458
8020.53 2.31362867745
8039.02 2.3180101014
8057.55 2.29580693951
8076.13 2.30012915503
8094.75 2.30451057897
8113.4 2.30350403563
8132.11 2.36709389129
8150.86 2.26999206329
8169.64 2.13718755096
8188.48 2.22155956615
8207.35 2.14032559784
8226.27 2.34045009702
8245.24 2.3180101014
8264.24 2.24867702787
8283.3 2.18141624945
8302.39 2.22102669026
8321.53 2.2354735476
8340.71 2.15862100324
8359.94 2.28556388082
8379.21 2.27407744507
8398.53 2.10675441706
8417.89 2.27733390882
8437.29 2.22961191286
8456.74 2.15796971049
8476.24 2.03635559176
8495.78 2.18603450712
8515.36 2.17004823056
8534.99 2.10509658098
8554.67 1.73415575632
8574.39 2.17212052567
8594.16 2.15127915771
8613.97 2.14044401471
8633.82 2.15927229599
8653.72 2.14837794456
8673.68 1.59187789492
8693.67 2.09757711015
8713.71 2.11599093241
8733.8 2.1843174626
8753.93 2.16833118604
8774.11 2.11308971926
8794.34 2.17632432432
8814.61 1.92095835836
8834.93 2.05743379345
8855.29 2.14352285316
8875.71 1.97661428417
8896.17 2.0545325803
8916.68 2.0821829179
8937.24 2.02445469699
8957.84 1.98200225145
8978.49 1.98567317422
8999.19 1.73658330202
9019.93 1.89449218939
9040.72 2.10515578941
9061.57 2.15814733579
9082.45 2.01314588653
9103.39 2.03078999918
9124.37 2.11083979885
9145.41 1.88904501367
9166.49 1.819830357
9187.62 1.97619982515
9208.8 2.01657997557
9230.03 2.02486915601
9251.31 1.96423972194
9272.64 1.98596921638
9294.01 1.96684489294
9315.43 2.05849954522
9336.91 2.06696635096
9358.43 2.05648645854
9380.01 2.02256002717
9401.63 2.01693522616
9423.3 2.06288096917
9445.03 2.03351358704
9466.8 2.0750779061
9488.62 2.07401215433
9510.5 2.03049395702
9532.42 2.043519812
9554.4 2.00983021436
9576.42 2.03203337625
9598.49 2.05926925483
9620.62 2.02996108114
9642.8 2.00568562414
9665.03 2.0046790808
9687.31 2.02682303426
9709.64 1.99337027034
9732.02 1.96956848079
9754.46 1.96850272902
9776.95 1.97205523493
9799.48 1.9439904383
9822.07 1.96998293982
9844.71 1.97803528653
9867.41 1.96335159547
9890.16 1.95778600288
9912.95 1.92989883155
9935.81 1.94671402615
9958.71 1.95020732363
9981.67 1.94020109867
10027.74 1.93806959513
10074.03 1.91385334656
10120.53 1.9294251641
10167.24 1.90526812396
10214.18 1.90319582885
10284.97 1.89999857354
10308.68 1.8902291823
10500.33 1.82202106898
10695.55 1.74161601872
10894.4 1.68246679544
11096.94 1.60673921128
11303.24 1.57020760892
11486.9 1.55220824568
11700.47 1.50644012797
11890.59 1.4519683708
12111.65 1.41887085747
12308.44 1.39299677281
12508.44 1.35504416809
12711.68 1.32111773672
12888.52 1.28807943183
13097.94 1.26167247128
13310.77 1.22448957617
13495.94 1.19938520113
13715.23 1.17747808139
13906.03 1.134907219
14099.48 1.08878385069
14295.63 1.07137657177
14494.5 1.0738633259
14696.14 1.03739093197
14900.59 1.04698269791
15107.87 1.04941024361
15282.8 1.06403472624
15495.41 1.05183778931
15710.97 1.0350225947
15892.9 1.0021619151
16114.0 1.00447104394
16300.59 0.995293737026
16489.33 0.979366668896
16718.72 0.965926354898
16912.32 0.948282242249
17108.16 0.922467366024
17306.25 0.884988428752
17506.65 0.856923632122
17709.37 0.822168282709
17914.44 0.790610188608
18080.19 0.755025921151
18289.55 0.732763550829
18501.34 0.707836801079
18715.58 0.677581292476
18888.74 0.657568842558
19107.47 0.644069320129
19284.28 0.620800406467
19507.56 0.596939408489
19688.07 0.57670196653
19916.05 0.557121738164
20100.32 0.546949729597
20286.31 0.527168192563
20521.22 0.518742832731
20711.09 0.504603859239
20902.74 0.490849740553
21096.16 0.481891504835
21291.34 0.469842588982
21488.36 0.459143625373
21687.17 0.443559966147
21887.85 0.434459630193
22090.39 0.421646925571
22294.77 0.409213154912
22501.07 0.39897601707
22709.26 0.388105349008
22919.39 0.347494285699
23078.25 0.343515479088
23291.8 0.299878864919
23507.33 0.283105116216
23724.82 0.286385263332
23889.29 0.262997932808
24110.32 0.25465546478
24277.46 0.251162167309
24502.08 0.23385554272
24671.93 0.23011949068
24900.2 0.193617492531
25072.82 0.190526812396
25304.83 0.191847160423
25480.22 0.190088670001
25715.99 0.193173429293
25894.24 0.189650527607
26073.74 0.18878016366
26314.98 0.18405533081
26497.4 0.181533051619
26681.06 0.178217379444
26927.95 0.174966836543
27114.59 0.171769581231
27302.56 0.168246679544
27491.8 0.165558616744
27682.35 0.161419947368
27874.25 0.159199631179
28132.18 0.155937246592
28327.17 0.153089321026
28523.51 0.149607865242
28721.24 0.146534947636
28920.31 0.143864647366
29120.79 0.140910146624
29322.64 0.138020775156
29525.91 0.135190612121
29730.56 0.132721620519
29867.81 0.130003953503
30074.83 0.127629695392
30283.28 0.125296883182
30493.21 0.12329563819
30704.57 0.121323997415
30917.42 0.119387881698
31131.71 0.117475449354
31275.44 0.115864980011
31492.21 0.113751238999
31710.49 0.111673023046
31930.31 0.110139524665
32077.69 0.10813235883
32300.06 0.106403472624
32523.94 0.104698269791
32674.05 0.103028592017
32900.55 0.101376676772
33128.59 0.0997602865862
33281.53 0.0974866828086
33512.21 0.0957104298573
33666.89 0.0937447099246
33900.27 0.0920335862482
34135.24 0.0901448372767
34292.83 0.0884988428752
34530.52 0.0868883735327
34689.89 0.0851061997383
34930.37 0.0835490179843
35091.59 0.0820273612894
35334.86 0.0803458418289
35497.94 0.0788774727225
35661.78 0.0772610825369
35909.0 0.0758519218622
36074.73 0.0744664445602
36324.78 0.0729388670221
36492.47 0.0714408936999
36660.9 0.0701383082023
36915.0 0.0685396805462
37085.42 0.0671364407147
37342.47 0.0660588472576
37514.86 0.0645608739353
37688.01 0.0635247263804
37861.96 0.0622221408828
38124.43 0.061085338994
38300.39 0.0601083998708
38477.16 0.0590130438842
38743.9 0.057670196653
38922.72 0.0566174707373
39102.36 0.0557121738164
39282.88 0.0545694510845
39464.19 0.0534504117252
39737.72 0.0524746567706
39921.17 0.051280422703
40105.43 0.0504603859239
40290.53 0.0496533749997
40476.54 0.0486349899743
40663.36 0.047747455583
40945.2 0.0469842588982
41134.22 0.0462329038998
41324.08 0.045389183748
41514.81 0.0446632883752
41706.46 0.0438479882706
41898.95 0.0430474902739
42092.34 0.0422617943851
42286.61 0.0416821438387
42481.84 0.0409213154912
42677.91 0.0403600195586
42874.89 0.0386323175214
43072.82 0.0368933658821
43271.62 0.0368086978248
43471.34 0.035233161457
43672.03 0.0344308872073
43873.59 0.0319311072206
44076.09 0.0314355326472
44279.52 0.0309375897365
44483.94 0.0304378705729
44689.25 0.0299351909877
44895.51 0.0294733652203
45102.78 0.0290109473687
45310.95 0.0285455690955
45520.08 0.0280790066536
45730.22 0.0276367196687
45941.29 0.0272068664545
46047.19 0.0269907556788
46259.72 0.0265573499587
46473.27 0.0261221679856
46687.77 0.0257177743971
46903.26 0.0253169333144
47119.79 0.0249137238944
47337.27 0.0245087382216
47446.38 0.0243080216381
47665.37 0.0239361926869
47885.42 0.0235619953985
48106.43 0.0231860218572
48328.47 0.0228088641472
48551.58 0.0224547977256
48663.49 0.0222813170207
48888.1 0.0219325793579
49113.74 0.0215820654422
49340.47 0.0212297752735
49454.21 0.0210675441706
49682.46 0.0207442661335
49911.77 0.0204186197591
50142.19 0.0200917892161
50257.77 0.0199277818602
50489.73 0.0196181217624
50722.77 0.0193161587607
50839.74 0.0191645851755
50956.93 0.019012419506
51074.39 0.0188602538365
51192.12 0.018708088167
51310.12 0.0185547383289
51428.4 0.0184114539242
51547.0 0.018271129941
51665.82 0.0181302138736
51784.91 0.0179892978061
51904.28 0.0178477896543
52023.92 0.0177062815025
52143.84 0.0175641812664
52264.03 0.0174220810303
52384.56 0.0172811649629
52505.31 0.0171503143288
52626.34 0.0170194636947
52747.65 0.0168880209763
52869.24 0.0167565782579
52991.1 0.0166245434552
53113.31 0.0164925086525
53235.74 0.0163598817655
53358.45 0.0162272548784
53481.45 0.0160999567503
53604.73 0.0159779873809
53728.29 0.0158560180116
53852.14 0.015733456558
53976.33 0.01561030302
54100.75 0.0154877415664
54225.45 0.0153639959441
54350.45 0.0152402503219
54475.73 0.0151165046996
54601.3 0.0150022324264
54727.16 0.0148885522375
54853.37 0.0147742799643
54979.81 0.0146600076911
55106.54 0.0145457354179
55233.57 0.0144302789761
55360.88 0.0143154146186
55488.5 0.0141999581767
55616.46 0.0140874621565
55744.66 0.0139814790637
55873.16 0.013875495971
56001.95 0.0137689207939
56131.04 0.0136623456168
56260.42 0.0135551783554
56390.11 0.013448011094
56520.15 0.0133402517483
56650.44 0.0132324924026
56781.02 0.0131318380687
56911.9 0.0130323679034
57043.09 0.0129334898225
57174.58 0.0128340196572
57306.43 0.0127345494919
57438.53 0.0126344872423
57570.93 0.0125344249928
57703.63 0.0124337706589
57836.64 0.0123343004936
57969.96 0.0122425274244
58103.59 0.012150162271
58237.58 0.0120572050332
58371.82 0.0119642477954
58506.37 0.0118712905576
58641.24 0.0117783333198
58776.41 0.0116847839977
58911.89 0.0115906425913
59047.69 0.0115012378594
59183.86 0.0114153856335
59320.28 0.0113289413232
59457.02 0.0112424970129
59594.08 0.0111554606183
59731.44 0.0110684242237
59869.13 0.010981387829
60007.2 0.0108943514344
60145.52 0.0108067229555
60284.16 0.0107261994884
60423.12 0.0106456760212
60562.4 0.0105651525541
60702.0 0.0104840370027
60841.92 0.0104029214512
60982.23 0.0103218058998
61122.8 0.0102406903484
61263.69 0.0101589827126
61404.91 0.0100796434141
61546.45 0.0100044487058
61688.32 0.00992984608189
61830.58 0.0098540592893
61973.11 0.00977886458103
62115.96 0.00970307778844
62259.14 0.00962729099586
62402.65 0.00955091211895
62546.5 0.00947512532637
62690.67 0.009403483124
62835.25 0.00933361717458
62980.09 0.00926315914085
63125.26 0.00919270110711
63270.77 0.00912224307338
63416.61 0.00905178503965
63562.79 0.0089807349216
63709.38 0.00890968480355
63856.23 0.00883922676981
64003.43 0.00877409749493
64150.96 0.00870837613574
64298.83 0.00864265477654
64447.04 0.00857693341734
64595.6 0.00851121205815
64744.57 0.00844489861463
64893.81 0.00837917725544
65043.39 0.0083122717276
65193.32 0.00824891870568
65343.6 0.00818793402102
65494.22 0.00812694933636
65645.19 0.00806537256738
65796.57 0.0080037957984
65948.24 0.00794221902942
66100.26 0.00788064226045
66252.63 0.00781847340715
66405.34 0.00775689663818
66558.41 0.00769946445942
66711.9 0.00764262436498
66865.68 0.00758519218622
67019.82 0.00752776000746
67174.3 0.0074703278287
67329.14 0.00741289564995
67484.33 0.00735487138687
67639.89 0.00729743920811
67795.88 0.00724059911367
67952.16 0.00718790360945
68108.79 0.0071340239366
68265.79 0.00708073634806
68423.15 0.00702744875952
68580.87 0.00697356908667
68739.02 0.00691968941381
68897.48 0.00686580974096
69056.29 0.00681133798379
69215.46 0.00676101081683
69375.01 0.00671068364988
69534.93 0.00666094856724
69695.21 0.00661121348461
69855.94 0.00656088631766
70016.96 0.0065105591507
70178.35 0.00646023198375
70340.12 0.0064099048168
70502.26 0.00636016973416
70664.77 0.00631339507311
70827.74 0.00626662041206
70991.0 0.00622043783533
71154.64 0.00617366317428
71318.66 0.00612688851323
71483.05 0.00607952176786
71647.82 0.00603274710681
71812.98 0.00598538036145
71978.59 0.00594038195335
72144.51 0.00589674533918
72310.81 0.00585322714187
72477.48 0.00580953131927
72644.55 0.00576583549667
72812.0 0.00572196204877
72979.84 0.00567802939245
73148.14 0.00563397831925
73316.76 0.0055898088292
73485.76 0.00554907342818
73655.15 0.0055083972356
73824.93 0.00546766183458
73995.1 0.00542686722514
74165.74 0.00538595419883
74336.7 0.00534492275565
74508.05 0.00530377289561
74679.8 0.00526262303558
74851.94 0.00522247971888
75024.48 0.00518452711415
75197.42 0.005146515301
75370.83 0.00510838507098
75544.57 0.00507019563252
75718.7 0.00503188777721
75893.25 0.00499352071346
76068.18 0.00495503523285
76243.53 0.00491649054381
76419.35 0.0048802549836
76595.51 0.00484472992458
76772.06 0.00480914565712
76949.03 0.00477350218123
77126.41 0.00473774028848
77304.18 0.00470191918729
77482.38 0.00466603887768
77661.06 0.00462998094277
77840.08 0.00459433746688
78019.51 0.00456118074512
78199.35 0.00452796481493
78379.6 0.00449468967631
78560.27 0.00446129612083
78741.36 0.00442784335691
78922.95 0.00439427217614
79104.87 0.00436064178692
79287.21 0.00432695218928
79469.98 0.00429474280243
79653.16 0.00426371758422
79836.77 0.00423257394914
80020.88 0.00420143031406
80205.34 0.00417016826212
80390.22 0.00413884700174
80575.52 0.00410746653294
80761.26 0.00407596764727
80947.42 0.0040444687616
81134.0 0.0040153382132
81321.12 0.00398626687323
81508.57 0.00395713632483
81696.45 0.003927946568
81884.76 0.00389869760273
82073.51 0.00386938942904
82262.7 0.00383996283848
82452.41 0.00381047703949
82642.47 0.00378182015854
82832.97 0.00375470269682
83023.9 0.00372746681823
83215.28 0.00370023093964
83407.09 0.00367287664419
83599.36 0.00364546314031
83792.15 0.003617990428
83985.3 0.00359051771569
84178.88 0.00356292658651
84372.92 0.00353693408499
84567.41 0.00351153366779
84762.35 0.00348607404215
84957.82 0.00346049599965
85153.66 0.00343491795716
85349.94 0.00340928070623
85546.68 0.00338352503843
85743.87 0.00335776937064
85941.51 0.00333225053657
86139.62 0.00330850795546
86338.27 0.00328464695748
86537.29 0.0032607859595
86736.76 0.00323686575309
86936.69 0.00321294554668
87137.09 0.00318890692341
87337.94 0.0031648090917
87539.27 0.00314065205156
87741.15 0.0031175607632
87943.39 0.00309529839287
88146.12 0.00307297681412
88349.3 0.00305059602693
88552.95 0.00302821523975
88757.07 0.00300577524413
88961.76 0.00298321683165
89166.82 0.00296065841917
89372.35 0.00293804079826
89578.37 0.00291714022186
89784.85 0.0028962988539
89991.81 0.00287539827751
90199.24 0.00285443849268
90407.27 0.00283341949943
90615.66 0.00281240050617
90824.54 0.00279132230448
91033.89 0.00277018489436
91243.73 0.00274958036013
91454.05 0.00273010078609
91664.96 0.0027105027952
91876.25 0.00269096401274
92088.04 0.00267130681341
92300.31 0.00265164961408
92513.07 0.00263193320632
92726.31 0.00261215759013
92940.05 0.00259232276551
93154.39 0.00257367210952
93369.12 0.00255543591255
93584.34 0.00253708129872
93800.06 0.00251872668489
94016.28 0.00250037207106
94232.99 0.00248189904037
94450.31 0.00246342600968
94668.02 0.00244489377055
94886.23 0.00242653915672
95104.96 0.00240948712839
95324.18 0.0023923166832
95543.91 0.002375146238
95764.15 0.0023579757928
95984.99 0.00234068693075
96206.25 0.00232339806869
96428.01 0.00230610920663
96650.28 0.00228876113614
96873.07 0.00227212356683
97096.37 0.00225607808183
97320.18 0.00224003259684
97544.62 0.00222392790342
97769.47 0.00220776400156
97994.83 0.0021916000997
98220.71 0.00217543619785
98447.12 0.00215915387913
98674.05 0.00214287156041
98901.61 0.00212783261875
99129.59 0.0021127936771
99358.08 0.00209775473544
99587.11 0.00208265658536
99816.67 0.00206755843527
100046.75 0.00205234186832
100277.37 0.00203718450981
100508.63 0.00202190873443
100740.3 0.0020071066265
100972.52 0.00199301501975
101205.26 0.00197898262144
101438.55 0.00196483180626
101672.37 0.00195068099108
101906.85 0.00193647096747
102141.75 0.00192226094386
102377.19 0.00190805092025
102613.18 0.00189372247978
102849.71 0.00188028216578
103086.79 0.00186707868551
103324.41 0.00185387520524
103562.69 0.00184061251653
103801.41 0.00182734982783
104040.68 0.00181408713913
104280.5 0.00180070603356
104520.88 0.00178738413643
104761.81 0.00177412144772
105003.29 0.0017617468855
105245.44 0.00174937232327
105488.05 0.00173699776104
105731.2 0.00172456399038
105974.92 0.00171213021972
106219.2 0.00169963724063
106464.04 0.00168714426154
106709.57 0.00167459207402
106955.54 0.00166257276238
107202.08 0.0016510271182
107449.19 0.00163942226559
107696.86 0.00162775820454
107945.12 0.00161609414349
108193.94 0.00160443008245
108443.45 0.00159270681297
108693.42 0.00158098354349
108943.97 0.00156920106558
109195.09 0.00155830671414
109446.79 0.00154747157114
109699.07 0.00153657721971
109952.06 0.00152562365984
110205.5 0.00151472930841
110459.53 0.00150371654011
110714.15 0.00149276298024
110969.36 0.00148175021195
111225.15 0.00147097427737
111481.53 0.00146084963555
111738.63 0.00145060657687
111996.2 0.00144042272661
112254.35 0.00143017966793
112513.11 0.00141987740081
112772.45 0.00140963434212
113032.41 0.00139927286658
113293.08 0.00138897059946
113554.23 0.00137920120823
113815.98 0.00136966865072
114078.33 0.00136007688478
114341.28 0.00135048511885
114604.86 0.00134089335291
114869.03 0.00133124237854
115133.94 0.00132159140417
115399.33 0.00131188122137
115665.33 0.00130228945544
115931.95 0.00129334898225
116199.18 0.00128440850906
116467.03 0.00127540882744
116735.49 0.00126640914582
117004.7 0.00125735025577
117274.41 0.00124835057415
117544.73 0.00123923247567
117815.68 0.00123017358561
118087.25 0.00122146994615
118359.45 0.00121306234885
118632.41 0.00120465475155
118905.87 0.00119618794581
119179.95 0.00118772114008
119454.67 0.00117925433434
119730.02 0.00117078752861
120006.01 0.00116226151444
120282.63 0.00115373550028
120560.03 0.00114580157043
120837.92 0.00113792684901
121116.46 0.00112999291916
121395.65 0.00112211819775
121675.47 0.00111412505947
121955.94 0.00110619112962
122237.19 0.00109819799134
122518.96 0.00109020485305
122801.37 0.00108238934007
123084.43 0.00107504749454
123368.16 0.00106758723214
123652.53 0.00106018617818
123937.55 0.00105272591578
124223.38 0.00104526565339
124509.72 0.00103780539099
124796.73 0.0010303451286
125084.39 0.00102282565777
125372.72 0.00101572064597
125661.71 0.00100879325946
125951.51 0.00100180666451
126241.84 0.000994820069572
126532.83 0.00098783347463
126824.5 0.000980846879689
127116.84 0.000973801076315
127409.85 0.000966755272942
127703.54 0.000959827886432
127998.05 0.000953314958944
128293.09 0.000946742823024
128588.82 0.000940229895536
128885.22 0.000933657759617
129182.31 0.000927085623697
129480.09 0.000920513487777
129778.55 0.000913941351858
130077.84 0.000907310007506
130377.68 0.000900974705313
130678.21 0.000894876236847
130979.43 0.00088871855995
131281.35 0.000882560883052
131583.95 0.000876403206154
131887.41 0.000870245529257
132191.42 0.000864087852359
132496.14 0.000857870967029
132801.55 0.0008516540817
133107.67 0.000845851655393
133414.49 0.000840108437517
133722.01 0.000834365219641
134030.4 0.000828622001765
134339.36 0.000822819575458
134649.01 0.00081701714915
134959.4 0.000811214722843
135270.48 0.000805353088104
135582.28 0.00079966907866
135894.97 0.000794281111374
136208.22 0.000788893144089
136522.18 0.000783445968371
136836.88 0.000778058001086
137152.29 0.000772610825369
137468.45 0.000767163649651
137785.32 0.000761657265503
138103.07 0.000756210089785
138421.4 0.000751058956227
138740.49 0.0007459670311
139060.28 0.000740875105973
139380.83 0.000735783180846
139702.11 0.000730691255719
140024.13 0.000725599330592
140347.06 0.000720448197033
140670.56 0.000715297063475
140994.83 0.000710205138348
141319.82 0.000705468463811
141645.58 0.000700672580842
141972.09 0.000695935906306
142299.5 0.000691140023337
142627.49 0.000686344140369
142956.27 0.0006815482574
143285.8 0.000676693166
143616.08 0.000671897283032
143947.12 0.000667219816927
144278.93 0.000662779184549
144611.66 0.000658279343739
144945.0 0.000653779502929
145279.11 0.000649279662119
145613.99 0.000644779821309
145949.64 0.000640279980499
146286.06 0.000635720931258
146623.43 0.000631161882016
146961.4 0.000626958083365
147300.15 0.000622754284714
147639.7 0.000618550486062
147980.02 0.000614346687411
148321.12 0.000610083680328
148663.02 0.000605820673245
149005.85 0.000601616874594
149349.33 0.000597353867511
149693.59 0.000593150068859
150038.64 0.000589218628994
150384.49 0.000585263505756
150731.13 0.000581302461674
151078.75 0.000577323655063
151427.0 0.000573344848453
151776.05 0.000569348279312
152125.9 0.000565351710172
152476.55 0.000561337378502
152828.03 0.000557553959716
153180.31 0.000553841591048
153533.56 0.000550117380693
153887.47 0.000546387249496
154242.2 0.000542645276612
154597.74 0.000538897382884
154954.09 0.000535143568314
155311.27 0.000531377912057
155669.28 0.00052764778086
156028.28 0.000524160404232
156387.93 0.000520667106761
156748.42 0.000517161967604
157109.73 0.000513656828447
157471.89 0.00051013392676
157834.87 0.000506611025074
158198.86 0.000503076281701
158563.52 0.000499529696641
158929.02 0.000496131132661
159295.36 0.000492850985544
159662.55 0.000489564917585
160030.58 0.000486267007938
160399.47 0.000482963177449
160769.37 0.000479653426116
161139.96 0.000476331833098
161511.4 0.000473004319236
161883.69 0.00046967088453
162256.85 0.000466574283552
162630.86 0.00046348952426
163005.91 0.000460392923282
163381.65 0.00045729040146
163758.26 0.000454181958795
164135.73 0.000451061674444
164514.08 0.000447941390093
164893.29 0.000444809264056
165273.39 0.00044175410898
165654.54 0.000438852895826
166036.38 0.000435945761829
166419.1 0.000433032706989
166802.72 0.000430107810463
167187.2 0.000427182913936
167572.59 0.000424252096567
167959.03 0.000421309437511
168346.19 0.000418360857612
168734.24 0.000415572140478
169123.19 0.000412842631776
169513.03 0.000410107202231
169903.77 0.000407365851843
170295.41 0.000404612659769
170688.14 0.000401853546851
171081.59 0.000399094433933
171475.94 0.000396323479329
171871.2 0.000393582128941
172267.39 0.000391012483005
172664.48 0.000388442837069
173062.47 0.00038586727029
173461.58 0.000383279861824
173861.42 0.000380692453358
174262.2 0.000378093203206
174663.87 0.000375493953054
175066.49 0.000372888782059
175470.03 0.000370384265398
175874.7 0.000367962640541
176280.1 0.000365541015684
176686.44 0.000363113469984
177093.71 0.000360680003441
177501.92 0.000358240616054
177911.08 0.000355795307825
178321.18 0.000353349999595
178732.41 0.000350892849679
179144.41 0.000348607404215
179557.35 0.000346333800438
179971.25 0.000344048354974
180386.09 0.00034176290951
180801.9 0.000339471543203
181218.85 0.000337174256052
181636.58 0.000334871048059
182055.26 0.000332561919222
182474.91 0.000330306077974
182895.53 0.000328168653589
183317.11 0.000326025308362
183739.67 0.000323876042291
184163.41 0.000321720855376
184587.92 0.000319559747619
185013.4 0.000317392719018
185439.87 0.000315225690418
185867.33 0.000313052740974
186295.76 0.000310992287551
186725.18 0.000308979200873
187155.8 0.000306960193351
187587.22 0.000304929344144
188019.61 0.000302904415779
188453.02 0.000300867645728
188887.4 0.000298824954835
189322.82 0.000296782263941
189759.41 0.000294757335576
190196.83 0.000292856744918
190635.25 0.00029095615426
191074.68 0.000289055563603
191515.12 0.000287143131258
191956.57 0.000285230698914
192399.05 0.000283312345727
192842.76 0.000281393992539
193287.27 0.000279463797666
193732.81 0.000277616494596
194179.37 0.000275828399959
194626.97 0.000274034384478
195075.61 0.000272240368997
195525.48 0.000270440432673
195976.19 0.000268634575506
196427.92 0.000266828718339
196880.7 0.000265016940329
197334.52 0.000263205162318
197789.39 0.000261511801172
198245.31 0.000259830281711
198702.49 0.000258136920564
199160.51 0.000256449480261
199619.6 0.00025475019827
200079.74 0.00025305091628
200540.93 0.000251345713447
201003.2 0.000249640510614
201466.75 0.00024797083284
201931.14 0.00024638404687
202396.6 0.0002447972609
202863.15 0.000243204554087
203330.76 0.000241611847274
203799.45 0.000240013219618
204269.22 0.000238408671119
204740.3 0.000236798201776
205212.24 0.000235187732434
205685.28 0.000233666075739
206159.39 0.00023217402326
206634.61 0.000230676049938
207110.91 0.000229172155772
207588.32 0.000227668261607
208067.06 0.000226158446598
208546.66 0.00022464863159
209027.37 0.000223132895738
209509.2 0.000221629001573
209992.12 0.000220225761741
210476.18 0.000218816601066
210961.57 0.000217401519549
211447.85 0.000215986438031
211935.25 0.00021456543567
212423.78 0.000213144433309
212913.43 0.000211717510104
213404.21 0.0002102905869
213896.12 0.000208916951285
214389.41 0.000207590682414
214883.59 0.000206258492701
215378.91 0.000204926302987
215875.37 0.000203594113274
216372.98 0.000202256002717
216871.74 0.000200911971318
217371.89 0.000199567939918
217872.93 0.000198217987675
218375.15 0.000196962768923
218878.51 0.000195713471014
219383.05 0.000194458252261
219888.75 0.000193203033509
220395.6 0.000191941893914
220903.87 0.000190680754318
221413.07 0.00018941369388
221923.45 0.000188146633441
222434.99 0.000186903256375
222947.72 0.000185725008584
223461.64 0.000184546760793
223976.97 0.000183362592159
224493.25 0.000182178423525
225010.73 0.000180988334048
225529.39 0.00017979824457
226049.25 0.00017860223425
226570.31 0.000177406223929
227092.58 0.00017626942204
227616.29 0.000175156303524
228140.96 0.000174043185008
228666.84 0.000172930066492
229193.93 0.000171811027133
229722.24 0.00017068606693
230251.77 0.000169561106728
230782.52 0.000168436146525
231314.75 0.000167317107166
231847.95 0.000166269117925
232382.37 0.000165221128684
232918.02 0.000164167218599
233454.91 0.000163113308515
233993.05 0.00016205939843
234532.67 0.000160999567503
235073.29 0.000159939736575
235615.16 0.000158873984804
236158.26 0.000157849678936
236702.62 0.000156860898126
237248.24 0.000155872117317
237795.12 0.000154877415664
238343.5 0.000153882714011
238892.91 0.000152888012359
239443.56 0.000151887389863
239995.51 0.000150880846524
240548.72 0.000149880224028
241103.2 0.000148944730807
241659.22 0.000148009237586
242216.26 0.000147073744365
242774.58 0.000146138251144
243334.2 0.00014519683708
243895.11 0.000144255423015
244457.29 0.000143314008951
245020.78 0.000142366674044
245585.85 0.000141443022509
246151.94 0.000140560816877
246719.34 0.000139684532087
247288.04 0.000138796405612
247858.05 0.000137914199979
248429.39 0.000137026073504
249002.04 0.000136137947028
249576.27 0.000135243899709
250151.57 0.000134349852391
255978.2 0.000126036988579
261940.84 0.000118262921495
268042.07 0.000110980284395
274285.72 0.000104159473062
280674.48 9.77649624376e-05
287212.4 9.17789899919e-05
293902.26 8.62015557249e-05
300748.29 8.09912137345e-05
307753.43 7.61005972754e-05
314922.11 7.15178646611e-05
322257.73 6.7219332519e-05
329763.89 6.31813174765e-05
337445.26 5.94156612198e-05
345305.18 0.000127043531918
