100.09 8.82841517534e-10
101.95 1.33626597106e-09
104.08 1.84030220449e-09
106.02 2.56974225204e-09
107.99 3.64650638257e-09
110.0 5.76613486156e-09
114.13 1.01362330837e-08
117.87 1.66297264272e-08
120.89 7.02885218263e-08
125.14 1.04682923525e-07
126.88 1.23565696872e-07
128.05 1.36421842295e-07
131.03 1.70956006253e-07
131.94 2.1031741988e-07
134.09 2.42036514216e-07
136.89 3.43468230571e-07
140.08 4.17720647968e-07
143.02 1.32704760927e-06
147.02 3.96171488254e-06
151.14 4.80712786875e-06
155.02 5.85980531202e-06
159.0 7.14304092224e-06
161.95 8.20126920702e-06
166.11 9.9746639469e-06
169.98 1.17727401071e-05
173.14 1.33933875833e-05
177.17 1.56632852717e-05
180.05 1.75337206158e-05
182.13 1.89184573279e-05
185.95 2.18217456813e-05
191.16 2.59343245063e-05
193.81 2.8899068605e-05
197.87 3.27251843592e-05
202.02 3.72292957549e-05
204.83 4.08204919667e-05
210.08 4.5069859386e-05
215.97 5.57036857621e-05
219.98 6.2356765799e-05
223.04 6.66626328551e-05
227.19 7.44526441796e-05
229.82 0.000119362916872
234.09 0.000213241523889
240.1 0.000283717386616
246.26 0.00029099295388
251.99 0.000331801551186
257.27 0.000298456853265
260.25 0.000354718596843
263.87 0.00038804347033
268.77 0.00040914658028
273.77 0.000429417064004
278.86 0.00045069859386
284.04 0.000471930562631
289.99 0.000474111250367
296.06 0.000509190586259
300.88 0.000525872847436
307.88 0.000560892710026
317.97 0.000616430861764
327.63 0.000657477352278
338.37 0.000694836498076
347.85 0.000729261627647
356.77 0.000761872821511
365.92 0.000797774871412
375.31 0.000825816533248
384.93 0.000829622824569
394.81 0.000884873522015
404.94 0.000920200663331
414.37 0.000941630876442
422.07 0.00095253431512
429.92 0.000968017198042
440.95 0.00099746639469
451.22 0.00100896456639
459.61 0.00101828205035
470.31 0.0010348354527
480.16 0.00105654320789
490.21 0.00105168622157
500.48 0.00107864745176
506.27 0.00107121328902
512.14 0.00113732777628
520.46 0.00114783472627
530.13 0.00114783472627
539.99 0.00113207430128
550.03 0.00115844079844
560.26 0.00120473085174
569.36 0.00124993056117
579.94 0.00123565696872
589.37 0.0012878943522
600.32 0.001276098814
610.08 0.00120750627249
619.99 0.00137997884794
630.07 0.00140247958049
640.3 0.00142190752577
650.71 0.00147186509935
658.24 0.00149932194038
664.33 0.00154481901632
675.13 0.00155195581255
684.52 0.00152013759604
695.64 0.00172135560073
705.32 0.00166683840734
716.78 0.00183603995119
726.75 0.00188312298185
735.17 0.00192703410307
745.39 0.00206957178324
755.76 0.00216215188983
764.52 0.00216710799832
775.15 0.00238170749594
784.13 0.0024881647063
795.03 0.00258748512044
804.24 0.00269077042137
815.43 0.00277254621145
824.87 0.00299140796237
834.42 0.00251116104969
844.08 0.0031252228916
855.83 0.00319797856423
865.74 0.00342675253213
875.76 0.00366335715144
885.9 0.00397995336178
894.1 0.00419643618062
904.45 0.00413884619997
914.93 0.00671245421663
925.52 0.0493043584798
934.08 0.10886587909
944.9 0.215223967285
955.84 0.324248441847
964.69 0.331038310478
975.86 0.0449657811077
984.89 0.230082380538
994.0 0.284371592937
1005.51 0.489643694374
1014.81 0.497603204609
1024.2 0.222271553558
1036.06 0.309657658453
1045.65 0.701259614679
1055.32 0.694836498076
1065.09 0.496453387439
1074.94 0.633697943743
1084.89 0.455912419992
1094.93 0.691644764208
1105.06 0.666626328551
1115.29 0.619275668038
1125.61 0.544349219886
1136.02 0.774253180519
1143.89 0.690048897274
1154.48 0.765391658539
1165.16 0.790459655281
1175.94 0.497603204609
1184.09 0.774253180519
1195.05 0.459074417208
1206.11 0.290318923125
1214.47 0.248241562045
1225.71 0.530739745973
1234.2 0.891009184325
1245.62 0.992807652709
1254.26 0.922321877765
1265.86 0.758373808917
1274.64 1.07616939751
1286.43 1.15576449986
1295.35 0.816360278249
1304.33 0.803305888487
1316.39 1.11651212062
1325.52 1.06140019421
1334.71 0.880809513053
1343.96 1.16111709703
1356.39 1.12166647345
1365.8 0.959135851628
1375.26 1.03959331685
1384.8 1.05654320789
1394.4 0.909663976681
1404.06 0.950343715167
1413.79 0.959135851628
1423.59 1.01828205035
1433.46 1.00430582441
1443.4 1.08360356025
1446.73 1.11403406637
1453.4 1.07121328902
1463.48 0.961346276015
1473.62 0.970247446863
1483.84 1.00896456639
1494.12 1.03959331685
1504.48 0.968017198042
1511.42 0.827719678908
1518.4 0.915968146681
1525.41 0.872731056214
1535.98 0.72757655076
1546.63 0.850904354424
1553.77 0.797774871412
1564.54 0.805159473062
1575.38 0.868726520554
1586.3 0.93947001314
1593.62 0.959135851628
1604.67 0.948163027431
1615.79 0.961346276015
1623.25 0.89306101324
1634.5 0.974727768938
1645.83 0.995087462614
1653.43 0.901327802201
1664.89 1.00896456639
1672.58 0.858774654707
1676.43 1.01362330837
1684.17 1.0886587909
1695.84 1.00896456639
1703.67 0.959135851628
1715.48 0.891009184325
1723.4 0.88895735541
1735.35 0.970247446863
1743.36 0.945982339696
1755.44 1.03721438478
1763.54 0.924443092198
1775.77 0.954734827289
1783.96 0.981477988701
1796.33 1.07616939751
1804.62 1.07121328902
1812.95 0.963566612618
1825.52 0.995087462614
1833.94 0.945982339696
1846.66 0.854829592348
1855.18 0.850904354424
1863.74 0.88895735541
1876.66 0.99746639469
1885.32 0.901327802201
1894.03 0.862739541498
1907.16 0.926574218849
1915.96 0.882841517534
1924.8 0.872731056214
1933.69 0.905490933333
1947.09 0.948163027431
1956.08 0.882841517534
1965.11 0.995087462614
1974.18 1.03007758855
1983.29 0.963566612618
1997.04 0.930856296584
2006.25 0.970247446863
2015.52 0.922321877765
2024.82 0.983737974172
2034.16 0.920200663331
2043.55 0.972477695683
2052.99 0.924443092198
2067.22 0.922321877765
2071.98 1.00668475648
2076.76 0.948163027431
2086.35 0.99746639469
2095.98 0.935148286537
2105.65 0.937309149838
2115.37 0.950343715167
2125.13 0.968017198042
2134.94 0.882841517534
2144.8 0.918079448897
2154.7 0.963566612618
2164.64 0.928715257717
2174.63 0.920200663331
2184.67 0.899256148853
2194.75 0.95253431512
2204.89 0.922321877765
2215.06 0.866724252724
2225.29 0.833448940323
2235.56 0.905490933333
2245.88 0.858774654707
2256.24 0.810740051222
2266.66 0.839227762822
2277.12 0.868726520554
2287.63 0.899256148853
2292.91 0.843162912963
2303.49 0.83969363702
2314.12 0.789458521366
2324.8 0.576157524175
2335.53 0.717376879488
2346.31 0.69656122383
2357.14 0.769445755283
2362.58 0.690693191378
2373.48 0.716960566375
2384.44 0.658736203835
2395.44 0.716028817979
2406.5 0.680999043172
2417.61 0.706909578357
2423.18 0.761159141888
2434.37 0.727269272034
2445.6 0.78146927448
2456.89 0.769366457548
2462.56 0.762507203397
2473.92 0.730242937128
2485.34 0.75455760538
2496.81 0.709437193687
2502.57 0.803573518345
2514.12 0.697037010245
2519.92 0.723383682978
2525.73 0.684666563454
2537.38 0.702597763971
2543.23 0.685201823171
2554.97 0.753447437078
2566.77 0.724900252176
2572.68 0.780537526084
2584.56 0.76670007118
2596.49 0.753110421701
2602.47 0.722729476657
2614.48 0.711558408121
2626.55 0.754121467832
2632.61 0.793522530328
2644.76 0.876586908619
2656.97 0.912082557625
2663.09 0.794612874195
2675.38 0.846037455887
2687.73 0.844560535557
2693.93 0.797536978205
2706.36 0.833667009096
2712.6 0.776453692688
2725.12 0.771537233066
2737.7 0.821484894428
2744.01 0.688205224916
2756.68 0.709516491423
2763.03 0.744883281607
2775.79 0.787654497876
2782.19 0.733593266467
2795.03 0.576375592949
2807.93 0.626551235301
2814.4 0.778178418443
2827.39 0.836234273294
2833.91 0.80066923877
2846.99 0.772161702736
2853.55 0.732542571467
2866.73 0.837701281407
2873.33 0.853521179707
2886.6 0.840367667775
2893.25 0.840615473199
2913.31 0.941848945215
2926.75 0.895856258428
2947.04 0.878271985506
2967.47 0.903686909843
2988.04 0.9086826672
3008.75 0.924294408944
3029.61 0.927277986255
3050.61 0.928130436915
3071.75 0.939747555215
3093.04 0.949332669035
3107.32 0.958709626298
3128.86 0.942106662857
3150.55 0.947350225639
3172.39 0.954824037242
3187.03 0.893725131778
3209.12 0.941065880074
3231.37 0.881136616213
3246.28 0.964547922099
3268.78 1.01570487393
3291.44 1.00499967959
3306.63 0.998754982897
3321.9 0.985720417568
3329.55 1.0420713711
3337.23 1.00936105507
3344.92 0.995880439973
3352.63 0.969018331957
3360.36 1.01035227676
3368.11 1.00609002346
3375.87 0.901089908994
3383.65 0.922391263284
3391.46 1.02343640318
3399.27 1.04762221261
3407.11 0.996177806482
3414.96 1.00579265695
3422.84 1.070618556
3430.73 1.03701614044
3438.64 1.05178534374
3446.56 0.901773851965
3454.51 1.02155308195
3462.47 0.931956552669
3470.45 0.998953227237
3478.45 0.911368878002
3486.47 0.972398397947
3494.51 0.954982632714
3502.56 1.02363464752
3510.64 1.00995578808
3518.73 0.98049667922
3526.84 0.960721806345
3534.97 1.03453808619
3543.12 1.09371402156
3551.29 1.09153333383
3559.48 1.06467122581
3567.68 1.03840385082
3575.91 0.940837899083
3584.15 0.880373375506
3592.41 0.922193018944
3600.69 1.0738895876
3608.99 0.982042985069
3617.31 1.02393201403
3625.65 1.06278790459
3627.3 1.20562295127
3630.04 1.05198358808
3632.78 1.11879193052
3635.52 1.25250773758
3638.25 0.872552636309
3640.99 1.32000993522
3643.73 1.04088190506
3646.47 0.533782796586
3649.21 1.24725426258
3651.95 0.96825509125
3654.69 1.27322427107
3657.43 0.768821285614
3660.17 0.870471070743
3662.91 0.922817488614
3665.65 0.556561071206
3668.39 1.06873523478
3671.13 1.31198103946
3673.87 0.82525153688
3676.61 1.10907795788
3679.35 1.19015989278
3682.09 1.15774694325
3684.83 0.786484856272
3687.57 1.00470231308
3690.31 1.33230108427
3693.05 1.21751761164
3695.79 1.37591483898
3698.53 1.24745250692
3701.27 0.848267704708
3704.01 1.10560868194
3706.75 0.963477402665
3709.49 0.768722163444
3712.23 1.02373376969
3714.97 1.1529890791
3717.71 1.32684936493
3720.45 1.81938742666
3723.19 3.0123227402
3725.93 3.53013695523
3728.67 3.05147599727
3731.41 2.46080698744
3734.15 1.62451324084
3736.89 1.18847481589
3739.63 1.15318732344
3742.37 0.899652637532
3745.11 1.29265221635
3747.85 1.32030730173
3750.59 1.20225279749
3753.33 1.14357247297
3756.07 1.09183070034
3758.81 1.01322681969
3761.55 1.37958235927
3764.29 1.13009185788
3767.03 1.24933582815
3769.77 1.34984570833
3772.51 1.25369720362
3775.24 1.16468549514
3777.98 0.831387199191
3780.72 1.50883766868
3783.46 1.52707614793
3786.2 1.41675317294
3788.94 1.62372026348
3791.68 1.52281389463
3794.42 1.50536839274
3797.16 1.16617232769
3799.9 1.36084826917
3802.64 1.78063065827
3805.38 1.61341155782
3808.12 1.48217380501
3810.86 1.91246314411
3813.6 1.67070417197
3816.34 1.73344850545
3819.08 1.51805603048
3821.82 1.1759854225
3824.56 1.25240861541
3827.3 1.10650078147
3830.04 1.57187936868
3832.78 0.840466789945
3835.52 1.15477327816
3838.26 0.995087462614
3841.0 1.42587241256
3843.74 1.37938411493
3846.48 1.54987424698
3849.22 1.24150517674
3851.96 1.52112881774
3854.7 1.26113136636
3857.44 1.55958821962
3860.18 1.60240899697
3862.92 1.5780249432
3865.66 1.54809004792
3868.4 1.5652381833
3871.14 1.68636547479
3873.88 1.60885193801
3876.62 1.56157066302
3879.36 1.52985156868
3882.1 1.45977219463
3884.84 1.19987386542
3887.58 1.47900189557
3890.32 1.30018550126
3893.06 1.37611308332
3895.8 1.19491775693
3898.54 1.45679852954
3901.28 1.56583291632
3904.02 1.41764527247
3906.76 1.58902750405
3909.49 1.57832230971
3912.23 1.59923708754
3914.97 1.32675024276
3917.71 1.46799933473
3920.45 1.63948068848
3923.19 1.74782122007
3925.93 1.48673342482
3928.67 1.23595433523
3931.41 1.31723451446
3934.15 1.22237459796
3936.89 1.23099822674
3939.63 1.3059345871
3942.37 1.49634827529
3945.11 1.41348214134
3947.85 1.62550446254
3950.59 1.70638815309
3953.33 1.59180292481
3956.07 1.44966173331
3958.81 1.30157321163
3961.55 1.28601103098
3964.29 1.2225728423
3967.03 0.926970707528
3969.77 1.01421804139
3972.51 1.08201760553
3975.25 1.23030437155
3977.99 1.54353042811
3980.73 1.72363541064
3983.47 1.65335779225
3986.21 1.53480767717
3988.95 1.6558358465
3991.69 1.7149126597
3994.43 1.70460395404
3997.17 1.74643350969
3999.91 1.63274038093
4002.65 1.80114894742
4005.39 1.83623819553
4008.13 1.8806449276
4010.87 1.96539438278
4013.61 1.99067053608
4016.35 2.01009848136
4019.09 1.95290498938
4021.83 1.96985488042
4024.57 1.99364420117
4027.31 1.89571149741
4030.05 1.96380842806
4032.79 1.94338926108
4035.53 1.93080074552
4038.27 1.61023964839
4041.01 1.65276305923
4043.75 1.9039386375
4046.48 1.96856629221
4049.22 1.83554434034
4051.96 1.88312298185
4054.7 1.83881537195
4057.44 1.84961968845
4060.18 1.98492145023
4062.92 1.99750996579
4065.66 1.80828574365
4068.4 1.7857850111
4071.14 1.79718406063
4073.88 1.84069869317
4076.62 1.65950336678
4079.36 1.81175501959
4082.1 1.69994521206
4084.84 1.56613028283
4087.58 1.75178610686
4090.32 1.80729452195
4093.06 1.67427257008
4095.8 1.5124060668
4098.54 1.42626890124
4101.28 1.53956554132
4104.02 1.61182560311
4106.76 1.56573379415
4109.5 1.4618537602
4112.24 1.73255640592
4114.98 1.9873003823
4117.72 1.9377392974
4120.46 1.73325026111
4123.2 1.57207761302
4125.94 1.74405457762
4128.68 1.96123125165
4131.42 1.72393277715
4134.16 1.75535450497
4136.9 1.84020308232
4139.64 1.81879269365
4142.38 1.661386688
4145.12 1.70519868706
4147.86 2.06431830824
4150.6 2.03071589268
4153.34 1.74643350969
4156.08 1.66574806348
4158.82 1.87340900921
4161.56 1.94160506203
4164.3 1.73979232432
4167.04 1.81542253987
4169.78 1.72125647856
4172.52 1.75277732856
4175.26 1.74494667715
4178.0 1.66396386442
4180.73 1.79916650403
4183.47 1.88877294552
4186.21 1.83177769789
4188.95 1.80560944506
4191.69 1.70678464177
4194.43 1.69082597244
4197.17 1.83247155308
4199.91 1.72066174554
4202.65 1.86835377855
4205.39 1.81462956251
4208.13 1.81125940874
4210.87 1.6623779097
4213.61 1.72056262337
4216.35 1.82900227714
4219.09 1.95290498938
4221.83 1.72413102149
4224.57 1.60984315971
4227.31 1.82384792431
4230.05 1.57515040028
4232.79 1.83286804176
4235.53 1.81799971629
4238.27 1.75703958186
4241.01 1.7319616729
4243.75 1.70163028894
4246.49 1.69845837951
4249.23 1.91513944269
4251.97 1.60250811914
4254.71 1.70658639743
4257.45 1.86181171534
4260.19 1.78142363563
4262.93 1.85298984223
4265.67 1.72502312102
4268.41 1.56969868094
4271.15 1.83445399647
4273.89 1.69845837951
4276.63 1.61866503282
4279.37 1.63313686961
4282.11 1.71649861441
4284.85 1.75902202526
4287.59 1.68299532102
4290.33 1.69885486819
4293.07 1.830092621
4295.81 1.34954834182
4298.55 1.60211163046
4301.29 1.37720342719
4304.03 1.5800073866
4306.77 1.31961344654
4309.51 1.54085412953
4312.25 1.69300666017
4314.99 1.77161054082
4317.72 1.76021149129
4320.46 1.80214016912
4323.2 1.71134426158
4325.94 1.69082597244
4328.68 1.60637388377
4331.42 1.6042923182
4334.16 1.76288778988
4336.9 1.81234975261
4339.64 1.59219941348
4342.38 1.51290167765
4345.12 1.56603116066
4347.86 1.82265845827
4350.6 1.68557249744
4353.34 1.75545362714
4356.08 1.81314272997
4358.82 1.92019467335
4361.56 1.79847264884
4364.3 1.80739364412
4367.04 1.88034756109
4369.78 1.86141522666
4372.52 1.65930512244
4375.26 1.68190497715
4378.0 1.74990278564
4380.74 1.6791295564
4383.48 1.69607944743
4386.22 1.69508822574
4388.96 1.740188813
4391.7 2.07779892333
4394.44 1.91315699929
4397.18 1.851106521
4399.92 1.66852348423
4402.66 1.7257169762
4405.4 1.7529755729
4408.14 1.86151434883
4410.88 1.76209481252
4413.62 1.814332196
4416.36 1.88242912666
4419.1 1.85953190543
4421.84 1.72423014366
4424.58 1.84099605968
4427.32 1.89670271911
4430.06 1.96797155919
4432.8 1.88540279175
4435.54 1.88847557901
4438.28 1.8954141309
4441.02 1.8806449276
4443.76 1.82741632242
4446.5 1.72839327479
4449.24 1.83544521817
4451.98 1.96549350495
4454.71 1.94418223844
4457.45 1.83990571581
4460.19 1.893134321
4462.93 1.73612480403
4465.67 1.87578794128
4468.41 1.94854361391
4471.15 1.95399533325
4473.89 1.85626087383
4476.63 1.85120564317
4479.37 1.86032488279
4482.11 2.00256519645
4484.85 1.98630916061
4487.59 1.82741632242
4490.33 1.9216815059
4493.07 1.86746167902
4495.81 1.88857470118
4498.55 1.95191376769
4501.29 2.04330440824
4504.03 2.06223674267
4506.77 2.07680770163
4509.51 2.02387646296
4512.25 2.04399826343
4514.99 2.01485634551
4517.73 1.91305787712
4520.47 1.99612225542
4523.21 1.93327879976
4525.95 1.8225593361
4528.69 1.70420746536
4531.43 1.76933073092
4534.17 1.9174192526
4536.91 2.00018626438
4539.65 1.96787243702
4542.39 1.95211201203
4545.13 1.97015224693
4547.87 1.93793754174
4550.61 1.93654983137
4553.35 1.89105275543
4556.09 1.91276051062
4558.83 1.98958019221
4561.57 2.00325905164
4564.31 2.01019760353
4567.05 2.04042986532
4569.79 2.07224808182
4572.53 2.04548509598
4575.27 2.0641200639
4578.01 2.00048363089
4580.75 1.89531500873
4583.49 1.88252824883
4586.23 2.00068187523
4588.97 2.01327039079
4591.7 1.9797670974
4594.44 1.94933659127
4597.18 1.95082342382
4599.92 1.94894010259
4602.66 1.94794888089
4605.4 1.98789511532
4608.14 2.02040718702
4610.88 2.05965956626
4613.62 2.13558714832
4616.36 2.15451948276
4619.1 1.99205824645
4621.84 2.00543973938
4624.58 2.0663998738
4627.32 1.99899679834
4630.06 2.11526710352
4632.8 2.05272101437
4635.54 2.11496973701
4638.28 1.99998802004
4641.02 1.81116028657
4643.76 1.87876160637
4646.5 1.93337792193
4649.24 1.86884938939
4651.98 1.86855202289
4654.72 1.93605422052
4657.46 2.02248875258
4660.2 1.92604288137
4662.94 1.85130476534
4665.68 1.86082049364
4668.42 1.91067894505
4671.16 1.86617309081
4673.9 1.8806449276
4676.64 1.87786950685
4679.38 1.89353080967
4682.12 1.94834536957
4684.86 2.0903874389
4687.6 1.94636292618
4690.34 1.89511676439
4693.08 2.08860323984
4695.82 2.00781867145
4698.56 1.89372905401
4701.3 1.88550191392
4704.04 1.99810469881
4706.78 1.97818114268
4709.52 1.95419357759
4712.26 1.9640066724
4715.0 1.96351106155
4717.74 1.97570308844
4720.48 1.96816980353
4723.22 2.05381135824
4725.96 1.9016588276
4728.69 1.73384499413
4731.43 1.95112079033
4734.17 2.05896571107
4736.91 2.00563798372
4739.65 2.10327332097
4742.39 1.93060250118
4745.13 1.86538011345
4747.87 1.95627514316
4750.61 2.03904215494
4753.35 2.13350558276
4756.09 2.07948400022
4758.83 1.76655531016
4761.57 1.98353373985
4764.31 1.83465224081
4767.05 1.92406043797
4769.79 2.05638853465
4772.53 2.08652167427
4775.27 2.14668883134
4778.01 2.11824076861
4780.75 1.93674807571
4783.49 1.92782708043
4786.23 1.82464090166
4788.97 1.85269247572
4791.71 1.9807583191
4794.45 1.90443424835
4797.19 1.92772795826
4799.93 1.95568041014
4802.67 1.87519320826
4805.41 1.97391888938
4808.15 1.9016588276
4810.89 2.12161092238
4813.63 2.10951801767
4816.37 2.06094815447
4819.11 1.97907324221
4821.85 2.03250009173
4824.59 2.1537265054
4827.33 2.14639146483
4830.07 2.05936219975
4832.81 1.95696899835
4835.55 1.91593242005
4838.29 1.98799423749
4841.03 1.94180330637
4843.77 1.89095363326
4846.51 1.91523856486
4849.25 1.89174661062
4851.99 1.87350813138
4854.73 2.08186293229
4857.47 2.40044158603
4860.21 2.34790683603
4862.95 2.24016103746
4865.68 2.06471479692
4868.42 1.70103555592
4871.16 1.76278866771
4873.9 1.80888047667
4876.64 1.80640242242
4879.38 1.83385926346
4882.12 1.85774770638
4884.86 1.81621551723
4887.6 1.75535450497
4890.34 1.83841888327
4893.08 1.81641376157
4895.82 1.81215150827
4898.56 1.83485048515
4901.3 1.91355348797
4904.04 1.86538011345
4906.78 1.91573417571
4909.52 1.9669803375
4912.26 2.01465810117
4915.0 1.88996241156
4917.74 1.94130769552
4920.48 1.72135560073
4923.22 1.95577953231
4925.96 1.86270381487
4928.7 1.97114346863
4931.44 1.86101873798
4934.18 2.11824076861
4936.92 1.94537170448
4939.66 2.04370089692
4942.4 1.93615334269
4945.14 2.0608490323
4947.88 2.09306373748
4950.62 1.97044961344
4953.36 2.29933697283
4956.1 2.33056045632
4958.84 2.30885270113
4961.58 2.18286842332
4964.32 2.188518387
4967.06 1.92931391297
4969.8 1.99195912429
4972.54 1.96955751391
4975.28 1.99542840023
4978.02 1.79549898374
4980.76 1.98065919693
4983.5 1.94229891722
4986.24 1.90988596769
4988.98 1.87499496392
4991.72 1.99939328702
4994.46 1.94745327005
4997.2 2.17830880351
4999.94 2.40410910631
5002.67 2.74370166004
5005.41 2.69741160675
5008.15 2.52483990913
5010.89 2.2761423851
5013.63 1.91890608514
5016.37 1.95835670872
5019.11 1.88768260166
5021.85 1.71996789036
5024.59 1.76427550026
5027.33 1.91077806722
5030.07 1.92485341533
5032.81 1.87628355213
5035.55 1.67238924885
5038.29 1.82008128185
5041.03 1.81938742666
5043.77 1.87390462005
5046.51 1.91791486345
5049.25 1.90909299033
5051.99 1.8944229092
5054.73 1.88659225779
5057.47 1.94269540589
5060.21 1.99344595683
5062.95 1.82959701015
5065.69 1.91831135212
5068.43 1.9682689257
5071.17 1.96450228325
5073.91 1.82602861204
5076.65 1.87499496392
5079.39 1.82830842195
5082.13 2.00157397476
5084.87 1.95954617476
5087.61 2.0293281823
5090.35 1.85854068374
5093.09 1.840599571
5095.83 1.70500044272
5098.57 1.94725502571
5101.31 1.81651288374
5104.05 1.85130476534
5106.79 1.80035597006
5109.53 1.82186548091
5112.27 1.8258303677
5115.01 1.87132744364
5117.75 1.94626380401
5120.49 1.835346096
5123.23 1.88996241156
5125.97 1.97798289834
5128.71 1.79946387054
5131.45 1.90453337052
5134.19 1.80699715544
5136.93 1.79777879365
5139.66 1.91246314411
5142.4 1.83197594223
5145.14 1.75059664082
5147.88 1.83078647619
5150.62 1.89729745213
5153.36 1.87330988704
5156.1 1.91127367807
5158.84 1.76477111111
5161.58 1.86448801392
5164.32 1.93427002146
5167.06 1.68071551112
5169.8 1.59556956726
5172.54 1.77547630544
5175.28 1.67129890498
5178.02 1.67883218989
5180.76 1.61212296961
5183.5 1.54699970406
5186.24 1.77012370827
5188.98 1.77676489365
5191.72 1.9577619757
5194.46 1.76090534648
5197.2 1.85398106392
5199.94 1.79490425072
5202.68 1.96004178561
5205.42 1.59368624603
5208.16 1.76784389837
5210.9 1.81462956251
5213.64 1.88203263798
5216.38 1.87321076487
5219.12 1.75515626063
5221.86 1.77914382573
5224.6 1.78469466723
5227.34 1.84991705496
5230.08 1.82533475685
5232.82 1.82364967997
5235.56 1.99086878042
5238.3 1.88570015826
5241.04 1.98650740495
5243.78 1.89789218515
5246.52 1.90195619411
5249.26 1.97213469033
5252.0 1.96321369504
5254.74 1.77904470356
5257.48 1.89729745213
5260.22 1.68319356536
5262.96 1.90116321675
5265.7 1.72750117526
5268.44 1.62748690593
5271.18 1.73602568186
5273.92 1.92703410307
5276.65 1.8268215894
5279.39 1.79371478469
5282.13 1.88123966062
5284.87 1.85358457525
5287.61 1.84337499176
5290.35 1.92306921627
5293.09 2.08830587333
5295.83 1.98561530542
5298.57 1.89719832996
5301.31 1.9522111342
5304.05 2.05222540352
5306.79 2.004052029
5309.53 2.08671991861
5312.27 1.90810176864
5315.01 1.97491011108
5317.75 2.13281172757
5320.49 1.99295034598
5323.23 1.81601727289
5325.97 1.76467198894
5328.71 1.80422173469
5331.45 1.93417089929
5334.19 1.87172393232
5336.93 1.89561237524
5339.67 1.77963943658
5342.41 1.95905056391
5345.15 1.89680184128
5347.89 1.96331281721
5350.63 1.93169284505
5353.37 2.16859483087
5356.11 2.23143828652
5358.85 2.07581647994
5361.59 2.01376600164
5364.33 1.97461274457
5367.07 1.79886913752
5369.81 1.84773636723
5372.55 1.91662627524
5375.29 2.03388780211
5378.03 1.88639401345
5380.77 2.12151180021
5383.51 1.96896278089
5386.25 1.94428136061
5388.99 1.91831135212
5391.73 1.9482462474
5394.47 1.88351947052
5397.21 1.85883805024
5399.95 1.94735414788
5402.69 1.91930257382
5405.43 1.89888340684
5408.17 1.81334097431
5410.91 1.79074111959
5413.64 1.78816394318
5416.38 2.02645363938
5419.12 1.9154368092
5421.86 1.9282235691
5424.6 2.03190535871
5427.34 1.88005019458
5430.08 1.88441157005
5432.82 1.96856629221
5435.56 1.85745033987
5438.3 1.90146058326
5441.04 1.83266979742
5443.78 2.09772247946
5446.52 1.88034756109
5449.26 1.98670564929
5452.0 1.75614748233
5454.74 1.85090827666
5457.48 1.92316833844
5460.22 1.9144455875
5462.96 2.01614493372
5465.7 1.90324478231
5468.44 2.04191669786
5471.18 2.02090279787
5473.92 2.02813871626
5476.66 1.92891742429
5479.4 1.92287097194
5482.14 2.00117748608
5484.88 1.95835670872
5487.62 1.97302678985
5490.36 1.96866541438
5493.1 2.05143242616
5495.84 1.99790645447
5498.58 1.8944229092
5501.32 1.85863980591
5504.06 1.95260762287
5506.8 1.81780147195
5509.54 2.15085196247
5512.28 1.98482232806
5515.02 2.03735707805
5517.76 1.87529233043
5520.5 1.99562664457
5523.24 1.9850205724
5525.98 1.80422173469
5528.72 1.91464383184
5531.46 1.9206902842
5534.2 1.89838779599
5536.94 2.04429562994
5539.68 2.04717017286
5542.42 1.99532927806
5545.16 2.03636585636
5547.89 1.8911518776
5550.63 2.06897705022
5553.37 2.08295327616
5556.11 1.99146351344
5558.85 1.98214602948
5561.59 1.89888340684
5564.33 1.94775063655
5567.07 1.88867382335
5569.81 1.95300411155
5572.55 1.90631756958
5575.29 1.93010689033
5578.03 1.86765992336
5580.77 1.80620417808
5583.51 1.8491240776
5586.25 1.79698581629
5588.99 1.92842181344
5591.73 1.82761456676
5594.47 1.90046936156
5597.21 1.82146899223
5599.95 1.85913541675
5602.69 1.93010689033
5605.43 1.84971881062
5608.17 1.9439839941
5610.91 2.04270967522
5613.65 1.96717858184
5616.39 1.90750703562
5619.13 1.98561530542
5621.87 1.92951215731
5624.61 1.96797155919
5627.35 1.89709920779
5630.09 1.9196990625
5632.83 1.92435780448
5635.57 2.12081794502
5638.31 1.99314859032
5641.05 2.05321662522
5643.79 1.90314566015
5646.53 1.72700556441
5649.27 1.89194485496
5652.01 1.97074697995
5654.75 2.0546043356
5657.49 2.0788892672
5660.23 1.99830294315
5662.97 1.89828867382
5665.71 2.03022028183
5668.45 1.95052605731
5671.19 1.92624112571
5673.93 1.82037864836
5676.67 1.89154836628
5679.41 1.92415956014
5682.15 2.0273457389
5684.88 2.06848143937
5687.62 2.01218004692
5690.36 1.97183732382
5693.1 1.91295875496
5695.84 1.92653849222
5698.58 1.92148326156
5701.32 1.88014931675
5704.06 1.88837645684
5706.8 1.95498655495
5709.54 1.91989730684
5712.28 1.9026500493
5715.02 1.94081208467
5717.76 2.02466944032
5720.5 2.06114639881
5723.24 1.99404068985
5725.98 1.97798289834
5728.72 2.00315992947
5731.46 2.06174113182
5734.2 2.04855788324
5736.94 1.98016358608
5739.68 2.06709372899
5742.42 2.06620162946
5745.16 1.97600045495
5747.9 1.91613066439
5750.64 1.92078940637
5753.38 1.88807909034
5756.12 1.86101873798
5758.86 1.96787243702
5761.6 2.04033074315
5764.34 2.03725795588
5767.08 1.90651581392
5769.82 1.98363286202
5772.56 2.03834829975
5775.3 1.92098765071
5778.04 1.87172393232
5780.78 1.86032488279
5783.52 1.94140681769
5786.26 2.01247741343
5789.0 1.92752971392
5791.74 1.85913541675
5794.48 2.00167309693
5797.22 2.03805093324
5799.96 1.91176928892
5802.7 1.87727477383
5805.44 1.89154836628
5808.18 1.8635959144
5810.92 2.04895437192
5813.66 2.04944998277
5816.4 2.05956044409
5819.14 2.02476856249
5821.87 2.02942730447
5824.61 1.92544814835
5827.35 1.93228757807
5830.09 2.02615627287
5832.83 1.99949240919
5835.57 1.93863139693
5838.31 1.99641962193
5841.05 2.07958312239
5843.79 1.94487609363
5846.53 1.9873003823
5849.27 1.9544909441
5852.01 1.90007287288
5854.75 1.89630623043
5857.49 1.84020308232
5860.23 1.91385085448
5862.97 1.98323637334
5865.71 2.00018626438
5868.45 1.90671405826
5871.19 1.8320750644
5873.93 1.49535705359
5876.67 1.71084865073
5879.41 1.83673380638
5882.15 1.82315406912
5884.89 1.68874440687
5887.63 1.79579635025
5890.37 1.62312553046
5893.11 1.54006115217
5895.85 1.67119978281
5898.59 1.76715004318
5901.33 1.91067894505
5904.07 2.02744486107
5906.81 2.09811896814
5909.55 1.87786950685
5912.29 1.93436914363
5915.03 1.86349679223
5917.77 2.06709372899
5920.51 1.99344595683
5923.25 1.90086585024
5925.99 1.87093095496
5928.73 1.88401508137
5931.47 2.01009848136
5934.21 1.92425868231
5936.95 1.98432671721
5939.69 1.95042693514
5942.43 1.87747301817
5945.17 1.74098179035
5947.91 2.00058275306
5950.65 1.92415956014
5953.39 1.87806775119
5956.13 1.99166175778
5958.86 2.11655569172
5961.6 1.95924880825
5964.34 1.94666029269
5967.08 1.78608237761
5969.82 1.96529526061
5972.56 1.86964236675
5975.3 1.94110945118
5978.04 1.92534902618
5980.78 1.93050337901
5983.52 1.88708786864
5986.26 1.78102714695
5989.0 1.8816361493
5991.74 1.99701435494
5994.48 2.02982379315
5997.22 2.00910725966
5999.96 1.86091961581
6002.7 1.9174192526
6005.44 2.04003337664
6008.18 1.98363286202
6010.92 1.87043534411
6013.66 1.82811017761
6016.4 1.92534902618
6019.14 1.89878428467
6021.88 1.92951215731
6024.62 1.94556994882
6027.36 1.8363373177
6030.1 2.00048363089
6032.84 1.92653849222
6035.58 1.893134321
6038.32 2.06768846201
6041.06 1.89809042949
6043.8 1.99106702476
6046.54 1.98958019221
6049.28 1.83554434034
6052.02 1.85298984223
6054.76 1.94794888089
6057.5 1.93228757807
6060.24 1.87519320826
6062.98 1.81859444931
6065.72 1.85764858421
6068.46 1.95756373136
6071.2 2.07413140305
6073.94 1.86329854789
6076.68 1.95934793042
6079.42 1.79936474837
6082.16 1.97044961344
6084.9 1.70500044272
6087.64 1.9492374691
6090.38 1.87301252053
6093.12 1.89908165118
6095.85 1.81264711912
6098.59 2.0313106257
6101.33 1.88153702713
6104.07 1.91375173231
6106.81 1.76952897526
6109.55 1.84724075638
6112.29 1.85784682855
6115.03 1.85873892808
6117.77 1.95052605731
6120.51 1.91880696297
6123.25 1.83475136298
6125.99 1.83356189695
6128.73 1.89283695449
6131.47 1.98938194787
6134.21 1.78717272148
6136.95 1.77537718327
6139.69 1.76596057714
6142.43 1.82949788798
6145.17 1.83613907336
6147.91 1.75565187148
6150.65 1.78598325544
6153.39 1.87668004081
6156.13 1.75446240545
6158.87 1.82166723657
6161.61 1.85645911817
6164.35 1.83851800544
6167.09 1.73463797149
6169.83 1.64017454367
6172.57 1.77577367195
6175.31 1.92614200354
6178.05 1.88411420354
6180.79 1.80342875733
6183.53 1.85973014977
6186.27 1.85943278326
6189.01 1.8753914526
6191.75 1.87449935307
6194.49 1.82761456676
6197.23 1.80570856723
6199.97 1.86805641204
6202.71 2.05678502333
6205.45 1.96152861816
6208.19 2.06600338513
6210.93 2.01188268041
6213.67 1.62986583801
6216.41 1.73087132903
6219.15 1.82047777053
6221.89 1.87558969694
6224.63 1.85269247572
6227.37 1.85269247572
6230.11 1.9154368092
6232.84 1.78548764459
6235.58 1.73017747385
6238.32 1.52895946915
6241.06 1.65078061584
6243.8 1.77190790733
6246.54 1.89085451109
6249.28 1.76189656818
6252.02 1.76308603422
6254.76 1.77438596158
6257.5 1.76962809743
6260.24 1.81591815072
6262.98 1.7867762328
6265.72 1.85705385119
6268.46 1.83970747147
6271.2 1.87489584175
6273.94 1.77280000686
6276.68 1.75109225167
6279.42 1.75079488516
6282.16 1.80610505591
6284.9 1.75684133752
6287.64 1.84595216817
6290.38 1.51696568661
6293.12 2.13439768229
6295.86 1.94963395778
6298.6 2.05083769315
6301.34 2.00365554032
6304.08 1.92554727052
6306.82 1.79430951771
6309.56 1.65880951159
6312.3 1.89194485496
6315.04 1.88401508137
6317.78 1.86012663845
6320.52 1.86369503656
6323.26 1.84654690119
6326.0 1.88560103609
6328.74 1.72155384507
6331.48 1.86121698232
6334.22 1.8996763842
6336.96 1.84872758893
6339.7 1.87925721722
6342.44 1.90899386816
6345.18 1.85080915449
6347.92 1.83019174317
6350.66 1.85973014977
6353.4 1.84099605968
6356.14 1.88411420354
6358.88 1.83613907336
6361.62 1.70371185451
6364.36 1.87430110873
6367.1 1.84595216817
6369.83 1.88252824883
6372.57 1.83029086534
6375.31 1.77646752714
6378.05 2.01287390211
6380.79 1.8130436078
6383.53 1.9640066724
6386.27 1.90720966911
6389.01 1.90344302665
6391.75 1.68636547479
6394.49 1.79034463091
6397.23 1.8058076894
6399.97 1.8626046927
6402.71 1.84168991487
6405.45 1.8973965743
6408.19 1.82136987006
6410.93 1.84010396015
6413.67 1.8691467559
6416.41 1.83980659364
6419.15 1.98323637334
6421.89 1.88718699081
6424.63 1.80273490214
6427.37 1.87846423987
6430.11 1.90939035684
6432.85 1.88084317194
6435.59 1.92019467335
6438.33 1.8868896243
6441.07 1.78281134601
6443.81 1.67129890498
6446.55 1.67030768329
6449.29 1.89918077335
6452.03 1.90027111722
6454.77 1.80828574365
6457.51 1.8606222493
6460.25 1.8501152993
6462.99 1.92078940637
6465.73 1.88976416722
6468.47 1.88807909034
6471.21 2.00543973938
6473.95 1.73543094884
6476.69 1.99572576674
6479.43 1.85229598704
6482.17 1.9374419309
6484.91 1.81234975261
6487.65 1.84327586959
6490.39 1.83078647619
6493.13 1.83653556204
6495.87 1.6906277281
6498.61 1.94388487193
6501.35 1.75565187148
6504.09 1.77765699318
6506.82 1.96549350495
6509.56 1.78974989789
6512.3 1.95379708891
6515.04 1.89789218515
6517.78 1.99622137759
6520.52 1.95786109787
6523.26 1.98690389363
6526.0 2.0568841455
6528.74 1.71848105781
6531.48 1.97431537806
6534.22 1.98868809268
6536.96 1.9039386375
6539.7 2.08434098654
6542.44 2.13628100351
6545.18 2.31836842943
6547.92 2.35018664594
6550.66 2.74142185014
6553.4 2.94749684115
6556.14 3.87448737311
6558.88 4.47467211125
6561.62 4.667167365
6564.36 4.37782975135
6567.1 3.61795919767
6569.84 2.69295110911
6572.58 2.19109556341
6575.32 2.48301035347
6578.06 2.77908827466
6580.8 2.9923000619
6583.54 3.00994380812
6586.28 2.7139650091
6589.02 2.47458496904
6591.76 2.13182050587
6594.5 2.13459592663
6597.24 1.83336365261
6599.98 1.89412554269
6602.72 1.76179744601
6605.46 2.00573710589
6608.2 1.82949788798
6610.94 1.88104141628
6613.68 1.74980366347
6616.42 1.77785523752
6619.16 1.89075538892
6621.9 1.90205531628
6624.64 1.90086585024
6627.38 1.94794888089
6630.12 1.81690937242
6632.86 1.86141522666
6635.6 1.91008421203
6638.34 1.86032488279
6641.08 1.9840293507
6643.81 1.95459006627
6646.55 1.83078647619
6649.29 1.8077901328
6652.03 1.88748435732
6654.77 1.93575685401
6657.51 1.89729745213
6660.25 1.94150593986
6662.99 1.89392729835
6665.73 1.84218552572
6668.47 1.82652422289
6671.21 1.70956006253
6673.95 1.83980659364
6676.69 1.89184573279
6679.43 1.86716431251
6682.17 1.77597191629
6684.91 1.71045216206
6687.65 1.8806449276
6690.39 1.86865114505
6693.13 1.9712425908
6695.87 1.82444265732
6698.61 1.84317674742
6701.35 1.92653849222
6704.09 1.88807909034
6706.83 1.92485341533
6709.57 2.17305532851
6712.31 2.50699791856
6715.05 2.56756156431
6717.79 2.54307838837
6720.53 2.41164239122
6723.27 2.36535233792
6726.01 2.23530405114
6728.75 2.40628979405
6731.49 2.41977040914
6734.23 2.39300742329
6736.97 1.95518479929
6739.71 1.75366942809
6742.45 1.82176635874
6745.19 1.82364967997
6747.93 1.79212882997
6750.67 1.68696020781
6753.41 1.88758347949
6756.15 1.80362700167
6758.89 1.8415907927
6761.63 1.84833110025
6764.37 1.81819796063
6767.11 1.85388194175
6769.85 1.60538266207
6772.59 1.71739071394
6775.33 1.76021149129
6778.07 1.7677447762
6780.8 1.81750410544
6783.54 1.86280293704
6786.28 1.82573124553
6789.02 1.83336365261
6791.76 1.88114053845
6794.5 1.70549605357
6797.24 1.68259883234
6799.98 1.88817821251
6802.72 1.99869943183
6813.75 1.82701983374
6829.46 1.84803373374
6845.2 1.81413395167
6860.98 1.8015454361
6876.8 1.80560944506
6892.65 1.76031061346
6908.54 1.79698581629
6924.46 1.79272356299
6940.42 1.84704251204
6956.43 1.87697740732
6972.46 1.86815553421
6988.53 1.84238377006
7004.64 1.85933366109
7020.79 1.84634865685
7036.98 1.86329854789
7053.2 1.92862005778
7069.46 1.77507981676
7085.75 1.8373285394
7102.09 1.72641083139
7118.46 1.71045216206
7134.87 1.67526379178
7151.32 1.70628903092
7167.81 1.71402056017
7184.33 1.69429524838
7200.89 1.65177183753
7217.49 1.73344850545
7234.13 1.77785523752
7250.8 1.7372151479
7267.52 1.74910980828
7284.27 1.76923160875
7301.06 1.74484755498
7317.89 1.78945253139
7334.77 1.81423307384
7351.67 1.82662334506
7368.62 1.81809883846
7385.6 1.91682451958
7402.63 1.8816361493
7419.7 1.86002751628
7436.8 1.8944229092
7453.95 1.84268113657
7471.13 1.83822063893
7488.35 1.88530366958
7505.61 1.88074404977
7522.92 1.9111745559
7540.26 1.89789218515
7557.64 1.92415956014
7575.06 1.89759481864
7592.52 1.89303519883
7610.02 1.8583424394
7627.57 1.79510249506
7645.15 1.81571990638
7662.77 1.81562078421
7680.44 1.75783255922
7698.15 1.76992546393
7715.89 1.75347118375
7733.68 1.74534316582
7751.51 1.73711602573
7769.37 1.74504579932
7787.28 1.71302933847
7805.24 1.7129302163
7823.23 1.78935340922
7841.26 1.70083731158
7859.34 1.74831683092
7877.46 1.76437462243
7895.62 1.78459554507
7913.82 1.75188522903
7932.06 1.71976964602
7950.35 1.67665150215
7968.68 1.73543094884
7987.05 1.73523270451
8005.46 1.71521002621
8023.91 1.79589547242
8042.41 1.81651288374
8060.95 1.80808749931
8079.53 1.73443972715
8098.16 1.76655531016
8116.82 1.78687535497
8135.53 1.80323051299
8154.29 1.77022283044
8173.09 1.6748673031
8191.93 1.65940424461
8210.81 1.73344850545
8229.74 1.72532048753
8248.71 1.81899093799
8267.73 1.77735962667
8286.79 1.75287645073
8305.89 1.73662041488
8325.04 1.75654397101
8344.23 1.70073818942
8363.46 1.74821770875
8382.74 1.73602568186
8402.07 1.76407725592
8421.44 1.69231280498
8440.85 1.75971588045
8460.31 1.69974696772
8479.81 1.66475684178
8499.36 1.72710468658
8518.95 1.70321624366
8538.59 1.68359005404
8558.27 1.58198983
8578.0 1.7066855196
8597.78 1.69479085923
8617.6 1.68299532102
8637.46 1.70618990875
8657.37 1.62550446254
8677.33 1.56652677151
8697.33 1.52370599415
8717.38 1.67447081442
8737.48 1.66654104083
8757.62 1.63224477008
8777.81 1.67784096819
8798.05 1.70886620734
8818.33 1.62054835405
8838.65 1.692907538
8859.03 1.67328134838
8879.45 1.59418185688
8899.92 1.62738778376
8920.43 1.63095618188
8941.0 1.61965625452
8961.61 1.62322465263
8982.27 1.55354176726
9002.98 1.49724037482
9023.73 1.4798939951
9044.53 1.69508822574
9065.38 1.72650995356
9086.28 1.67536291395
9107.23 1.65226744838
9128.22 1.4723607102
9149.26 1.5885318932
9170.35 1.6328395031
9191.49 1.61767381112
9212.68 1.62124220924
9233.92 1.5199393517
9255.2 1.54442252764
9276.54 1.6971697913
9297.93 1.53698836491
9319.36 1.65821477857
9340.84 1.66564894131
9362.38 1.63511931301
9383.96 1.66148581017
9405.59 1.62728866159
9427.28 1.68428390923
9449.01 1.66099019933
9470.79 1.70737937479
9492.62 1.70718113045
9514.5 1.65662882385
9536.44 1.66416210876
9558.42 1.60746422763
9580.46 1.66376562008
9602.54 1.67516466961
9624.67 1.68656371913
9646.86 1.66327000923
9669.1 1.66307176489
9691.39 1.68606810828
9713.73 1.65127622669
9736.12 1.62847812763
9758.57 1.62461236301
9781.07 1.63938156631
9803.61 1.66208054319
9826.21 1.64285084225
9848.86 1.65791741206
9871.57 1.6463201182
9894.32 1.64612187386
9917.13 1.63462370216
9940.0 1.65335779225
9962.91 1.66465771961
9985.87 1.66059371065
10031.96 1.67179451583
10078.28 1.64850080593
10124.79 1.70995655121
10171.52 1.70172941111
10218.48 1.7329528946
10265.64 1.75267820639
10289.31 1.75644484884
10504.75 1.68735669649
10700.06 1.59547044509
10898.99 1.56989692528
11101.61 1.45838448426
11308.0 1.47533437529
11491.74 1.50269209416
11705.4 1.47533437529
11895.6 1.37046311964
12088.88 1.38959369842
12313.63 1.38642178898
12513.71 1.33012039654
12687.79 1.30583546493
12893.95 1.2908680173
13103.46 1.2731251489
13285.75 1.22713246211
13501.63 1.19095287014
13689.45 1.17192141354
13911.89 1.11145688996
14105.42 1.03959331685
14301.65 1.03007758855
14500.61 1.04920816732
14702.33 1.00430582441
14906.87 1.0348354527
15114.24 1.05406515364
15289.24 1.08608161449
15501.94 1.07616939751
15717.59 1.05168622157
15899.6 1.00668475648
16083.71 1.0020260145
16307.46 1.0020260145
16496.28 0.99746639469
16687.3 1.00896456639
16919.45 1.01362330837
17115.37 1.00668475648
17313.54 0.974727768938
17514.03 0.93947001314
17716.84 0.891009184325
17880.77 0.845046234189
18087.81 0.794107351129
18297.26 0.772468981462
18509.14 0.742821540475
18680.39 0.701259614679
18896.7 0.686876987841
19115.52 0.683724902841
19292.4 0.668162722183
19515.78 0.643996737186
19696.37 0.617848308793
19878.62 0.598251855823
20108.79 0.592760487616
20294.86 0.576613486156
20482.66 0.575285249081
20719.82 0.567385212148
20911.55 0.560892710026
21105.05 0.557036857621
21300.32 0.548125774556
21497.41 0.541851341207
21696.31 0.527082137907
21897.08 0.518656753474
22099.7 0.505691573665
22304.17 0.493043584798
22510.56 0.482923211262
22718.83 0.47085013098
22876.32 0.421576500373
23087.98 0.415797677874
23301.62 0.363818012031
23517.24 0.33953308043
23680.24 0.344251295713
23899.36 0.316873752414
24120.48 0.301916216991
24287.69 0.293689076898
24512.4 0.268462484684
24682.33 0.258153779025
24910.7 0.214728356436
25083.39 0.209841633465
25315.49 0.209841633465
25490.96 0.208394449786
25726.83 0.212755825257
25905.15 0.209355934833
26084.73 0.209355934833
26326.07 0.204122284268
26508.57 0.202248875258
26692.31 0.198551618325
26877.34 0.195835670872
27126.02 0.193139547854
27314.06 0.189184573279
27503.38 0.18658757243
27694.01 0.182335231346
27885.99 0.18025366578
28079.28 0.176962809743
28273.93 0.174534316582
28469.9 0.171739071394
28667.26 0.168606810828
28932.5 0.166297264272
29133.07 0.164017454367
29267.53 0.161023964839
29470.42 0.158446788424
29674.68 0.156632852717
29880.4 0.153778134227
30087.5 0.152013759604
30296.04 0.149932194038
30506.06 0.14923833885
30717.51 0.148207468284
30930.45 0.146849494558
31073.21 0.146175463803
31288.62 0.145174329888
31505.48 0.144173195973
31723.85 0.143181974275
31870.31 0.143181974275
32091.2 0.143509077435
32313.67 0.144837314511
32462.81 0.149585266444
32687.82 0.162887461631
32914.42 0.200851252664
33066.33 0.199473454504
33295.56 0.158813540452
33526.33 0.143181974275
33681.07 0.136104651351
33914.56 0.131792836965
34071.09 0.12878943522
34307.28 0.126440239796
34465.63 0.12413069324
34704.51 0.122148249844
34864.73 0.120195543099
35106.38 0.118540202863
35268.41 0.116379339561
35512.9 0.114783472627
35676.81 0.112949712486
35924.13 0.111145688996
36089.94 0.109619207581
36340.08 0.107864745176
36507.85 0.106140019421
36676.35 0.104445030317
36930.56 0.102541884657
37101.05 0.100896456639
37272.29 0.0995087462614
37530.67 0.0974727768938
37703.89 0.0963566612618
37877.91 0.0948163027431
38140.5 0.0932997335452
38316.53 0.0920200663331
38493.38 0.0905490933333
38671.09 0.088895735541
38939.12 0.0874743236261
39118.84 0.0860757098102
39299.43 0.0846998940934
39480.82 0.0831535882446
39663.04 0.0818243599476
39938.0 0.0801462216129
40122.33 0.0790459655281
40307.51 0.0779615689905
40493.59 0.0765391658539
40680.49 0.075488470854
40868.25 0.0742821540475
41056.88 0.0732621869203
41341.49 0.0722570881185
41532.3 0.0711023148404
41724.04 0.0701259614679
41916.61 0.0690048897274
42110.08 0.0680582730058
42304.43 0.0672791727512
42499.74 0.0662036972089
42695.89 0.0654454126099
42892.95 0.0633697943743
43090.97 0.0612188432897
43289.86 0.0609373363275
43489.66 0.059140251389
43690.43 0.0580608109599
43892.08 0.0572638687147
44094.66 0.0558315533611
44298.18 0.0551922153659
44502.68 0.0544349219886
44708.09 0.0533188063567
44914.43 0.0529520543284
45121.79 0.0522254888238
45330.04 0.0513898889324
45539.26 0.0509190586259
45749.49 0.0503362202674
45854.95 0.0493043584798
46066.59 0.0491903679846
46279.21 0.0485153460082
46492.86 0.0479602618574
46707.45 0.0476301850319
46923.02 0.047085013098
47139.65 0.0465457884943
47248.31 0.0463316846076
47466.38 0.0455912419992
47685.46 0.0452770247209
47905.6 0.0448626940511
48126.71 0.0441450495418
48348.83 0.0441450495418
48460.28 0.0435394130843
48684.0 0.0430408285702
48908.7 0.0426463223344
49134.44 0.042158641259
49247.69 0.0418682133015
49475.05 0.0413884619997
49703.4 0.0411981474337
49932.8 0.040849237396
50047.96 0.0406856858158
50278.95 0.0405479059998
50511.01 0.0403169513441
50744.14 0.0403645299856
50861.17 0.0402951444668
50978.4 0.0402267501696
51095.91 0.0401573646508
51213.69 0.0400889703536
51331.74 0.0400195848347
51450.07 0.0399511905376
51568.72 0.0398818050187
51687.59 0.0399055943395
51806.73 0.0399283924385
51926.15 0.0398590069197
52045.84 0.0397906126225
52165.81 0.0398134107216
52286.06 0.0397440252027
52406.64 0.0396756309055
52527.44 0.0397896214008
52648.52 0.0398124194999
52769.88 0.0398342263772
52891.52 0.0397648408584
53013.44 0.0396964465612
53135.7 0.0397182534385
53258.18 0.0397400603159
53380.94 0.0398540508112
53503.99 0.0398758576885
53627.32 0.0398986557876
53750.93 0.0399204626649
53874.83 0.0400344531602
53999.07 0.0400562600376
54123.55 0.0401702505328
54248.31 0.0400998737923
54373.35 0.0402148555092
54498.69 0.0403288460045
54624.31 0.0404438277215
54750.22 0.0404656345988
54876.49 0.0405806163158
55002.98 0.0406955980328
55129.77 0.0408115709714
55256.85 0.0410217099714
55384.21 0.0412328401931
55511.88 0.0413498043534
55639.9 0.0414667685138
55768.15 0.0417770209053
55896.71 0.041991124792
56025.55 0.0422072111222
56154.69 0.0425224196222
56284.13 0.0427404883957
56413.87 0.0430596617825
56543.97 0.0433808176126
56674.31 0.0437039558862
56804.95 0.0441301812163
56935.89 0.04445926682
57067.13 0.0448934219238
57198.67 0.0455416809143
57330.58 0.0459867394567
57462.73 0.0465428148292
57595.19 0.047104837532
57727.95 0.0477848156168
57861.02 0.0485857227488
57994.39 0.0492865164893
58128.07 0.0502271858807
58262.13 0.0511866884843
58396.42 0.0521650243002
58531.03 0.0534060338661
58665.95 0.0544260009934
58801.18 0.0558493953517
58936.72 0.0573104561345
59025.2 0.0657080863599
59333.91 0.0604873216766
59642.61 0.0653641324307
59951.31 0.0743773113305
60260.02 0.0871363170271
60568.72 0.0914005527719
60877.42 0.0999547960255
61186.14 0.126351029843
61494.84 0.171669685875
61803.53 0.219327625115
62112.24 0.241184063555
62420.95 0.224977588793
62729.65 0.187658091864
63038.36 0.155096459085
63347.06 0.133765368144
63655.77 0.11487268258
63964.47 0.105535374185
64273.17 0.0959730584647
64581.88 0.0865197771309
64890.58 0.0865554611121
65199.28 0.0769207862076
65508.0 0.0768514006887
65816.69 0.0773470115377
66125.39 0.0826649159475
66434.11 0.0807231126411
66742.81 0.0848693930038
67051.51 0.0820652268202
67360.22 0.082302128806
67668.92 0.082344751339
67977.63 0.084589868485
68286.33 0.0865604172206
68595.03 0.0850339358057
68903.74 0.0969523855023
69212.44 0.105178534374
69521.15 0.0961683291392
69829.85 0.110194116166
70138.55 0.106605893619
70447.26 0.0963576524835
70755.97 0.09925102862
71064.67 0.102809514516
71373.38 0.10821167277
71682.07 0.108390092675
71990.79 0.116072060835
72299.49 0.131663978144
72608.19 0.132407394418
72916.91 0.133904139182
73225.6 0.145085119935
73534.3 0.151111747859
73843.01 0.163858858895
74151.71 0.176100446865
74460.42 0.196737682617
74769.12 0.21379660804
75057.62 0.22245988568
75077.83 0.227445730821
75386.54 0.244772286102
75676.25 0.265072506477
75695.23 0.257420274969
76294.89 0.268452572467
76913.53 0.257440099403
77532.17 0.250313215394
78150.8 0.238537501622
78769.45 0.220943316482
79388.09 0.196509701627
80006.72 0.168378829838
80625.37 0.14533292536
81244.01 0.128601103098
81862.64 0.116072060835
82481.28 0.109024474562
83099.92 0.108261233855
83718.57 0.104563976921
84337.2 0.104702747959
84955.84 0.111353845552
85574.48 0.115348468995
86193.13 0.106645542487
86811.75 0.0904787165927
87430.4 0.0697790338736
88049.04 0.0552140222433
88667.67 0.0448626940511
89286.31 0.0368605612832
89904.95 0.0301390869492
90523.58 0.0269305023128
91142.23 0.0238646536009
91760.87 0.0220150339124
92379.51 0.020641200639
92998.15 0.021694869304
93616.79 0.0201594668938
94235.42 0.0189035890024
94854.05 0.0173711602573
95472.7 0.0162679305074
96091.34 0.0199166175778
96709.97 0.0233611129783
97328.62 0.0180947520968
97947.26 0.013775007937
98565.9 0.0129978901258
99184.54 0.0143340569747
99803.14 0.0151022537906
100421.82 0.0153639363189
101040.42 0.0140921988804
101659.12 0.0145541081916
102277.72 0.01371256097
102896.41 0.0127401724843
103515.02 0.0131376523852
104133.62 0.0157366356773
104752.3 0.0172988010734
105370.9 0.0192911566863
105989.6 0.0201901947664
106608.2 0.0211031099503
107226.79 0.0208126819927
107845.49 0.0222370675728
108464.09 0.0236099096245
109082.78 0.0271574920816
109701.38 0.0341941749156
110320.08 0.0395874121744
110938.68 0.046484332749
111557.27 0.0758750473162
112175.97 0.112027876307
112794.57 0.11454557942
113413.26 0.0920785484133
114031.86 0.0747282038116
114650.55 0.062862288865
115269.15 0.0540186088755
115887.75 0.049247858843
116506.45 0.0446912126974
117125.05 0.0428524964476
117743.73 0.0429129609712
118362.33 0.0435215710937
118981.03 0.0477134476546
119599.63 0.0511589342768
120218.22 0.0517308691965
120836.93 0.0506097974561
121455.52 0.0484479429328
122074.21 0.0493737439987
122692.81 0.0573709206581
123311.42 0.0579002330448
123930.11 0.0577247868043
124548.7 0.0613873509784
125167.4 0.0654741580392
125786.0 0.0705640814584
126404.69 0.0753883574625
127023.3 0.0799063459619
127641.89 0.094475322479
128260.59 0.0957886912289
128879.18 0.0616579545019
129497.88 0.045460400735
130116.47 0.0411862527733
130735.07 0.0388202065802
131353.77 0.0383325255048
131972.37 0.0385010331934
132591.07 0.0369676132266
133209.65 0.0368674998351
133828.35 0.0359347602173
134446.95 0.0357741823022
135065.56 0.0365651772172
135684.25 0.0365136336889
136302.84 0.0347165487505
136921.54 0.0320481799395
137540.14 0.0300924995293
138158.84 0.0279514606617
138777.43 0.0278563033787
139396.03 0.0276709449212
140014.73 0.0274181833882
140633.33 0.0279950744164
141252.01 0.0288306743078
141870.61 0.0292955572842
142489.31 0.0289862961144
143107.91 0.0280158900721
143726.5 0.0274568410344
144345.21 0.0256538087657
144877.53 0.0228169322661
145791.02 0.0222321114643
146704.62 0.0219585342756
147618.12 0.0201862298796
148531.61 0.0206332708654
149445.12 0.0198264164032
150358.71 0.0194715590354
151272.22 0.0192564639269
152185.71 0.0194993132429
153099.31 0.0200990023702
154012.81 0.0193129635637
154926.3 0.0231589037519
155839.81 0.0256210984497
156753.41 0.0203805093324
157666.91 0.0192316833844
158580.4 0.020178300106
159494.0 0.019482462474
160407.51 0.0189769394081
161321.0 0.0185774770638
162234.59 0.0196083476297
163148.1 0.0246734905064
164061.59 0.0314217278264
164975.09 0.0303294015152
165888.71 0.0263337868506
166802.18 0.0252880479592
167715.69 0.0259848768129
168629.19 0.0257866324733
169542.79 0.0334230044346
170456.3 0.0433629756221
171369.8 0.0317954184065
172283.4 0.0264586807845
173196.89 0.0260929199779
174110.4 0.024976804346
175024.0 0.021454993653
175937.48 0.0189769394081
176850.99 0.0181393570733
177764.48 0.0173949495781
178678.08 0.0163720087857
179591.58 0.0151309992199
180505.07 0.0139167526398
181418.67 0.0127461198145
182332.18 0.0131961344654
183245.67 0.0125439105881
184159.27 0.0121761673381
185072.77 0.0116240568524
185986.28 0.0139375682955
186899.77 0.0174593789884
187813.36 0.0169707066913
188726.87 0.0130226706682
189640.36 0.0123466574702
190553.97 0.0123436838051
191467.48 0.0120473085174
192380.95 0.0116567671684
193294.46 0.0114327510646
194208.07 0.0115120488005
195121.56 0.0119253882485
196035.07 0.0116339690693
196948.67 0.0121761673381
197862.16 0.0121335448051
198775.66 0.0127431461494
199689.17 0.0121375096919
200602.77 0.0126351029843
201516.25 0.0124507357485
202429.76 0.0118669061684
203343.36 0.0128125316682
204789.97 0.0116042324184
206538.45 0.0134578169936
208287.93 0.0127153919418
210038.43 0.0121652638995
211789.8 0.0128957942909
213542.08 0.0128739874135
215295.35 0.0124140605457
217049.53 0.0133824841446
218804.69 0.0138463758993
220560.85 0.0129959076824
222317.9 0.0128273999937
224075.97 0.0139841557153
225834.92 0.014113014536
227594.85 0.0138681827766
229355.8 0.0135638777153
231117.64 0.0141268916398
232880.49 0.0146393532576
234644.33 0.0149733949699
236409.05 0.0150021403991
238174.88 0.0151230694463
239941.51 0.0161083438141
241709.21 0.0165900775593
243477.94 0.0163948068848
245247.55 0.0163373160263
247018.15 0.0172323892196
248789.76 0.0179738230497
250562.25 0.0188074404977
252335.85 0.0183167857572
254110.35 0.0189105275543
255885.95 0.0195399533325
257662.41 0.0204280879739
259439.92 0.0217939914738
261218.39 0.0209127953842
262997.86 0.0198908458136
264778.32 0.0201604581155
266559.82 0.0205341486956
268342.27 0.0205450521343
270125.73 0.0210634610823
271910.18 0.0210129087757
273695.62 0.0212537756483
275482.19 0.021337038271
277269.63 0.0218177807945
279058.07 0.0226404948038
280847.59 0.0241877918744
282638.14 0.0244395621857
284429.57 0.0231747632991
286222.08 0.0230885270113
288015.62 0.0235762080867
289810.26 0.0243077296999
291605.85 0.0251958643413
293402.38 0.0247646829026
295200.06 0.0256458789922
296998.68 0.0259065702987
298798.35 0.0260681394355
300599.06 0.0259323420629
302400.76 0.0277462777702
304203.54 0.0270583699118
306007.33 0.0278612594872
307812.11 0.0279574079919
309617.98 0.0285164570295
311424.97 0.0278711717041
313232.93 0.0280079602985
315041.91 0.029089383171
316851.86 0.0302471301142
318663.02 0.0296315814398
320475.09 0.0305008828689
322288.31 0.0316041126188
324102.46 0.0304582603359
325917.8 0.0320620570433
327734.16 0.0322454330574
329551.45 0.0317111645622
331369.9 0.0325328873498
333189.44 0.0355442188683
335010.04 0.0405052834668
336831.69 0.034754215175
338654.38 0.0350525729061
340478.09 0.0324198880762
342302.92 0.0325229751328
344128.93 0.034183271477
345955.82 0.0412467172969
347783.92 0.0535904011019
