102.06 1.23419839041e-07
103.96 1.59724887224e-07
105.89 2.10563504538e-07
108.11 2.82085989441e-07
110.12 4.23032735359e-07
113.99 6.68919550299e-07
118.0 9.93961380154e-07
121.02 3.87593926395e-06
124.99 5.28906417762e-06
127.02 5.9892742135e-06
127.9 6.49198170731e-06
130.88 7.66265588828e-06
132.09 9.23372508632e-06
133.93 1.02418350404e-05
137.05 1.37202667513e-05
139.92 1.58627650879e-05
142.85 4.73563356506e-05
146.85 0.000130734748007
150.96 0.00014940701563
154.84 0.000171938860222
159.17 0.00019786828753
162.13 0.000217955412546
165.91 0.000251401871305
170.17 0.000282085989441
172.93 0.000309295525818
176.96 0.00034464771086
179.84 0.000373570475917
181.92 0.000394802961679
186.15 0.000436892562874
190.93 0.000492466621255
194.03 0.000532573497125
198.1 0.00058126576615
201.78 0.000637349943182
205.06 0.000679795664945
209.83 0.000720075788659
216.21 0.000846007721437
220.23 0.000917020087688
222.78 0.000958022077419
226.92 0.00103842832676
230.08 0.00162323604883
233.82 0.00285348823835
239.81 0.00363396977526
245.97 0.00358411289573
252.28 0.00393888598058
256.97 0.00343858470683
259.94 0.00400289143403
264.16 0.0042793179939
269.08 0.00437903175297
274.08 0.00447075686145
279.17 0.00456431069717
283.71 0.00467066562358
290.32 0.00455381957773
295.72 0.0047465096797
301.21 0.0047904953823
308.23 0.00494738092986
318.33 0.0052044614805
328.0 0.00533795856912
337.97 0.00542467873989
348.24 0.00547492061463
357.17 0.00553834857527
366.33 0.00561534761702
374.86 0.00564123854481
385.37 0.0055001378008
395.25 0.0056804118073
405.39 0.00571977756739
413.88 0.00569350164439
421.57 0.0056542321331
430.4 0.00562824495651
441.44 0.00562824495651
450.69 0.00556385450785
460.12 0.00551284264269
469.76 0.00547492061463
479.59 0.00544970342846
489.64 0.00533795856912
499.89 0.00533795856912
505.68 0.00527684057974
511.53 0.00546231202155
519.85 0.00543719108418
529.51 0.0053502784158
540.6 0.0052044614805
549.38 0.00519252662902
559.6 0.00527684057974
570.0 0.00532573497125
580.6 0.0052044614805
590.03 0.00527684057974
599.62 0.00514488347194
609.36 0.00473563356506
620.69 0.00532573497125
629.32 0.00530119152669
639.55 0.00532573497125
649.94 0.00537501435797
657.47 0.0053502784158
665.08 0.00548752920772
674.33 0.00551284264269
685.29 0.00533795856912
694.82 0.00577271440859
704.49 0.00551284264269
715.94 0.00601699386853
725.9 0.00611468640275
734.3 0.00622835623813
744.52 0.00643249994756
754.87 0.00658226308376
765.38 0.00637349943182
774.24 0.00702067637771
785.01 0.00710191036675
794.1 0.00741953141396
805.15 0.00769797919868
814.47 0.00791367276437
825.8 0.00834400115894
835.36 0.00730095288967
845.03 0.00869713801415
854.82 0.00887924074788
864.72 0.00940543294942
874.73 0.00987127715199
884.86 0.0103842832676
895.11 0.0108241402936
905.47 0.0109492637365
915.96 0.0139753260771
924.43 0.0641767763202
935.14 0.133776210156
945.96 0.246252560388
954.72 0.34464771086
965.77 0.386698812535
974.71 0.0703684617647
985.99 0.322385362915
995.12 0.343069230505
1004.33 0.503939478475
1015.95 0.490204774403
1025.36 0.221497368466
1034.84 0.348642036151
1044.42 0.658226308376
1054.08 0.646214457863
1063.84 0.509772155887
1076.15 0.608658175251
1086.11 0.4812536358
1096.16 0.641767763202
1103.76 0.615713212451
1113.97 0.590717398524
1124.28 0.528906417762
1134.68 0.676667578874
1145.18 0.617128069843
1155.78 0.655204095987
1163.79 0.675117973159
1174.56 0.460656392133
1185.43 0.655204095987
1193.64 0.459597655309
1204.69 0.335253827767
1215.83 0.235164698376
1224.26 0.457480181661
1235.59 0.681364520421
1244.15 0.745379598754
1255.67 0.71347312083
1264.37 0.619977034388
1276.07 0.79501510604
1284.91 0.83248476473
1293.82 0.658226308376
1305.79 0.653692989793
1314.84 0.817287078865
1323.96 0.780510411551
1336.21 0.694030862788
1345.47 0.822956133314
1354.8 0.796853458162
1364.19 0.71347312083
1373.64 0.748815680992
1386.35 0.755745594749
1395.96 0.64473222631
1405.64 0.665849213509
1415.38 0.700450657894
1425.2 0.716764829864
1435.07 0.716764829864
1441.7 0.755745594749
1448.35 0.766265588828
1455.04 0.743666370075
1465.12 0.687668816964
1475.28 0.68924729732
1485.51 0.702067637771
1495.8 0.71347312083
1506.17 0.673558742564
1513.12 0.601699386853
1516.61 0.643249994756
1523.61 0.625713462998
1534.17 0.542467873989
1544.81 0.5826036245
1555.52 0.553834857527
1566.3 0.573296365329
1573.53 0.612883497667
1584.44 0.641767763202
1595.42 0.655204095987
1606.48 0.641767763202
1613.89 0.643249994756
1625.08 0.612883497667
1636.34 0.652191508479
1643.9 0.661267770525
1655.29 0.617128069843
1666.77 0.668919550299
1670.61 0.59892742135
1678.32 0.676667578874
1686.07 0.700450657894
1693.85 0.65974703945
1705.59 0.635886961389
1713.46 0.601699386853
1725.34 0.59892742135
1733.3 0.638812924975
1745.32 0.624279355846
1753.37 0.662788501599
1765.53 0.612883497667
1773.68 0.622835623813
1785.97 0.635886961389
1794.22 0.675117973159
1806.65 0.670469156014
1814.99 0.619977034388
1823.37 0.632960997803
1836.01 0.610063407763
1844.48 0.561534761702
1853.0 0.56673219702
1865.84 0.583951107731
1874.45 0.627157195031
1883.1 0.578599674329
1896.16 0.557665559854
1904.91 0.590717398524
1913.7 0.569350164439
1926.97 0.555105341716
1935.86 0.570659148149
1944.8 0.600313404102
1953.77 0.561534761702
1967.32 0.614298355059
1976.4 0.630054283977
1985.52 0.600313404102
1994.69 0.585298590961
2003.89 0.600313404102
2013.14 0.583951107731
2027.1 0.604471352356
2036.45 0.578599674329
2045.85 0.600313404102
2055.3 0.564123854481
2064.78 0.570659148149
2074.31 0.618552552116
2079.1 0.612883497667
2083.89 0.646214457863
2093.51 0.610063407763
2103.17 0.611468640275
2112.88 0.622835623813
2122.63 0.622835623813
2137.34 0.583951107731
2147.21 0.60726256762
2157.12 0.628600927064
2167.08 0.601699386853
2177.08 0.600313404102
2187.13 0.604471352356
2197.22 0.627157195031
2207.37 0.610063407763
2212.45 0.569350164439
2222.67 0.562834120531
2232.93 0.611468640275
2243.23 0.588003182303
2253.59 0.548752920772
2263.99 0.556385450785
2274.44 0.574614973919
2284.94 0.604471352356
2295.48 0.561534761702
2306.08 0.579889408278
2316.72 0.546163827993
2327.42 0.441868625947
2332.78 0.492360747572
2343.55 0.464785465747
2354.37 0.525085340315
2365.24 0.464737341345
2376.15 0.486605069202
2387.12 0.438682790594
2392.62 0.468962663761
2403.67 0.453014237239
2414.76 0.46890491448
2425.91 0.523670482923
2437.11 0.508193675532
2442.72 0.543266739047
2454.0 0.543237864407
2465.33 0.525970829295
2476.71 0.502264749317
2482.41 0.484083350584
2493.87 0.456979687889
2505.39 0.541832631895
2511.16 0.442436493879
2516.95 0.445487580909
2522.75 0.436334319821
2534.4 0.461099136623
2546.09 0.458952788334
2557.85 0.526914067556
2563.74 0.489463658627
2575.58 0.528078678063
2587.47 0.512467122349
2593.43 0.496191449899
2605.4 0.472735616807
2617.43 0.459828652434
2623.46 0.498405172349
2635.57 0.566953569265
2647.73 0.649409918096
2653.84 0.718632056627
2666.09 0.589485413856
2672.23 0.631623139452
2684.57 0.653779613715
2696.96 0.585327465602
2703.18 0.630063908857
2715.65 0.558926419163
2721.92 0.538694920944
2734.48 0.581179142228
2747.1 0.459491781626
2753.43 0.495748705409
2766.14 0.541043391717
2772.52 0.569138417074
2785.32 0.483265235766
2798.17 0.369104531495
2804.62 0.396400691795
2817.57 0.544633472038
2824.06 0.635463466659
2837.1 0.616675700473
2843.64 0.570226028539
2856.76 0.486422196478
2863.35 0.645646589931
2876.57 0.691778640817
2883.2 0.66061327867
2896.51 0.691701641776
2909.88 0.808874933554
2930.05 0.749604921169
2950.36 0.725744843108
2970.81 0.758113315283
2991.4 0.75977841956
3012.14 0.7791725532
3033.01 0.788104442043
3047.01 0.802695760454
3068.13 0.821291029036
3089.4 0.826892709323
3110.82 0.85979054991
3132.38 0.834342366612
3146.84 0.830434665244
3168.65 0.861494153708
3190.62 0.787411450667
3212.73 0.847518827631
3227.56 0.760519535337
3249.93 0.9016876535
3272.46 0.984047753529
3287.56 0.968166701169
3310.35 0.952593644976
3325.63 0.954711118624
3333.3 0.990496423276
3340.99 0.937203461506
3348.69 1.05633060397
3356.41 1.00416375319
3364.14 0.795756221817
3371.9 0.82939517818
3379.67 1.00637747564
3387.46 0.985683983166
3395.27 0.939080313149
3403.1 1.07817908207
3410.94 0.936837716058
3418.81 0.923940376565
3426.69 0.980871543057
3434.59 1.07798658446
3442.5 0.913247134643
3450.44 0.962873017049
3458.39 0.996656346615
3466.37 0.953960377967
3474.36 1.02216227919
3482.37 0.967107964345
3490.39 1.01734983908
3498.44 0.900436419072
3506.51 1.05055567584
3514.59 0.949321185701
3522.69 1.04324076687
3530.81 0.923362883752
3538.95 1.05527186715
3547.11 1.0973325937
3555.29 1.05517561834
3563.48 1.03823582916
3571.7 0.91048479402
3579.93 0.942439396345
3588.18 0.782050392386
3596.45 0.980005303838
3604.75 1.06460800096
3613.05 0.899849301379
3621.38 0.897741452611
3625.15 1.04737946537
3627.9 1.02620472889
3630.64 1.01128616455
3633.38 0.980967791859
3636.12 1.02774470972
3638.87 1.04997818303
3641.61 1.02928469056
3644.35 1.10050880417
3647.1 1.05238440308
3649.84 1.0090724421
3652.58 1.0487269486
3655.32 1.07721659404
3658.07 1.12611098555
3660.81 1.207633721
3663.55 1.20157004647
3666.3 1.16230053517
3669.04 1.16143429595
3671.78 1.15719934866
3674.52 1.16037555913
3677.27 1.15334939657
3680.01 1.11610111013
3682.75 1.11330989486
3685.5 1.12206853586
3688.24 1.16181929116
3690.98 1.14179954031
3693.72 1.23285090717
3696.47 1.10820870835
3699.21 1.10666872751
3701.95 1.12322352149
3704.7 1.09319389521
3707.44 1.06711046981
3710.18 1.13486962655
3712.93 1.14584199
3715.67 1.20474625694
3718.41 1.14632323401
3721.15 1.20166629527
3723.9 1.27115793044
3726.64 1.38733023468
3729.38 1.41707111456
3732.13 1.23689335687
3734.87 1.0400645564
3737.61 0.947126713011
3740.35 0.99511636578
3743.1 1.02504974326
3745.84 0.971150414037
3748.58 1.00262377235
3751.33 1.06393425934
3754.07 1.10926744517
3756.81 1.1416070427
3759.55 1.14641948281
3762.3 1.12591848795
3765.04 1.15700685105
3767.78 1.16846045851
3770.53 1.15488937741
3773.27 1.1282284592
3776.01 1.28877146124
3778.75 1.33631836952
3781.5 1.39387515323
3784.24 1.34796447459
3786.98 1.31745360429
3789.73 1.21850983565
3792.47 1.1415107939
3795.21 1.13082717686
3797.95 1.12716972238
3800.7 1.15989431512
3803.44 1.23198466796
3806.18 1.30138005433
3808.93 1.27654786337
3811.67 1.23920332812
3814.41 1.21023243866
3817.15 1.17423538664
3819.9 1.13217466009
3822.64 1.07837157967
3825.38 1.02784095852
3828.13 0.930254297989
3830.87 0.898395944466
3833.61 0.8417438995
3836.35 0.865594352681
3839.1 0.927434208085
3841.84 1.01532861424
3844.58 1.08241402936
3847.33 1.15219441094
3850.07 1.19175266864
3852.81 1.25113817959
3855.55 1.17500537706
3858.3 1.16451425762
3861.04 1.21494862997
3863.78 1.23997331854
3866.53 1.25007944277
3869.27 1.2427645338
3872.01 1.23333215119
3874.76 1.21408239075
3877.5 1.18453400848
3880.24 1.16316677439
3882.98 1.13429213374
3885.73 1.13871957864
3888.47 1.17298415222
3891.21 1.1897314438
3893.96 1.24911695474
3896.7 1.33044719259
3899.44 1.34055331682
3902.18 1.33862834078
3904.93 1.30821371928
3907.67 1.32168855159
3910.41 1.39743635891
3913.16 1.41966983221
3915.9 1.39387515323
3918.64 1.37452914399
3921.38 1.27009919362
3924.13 1.20859620902
3926.87 1.1060912347
3929.61 0.984240251134
3932.36 0.867413455043
3935.1 0.858751062846
3937.84 0.976251600552
3940.58 1.06018055606
3943.33 1.15633310944
3946.07 1.26692298315
3948.81 1.36057306767
3951.56 1.35768560361
3954.3 1.33275716384
3957.04 1.25883808376
3959.78 1.21716235242
3962.53 1.11321364606
3965.27 0.993865131352
3968.01 0.882957636595
3970.76 0.900551917635
3973.5 1.01215240377
3976.24 1.22101230451
3978.98 1.32072606357
3981.73 1.45624437704
3984.47 1.56125182023
3987.21 1.61803861352
3989.96 1.61948234555
3992.7 1.6525919335
3995.44 1.67684663165
3998.18 1.68156282296
4000.93 1.69446016245
4003.67 1.65798186642
4006.41 1.68127407655
4009.16 1.72035109024
4011.9 1.71486490851
4014.64 1.75326818058
4017.38 1.78580027572
4020.13 1.79686888797
4022.87 1.77357667784
4025.61 1.7626043144
4028.36 1.74826324287
4031.1 1.69417141604
4033.84 1.67367042118
4036.59 1.7143836645
4039.33 1.72150607586
4042.07 1.69580764568
4044.81 1.65288067991
4047.56 1.62910722577
4050.3 1.69590389448
4053.04 1.72718475519
4055.79 1.65008946464
4058.53 1.65201444069
4061.27 1.66289055533
4064.01 1.61784611591
4066.76 1.64623951256
4069.5 1.66856923466
4072.24 1.67857911009
4074.99 1.68560527265
4077.73 1.68830023911
4080.47 1.70639501392
4083.21 1.74768575006
4085.96 1.7629893096
4088.7 1.7451832812
4091.44 1.73353717614
4094.19 1.69003271755
4096.93 1.61158994377
4099.67 1.57665162858
4102.41 1.58550651838
4105.16 1.58983771448
4107.9 1.63805836437
4110.64 1.6923426888
4113.39 1.73575089859
4116.13 1.75220944376
4118.87 1.74662701323
4121.61 1.74335455396
4124.36 1.72641476477
4127.1 1.70013884178
4129.84 1.66905047867
4132.59 1.68820399031
4135.33 1.70601001871
4138.07 1.73016846806
4140.81 1.71919610461
4143.56 1.70880123397
4146.3 1.68916647833
4149.04 1.68512402864
4151.79 1.6968663825
4154.53 1.6965776361
4157.27 1.72054358784
4160.01 1.74393204677
4162.76 1.72574102316
4165.5 1.71332492768
4168.24 1.71832986539
4170.99 1.68069658374
4173.73 1.65201444069
4176.47 1.65884810564
4179.21 1.65730812481
4181.96 1.69205394239
4184.7 1.69166894719
4187.44 1.73883086026
4190.19 1.72468228634
4192.93 1.69725137771
4195.67 1.69638513849
4198.42 1.69128395198
4201.16 1.6616393209
4203.9 1.68647151187
4206.64 1.74133332911
4209.39 1.75423066861
4212.13 1.762796812
4214.87 1.75461566381
4217.62 1.76886048654
4220.36 1.75134320454
4223.1 1.69840636334
4225.84 1.65066695746
4228.59 1.62814473774
4231.33 1.68050408613
4234.07 1.72891723363
4236.82 1.73825336744
4239.56 1.75962060153
4242.3 1.7892652326
4245.04 1.80014134725
4247.79 1.8024513185
4250.53 1.7405633387
4253.27 1.7451832812
4256.02 1.73969709948
4258.76 1.72872473603
4261.5 1.75798437189
4264.24 1.80399129933
4266.99 1.79600264875
4269.73 1.70466253548
4272.47 1.64623951256
4275.22 1.65769312002
4277.96 1.7273772528
4280.7 1.74720450605
4283.44 1.75124695574
4286.19 1.67934910051
4288.93 1.64623951256
4291.67 1.62650850811
4294.42 1.60350504439
4297.16 1.60456378121
4299.9 1.53045220353
4302.64 1.47395415665
4305.39 1.43940083666
4308.13 1.42736973639
4310.87 1.52342604097
4313.62 1.67049421071
4316.36 1.82747600707
4319.1 1.87396417852
4321.84 1.84018084896
4324.59 1.78724400775
4327.33 1.77049671617
4330.07 1.82651351905
4332.82 1.88724651322
4335.56 1.87319418811
4338.3 1.82766850467
4341.05 1.8552919109
4343.79 1.87059547045
4346.53 1.82978597832
4349.27 1.81072871549
4352.02 1.81188370111
4354.76 1.84739950912
4357.5 1.92074109638
4360.25 1.9609730957
4362.99 1.99283144922
4365.73 1.97589166004
4368.47 1.96511179419
4371.22 1.9039938048
4373.96 1.88012410186
4376.7 1.88291531713
4379.45 1.80081508886
4382.19 1.77348042904
4384.93 1.71284368367
4387.67 1.73007221926
4390.42 1.77896661077
4393.16 1.8552919109
4395.9 1.90726626408
4398.65 1.90899874252
4401.39 1.89581265662
4404.13 1.88243407311
4406.87 1.86462804471
4409.62 1.89446517339
4412.36 1.91409992903
4415.1 1.96193558372
4417.85 1.98657527708
4420.59 1.96087684689
4423.33 2.00909749679
4426.07 1.98349531541
4428.82 1.99523766927
4431.56 1.98801900911
4434.3 1.9654005406
4437.05 2.00852000398
4439.79 2.02902099884
4442.53 2.03450718057
4445.27 2.07974411759
4448.02 2.06126434757
4450.76 2.05529692184
4453.5 1.98955898995
4456.25 1.93315719187
4458.99 1.94826825381
4461.73 1.92949973738
4464.47 1.9654967894
4467.22 1.97541041602
4469.96 2.05548941944
4472.7 2.0978388924
4475.45 2.13402844202
4478.19 2.1417283462
4480.93 2.09649140917
4483.67 2.09629891157
4486.42 2.1329697052
4489.16 2.13441343723
4491.9 2.13912962854
4494.65 2.12940849952
4497.39 2.14981324558
4500.13 2.18205659431
4502.88 2.23027724421
4505.62 2.29226147281
4508.36 2.2827328414
4511.1 2.29351270724
4513.85 2.23614842114
4516.59 2.19620516823
4519.33 2.20419381882
4522.08 2.21333745502
4524.82 2.1814791015
4527.56 2.08994649062
4530.3 2.04336207037
4533.05 2.03710589822
4535.79 2.07233295982
4538.53 2.13566467166
4541.28 2.16078560903
4544.02 2.14086210698
4546.76 2.12392231779
4549.5 2.09437393552
4552.25 2.09870513162
4554.99 2.13114097796
4557.73 2.19947762751
4560.48 2.23191347384
4563.22 2.23393469869
4565.96 2.24047961724
4568.7 2.24086461245
4571.45 2.23701466036
4574.19 2.23306845947
4576.93 2.24240459328
4579.68 2.18629154161
4582.42 2.17599291978
4585.16 2.17974662306
4587.9 2.19148897693
4590.65 2.20034386673
4593.39 2.18484780958
4596.13 2.16261433627
4598.88 2.17118047967
4601.62 2.20140260355
4604.36 2.23816964599
4607.1 2.26203934893
4609.85 2.28109661176
4612.59 2.29813264975
4615.33 2.32941351046
4618.08 2.3135324581
4620.82 2.31767115659
4623.56 2.31439869732
4626.3 2.28995150156
4629.05 2.29765140574
4631.79 2.28475406624
4634.53 2.24538830615
4637.28 2.22007487118
4640.02 2.20313508199
4642.76 2.16328807789
4645.5 2.14288333182
4648.25 2.15144947522
4650.99 2.18484780958
4653.73 2.20534880444
4656.48 2.23489718671
4659.22 2.24712078459
4661.96 2.23489718671
4664.71 2.15106448001
4667.45 2.11304620315
4670.19 2.13065973395
4672.93 2.1504869872
4675.68 2.16713802998
4678.42 2.1638655707
4681.16 2.18205659431
4683.91 2.18234534072
4686.65 2.20217259397
4689.39 2.20121010595
4692.13 2.18051661348
4694.88 2.18176784791
4697.62 2.15770564736
4700.36 2.10910000226
4703.11 2.1065975334
4705.85 2.09100522745
4708.59 2.10948499747
4711.33 2.12700227946
4714.08 2.18677278562
4716.82 2.23701466036
4719.56 2.28677529109
4722.31 2.28205909978
4725.05 2.23634091875
4727.79 2.20756252689
4730.53 2.17435669014
4733.28 2.1727204605
4736.02 2.20669628767
4738.76 2.24423332052
4741.51 2.25154822949
4744.25 2.25453194236
4746.99 2.25732315762
4749.73 2.25741940642
4752.48 2.25944063127
4755.22 2.24115335885
4757.96 2.21035374216
4760.71 2.19543517782
4763.45 2.18215284312
4766.19 2.15674315934
4768.93 2.16242183867
4771.68 2.21997862237
4774.42 2.26704428664
4777.16 2.25876688965
4779.91 2.27022049711
4782.65 2.25270321512
4785.39 2.25135573189
4788.13 2.22084486159
4790.88 2.25116323428
4793.62 2.30390757788
4796.36 2.3313384865
4799.11 2.31930738623
4801.85 2.30256009465
4804.59 2.29851764496
4807.34 2.30169385543
4810.08 2.29813264975
4812.82 2.29312771203
4815.56 2.32180985508
4818.31 2.32556355837
4821.05 2.31921113743
4823.79 2.30900876439
4826.54 2.29245397042
4829.28 2.27715041087
4832.02 2.27185672675
4834.76 2.25684191361
4837.51 2.25828564564
4840.25 2.23123973223
4842.99 2.23643716755
4845.74 2.25356945434
4848.48 2.23768840198
4851.22 2.1946651874
4853.96 2.21641741669
4856.71 2.27493668842
4859.45 2.36310059122
4862.19 2.39775016001
4864.94 2.30900876439
4867.68 2.18119035509
4870.42 2.09812763881
4873.16 2.08089910322
4875.91 2.115548672
4878.65 2.16665678596
4881.39 2.18629154161
4884.14 2.14779202074
4886.88 2.14105460458
4889.62 2.15202696803
4892.36 2.19418394339
4895.11 2.23229846905
4897.85 2.28744903271
4900.59 2.32594855358
4903.34 2.33037599848
4906.08 2.30535130991
4908.82 2.25501318637
4911.56 2.2651193106
4914.31 2.23056599061
4917.05 2.19216271854
4919.79 2.15356694887
4922.54 2.14952449918
4925.28 2.18802402005
4928.02 2.25029699506
4930.76 2.29851764496
4933.51 2.26993175071
4936.25 2.24538830615
4938.99 2.2344159427
4941.74 2.28937400875
4944.48 2.35405320382
4947.22 2.37349546186
4949.96 2.36483306966
4952.71 2.35973188315
4955.45 2.33509218979
4958.19 2.28975900396
4960.94 2.28080786535
4963.68 2.29784390334
4966.42 2.27512918603
4969.17 2.25116323428
4971.91 2.26810302347
4974.65 2.26656304263
4977.39 2.23326095708
4980.14 2.17734040301
4982.88 2.11391244237
4985.62 2.12449981061
4988.37 2.19081523531
4991.11 2.23191347384
4993.85 2.23865089
4996.59 2.21535867987
4999.34 2.19697515865
5002.08 2.19822639308
5004.82 2.2255610529
5007.57 2.22161485201
5010.31 2.19197022094
5013.05 2.12680978186
5015.79 2.07358419425
5018.54 2.07445043347
5021.28 2.08128409843
5024.02 2.10130384928
5026.77 2.14788826954
5029.51 2.17974662306
5032.25 2.1857140488
5034.99 2.16434681471
5037.74 2.11939862409
5040.48 2.09562516995
5043.22 2.12199734175
5045.97 2.16174809705
5048.71 2.17185422128
5051.45 2.19187397214
5054.19 2.19331770417
5056.94 2.25164447829
5059.68 2.2607881145
5062.42 2.24163460287
5065.17 2.21901613435
5067.91 2.20015136912
5070.65 2.1769554078
5073.39 2.16559804914
5076.14 2.141824595
5078.88 2.1065012846
5081.62 2.10929249986
5084.37 2.12161234654
5087.11 2.16222934106
5089.85 2.2165136655
5092.59 2.21275996221
5095.34 2.18032411587
5098.08 2.15799439377
5100.82 2.12180484415
5103.57 2.13624216447
5106.31 2.12016861451
5109.05 2.13614591567
5111.79 2.15741690095
5114.54 2.1814791015
5117.28 2.20862126372
5120.02 2.21054623976
5122.77 2.15010199199
5125.51 2.11420118877
5128.25 2.09649140917
5131.0 2.10322882532
5133.74 2.11670365763
5136.48 2.10775251903
5139.22 2.10063010767
5141.97 2.08619278734
5144.71 2.04596078803
5147.45 2.04759701766
5150.2 2.0668467781
5152.94 2.07522042389
5155.68 2.06983049097
5158.42 2.1021700885
5161.17 2.06655803169
5163.91 1.98917399474
5166.65 1.8334434328
5169.4 1.75894685991
5172.14 1.7893614814
5174.88 1.85923811179
5177.62 1.92882599577
5180.37 1.95385068434
5183.11 1.92613102931
5185.85 1.88763150843
5188.6 1.91554366107
5191.34 1.96828800466
5194.08 2.04528704641
5196.82 2.1242110642
5199.57 2.16502055633
5202.31 2.13027473874
5205.05 2.06347807002
5207.8 2.03729839583
5210.54 2.04316957276
5213.28 2.09206396427
5216.02 2.15414444168
5218.77 2.19620516823
5221.51 2.19408769459
5224.25 2.13219971478
5227.0 2.11602991602
5229.74 2.14038086297
5232.48 2.16588679555
5235.22 2.22729353134
5237.97 2.26213559773
5240.71 2.30246384585
5243.45 2.30371508027
5246.2 2.25154822949
5248.94 2.23152847864
5251.68 2.20765877569
5254.42 2.21622491909
5257.17 2.25125948308
5259.91 2.23123973223
5262.65 2.13056348515
5265.4 2.04451705599
5268.14 2.00678752554
5270.88 2.03315969733
5273.63 2.10284383012
5276.37 2.1857140488
5279.11 2.24654329178
5281.85 2.29486019047
5284.6 2.32719978801
5287.34 2.36319684002
5290.08 2.38889527021
5292.83 2.37282172024
5295.57 2.34385083078
5298.31 2.29283896563
5301.05 2.32363858233
5303.8 2.35751816069
5306.54 2.40323634173
5309.28 2.44096587219
5312.03 2.47263172811
5314.77 2.43586468567
5317.51 2.4064125522
5320.25 2.35982813195
5323.0 2.27763165488
5325.74 2.21429994305
5328.48 2.1989963835
5331.23 2.2562644208
5333.97 2.29948013298
5336.71 2.32094361587
5339.45 2.30111636262
5342.2 2.30583255392
5344.94 2.31564993174
5347.68 2.33374470656
5350.43 2.37484294509
5353.17 2.43634592968
5355.91 2.48071662749
5358.65 2.47715542181
5361.4 2.4456820635
5364.14 2.4105512507
5366.88 2.34587205563
5369.63 2.29255021922
5372.37 2.30294508986
5375.11 2.34770078287
5377.85 2.38129161483
5380.6 2.37830790197
5383.34 2.37320671545
5386.08 2.35376445741
5388.83 2.33769090745
5391.57 2.31632367336
5394.31 2.26011437288
5397.05 2.2385546412
5399.8 2.2344159427
5402.54 2.2254648041
5405.28 2.212374967
5408.03 2.21497368466
5410.77 2.25818939684
5413.51 2.33162723291
5416.25 2.37041550019
5419.0 2.37224422743
5421.74 2.36810552894
5424.48 2.33913463948
5427.23 2.30198260183
5429.97 2.28629404708
5432.71 2.28513906145
5435.46 2.32306108951
5438.2 2.35703691668
5440.94 2.38697029416
5443.68 2.39601768157
5446.43 2.36040562476
5449.17 2.35270572059
5451.91 2.32306108951
5454.66 2.28975900396
5457.4 2.30150135782
5460.14 2.32450482155
5462.88 2.33422595057
5465.63 2.34336958677
5468.37 2.3445245724
5471.11 2.31516868773
5473.86 2.29216522401
5476.6 2.28042287015
5479.34 2.28321408541
5482.08 2.30823877398
5484.83 2.33018350087
5487.57 2.36377433284
5490.31 2.37051174899
5493.06 2.34693079245
5495.8 2.34182960594
5498.54 2.33846089786
5501.28 2.3271035392
5504.03 2.31131873565
5506.77 2.31151123325
5509.51 2.30294508986
5512.26 2.29842139615
5515.0 2.31305121409
5517.74 2.34125211313
5520.48 2.39909764324
5523.23 2.40054137527
5525.97 2.37137798821
5528.71 2.3491445149
5531.46 2.33923088828
5534.2 2.33461094578
5536.94 2.39274522229
5539.68 2.31545743414
5542.43 2.36868302175
5545.17 2.43442095364
5547.91 2.39033900224
5550.66 2.4016963609
5553.4 2.36868302175
5556.14 2.38148411244
5558.88 2.41719241805
5561.63 2.38148411244
5564.37 2.35299446699
5567.11 2.30785377877
5569.86 2.27195297555
5572.6 2.33817215146
5575.34 2.35463069663
5578.08 2.35087699334
5580.83 2.33951963469
5583.57 2.30217509944
5586.31 2.32796977842
5589.06 2.20621504366
5591.8 2.25308821033
5594.54 2.25097073668
5597.29 2.27137548274
5600.03 2.31584242935
5602.77 2.39505519355
5605.51 2.50083262715
5608.26 2.55059325788
5611.0 2.48370034036
5613.74 2.37878914598
5616.49 2.31949988383
5619.23 2.30698753955
5621.97 2.3136287069
5624.71 2.31728616138
5627.46 2.32989475447
5630.2 2.3402896251
5632.94 2.36887551935
5635.69 2.33412970176
5638.43 2.31892239102
5641.17 2.33692091703
5643.91 2.35212822777
5646.66 2.35010700293
5649.4 2.37801915556
5652.14 2.36521806487
5654.89 2.34471707
5657.63 2.3137249557
5660.37 2.31564993174
5663.11 2.32893226645
5665.86 2.3578069071
5668.6 2.38090661963
5671.34 2.40400633215
5674.09 2.38687404536
5676.83 2.37003050498
5679.57 2.33326346254
5682.31 2.33451469697
5685.06 2.32633354879
5687.8 2.35183948137
5690.54 2.36762428492
5693.29 2.38109911723
5696.03 2.39929014084
5698.77 2.36858677295
5701.51 2.35549693585
5704.26 2.32306108951
5707.0 2.2826365926
5709.74 2.27137548274
5712.49 2.31074124283
5715.23 2.35443819903
5717.97 2.39919389204
5720.71 2.43365096322
5723.46 2.44481582428
5726.2 2.4284535279
5728.94 2.42287109738
5731.69 2.42797228389
5734.43 2.42123486774
5737.17 2.42941601593
5739.91 2.42980101114
5742.66 2.43008975754
5745.4 2.4680117856
5748.14 2.43345846562
5750.89 2.39871264803
5753.63 2.3840828301
5756.37 2.4061238058
5759.12 2.40439132736
5761.86 2.40785628424
5764.6 2.42999350874
5767.34 2.43047475275
5770.09 2.43336221682
5772.83 2.44683704912
5775.57 2.40391008335
5778.32 2.35963563434
5781.06 2.33489969218
5783.8 2.31699741498
5786.54 2.31969238144
5789.29 2.35588193106
5792.03 2.40814503064
5794.77 2.44346834105
5797.52 2.44221710662
5800.26 2.46762679039
5803.0 2.46637555597
5805.74 2.4681080344
5808.49 2.45848315419
5811.23 2.4460670587
5813.97 2.44799203475
5816.72 2.48456657958
5819.46 2.50112137355
5822.2 2.48937901969
5824.94 2.50834003372
5827.69 2.48437408197
5830.43 2.50275760319
5833.17 2.50699255049
5835.92 2.50468257923
5838.66 2.50708879929
5841.4 2.48485532598
5844.14 2.48273785234
5846.89 2.49111149813
5849.63 2.39601768157
5852.37 2.42027237972
5855.12 2.39630642798
5857.86 2.35135823736
5860.6 2.41728866685
5863.34 2.34365833318
5866.09 2.4324959776
5868.83 2.38023287801
5871.57 2.40217760491
5874.32 2.42633605426
5877.06 2.34192585474
5879.8 2.20919875653
5882.54 2.13681965729
5885.29 2.06809801253
5888.03 2.02988723806
5890.77 2.00053135339
5893.52 2.00621003272
5896.26 2.06367056763
5899.0 2.15857188658
5901.75 2.2385546412
5904.49 2.27734290848
5907.23 2.30804627637
5909.97 2.35597817986
5912.72 2.32989475447
5915.46 2.35857689752
5918.2 2.38032912681
5920.95 2.3577106583
5923.69 2.362234352
5926.43 2.37272547144
5929.17 2.35588193106
5931.92 2.37349546186
5934.66 2.38600780614
5937.4 2.38466032291
5940.15 2.35097324215
5942.89 2.3443320748
5945.63 2.35867314632
5948.37 2.37041550019
5951.12 2.3356696826
5953.86 2.34173335714
5956.6 2.35867314632
5959.35 2.39361146151
5962.09 2.39082024625
5964.83 2.38552656213
5967.57 2.39621017917
5970.32 2.38552656213
5973.06 2.38697029416
5975.8 2.3887990214
5978.55 2.36184935679
5981.29 2.3665655481
5984.03 2.38109911723
5986.77 2.37657542353
5989.52 2.38928026542
5992.26 2.39852015043
5995.0 2.38013662921
5997.75 2.36608430409
6000.49 2.35097324215
6003.23 2.34327333797
6005.97 2.33509218979
6008.72 2.32219485029
6011.46 2.32392732873
6014.2 2.31603492695
6016.95 2.29755515693
6019.69 2.30823877398
6022.43 2.3402896251
6025.17 2.3532832134
6027.92 2.3887027726
6030.66 2.41979113571
6033.4 2.44712579553
6036.15 2.46396933591
6038.89 2.45732816856
6041.63 2.45395946048
6044.37 2.44539331709
6047.12 2.45241947965
6049.86 2.45347821647
6052.6 2.43230347999
6055.35 2.41305371956
6058.09 2.40881877226
6060.83 2.4018888585
6063.58 2.39505519355
6066.32 2.40699004502
6069.06 2.43220723119
6071.8 2.45549944132
6074.55 2.45944564221
6077.29 2.39957888725
6080.03 2.3974614136
6082.78 2.4019851073
6085.52 2.38225410286
6088.26 2.3843715765
6091.0 2.37782665796
6093.75 2.39332271511
6096.49 2.39803890641
6099.23 2.38081037082
6101.98 2.35684441908
6104.72 2.35357195981
6107.46 2.37763416035
6110.2 2.41748116446
6112.95 2.41343871476
6115.69 2.39062774865
6118.43 2.37936663879
6121.18 2.36550681128
6123.92 2.3578069071
6126.66 2.35684441908
6129.4 2.36127186398
6132.15 2.3708004954
6134.89 2.36723928972
6137.63 2.3533794622
6140.38 2.35395695501
6143.12 2.36926051456
6145.86 2.35963563434
6148.6 2.35309071579
6151.35 2.36483306966
6154.09 2.33653592182
6156.83 2.26868051628
6159.58 2.21073873736
6162.32 2.17618541738
6165.06 2.1902377425
6167.8 2.18629154161
6170.55 2.24105711005
6173.29 2.25953688007
6176.03 2.28533155906
6178.78 2.31940363503
6181.52 2.31189622846
6184.26 2.32893226645
6187.0 2.27195297555
6189.75 2.26165435372
6192.49 2.24019087083
6195.23 2.27310796118
6197.98 2.32152110868
6200.72 2.34048212271
6203.46 2.3356696826
6206.2 2.3180561518
6208.95 2.3178636542
6211.69 2.31449494612
6214.43 2.28138535817
6217.18 2.28571655427
6219.92 2.23749590437
6222.66 2.19302895776
6225.41 2.1636730731
6228.15 2.17483793415
6230.89 2.20101760834
6233.63 2.23932463161
6236.38 2.28340658301
6239.12 2.28908526234
6241.86 2.24798702381
6244.61 2.1682930156
6247.35 2.12555854743
6250.09 2.14018836536
6252.83 2.13884088213
6255.58 2.18301908234
6258.32 2.23239471786
6261.06 2.20072886194
6263.81 2.24240459328
6266.55 2.22199984722
6269.29 2.26319433455
6272.03 2.28831527192
6274.78 2.25356945434
6277.52 2.23364595228
6280.26 2.25443569356
6283.01 2.22209609602
6285.75 1.90014385272
6288.49 1.4631742908
6291.23 1.65624938798
6293.98 1.97521791842
6296.72 2.19283646016
6299.46 2.29428269766
6302.21 2.31978863024
6304.95 2.32142485988
6307.69 2.34356208438
6310.43 2.33153098411
6313.18 2.27503293722
6315.92 2.25260696631
6318.66 2.28629404708
6321.41 2.32036612305
6324.15 2.30708378835
6326.89 2.31179997966
6329.63 2.33268596973
6332.38 2.32036612305
6335.12 2.36281184482
6337.86 2.32719978801
6340.61 2.37022300258
6343.35 2.35039574933
6346.09 2.36521806487
6348.83 2.32527481196
6351.58 2.40554631298
6354.32 2.32902851525
6357.06 2.25780440163
6359.81 2.29572642969
6362.55 2.28003787494
6365.29 2.31911488862
6368.04 2.32190610389
6370.78 2.35251322298
6373.52 2.38514156692
6376.26 2.36136811278
6379.01 2.3490482661
6381.75 2.34991450532
6384.49 2.35309071579
6387.24 2.38004038041
6389.98 2.37811540436
6392.72 2.35222447657
6395.46 2.33441844817
6398.21 2.30458131949
6400.95 2.33210847692
6403.69 2.35039574933
6406.44 2.34413957719
6409.18 2.31449494612
6411.92 2.29813264975
6414.66 2.31179997966
6417.41 2.33047224728
6420.15 2.32662229519
6422.89 2.34924076371
6425.64 2.36358183523
6428.38 2.36810552894
6431.12 2.36358183523
6433.86 2.39322646631
6436.61 2.39341896391
6439.35 2.4149786956
6442.09 2.41160998752
6444.84 2.43124474317
6447.58 2.38745153817
6450.32 2.32835477363
6453.06 2.30987500361
6455.81 2.282925339
6458.55 2.32123236227
6461.29 2.32748853441
6464.04 2.31882614222
6466.78 2.32922101285
6469.52 2.35992438075
6472.26 2.40872252346
6475.01 2.41555618841
6477.75 2.4633918431
6480.49 2.4416396138
6483.24 2.34144461073
6485.98 2.27070174113
6488.72 2.26877676508
6491.46 2.26925800909
6494.21 2.23576342593
6496.95 2.20881376132
6499.69 2.24269333969
6502.44 2.30852752038
6505.18 2.36926051456
6507.92 2.39457394954
6510.66 2.41209123153
6513.41 2.42864602551
6516.15 2.40487257137
6518.89 2.35289821819
6521.64 2.34067462031
6524.38 2.36858677295
6527.12 2.38745153817
6529.87 2.40843377705
6532.61 2.42854977671
6535.35 2.43201473359
6538.09 2.41545993961
6540.84 2.44289084823
6543.58 2.52017863639
6546.32 2.61864116102
6549.07 2.60073888381
6551.81 2.59419396527
6554.55 2.71257999195
6557.29 3.0892015549
6560.04 3.75158581153
6562.78 4.14225969959
6565.52 3.79133656683
6568.27 3.11085753539
6571.01 2.62999851968
6573.75 2.47118799607
6576.49 2.59506020449
6579.24 2.89150651521
6581.98 3.18573910349
6584.72 3.2522470258
6587.47 2.97591671473
6590.21 2.5958301949
6592.95 2.36723928972
6595.69 2.31333996049
6598.44 2.31102998924
6601.18 2.3222910991
6603.92 2.3002501234
6606.67 2.30727628595
6609.41 2.33037599848
6612.15 2.33287846734
6614.89 2.37676792113
6617.64 2.35617067746
6620.38 2.33432219937
6623.12 2.3314347353
6625.87 2.36021312716
6628.61 2.35617067746
6631.35 2.32950975926
6634.09 2.32864352004
6636.84 2.32565980717
6639.58 2.34750828527
6642.32 2.33412970176
6645.07 2.32411982634
6647.81 2.33210847692
6650.55 2.32392732873
6653.29 2.35434195022
6656.04 2.3491445149
6658.78 2.35992438075
6661.52 2.36146436158
6664.27 2.31045249643
6667.01 2.33181973051
6669.75 2.36358183523
6672.49 2.33441844817
6675.24 2.35597817986
6677.98 2.33605467781
6680.72 2.31911488862
6683.47 2.30140510902
6686.21 2.32325358712
6688.95 2.34510206521
6691.7 2.32325358712
6694.44 2.30968250601
6697.18 2.3003463722
6699.92 2.28898901354
6702.67 2.28350283182
6705.41 2.27946038212
6708.15 2.32575605597
6710.9 2.40439132736
6713.64 2.46214060867
6716.38 2.50073637834
6719.12 2.47609668499
6721.87 2.41430495398
6724.61 2.37792290676
6727.35 2.42797228389
6730.1 2.48735779484
6732.84 2.49053400531
6735.58 2.38668154776
6738.32 2.30525506111
6741.07 2.25876688965
6743.81 2.24663954058
6746.55 2.26146185612
6749.3 2.2563606696
6752.04 2.24856451662
6754.78 2.26357932976
6757.52 2.27320420998
6760.27 2.28802652552
6763.01 2.29332020964
6765.75 2.27599542525
6768.5 2.25491693757
6771.24 2.26001812408
6773.98 2.28042287015
6776.72 2.2651193106
6779.47 2.24817952141
6782.21 2.2433670813
6784.95 2.23326095708
6787.7 2.20429006762
6790.44 2.22767852655
6793.18 2.26261684174
6795.92 2.24240459328
6798.67 2.23730340677
6801.41 2.25068199027
6804.15 2.27243421956
6806.9 2.36338933763
6809.64 2.40111886808
6821.42 2.27926788452
6837.14 2.31593867815
6852.9 2.32094361587
6868.7 2.21102748377
6884.53 2.25174072709
6900.4 2.27224172196
6916.31 2.27185672675
6932.25 2.27147173154
6948.23 2.31333996049
6964.25 2.31295496528
6980.31 2.32864352004
6996.4 2.29630392251
7012.52 2.23845839239
7028.69 2.30612130033
7044.89 2.26887301388
7061.13 2.24250084209
7077.41 2.24211584688
7093.73 2.1857140488
7110.08 2.17531917816
7126.47 2.15991936981
7142.9 2.1596306234
7159.36 2.17416419253
7175.87 2.14894700636
7192.41 2.01439118091
7208.99 2.05625940986
7225.61 2.20294258439
7242.27 2.14259458542
7258.96 2.12257483456
7275.69 2.25828564564
7292.47 2.20140260355
7309.28 2.19601267063
7326.13 2.2210373592
7343.02 2.3092975108
7359.94 2.2563606696
7376.91 2.3138212045
7393.91 2.21949737836
7410.96 2.35597817986
7428.04 2.28090411416
7445.17 2.34981825652
7462.33 2.3710892418
7479.53 2.30602505153
7496.77 2.32161735748
7514.06 2.32123236227
7531.38 2.31545743414
7548.74 2.37445794988
7566.14 2.3092975108
7583.58 2.33027974968
7601.06 2.27156798034
7618.59 2.25039324386
7636.15 2.30766128116
7653.75 2.28080786535
7671.4 2.09418143792
7689.08 2.18744652724
7706.81 2.15703190575
7724.57 2.13681965729
7742.38 2.18119035509
7760.23 2.13604966687
7778.12 2.14057336057
7796.05 2.10111135168
7814.02 2.15462568569
7832.03 2.20948750294
7850.09 2.18378907275
7868.18 2.21381869903
7886.32 2.16800426919
7904.5 2.10852250944
7922.72 2.07916662478
7940.99 2.06925299815
7959.29 2.12680978186
7977.64 2.14115085339
7996.03 2.09678015558
8014.46 2.15019824079
8032.94 2.12026486331
8051.46 2.1592456282
8070.02 2.19399144578
8088.62 2.12392231779
8107.27 2.08474905531
8125.96 2.12315232738
8144.69 2.15221946564
8163.47 2.11256495914
8182.28 2.20660003887
8201.14 2.13123722676
8220.05 2.15549192491
8239.0 1.90312756558
8257.99 2.21506993346
8277.03 2.22479106248
8296.11 2.06636553409
8315.23 2.02363106592
8334.4 2.10399881574
8353.62 2.09389269151
8372.87 2.06472930445
8392.17 2.00803875996
8411.52 2.10707877741
8430.91 2.09216021307
8450.34 2.04413206078
8469.82 2.08657778255
8489.35 2.04336207037
8508.92 1.7629893096
8528.53 2.00986748721
8548.2 1.57058795404
8567.9 2.04162959193
8587.65 2.06492180206
8607.45 1.97156046394
8627.29 2.04509454881
8647.18 2.06357431883
8667.11 1.79282643828
8687.09 1.974447928
8707.12 1.9831103202
8727.19 2.04297707516
8747.31 2.03787588864
8767.47 2.03277470213
8787.68 2.05587441465
8807.94 2.06492180206
8828.25 2.05029198412
8848.6 1.98484279864
8868.99 1.95259944991
8889.44 1.92102984279
8909.93 1.96078059809
8930.47 1.95134821548
8951.06 1.93758463677
8971.69 1.85423317407
8992.37 1.98185908577
9013.11 1.85769813095
9033.88 1.78185407483
9054.71 2.07387294066
9075.58 2.0449983
9096.5 1.74017834349
9117.47 1.85567690611
9138.49 1.88974898208
9159.56 1.88493654197
9180.67 1.80803374903
9201.83 1.90591878085
9223.05 1.82814974868
9244.31 1.87896911624
9265.62 1.85702438934
9286.98 1.82275981576
9308.39 1.73228594171
9329.84 1.947690761
9351.35 1.94278207208
9372.91 1.91130871377
9394.52 1.93748838796
9416.17 1.89735263745
9437.88 1.94557328735
9459.64 1.91843112513
9481.44 1.95808563163
9503.3 1.91756488591
9525.21 1.9259385317
9547.16 1.8730016905
9569.18 1.91621740268
9591.23 1.94692077058
9613.34 1.92410980446
9635.5 1.93257969905
9657.72 1.90563003444
9679.98 1.90514879043
9702.29 1.89600515422
9724.66 1.87810287702
9747.08 1.87338668571
9769.55 1.8772366378
9792.07 1.8552919109
9814.64 1.89369518297
9837.27 1.87588915457
9859.94 1.88416655155
9882.67 1.86645677195
9905.46 1.85307818845
9928.29 1.86549428393
9951.18 1.86934423602
9974.12 1.86886299201
9997.11 1.8599118534
10020.15 1.85509941329
10066.41 1.8288234903
10136.18 1.85288569084
10182.97 1.83498341364
10229.98 1.83825587291
10277.19 1.84162458099
10300.88 1.83267344239
10492.39 1.77097796019
10712.1 1.69975384657
10911.25 1.63825086197
11088.54 1.57174293966
11294.69 1.53949959093
11504.67 1.52891222269
11691.61 1.49070144823
11908.98 1.4367058702
12102.49 1.41052619601
12299.13 1.3880039763
12498.98 1.35017819704
12702.07 1.31639486747
12908.46 1.28636524119
13088.04 1.26288053346
13300.7 1.22563224701
13485.73 1.20051130964
13704.86 1.17866283155
13895.51 1.13602461218
14088.82 1.08732271827
14284.81 1.06999793388
14483.54 1.07490662279
14685.03 1.03842832676
14889.3 1.04805320698
15096.43 1.05045942704
15306.44 1.06508924497
15483.69 1.05527186715
15699.09 1.03602210671
15917.49 1.00089129391
16101.81 1.00320126516
16288.24 0.993961380154
16514.84 0.980294050244
16706.08 0.971342911641
16899.53 0.953623507159
17095.22 0.931919402266
17293.16 0.894083998128
17493.41 0.867711826329
17695.98 0.83248476473
17900.89 0.800530162405
18108.16 0.762742882668
18317.85 0.741953141396
18487.35 0.715118975347
18701.41 0.682933375897
18917.96 0.664318857554
19093.02 0.652191508479
19314.11 0.630054283977
19492.8 0.605866959988
19718.53 0.586646074192
19900.99 0.56673219702
20085.12 0.556385450785
20317.7 0.537501435797
20505.7 0.528906417762
20695.43 0.514488347194
20886.93 0.502774867969
21080.18 0.492466621255
21324.28 0.4812536358
21521.6 0.470300522112
21720.72 0.454332845829
21921.71 0.446045823961
22124.56 0.432888612703
22277.91 0.421088509555
22484.05 0.410558890596
22692.08 0.399374779782
22902.06 0.358411289573
23113.95 0.355119580538
23274.19 0.310729632971
23489.55 0.292673357681
23706.88 0.296061315518
23926.25 0.272509233624
24092.08 0.263259723734
24315.02 0.260237511345
24483.55 0.242874227431
24710.1 0.238985775823
24881.37 0.202478605154
25111.61 0.200159009022
25285.66 0.202006986024
25519.64 0.200621003272
25696.51 0.203883837666
25874.65 0.199697014771
26114.08 0.198782651151
26295.08 0.193806588078
26477.33 0.191150121137
26722.34 0.187665914498
26907.58 0.18466295187
27094.09 0.181708113643
27281.88 0.177569415149
27471.0 0.174730075485
27725.17 0.170754999955
27917.37 0.168416154062
28110.87 0.164960822063
28305.74 0.161948234555
28501.93 0.158627650879
28699.52 0.155374441366
28898.44 0.152891222269
29098.77 0.149753511318
29300.46 0.146683174528
29503.58 0.144007457828
29708.07 0.141379865528
29914.01 0.138473151702
30121.35 0.135951433085
30330.13 0.133468213989
30470.15 0.131639486747
30681.34 0.129531637979
30894.04 0.127462288732
31108.17 0.125421814126
31323.82 0.123698960567
31468.39 0.121725860122
31686.5 0.119502512792
31906.16 0.118135779801
32127.31 0.116509175044
32275.63 0.114911444927
32499.34 0.114391701396
32724.6 0.115180941574
32875.67 0.12033025249
33103.53 0.118684397973
33333.02 0.109492637365
33486.86 0.105286564709
33718.97 0.102418350404
33874.63 0.100089129391
34109.42 0.0980294050244
34266.85 0.0962449522319
34504.4 0.0944884115921
34663.65 0.0927636330569
34903.95 0.0910706166265
35065.05 0.0894083998128
35308.09 0.0875738976432
35471.09 0.0861744400594
35716.95 0.0846017346317
35881.84 0.0830569413567
36130.54 0.0815410227223
36297.3 0.0800530162405
36464.87 0.0785919594233
36717.61 0.0771568897828
36887.08 0.0754013116309
37057.38 0.0740249537597
37314.22 0.0728410934929
37486.45 0.0711827266312
37659.5 0.0703684617647
37920.53 0.068924729732
38095.55 0.067822680947
38271.42 0.0667389194344
38536.68 0.0655204095987
38714.59 0.0641767763202
38893.28 0.063150764089
39072.79 0.0621411141541
39343.65 0.0610063407763
39525.24 0.0597551063479
39707.67 0.0588003182303
39890.98 0.0574614973919
40075.09 0.056673219702
40260.06 0.0557665559854
40539.15 0.0546231202155
40726.26 0.0537501435797
40914.23 0.0530119152669
41103.07 0.0521649258077
41292.82 0.0513304486928
41483.41 0.0503939478475
41674.87 0.0495883453732
41867.27 0.0487952552432
42060.5 0.0480146774575
42254.63 0.0473563356506
42547.55 0.0465988575774
42743.93 0.0459597655309
42941.21 0.0441955249869
43139.45 0.0424986586043
43338.56 0.0423032735359
43538.59 0.0407729175812
43739.59 0.0399374779782
43941.46 0.0392983859317
44144.27 0.0380519639434
44348.02 0.0375302954356
44450.29 0.03692970291
44655.45 0.036005714409
44861.56 0.0357583549874
45068.66 0.0351866371024
45276.67 0.034464771086
45485.65 0.0342279990327
45695.58 0.033758304878
45906.54 0.0329132403948
46118.42 0.0328381663291
46331.28 0.0323126478692
46545.17 0.0319430524688
46652.46 0.0317236051998
46867.78 0.031287598126
47084.1 0.0307880668426
47301.46 0.030716842729
47519.78 0.0301566747003
47739.11 0.02987947815
47849.2 0.0295377949022
48070.05 0.02899880161
48291.91 0.0290652132835
48514.8 0.0285348823835
48738.77 0.0281431497586
48851.12 0.0278216787593
49076.59 0.0275030952241
49303.1 0.0272509233624
49530.71 0.0268765155219
49644.88 0.0266917178217
49874.02 0.0263259723734
50104.26 0.0261228874008
50335.52 0.0258610906588
50451.54 0.0255251823392
50684.4 0.0253865840641
50801.23 0.0252893727738
50918.39 0.0251911989956
51035.76 0.0250362384241
51153.4 0.0248822403406
51271.31 0.0247292047451
51389.5 0.024633918431
51507.95 0.0245395946048
51626.74 0.0244443082907
51745.74 0.0243499844645
51865.02 0.0242007988211
51984.57 0.0240525756658
52104.4 0.0239592143277
52224.5 0.0238129161483
52344.88 0.0237205172982
52465.6 0.0236300434242
52586.54 0.0235934688794
52707.75 0.0235568943345
52829.25 0.0234125211313
52951.03 0.0232152110868
53073.08 0.0231256997008
53195.48 0.0230371508027
53318.1 0.0230015387459
53441.0 0.0229139523359
53564.18 0.0228254034379
53687.65 0.0227378170279
53811.41 0.022651193106
53935.44 0.022564569184
54059.83 0.0225299196152
54184.44 0.0223913213401
54309.34 0.0223056599061
54434.53 0.0222209609602
54560.0 0.0221863113914
54685.77 0.0221016124455
54811.82 0.0219668641225
54938.23 0.0219331770417
55064.86 0.0218494405838
55191.79 0.021815753503
55319.01 0.0218831276646
55446.53 0.0217493418295
55574.34 0.0216165184825
55702.5 0.0216338432669
55830.9 0.0216011186742
55959.59 0.0215183447043
56088.58 0.0214865825996
56217.87 0.0214538580068
56347.46 0.021372046525
56477.34 0.0213884088213
56607.59 0.0214057336057
56738.07 0.021373009013
56868.86 0.0213412469083
56999.94 0.0213094848035
57131.33 0.021374933989
57263.02 0.0213922587734
57395.08 0.0213604966687
57527.38 0.0213768589651
57659.99 0.0213941837495
57792.9 0.021460595423
57926.12 0.0215279695845
58059.64 0.021594381258
58193.47 0.0216117060424
58327.67 0.0217291295811
58462.12 0.0218475156077
58596.88 0.0219158522573
58731.95 0.022034238284
58867.33 0.0222055611519
59091.61 0.014498919561
59400.66 0.0147231792701
59709.71 0.0182189357654
60018.76 0.0222864101457
60327.82 0.0255915940127
60636.87 0.0265521570585
60945.92 0.0289814768256
61254.98 0.034419534149
61564.02 0.0468385170948
61873.07 0.0630333405503
62182.13 0.0651623640546
62491.18 0.060110264428
62800.22 0.0506605570296
63109.28 0.0435554704523
63418.33 0.0409365405449
63727.39 0.0383551476703
64036.43 0.0328275789609
64345.48 0.0286070689851
64654.54 0.0294309587318
64963.59 0.0263471471098
65272.64 0.0251719492352
65581.7 0.0253942839682
65890.74 0.0248774279005
66199.79 0.0250660755528
66508.85 0.0261084500804
66817.9 0.0259486770688
67126.95 0.0232970225686
67436.0 0.0257504045363
67745.05 0.0273173350359
68054.11 0.0250352759361
68363.16 0.0279227400016
68672.21 0.029702380354
68981.27 0.030013263985
69290.31 0.0326658809732
69599.37 0.0411646502061
69908.42 0.0459770903153
70217.47 0.0359932020647
70526.52 0.0319103278761
70835.57 0.0306639058878
71144.62 0.0335215328246
71453.68 0.0376053695013
71762.72 0.0315128203231
72071.79 0.0346101067773
72380.83 0.0312683483655
72689.88 0.0325936943716
72998.94 0.0398470041042
73307.98 0.0425939449185
73617.03 0.0390211893814
73926.09 0.0382839235567
74235.14 0.0458548543365
74544.19 0.0525990079055
74853.24 0.0554258352257
75142.07 0.0462831615062
75162.3 0.0636406704921
75471.35 0.061874504972
75761.39 0.0557453812489
75780.4 0.0652749751532
76380.73 0.0566202828608
77000.06 0.0542852869198
77619.4 0.0527347187166
78238.73 0.0526894817796
78858.07 0.04900604012
79477.4 0.0434332344736
80096.73 0.0378354041385
80716.08 0.0331057379992
81335.41 0.0300219263772
81954.74 0.0284318961652
82574.08 0.0280517133965
83193.41 0.0271161750393
83812.76 0.0264212586875
84432.09 0.0253625218635
85051.42 0.027543519721
85670.75 0.0304752582355
86290.1 0.0281566245909
86909.42 0.0242623980545
87528.76 0.0210409506454
88148.1 0.0166914672747
88767.43 0.0141716736336
89386.76 0.0118463025728
90006.1 0.0124651823709
90625.43 0.0101195990616
91244.77 0.00978946567013
91864.1 0.00911928526053
92483.44 0.00881157783995
93102.78 0.00855160982525
93722.11 0.00897154334918
94341.44 0.00756053590916
94960.77 0.00875103734337
95580.12 0.00888106947512
96199.45 0.00860502791046
96818.78 0.00959369560649
97438.12 0.00917462832178
98057.46 0.00783879119627
98676.79 0.00738430435236
99296.13 0.00719806292013
99915.42 0.00753098752689
100534.81 0.00756034341155
101154.1 0.00746678957583
101773.5 0.0069764019287
102392.79 0.00697332196703
103012.18 0.00721182649885
103631.48 0.00740634532806
104250.77 0.00756265338281
104870.16 0.00840579288994
105489.45 0.00904113123315
106108.85 0.00906297971125
106728.14 0.00916779465683
107347.43 0.00908222947169
107966.83 0.00907809077319
108586.13 0.00949398184743
109205.51 0.0112736221998
109824.8 0.0125845308856
110444.19 0.0139849509573
111063.49 0.0170023509058
111682.78 0.0266484058607
112302.18 0.0348362914625
112921.47 0.0326158315961
113540.86 0.0260150887423
114160.15 0.0211131372471
114779.55 0.0179696513678
115398.84 0.0153892209812
116018.13 0.0140070881818
116637.53 0.0129339140375
117256.82 0.0125412189246
117876.2 0.0129387264776
118495.5 0.0131446989143
119114.9 0.0141119993762
119734.19 0.0146163430997
120353.48 0.014453682624
120972.88 0.0138704148827
121592.17 0.0135672311559
122211.56 0.0135499063715
122830.85 0.0141784110497
123450.15 0.014321821765
124069.54 0.0149686137157
124688.83 0.0155037570558
125308.22 0.0164431453651
125927.52 0.0171900360701
126546.91 0.0177396167305
127166.21 0.019302697278
127785.5 0.0298101790124
128404.89 0.0290228638106
129024.18 0.0154171331338
129643.57 0.0112996093764
130262.87 0.0103024717858
130882.16 0.0102331726482
131501.55 0.0102658972409
132120.85 0.0102033355195
132740.24 0.0101465487262
133359.53 0.0100551123642
133978.92 0.00978657820607
134598.22 0.00947222961814
135217.52 0.00941390284401
135836.91 0.00923757503841
136456.19 0.0095278614258
137075.59 0.00906326845766
137694.88 0.00856845336563
138314.28 0.00845536102306
138933.56 0.00867192082798
139552.86 0.00873111384132
140172.25 0.00898463318627
140791.55 0.00926500594703
141410.93 0.00911890026532
142030.23 0.00928714317154
142649.62 0.00939465308358
143268.92 0.00866470216781
143888.2 0.00800818908812
144507.61 0.00729113551184
145040.53 0.00834967983826
145955.04 0.00795746596936
146869.67 0.00796121967265
147784.2 0.00772415887287
148698.72 0.00786968706177
149613.25 0.0076551484817
150527.88 0.00745456597795
151442.41 0.00747102452313
152356.93 0.00752781131642
153271.56 0.00724137488112
154186.09 0.00735321598925
155100.61 0.00869607927732
156015.14 0.00917222210173
156929.77 0.0079457236155
157844.3 0.00811646899057
158758.82 0.00827229580131
159673.44 0.0083645984026
160587.98 0.00837903572293
161502.49 0.00865565478041
162417.12 0.00936038851
163331.65 0.0107644660363
164246.17 0.0121899107966
165160.7 0.0120667123298
166075.35 0.0111764109096
166989.85 0.0111542736851
167904.38 0.0116297427679
168818.91 0.0120590124256
169733.54 0.0137289291435
170648.07 0.0145788060668
171562.61 0.0126586424632
172477.23 0.0119473638151
173391.75 0.01216392362
174306.28 0.0112870970321
175220.91 0.0104747571417
176135.43 0.00996463849011
177049.96 0.0100146878672
177964.48 0.00971054165234
178879.11 0.00956703468829
179793.64 0.00943055388679
180708.16 0.00898232321502
181622.78 0.00856383342312
182537.32 0.00872370268355
183451.83 0.00890946287177
184366.46 0.00894430493816
185280.99 0.00898857938716
186195.53 0.0111013368439
187110.04 0.0147770785993
188024.67 0.0117895157795
188939.2 0.00931351534334
189853.72 0.00894757739743
190768.36 0.00910282671535
191682.9 0.00904161247717
192597.4 0.00954326123415
193511.93 0.00909281683993
194426.57 0.00906471218969
195341.09 0.00911851527011
196255.62 0.00923565006237
197170.25 0.00911447282042
198084.77 0.008840259983
198999.3 0.00895277483275
199913.83 0.00913959375779
200828.46 0.00906355720406
201742.98 0.00926577593745
202657.51 0.00922795015819
203572.14 0.00924036625368
204669.38 0.00903160260174
206430.13 0.00963835505071
208191.95 0.0094969655603
209954.67 0.00907751328038
211718.48 0.00965664232312
213483.31 0.00951958402881
215249.23 0.00894642241181
217016.03 0.00958638069753
218783.94 0.0100974618371
220552.87 0.00958859441998
222322.87 0.00927260960241
224093.88 0.00966530471532
225865.88 0.0100628122683
227638.96 0.00990111428067
229413.06 0.009783690742
231188.16 0.00994250126561
232964.35 0.00993672633748
234741.55 0.00989630184056
236519.82 0.00972305399663
238299.21 0.00975866605344
240079.59 0.00974037878102
241860.96 0.00991458911297
243643.45 0.00978080327794
245426.91 0.00956260724339
247211.6 0.00971342911641
248997.16 0.00987897705617
250783.81 0.00989052691243
252571.58 0.00968840442784
254360.43 0.00962584270642
256150.29 0.00977599083783
257941.24 0.0102042980075
259733.29 0.0104324076687
261526.43 0.00999351313077
263320.59 0.0096864794518
265115.81 0.00959725681217
266912.18 0.0100618497803
268709.48 0.00999351313077
270508.03 0.010004100499
272307.55 0.00999255064274
274108.19 0.0100387500678
275909.92 0.00977117839772
277712.74 0.0100801370527
279516.65 0.0101195990616
281321.66 0.0106605173299
283127.78 0.010622980297
284935.0 0.0101532861424
286743.31 0.00993287638539
288552.71 0.0100589623163
290363.2 0.0101898606872
292174.81 0.010181198295
293987.51 0.0102553098727
295801.3 0.0102485724566
297616.28 0.0103323089145
299432.38 0.0102986218337
301249.45 0.0102784095852
303067.73 0.0105527186715
304887.1 0.0105065192464
306707.69 0.0105941056564
308529.27 0.0107201915873
310352.04 0.0110262627782
312176.0 0.0109078767515
314000.98 0.0108674522546
315827.15 0.0108780396228
317654.47 0.0110349251704
319482.82 0.0108010405811
321312.38 0.0112774721519
323143.16 0.0115421563579
324974.97 0.0115257940615
326807.9 0.0114949944448
328642.08 0.0115931682231
330477.41 0.0119213766385
332313.83 0.0126307303106
334151.38 0.0145470439621
335990.11 0.0146413677882
337830.05 0.0122919345269
339671.15 0.0125739435173
341513.37 0.0118414901327
343356.71 0.0118058780759
345201.3 0.0128126405467
347047.04 0.0161207118778
348893.93 0.0191563990987
