102.05 7.742978032e-07
103.95 9.54788613849e-07
105.88 1.20201724181e-06
108.1 1.54139397804e-06
110.11 2.26941313539e-06
113.97 3.33353556154e-06
117.98 4.62279071047e-06
121.01 1.62895923191e-05
124.97 2.12276179435e-05
127.0 2.36000634663e-05
127.88 2.52875359286e-05
130.86 2.91011254894e-05
132.07 3.44278753716e-05
133.91 3.75753143095e-05
137.03 4.85185159418e-05
139.9 5.49418774144e-05
143.16 0.000142862302494
147.17 0.00034269112201
150.94 0.000385393504688
155.17 0.000436418678318
159.15 0.000494203562199
162.11 0.000539393780127
165.89 0.000610812655871
170.14 0.000677493187504
172.91 0.000734353316835
176.93 0.000810788781422
179.81 0.000868778257017
181.89 0.000913952107608
186.13 0.000999798791068
190.9 0.00111150586726
194.0 0.00119375173654
198.07 0.00128794576196
202.21 0.0013993254914
205.03 0.00148222605417
209.8 0.00155563356138
216.18 0.00179844300831
220.2 0.00193159129619
222.74 0.00200868145427
226.89 0.00215729687578
230.04 0.00332584291307
233.78 0.00576645839527
239.78 0.00729303993318
245.93 0.00715989164529
252.24 0.00776081842951
256.93 0.00668196539991
259.9 0.00779658106123
264.12 0.00829660321179
269.03 0.00843163374345
274.04 0.00854866020422
279.13 0.00866814176557
284.32 0.00880890086523
290.27 0.00854866020422
295.67 0.00882854166984
301.17 0.00880890086523
308.18 0.00905522928965
318.28 0.00939485153594
327.95 0.00954788613849
337.92 0.00959207794885
348.18 0.00961417385403
357.11 0.00965836566439
366.28 0.00972547174679
374.81 0.00970337584161
385.31 0.00939485153594
395.19 0.00963626975921
405.33 0.00963626975921
413.82 0.00954788613849
422.48 0.00943822497944
430.34 0.00933020055412
441.38 0.00928764547747
450.62 0.00911824353776
460.05 0.0089930334084
469.69 0.00886946001277
479.52 0.00878844169377
489.56 0.00856830100883
499.81 0.00852901939962
505.6 0.0083931705011
511.46 0.0086280417895
519.77 0.00852901939962
529.43 0.00833506645414
540.52 0.00805207519446
550.56 0.00792326425093
559.51 0.00795984524951
569.91 0.00794159566856
580.51 0.00772513763448
589.94 0.00768962051282
599.53 0.00742856148495
610.67 0.00669743253354
620.59 0.00739443558695
630.68 0.00722617936083
639.45 0.00717642265583
649.84 0.00707797312275
657.37 0.00693279484205
664.98 0.00696479298622
674.23 0.00688500221751
685.19 0.00660552993532
694.72 0.00675938290473
704.38 0.00645511410673
715.83 0.00663597318246
725.78 0.00656002873799
734.19 0.00649987877389
744.4 0.00647000838355
754.76 0.00641067678631
765.26 0.00598283459267
774.12 0.00633735111578
784.89 0.00625035871872
795.81 0.00626476197543
805.02 0.00625035871872
814.34 0.00620731262196
825.67 0.00625035871872
835.23 0.00568732232005
844.91 0.00613627837864
854.69 0.00608005657546
864.59 0.00613627837864
874.6 0.00619307303862
884.72 0.00626476197543
894.97 0.00630821725562
905.33 0.00620731262196
915.82 0.00801508501246
924.29 0.0306126490771
934.99 0.0622163404199
945.82 0.114792319246
954.57 0.159925251494
965.62 0.181513769222
974.56 0.0349066199838
985.84 0.157723844645
994.97 0.164778166965
1004.17 0.234912206741
1015.8 0.223823335808
1025.2 0.0956998204367
1034.68 0.158092109731
1044.26 0.297787332482
1053.92 0.292353376542
1066.12 0.232759901904
1075.99 0.275364080559
1085.95 0.217726502712
1095.99 0.287017624624
1106.13 0.275364080559
1113.8 0.264790780746
1124.11 0.238725796302
1134.51 0.299849616966
1145.01 0.272213368153
1155.6 0.288343378935
1166.29 0.297099904321
1174.38 0.208405304194
1185.24 0.286354747469
1196.21 0.19674357646
1204.5 0.142199425338
1215.65 0.0911824353776
1224.07 0.190065702894
1235.4 0.288343378935
1243.96 0.317616361465
1255.48 0.304023287944
1264.18 0.259962416281
1275.87 0.335661350695
1284.72 0.351480382071
1293.62 0.279194037457
1305.59 0.274095611928
1314.64 0.341905489826
1323.76 0.326520192886
1336.0 0.28900625609
1345.27 0.34269112201
1354.59 0.33106212895
1363.98 0.295741415336
1373.44 0.310390182104
1386.14 0.313262649777
1395.75 0.274095611928
1405.43 0.28438248334
1415.17 0.28900625609
1424.98 0.295741415336
1434.85 0.293024437366
1441.48 0.30896622377
1448.13 0.313982812613
1454.82 0.304727083443
1464.9 0.280478873425
1475.05 0.279194037457
1485.28 0.283727789853
1495.57 0.288343378935
1505.94 0.272835326966
1512.89 0.242604855212
1516.38 0.259365008474
1523.38 0.251132237878
1533.94 0.21872491028
1544.57 0.24093538682
1555.28 0.226941313539
1566.06 0.229568271155
1573.29 0.24429069094
1584.19 0.25580511264
1595.17 0.261157231895
1606.23 0.254626664364
1613.65 0.255215888502
1624.83 0.240387081025
1636.09 0.255215888502
1643.64 0.258767600668
1655.04 0.237629184712
1666.51 0.259962416281
1670.35 0.231155902861
1678.06 0.261157231895
1685.81 0.272213368153
1693.59 0.254626664364
1705.33 0.24429069094
1713.2 0.232759901904
1725.08 0.231155902861
1733.04 0.245984710337
1745.05 0.239830591561
1753.11 0.25580511264
1765.26 0.232759901904
1773.4 0.239830591561
1785.7 0.243169528344
1793.94 0.260559824088
1806.38 0.256983560916
1814.71 0.238177490507
1823.09 0.242048365748
1835.73 0.231687841319
1844.2 0.212276179435
1856.98 0.214240259895
1865.55 0.221769234993
1874.17 0.238177490507
1887.16 0.220247072637
1895.87 0.21276719955
1904.62 0.223307764688
1913.41 0.216228891361
1926.67 0.210819486426
1935.57 0.212276179435
1944.5 0.226941313539
1953.48 0.21374923978
1967.02 0.233831962488
1976.1 0.237629184712
1985.22 0.22745688466
1994.38 0.221261847541
2003.59 0.22485447805
2012.83 0.218225706496
2026.79 0.224338906929
2036.14 0.217726502712
2045.54 0.226941313539
2054.98 0.216719911476
2064.47 0.216228891361
2074.0 0.232219779777
2078.78 0.238725796302
2083.57 0.252875359286
2093.19 0.237629184712
2102.85 0.236000634663
2117.43 0.242048365748
2127.2 0.240387081025
2137.02 0.222284806114
2146.88 0.237629184712
2156.79 0.24429069094
2166.75 0.231155902861
2176.75 0.230092025945
2186.79 0.237629184712
2196.89 0.245984710337
2207.03 0.238177490507
2217.22 0.217227298929
2227.45 0.217227298929
2232.59 0.244855364073
2242.89 0.232759901904
2253.24 0.211793342988
2263.64 0.212276179435
2274.09 0.221769234993
2284.59 0.241491876284
2295.13 0.220819929438
2305.73 0.232399820486
2316.37 0.215001341073
2327.06 0.17007300054
2332.43 0.187389643267
2343.19 0.169802939477
2354.01 0.205663775218
2364.87 0.171537877217
2375.79 0.185597419846
2386.76 0.158771354224
2392.26 0.173731100398
2403.3 0.167912512034
2414.39 0.176317139671
2425.54 0.210140241934
2436.73 0.204984530725
2442.35 0.224821743376
2453.62 0.227014966557
2464.95 0.214911320719
2476.33 0.201596491931
2487.76 0.183944318792
2493.49 0.183567870037
2505.0 0.224919947399
2510.78 0.167544246947
2516.56 0.163771575729
2522.37 0.160825455039
2534.01 0.179705178465
2545.7 0.181047300113
2557.46 0.230681250083
2563.35 0.203290511328
2575.18 0.229797413876
2587.07 0.218053849456
2593.03 0.207816080056
2605.0 0.193601047723
2617.03 0.185409195469
2623.06 0.212448036475
2635.17 0.270691205796
2647.33 0.32938447689
2653.43 0.39793906863
2665.68 0.295152191198
2677.98 0.323803214915
2684.16 0.350261015452
2696.55 0.290151969692
2702.76 0.329417211565
2715.24 0.271002185203
2727.77 0.246156567378
2734.06 0.281403627975
2746.68 0.199787901173
2753.01 0.230509393043
2765.72 0.267867840135
2772.09 0.284472503694
2784.89 0.216908135854
2797.74 0.14305871054
2804.19 0.159090517299
2817.14 0.266615738841
2823.63 0.336512452228
2836.66 0.323778663909
2843.2 0.273129939035
2856.33 0.210189343945
2862.91 0.33245335261
2876.13 0.393536254931
2882.76 0.367373066463
2896.06 0.41338165125
2909.43 0.520718648415
2929.6 0.467704843319
2949.9 0.443964020753
2970.35 0.465298844755
2990.94 0.471101065782
3011.67 0.478073551417
3032.55 0.497599784662
3046.55 0.51421263189
3067.67 0.545171450148
3088.93 0.541906166382
3110.34 0.597473276077
3131.9 0.565867948
3153.61 0.566383519121
3168.17 0.607269127373
3190.13 0.539246474092
3212.24 0.590459872099
3227.07 0.513410632368
3249.44 0.669685967674
3271.96 0.762578789785
3287.06 0.7491330223
3309.85 0.717756836944
3325.12 0.692240158295
3332.79 0.70696257808
3340.47 0.652434794296
3348.17 0.795567157853
3355.89 0.763511728004
3363.63 0.532053029406
3371.38 0.598545336661
3379.15 0.764256441845
3386.94 0.73009780917
3394.75 0.71043245356
3402.58 0.852410919846
3410.42 0.704384722475
3418.28 0.663670971263
3426.16 0.739770905438
3434.06 0.824586446656
3441.98 0.647712817522
3449.91 0.675349066335
3457.86 0.751056184417
3465.84 0.674244271076
3473.83 0.799765379837
3481.83 0.709753209067
3489.86 0.774911578344
3497.91 0.70048111256
3505.97 0.840544600398
3514.05 0.723919139388
3522.15 0.823849916484
3530.27 0.69180642386
3538.41 0.837762153079
3546.57 0.859530711516
3554.74 0.852001736417
3562.94 0.797212075239
3571.15 0.663319073514
3579.38 0.730924359697
3587.63 0.566268947761
3595.9 0.76943670406
3604.19 0.865586626269
3612.5 0.664464787116
3620.8 0.723992792406
3623.54 0.692362913323
3626.27 0.73067884964
3629.01 0.837107459592
3631.74 0.812744678213
3634.48 0.820330938992
3637.22 0.869023767075
3639.95 0.827123383918
3642.69 0.86517744284
3645.42 0.767317133896
3648.16 0.783864511776
3650.9 0.809454843442
3653.63 0.931137811637
3656.37 0.946441271892
3659.11 1.00896449988
3661.84 1.00569103245
3664.58 0.986868594703
3667.31 0.978112069317
3670.05 0.979339619605
3672.79 0.937521073134
3675.52 0.890219468711
3678.26 0.967964320271
3680.99 0.858139487856
3683.73 0.831788075011
3686.47 0.826386853745
3689.2 0.832851951928
3691.94 0.86182213872
3694.68 0.946195761834
3697.41 0.977293702458
3700.15 0.977702885888
3702.88 0.926636793915
3705.62 0.876061722058
3708.36 0.842345007487
3711.09 0.918780472073
3713.83 0.890710488826
3716.56 0.943495151201
3719.3 1.03580693284
3722.04 1.14456788834
3724.77 1.3027582021
3727.51 1.49491074048
3730.25 1.38958692579
3732.98 1.0875277183
3735.72 0.930073934721
3738.45 0.794331423896
3741.19 0.88056273978
3743.93 0.779248922694
3746.66 0.767423521588
3749.4 0.759657220101
3752.13 0.783979083136
3754.87 0.89062865214
3757.61 0.912970067378
3760.34 0.892674569286
3763.08 0.855357040537
3765.82 0.851428879616
3768.55 0.880890086523
3771.29 0.874997845142
3774.02 0.973611051595
3776.76 1.046445702
3779.5 1.08883710528
3782.23 1.13523850615
3784.97 1.04439978486
3787.7 1.00683674605
3790.44 0.940712703882
3793.18 0.876961925602
3795.91 0.85134704293
3798.65 0.843490721088
3801.39 0.909287416514
3804.12 0.92516373357
3806.86 1.00405429873
3809.59 0.980894516636
3812.33 0.942185764227
3815.07 0.93383842227
3817.8 0.826796037174
3820.54 0.778013188737
3823.27 0.754820671967
3826.01 0.734271480149
3828.75 0.687215385783
3831.48 0.613079532069
3834.22 0.617081346007
3836.96 0.652459345301
3839.69 0.671609129791
3842.43 0.791344384863
3845.16 0.84938296247
3847.9 0.883836207214
3850.64 0.906832315939
3853.37 0.903231501761
3856.11 0.878271312576
3858.84 0.859530711516
3861.58 0.911988027148
3864.32 0.969437380616
3867.05 0.971155951019
3869.79 0.956098000822
3872.53 0.927291487402
3875.26 0.891365182313
3878.0 0.873770294854
3880.73 0.881626616696
3883.47 0.859367038144
3886.21 0.87147886765
3888.94 0.88588212436
3891.68 0.934656789129
3894.41 0.981303700065
3897.15 0.998325730723
3899.89 1.03793468668
3902.62 1.0447271316
3905.36 1.0667412001
3908.1 1.11371545778
3910.83 1.1280368778
3913.57 1.15872563499
3916.3 1.1344201393
3919.04 1.07918037635
3921.78 0.993497366257
3924.51 0.928846384433
3927.25 0.803497132712
3929.98 0.670291559149
3932.72 0.615821061045
3935.46 0.590263464053
3938.19 0.657369546453
3940.93 0.767153460525
3943.67 0.908141702912
3946.4 0.988832675164
3949.14 1.08760955499
3951.87 1.11739810864
3954.61 1.1344201393
3957.35 1.04840978246
3960.08 0.991369612425
3962.82 0.836534602791
3965.55 0.655315445638
3968.29 0.592816768652
3971.03 0.628292971969
3973.76 0.745712248831
3976.5 0.929419241234
3979.24 1.09014649225
3981.97 1.18172174372
3984.71 1.26085781894
3987.44 1.29629310391
3990.18 1.34228532136
3992.92 1.35758878162
3995.65 1.3906508027
3998.39 1.4057087529
4001.12 1.42592241431
4003.86 1.4230581303
4006.6 1.4462179124
4009.33 1.4560383147
4012.07 1.50243971558
4014.81 1.54286703839
4017.54 1.5508870336
4020.28 1.54384907862
4023.01 1.52633602785
4025.75 1.54041193781
4028.49 1.5138968516
4031.22 1.44253526153
4033.96 1.41929364275
4036.69 1.46626790043
4039.43 1.47911626011
4042.17 1.47477891576
4044.9 1.44245342485
4047.64 1.4421260781
4050.38 1.45301035732
4053.11 1.46913218444
4055.85 1.46389463654
4058.58 1.41340140137
4061.32 1.40259895884
4064.06 1.38991427253
4066.79 1.40701813987
4069.53 1.4392617941
4072.26 1.43844342724
4075.0 1.42101221315
4077.74 1.41675670549
4080.47 1.44859117629
4083.21 1.48689074527
4085.95 1.53803867392
4088.68 1.57920252691
4091.42 1.56774539089
4094.15 1.49949359489
4096.89 1.42747731134
4099.63 1.34760470594
4102.36 1.33622940661
4105.1 1.36732734723
4107.83 1.40521773278
4110.57 1.4652858602
4113.31 1.51749766578
4116.04 1.5052221629
4118.78 1.51479705514
4121.52 1.51962541961
4124.25 1.50383093924
4126.99 1.5063678765
4129.72 1.46626790043
4132.46 1.45235566384
4135.2 1.48189870743
4137.93 1.50612236644
4140.67 1.5052221629
4143.4 1.47887075005
4146.14 1.47175095838
4148.88 1.43991648759
4151.61 1.45423790761
4154.35 1.47682483291
4157.09 1.47035973472
4159.82 1.4728148353
4162.56 1.50702256999
4165.29 1.51209644451
4168.03 1.4641401466
4170.77 1.42649527111
4173.5 1.3802575436
4176.24 1.39621569734
4178.97 1.42551323088
4181.71 1.41732956229
4184.45 1.46536769689
4187.18 1.48484482812
4189.92 1.45857525196
4192.66 1.47764319976
4195.39 1.46692259392
4198.13 1.43214200243
4200.86 1.39678855414
4203.6 1.45554729458
4206.34 1.50587685638
4209.07 1.55972539568
4211.81 1.55546988801
4214.54 1.54908662651
4217.28 1.5549788679
4220.02 1.52625419116
4222.75 1.47772503645
4225.49 1.40047120501
4228.23 1.36740918392
4230.96 1.4334513894
4233.7 1.48975502927
4236.43 1.53762949049
4239.17 1.5578431519
4241.91 1.56643600392
4244.64 1.59376945699
4247.38 1.56160763945
4250.11 1.52592684442
4252.85 1.515615422
4255.59 1.54900478983
4258.32 1.53869336741
4261.06 1.5566974383
4263.8 1.57085518495
4266.53 1.58591313515
4269.27 1.52363541721
4272.0 1.45636566144
4274.74 1.47412422227
4277.48 1.50538583627
4280.21 1.53484704318
4282.95 1.54253969165
4285.68 1.51013236405
4288.42 1.45219199046
4291.16 1.41683854218
4293.89 1.42043935635
4296.63 1.36258081946
4299.37 1.28499964127
4302.1 1.21838457898
4304.84 1.17100113787
4307.57 1.16306297935
4310.31 1.25602945447
4313.05 1.38123958383
4315.78 1.53378316626
4318.52 1.6660312506
4321.25 1.64499922233
4323.99 1.58763170555
4326.73 1.53222826923
4329.46 1.60972761073
4332.2 1.67216900204
4334.94 1.70842265387
4337.67 1.59687925105
4340.41 1.54303071176
4343.14 1.55939804893
4345.88 1.61791127932
4348.62 1.64385350873
4351.35 1.69107327647
4354.09 1.66766798432
4356.82 1.71848856623
4359.56 1.76439894699
4362.3 1.8123552449
4365.03 1.82561278801
4367.77 1.81718360937
4370.51 1.77160057535
4373.24 1.72937284545
4375.98 1.69303735693
4378.71 1.6937738871
4381.45 1.58787721561
4384.19 1.54573132239
4386.92 1.5595617223
4389.66 1.59417864042
4392.39 1.65203717732
4395.13 1.70678592015
4397.87 1.69230082676
4400.6 1.683380628
4403.34 1.66873186123
4406.08 1.6567837051
4408.81 1.68100736411
4411.55 1.72061632006
4414.28 1.73821120752
4417.02 1.79754280476
4419.76 1.78878627938
4422.49 1.80736320707
4425.23 1.80638116684
4427.96 1.80057076214
4430.7 1.79034117641
4433.44 1.78927729949
4436.17 1.82463074778
4438.91 1.81096402124
4441.65 1.86481256054
4444.38 1.87684255336
4447.12 1.88928172961
4449.85 1.90859518747
4452.59 1.89983866208
4455.33 1.78101179422
4458.06 1.73100957917
4460.8 1.74402161222
4463.53 1.76456262037
4466.27 1.80940912421
4469.01 1.85032746714
4471.74 1.88682662903
4474.48 1.97455555626
4477.22 1.98699473251
4479.95 1.97946575742
4482.69 1.95442373155
4485.42 1.95319618126
4488.16 1.97979310416
4490.9 1.94934985702
4493.63 1.92725395184
4496.37 1.93740170089
4499.1 1.98339391834
4501.84 2.03208674642
4504.58 2.09690140162
4507.31 2.12497138486
4510.05 2.09919282882
4512.79 2.07341427278
4515.52 2.03977939489
4518.26 2.02824042218
4520.99 2.00778125072
4523.73 1.9384655778
4526.47 1.90515804666
4529.2 1.83101400928
4531.94 1.81309177508
4534.67 1.8534372612
4537.41 1.91604232588
4540.15 1.94386679907
4542.88 1.95736985224
4545.62 1.94787679668
4548.36 1.95532393509
4551.09 1.96203454333
4553.83 1.97398269946
4556.56 2.01596491931
4559.3 2.06637631779
4562.04 2.07840631061
4564.77 2.07554202661
4567.51 2.08519875554
4570.24 2.06252999356
4572.98 2.06244815687
4575.72 2.05868366932
4578.45 2.02030226366
4581.19 2.01097288147
4583.93 1.9887951396
4586.66 2.02897695236
4589.4 2.03822449786
4592.13 2.02300287429
4594.87 2.00041594899
4597.61 1.99927023539
4600.34 2.01318247199
4603.08 2.02553981155
4605.81 2.05737428235
4608.55 2.10516690689
4611.29 2.12930872921
4614.02 2.14363014924
4616.76 2.14158423209
4619.5 2.13307321676
4622.23 2.13462811379
4624.97 2.13945647826
4627.7 2.1536960616
4630.44 2.15508728526
4633.18 2.11449628907
4635.91 2.06392121722
4638.65 2.03306878665
4641.38 2.00925431107
4644.12 1.98503065205
4646.86 1.95745168892
4649.59 1.97349167935
4652.33 1.97422820952
4655.07 2.01301879862
4657.8 2.04272551558
4660.54 2.02734021864
4663.27 2.02946797247
4666.01 1.9725914758
4668.75 1.91481477559
4671.48 1.93568313048
4674.22 1.96776311134
4676.95 1.98887697629
4679.69 1.99616044133
4682.43 2.00172533597
4685.16 2.0113820649
4687.9 2.00712655723
4690.64 2.00131615254
4693.37 1.99910656202
4696.11 1.98151167456
4698.84 1.96629005099
4701.58 1.93592864054
4704.32 1.92324395424
4707.05 1.94468516593
4709.79 1.96620821431
4712.52 1.98830411949
4715.26 2.02390307783
4718.0 2.0645759107
4720.73 2.09821078859
4723.47 2.09706507499
4726.21 2.0628573403
4728.94 2.02185716069
4731.68 1.99206860704
4734.41 2.00049778568
4737.15 2.02251185417
4739.89 2.06547611425
4742.62 2.09976568562
4745.36 2.10655813055
4748.09 2.11343241216
4750.83 2.11498730919
4753.57 2.11007710804
4756.3 2.0905999768
4759.04 2.06293917699
4761.78 2.02406675121
4764.51 2.00900880101
4767.25 2.02226634412
4769.98 2.03478735705
4772.72 2.0888814064
4775.46 2.12701730201
4778.19 2.14264810901
4780.93 2.13536464397
4783.66 2.09911099213
4786.4 2.09330058744
4789.14 2.08069773782
4791.87 2.11326873879
4794.61 2.15074994091
4797.35 2.13642852088
4800.08 2.16196156687
4802.82 2.17734686381
4805.55 2.1652350343
4808.29 2.15958830298
4811.03 2.17112727568
4813.76 2.18634889925
4816.5 2.19567828144
4819.23 2.22906764927
4821.97 2.22489397829
4824.71 2.17251849934
4827.44 2.15377789828
4830.18 2.16106136332
4832.92 2.14813116696
4835.65 2.12587158841
4838.39 2.1189973068
4841.12 2.12112506063
4843.86 2.10729466072
4846.6 2.08986344663
4849.33 2.07636039347
4852.07 2.05344612143
4854.8 2.0368332742
4857.54 1.98895881298
4860.28 1.9465674097
4863.01 1.92398048441
4865.75 1.90687661706
4868.49 1.92373497435
4871.22 1.93085476602
4873.96 1.95614230195
4876.69 1.98503065205
4879.43 2.03257776653
4882.17 2.06015672967
4884.9 2.03372348014
4887.64 2.01653777611
4890.37 2.0142463489
4893.11 2.05393714154
4895.85 2.11539649262
4898.58 2.15819707932
4901.32 2.16474401419
4904.06 2.15107728765
4906.79 2.13405525699
4909.53 2.11916098017
4912.26 2.11678771628
4915.0 2.09190936378
4917.74 2.00868145427
4920.47 1.96121617647
4923.21 1.99255962715
4925.94 2.05426448829
4928.68 2.11187751513
4931.42 2.14665810661
4934.15 2.13364607356
4936.89 2.09992935899
4939.63 2.09264589395
4942.36 2.13421893036
4945.1 2.18373012531
4947.83 2.21867439016
4950.57 2.22333908126
4953.31 2.19903358556
4956.04 2.17440074312
4958.78 2.15361422491
4961.51 2.1577060592
4964.25 2.15418708171
4966.99 2.10925874118
4969.72 2.11425077902
4972.46 2.11621485948
4975.2 2.09976568562
4977.93 2.07194121243
4980.67 2.02529430149
4983.4 1.97692882015
4986.14 1.99869737859
4988.88 2.04395306587
4991.61 2.0617116267
4994.35 2.08339834845
4997.08 2.09387344424
4999.82 2.1073764974
5002.56 2.11245037193
5005.29 2.12718097538
5008.03 2.12529873161
5010.77 2.07120468226
5013.5 2.01563757256
5016.24 1.93887476123
5018.97 1.93871108786
5021.71 1.95606046526
5024.45 1.97463739295
5027.18 1.99018636326
5029.92 2.02259369086
5032.65 2.04992714394
5035.39 2.02545797487
5038.13 1.99354166738
5040.86 1.95720617886
5043.6 1.97766535033
5046.34 2.01539206251
5049.07 2.06032040304
5051.81 2.06727652134
5054.54 2.0784881473
5057.28 2.10942241455
5060.02 2.11646036953
5062.75 2.11359608553
5065.49 2.08929058983
5068.22 2.05786530246
5070.96 2.03135021625
5073.7 2.00671737381
5076.43 1.99763350168
5079.17 1.96784494802
5081.91 1.93511027368
5084.64 1.95917025932
5087.38 2.01383716547
5090.11 2.05442816166
5092.85 2.05770162909
5095.59 2.03945204815
5098.32 2.03773347774
5101.06 2.00368941643
5103.79 1.9714457622
5106.53 1.99198677035
5109.27 1.97660147341
5112.0 2.00630819038
5114.74 2.03126837956
5117.48 2.055901222
5120.21 2.0304500127
5122.95 1.97054555866
5125.68 1.94190271861
5128.42 1.94190271861
5131.16 1.93871108786
5133.89 1.96899066163
5136.63 1.94517618604
5139.36 1.97267331249
5142.1 1.91776089628
5144.84 1.89116397338
5147.57 1.9014753958
5150.31 1.89992049877
5153.05 1.93371905002
5155.78 1.96882698826
5158.52 1.9801204509
5161.25 1.95139577417
5163.99 1.84664481628
5166.73 1.74082998147
5169.46 1.63550616678
5172.2 1.59049598956
5174.93 1.64066187798
5177.67 1.71546060885
5180.41 1.72691774487
5183.14 1.72585386796
5185.88 1.72970019219
5188.62 1.78166648771
5191.35 1.88649928229
5194.09 1.94468516593
5196.82 1.98052963433
5199.56 1.98102065445
5202.3 1.99337799401
5205.03 1.93993863815
5207.77 1.88625377223
5210.5 1.89795641831
5213.24 1.93355537665
5215.98 1.99779717505
5218.71 2.01735614297
5221.45 2.0206296104
5224.19 2.00025227562
5226.92 1.98830411949
5229.66 2.00123431585
5232.39 2.02103879383
5235.13 2.05467367172
5237.87 2.11285955536
5240.6 2.13438260374
5243.34 2.14207525221
5246.07 2.12047036714
5248.81 2.07865182067
5251.55 2.06195713676
5254.28 2.07570569998
5257.02 2.07529651655
5259.76 2.05352795811
5262.49 1.99182309698
5265.23 1.87766092021
5267.96 1.84337134884
5270.7 1.87725173679
5273.44 1.9390384346
5276.17 2.04984530725
5278.91 2.1022207862
5281.64 2.15631483554
5284.38 2.18880399983
5287.12 2.21752867656
5289.85 2.26933129871
5292.59 2.24731723021
5295.33 2.2253849984
5298.06 2.20869031449
5300.8 2.1993609323
5303.53 2.21744683988
5306.27 2.26884027859
5309.01 2.31949718714
5311.74 2.338810645
5314.48 2.3167965765
5317.22 2.29069067372
5319.95 2.24003376517
5322.69 2.20697174409
5325.42 2.13904729483
5328.16 2.09984752231
5330.9 2.10557609032
5333.63 2.16883584848
5336.37 2.20893582455
5339.1 2.20918133461
5341.84 2.18872216314
5344.58 2.1878219596
5347.31 2.21908357359
5350.05 2.25320947159
5352.79 2.30092025945
5355.52 2.35370492182
5358.26 2.36295246732
5360.99 2.33267289356
5363.73 2.29805597544
5366.47 2.24592600655
5369.2 2.19927909562
5371.94 2.17268217272
5374.67 2.19273216075
5377.41 2.23896988826
5380.15 2.27014966557
5382.88 2.26957680877
5385.62 2.2589380396
5388.36 2.22955866938
5391.09 2.20050664591
5393.83 2.15034075748
5396.56 2.13102729962
5399.3 2.09992935899
5402.04 2.08454406205
5404.77 2.09182752709
5407.51 2.08536242891
5410.24 2.11940649023
5412.98 2.17096360231
5415.72 2.20549868374
5418.45 2.21392786239
5421.19 2.2300496895
5423.93 2.22333908126
5426.66 2.20075215596
5429.4 2.19903358556
5432.13 2.1785744141
5434.87 2.17677400701
5437.61 2.21360051564
5440.34 2.24641702667
5443.08 2.26139314018
5445.81 2.23086805636
5448.55 2.21237296535
5451.29 2.20263439974
5454.02 2.2028799098
5456.76 2.17521910998
5459.5 2.1797201277
5462.23 2.19453256784
5464.97 2.20787194763
5467.7 2.22063847063
5470.44 2.20852664112
5473.18 2.18176604485
5475.91 2.15615116217
5478.65 2.14870402376
5481.38 2.16687176802
5484.12 2.17644666026
5486.86 2.19453256784
5489.59 2.22464846823
5492.33 2.2294768327
5495.07 2.21777418662
5497.8 2.22841295578
5500.54 2.23201376996
5503.27 2.20500766363
5506.01 2.18495767559
5508.75 2.17922910758
5511.48 2.16998156208
5514.22 2.18536685902
5516.95 2.208035621
5519.69 2.21761051325
5522.43 2.22988601613
5525.16 2.20705358077
5527.9 2.1629436071
5530.64 2.2028799098
5533.37 2.19641481161
5536.11 2.21973826708
5538.84 2.21924724697
5541.58 2.28651700274
5544.32 2.24928131067
5547.05 2.29576454824
5549.79 2.24134315215
5552.52 2.27047701231
5555.26 2.25255477811
5558.0 2.26163865024
5560.73 2.21171827187
5563.47 2.22587601852
5566.21 2.22464846823
5568.94 2.22964050607
5571.68 2.16605340116
5574.41 2.20058848259
5577.15 2.20124317608
5579.89 2.2057441938
5582.62 2.19960644236
5585.36 2.1652350343
5588.09 2.14412116935
5590.83 2.13896545814
5593.57 2.15582381543
5596.3 2.1727640094
5599.04 2.17677400701
5601.78 2.16016115978
5604.51 2.19150461046
5607.25 2.24649886335
5609.98 2.25566457217
5612.72 2.25009967753
5615.46 2.22292989783
5618.19 2.18364828862
5620.93 2.1831572685
5623.66 2.18806746966
5626.4 2.20435297014
5629.14 2.23528723739
5631.87 2.25353681834
5634.61 2.23586009419
5637.35 2.22759458892
5640.08 2.20950868135
5642.82 2.22268438777
5645.55 2.24371641604
5648.29 2.25320947159
5651.03 2.22931315933
5653.76 2.23422336048
5656.5 2.21482806593
5659.23 2.16400748401
5661.97 2.16400748401
5664.71 2.18168420816
5667.44 2.21875622685
5670.18 2.24666253673
5672.92 2.27825149747
5675.65 2.30738535763
5678.39 2.28512577908
5681.12 2.27686027381
5683.86 2.25509171537
5686.6 2.25681028577
5689.33 2.23070438299
5692.07 2.257792326
5694.8 2.27186823597
5697.54 2.28749904297
5700.28 2.25623742897
5703.01 2.19330501755
5705.75 2.18053849456
5708.49 2.16613523785
5711.22 2.18168420816
5713.96 2.21695581976
5716.69 2.24060662197
5719.43 2.31139535524
5722.17 2.32678065218
5724.9 2.33619187105
5727.64 2.32399820486
5730.37 2.32637146875
5733.11 2.31262290552
5735.85 2.31606004633
5738.58 2.33586452431
5741.32 2.32980860955
5744.06 2.32571677526
5746.79 2.32301616463
5749.53 2.30484842037
5752.26 2.27604190695
5755.0 2.28635332937
5757.74 2.2739959898
5760.47 2.28340720867
5763.21 2.28185231164
5765.94 2.30476658368
5768.68 2.31663290313
5771.42 2.31753310668
5774.15 2.29936536242
5776.89 2.28307986193
5779.63 2.25018151422
5782.36 2.2167103097
5785.1 2.19518726133
5787.83 2.21466439256
5790.57 2.24879029056
5793.31 2.29560087487
5796.04 2.30795821443
5798.78 2.33979268523
5801.51 2.36753532173
5804.25 2.34543941655
5806.99 2.3086947446
5809.72 2.34085656214
5812.46 2.32817187584
5815.2 2.33512799413
5817.93 2.3307088131
5820.67 2.33758309471
5823.4 2.3746551134
5826.14 2.36164308035
5828.88 2.36049736675
5831.61 2.39683285527
5834.35 2.3648347111
5837.08 2.3595971632
5839.82 2.37089062585
5842.56 2.40092468956
5845.29 2.36982674894
5848.03 2.3474853337
5850.77 2.30312984997
5853.5 2.23536907408
5856.24 2.23586009419
5858.97 2.20754460089
5861.71 2.20378011334
5864.45 2.17235482597
5867.18 2.17931094427
5869.92 2.23602376757
5872.65 2.2555008988
5875.39 2.27612374363
5878.13 2.28258884182
5880.86 2.20819929438
5883.6 2.1785744141
5886.34 2.11097731158
5889.07 2.02423042458
5891.81 1.94861332685
5894.54 1.94067516832
5897.28 2.00262553951
5900.02 2.09117283361
5902.75 2.16335279053
5905.49 2.19265032406
5908.22 2.21589194285
5910.96 2.24371641604
5913.7 2.23790601134
5916.43 2.24240702906
5919.17 2.24707172016
5921.91 2.23594193088
5924.64 2.24584416987
5927.38 2.25067253433
5930.11 2.22620336526
5932.85 2.23037703624
5935.59 2.24248886575
5938.32 2.26409375081
5941.06 2.2809521081
5943.79 2.27088619574
5946.53 2.24003376517
5949.27 2.23716948117
5952.0 2.21973826708
5954.74 2.21572826947
5957.48 2.2253849984
5960.21 2.24592600655
5962.95 2.27677843712
5965.68 2.30231148311
5968.42 2.31859698359
5971.16 2.31188637535
5973.89 2.30345719671
5976.63 2.27195007266
5979.36 2.24502580301
5982.1 2.23618744094
5984.84 2.2306225463
5987.57 2.23266846345
5990.31 2.24518947638
5993.05 2.24388008941
5995.78 2.24960865742
5998.52 2.24829927044
6001.25 2.23970641843
6003.99 2.21711949313
6006.73 2.20361643997
6009.46 2.19510542464
6012.2 2.20648072397
6014.93 2.20328909322
6017.67 2.18577604245
6020.41 2.19461440452
6023.14 2.22669438538
6025.88 2.24404376278
6028.62 2.25059069765
6031.35 2.2820978217
6034.09 2.3086947446
6036.82 2.29813781213
6039.56 2.29281842755
6042.3 2.29510985475
6045.03 2.29871066893
6047.77 2.30542127717
6050.5 2.30599413397
6053.24 2.30083842276
6055.98 2.28561679919
6058.71 2.27129537917
6061.45 2.25918354966
6064.19 2.26196599698
6066.92 2.2815249649
6069.66 2.31000413158
6072.39 2.32399820486
6075.13 2.32072473742
6077.87 2.29568271155
6080.6 2.28455292228
6083.34 2.23463254391
6086.07 2.25541906211
6088.81 2.23602376757
6091.55 2.24404376278
6094.28 2.25255477811
6097.02 2.25140906451
6099.76 2.25713763252
6102.49 2.2202292872
6105.23 2.24666253673
6107.96 2.2491176373
6110.7 2.23013152618
6113.44 2.26221150704
6116.17 2.23970641843
6118.91 2.22693989544
6121.64 2.22072030731
6124.38 2.22383010137
6127.12 2.23937907169
6129.85 2.24363457935
6132.59 2.21777418662
6135.33 2.20091582933
6138.06 2.21098174169
6140.8 2.20050664591
6143.53 2.22432112149
6146.27 2.22162051086
6149.01 2.25410967514
6151.74 2.21147276181
6154.48 2.19412338441
6157.21 2.15705136572
6159.95 2.09100916023
6162.69 2.05811081252
6165.42 2.06768570477
6168.16 2.07128651894
6170.9 2.09780160516
6173.63 2.12472587481
6176.37 2.15124096102
6179.1 2.16507136093
6181.84 2.15721503909
6184.58 2.17014523545
6187.31 2.15083177759
6190.05 2.14657626993
6192.78 2.14403933267
6195.52 2.14772198353
6198.26 2.15443259177
6200.99 2.21180010855
6203.73 2.21711949313
6206.47 2.20672623403
6209.2 2.14330280249
6211.94 2.12971791264
6214.67 2.09829262527
6217.41 2.0877356928
6220.15 2.11367792222
6222.88 2.13078178956
6225.62 2.13618301082
6228.35 2.11834261331
6231.09 2.07775161713
6233.83 2.08560793897
6236.56 2.09567385133
6239.3 2.06793121482
6242.04 2.06261183024
6244.77 2.06653999116
6247.51 2.09264589395
6250.24 2.02185716069
6252.98 2.05164571434
6255.72 2.07529651655
6258.45 2.07030447871
6261.19 2.04010674163
6263.92 2.10999527135
6266.66 2.13143648305
6269.4 2.12914505584
6272.13 2.17783788392
6274.87 2.13127280967
6277.61 2.13323689013
6280.34 2.11646036953
6283.08 2.11768791982
6285.81 2.18102951467
6288.55 2.21793785999
6291.29 2.21147276181
6294.02 2.2317682599
6296.76 2.22358459132
6299.49 2.23414152379
6302.23 2.21540092273
6304.97 2.18078400461
6307.7 2.18994971343
6310.44 2.2086084778
6313.18 2.17922910758
6315.91 2.21564643279
6318.65 2.1033664998
6321.38 2.17006339877
6324.12 2.14379382261
6326.86 2.19625113824
6329.59 2.22743091555
6332.33 2.21057255827
6335.06 2.18937685663
6337.8 2.17808339398
6340.54 2.17325502952
6343.27 2.20279807311
6346.01 2.19813338202
6348.75 2.19813338202
6351.48 2.20558052043
6354.22 2.25173641125
6356.95 2.16769013488
6359.69 2.13855627471
6362.43 2.13831076466
6365.16 2.15647850892
6367.9 2.205171337
6370.63 2.23798784803
6373.37 2.24756274027
6376.11 2.26221150704
6378.84 2.2451076397
6381.58 2.23839703146
6384.32 2.25124539113
6387.05 2.26327538395
6389.79 2.24960865742
6392.52 2.22988601613
6395.26 2.21310949553
6398.0 2.18651257262
6400.73 2.17464625318
6403.47 2.22816744572
6406.2 2.23946090837
6408.94 2.22931315933
6411.68 2.18921318326
6414.41 2.18954053
6417.15 2.20369827665
6419.89 2.18021114781
6422.62 2.23283213682
6425.36 2.23356866699
6428.09 2.24461661958
6430.83 2.2583651828
6433.57 2.22513948835
6436.3 2.21490990262
6439.04 2.23078621967
6441.77 2.24707172016
6444.51 2.2253849984
6447.25 2.23806968471
6449.98 2.21973826708
6452.72 2.19461440452
6455.46 2.22931315933
6458.19 2.26278436384
6460.93 2.26753089162
6463.66 2.29044516366
6466.4 2.26229334372
6469.14 2.25656477571
6471.87 2.2664670147
6474.61 2.28856291988
6477.34 2.26262069047
6480.08 2.28046108798
6482.82 2.24633518998
6485.55 2.23839703146
6488.29 2.23373234036
6491.03 2.18733093948
6493.76 2.12742648544
6496.5 2.11866996005
6499.23 2.13520097059
6501.97 2.14002933506
6504.71 2.17824706735
6507.44 2.24944498405
6510.18 2.27145905254
6512.91 2.27186823597
6515.65 2.2722774194
6518.39 2.29224557075
6521.12 2.27915170101
6523.86 2.25312763491
6526.6 2.25615559229
6529.33 2.28561679919
6532.07 2.26834925848
6534.8 2.27039517562
6537.54 2.31286841558
6540.28 2.38087470153
6543.01 2.4180285569
6545.75 2.44912649753
6548.48 2.43545977099
6551.22 2.41909243382
6553.96 2.38562122931
6556.69 2.40501652385
6559.43 2.4805517849
6562.17 2.57949233809
6564.9 2.55837847314
6567.64 2.40542570728
6570.37 2.34232962249
6573.11 2.30051107602
6575.85 2.39601448841
6578.58 2.53824664842
6581.32 2.79627771892
6584.05 2.86641175869
6586.79 2.79717792246
6589.53 2.56533459144
6592.26 2.40804448123
6595.0 2.28610781931
6597.74 2.24306172255
6600.47 2.23864254151
6603.21 2.2387243782
6605.94 2.19870623882
6608.68 2.20885398786
6611.42 2.2242392848
6614.15 2.23078621967
6616.89 2.2583651828
6619.62 2.26466660761
6622.36 2.25574640886
6625.1 2.23275030013
6627.83 2.23651478768
6630.57 2.20451664351
6633.31 2.17374604963
6636.04 2.17693768038
6638.78 2.1727640094
6641.51 2.21990194045
6644.25 2.21139092512
6646.99 2.20885398786
6649.72 2.19567828144
6652.46 2.17071809225
6655.19 2.18692175605
6657.93 2.21998377714
6660.67 2.17415523306
6663.4 2.16998156208
6666.14 2.17841074073
6668.88 2.1704725822
6671.61 2.16220707693
6674.35 2.16539870767
6677.08 2.1652350343
6679.82 2.16417115739
6682.56 2.17546462003
6685.29 2.18291175845
6688.03 2.17129094906
6690.76 2.18127502473
6693.5 2.18373012531
6696.24 2.18700359274
6698.97 2.19289583412
6701.71 2.1797201277
6704.45 2.17055441888
6707.18 2.19731501516
6709.92 2.25648293903
6712.65 2.31949718714
6715.39 2.35272288159
6718.13 2.34707615027
6720.86 2.3248984084
6723.6 2.29412781452
6726.33 2.30795821443
6729.07 2.33103615984
6731.81 2.32948126281
6734.54 2.26556681116
6737.28 2.20901766123
6740.02 2.17791972061
6742.75 2.14690361667
6745.49 2.11441445239
6748.22 2.11989751034
6750.96 2.10475772346
6753.7 2.08577161234
6756.43 2.10050221579
6759.17 2.12472587481
6761.9 2.13266403333
6764.64 2.13765607117
6767.38 2.11637853285
6770.11 2.1108954749
6772.85 2.13209117653
6775.59 2.1282448523
6778.32 2.1444485161
6781.06 2.14854035039
6783.79 2.09861997202
6786.53 2.07971569759
6789.27 2.09911099213
6792.0 2.19314134418
6794.74 2.15140463439
6804.69 2.15762422252
6820.37 2.15746054915
6836.09 2.16719911476
6851.85 2.16204340355
6867.65 2.07415080295
6883.48 2.1270991387
6899.35 2.15156830777
6915.25 2.14641259656
6931.19 2.16114320001
6947.17 2.20116133939
6963.19 2.19084991697
6979.24 2.22620336526
6995.32 2.19044073355
7011.45 2.14043851849
7027.62 2.22563050846
7043.81 2.19494175127
7060.05 2.16957237865
7076.33 2.09575568801
7092.64 2.06212081013
7108.99 2.07145019232
7125.38 2.07120468226
7141.8 2.04264367889
7158.27 2.05663775218
7174.77 2.04223449547
7191.31 1.97275514918
7207.89 1.97709249353
7224.5 2.09894731876
7241.16 2.06997713197
7257.85 2.06498509413
7274.58 2.16711727808
7291.35 2.06465774739
7308.16 2.11736057308
7325.01 2.13184566647
7341.89 2.19641481161
7358.82 2.17112727568
7375.78 2.21638296296
7392.78 2.15574197874
7409.83 2.25713763252
7426.91 2.21572826947
7444.03 2.27759680398
7461.19 2.29322761098
7478.39 2.23561458414
7495.63 2.26654885139
7512.91 2.24036111192
7530.23 2.24535314975
7547.59 2.29740128196
7564.98 2.23463254391
7582.42 2.26024742658
7599.9 2.18332094188
7617.42 2.17808339398
7634.98 2.23888805157
7652.58 2.19273216075
7670.22 2.01817450982
7687.91 2.11793342988
7705.63 2.11768791982
7723.39 2.06932243848
7741.2 2.10271180631
7759.04 2.04526245284
7776.92 2.09747425842
7794.86 2.05901101607
7812.82 2.11163200507
7830.83 2.14076586523
7848.89 2.12096138726
7866.98 2.15516912194
7885.11 2.11081363821
7903.29 2.03896102803
7921.51 2.0015616626
7939.77 2.01522838913
7958.08 2.04305286232
7976.42 2.10009303236
7994.81 2.05680142555
8013.24 2.1045122134
8031.71 2.10909506781
8050.22 2.15304136811
8068.78 2.15778789589
8087.38 2.10361200986
8106.03 2.0460808197
8124.71 2.06956794854
8143.44 2.0981289519
8162.21 2.07390529289
8181.03 2.13675586763
8199.89 2.12668995527
8218.79 2.13626484751
8237.74 1.85188236417
8256.73 2.17554645672
8275.76 2.18536685902
8294.84 2.08200712479
8313.96 1.9789747373
8333.13 2.0767695769
8352.34 2.08618079577
8371.59 2.07161386569
8390.89 1.96907249831
8410.23 2.06162979001
8429.62 2.06138427996
8449.05 1.98666738577
8468.53 2.00941798444
8488.05 2.01383716547
8507.62 1.48247156423
8527.23 1.94509434936
8546.89 1.65915696899
8566.59 1.97169127226
8586.34 2.01277328856
8606.13 1.94419414581
8625.97 1.99845186853
8645.85 2.01211859507
8665.79 1.89067295327
8685.76 1.89476478756
8705.78 1.97021821191
8725.86 2.00663553712
8745.97 1.94722210319
8766.13 1.96956351843
8786.34 2.02922246241
8806.59 2.01498287908
8826.9 2.03339613339
8847.24 1.93723802752
8867.64 1.97300065923
8888.08 1.85818378898
8908.57 1.90998641113
8929.11 1.89230968698
8949.69 1.9095772277
8970.32 1.86587643745
8991.0 1.88731764915
9011.73 1.80212565917
9032.5 1.76906363809
9053.32 2.03094103282
9074.19 1.97537392312
9095.11 1.86031154281
9116.08 1.83887033112
9137.09 1.9431302689
9158.15 1.89861111179
9179.27 1.80048892546
9200.43 1.90695845375
9221.64 1.80842708398
9242.89 1.83756094415
9264.2 1.84157094175
9285.56 1.91489661228
9306.96 1.69860225157
9328.42 1.94108435175
9349.92 1.93633782397
9371.48 1.90515804666
9393.08 1.93142762282
9414.73 1.89599233785
9436.44 1.93993863815
9458.19 1.91751538623
9480.0 1.95286883451
9501.85 1.91702436611
9523.75 1.92561721812
9545.71 1.88592642549
9567.71 1.91636967262
9589.76 1.94280292215
9611.87 1.92029783354
9634.03 1.92889068556
9656.24 1.89787458162
9678.5 1.89762907156
9700.81 1.91939763
9723.17 1.87111398535
9745.59 1.86661296762
9768.06 1.87496030958
9790.57 1.84901808017
9813.14 1.88748132252
9835.76 1.87430561609
9858.44 1.87839745039
9881.16 1.86522174397
9903.94 1.8436168589
9926.77 1.85613787184
9949.65 1.86022970613
9972.59 1.85998419607
9995.58 1.85122767068
10018.62 1.85098216063
10064.87 1.8251217679
10134.63 1.8413254317
10181.42 1.8239760543
10228.41 1.82348503418
10275.62 1.82724952173
10299.3 1.81440116205
10490.78 1.75907956241
10710.46 1.69009123624
10909.58 1.63272371946
11112.4 1.56643600392
11292.96 1.53075520888
11502.92 1.5167611356
11689.83 1.47535177256
11907.16 1.42526772082
12100.63 1.39605202397
12297.25 1.37060081467
12497.06 1.33320144923
12700.12 1.30292187547
12906.48 1.2732151585
13086.03 1.24710925572
13298.66 1.21314703109
13514.75 1.19096928922
13702.76 1.16928256747
13893.38 1.12959177483
14086.66 1.08621833133
14315.55 1.06878711724
14514.7 1.0713240545
14716.62 1.03727999319
14887.03 1.04448162154
15094.14 1.04693672212
15304.1 1.0615036522
15517.0 1.05176508658
15696.69 1.0349067293
15915.05 0.999798791068
16099.34 1.00438164548
16285.77 0.99521593666
16512.31 0.979257782919
16703.52 0.965836566439
16896.94 0.946032088462
17092.6 0.922381286251
17290.51 0.886946001277
17490.73 0.858794181343
17693.27 0.82589583363
17898.15 0.797825850382
18105.4 0.76191591263
18315.04 0.741153945429
18484.52 0.715989164529
18698.56 0.686920773714
18915.06 0.666666193966
19090.09 0.652991283759
19311.15 0.630821725562
19489.82 0.60520684289
19715.51 0.586007956389
19897.94 0.567422845031
20082.04 0.557062320602
20314.59 0.536914128545
20502.56 0.528329460199
20692.26 0.513934387158
20883.73 0.49992394654
21076.97 0.490799156067
21321.01 0.478523653189
21518.3 0.467631190302
21717.42 0.451754873247
21918.35 0.442490960408
22121.17 0.429446192683
22274.5 0.417743546606
22480.61 0.407293001823
22688.61 0.396195947221
22898.55 0.355555849026
23110.44 0.351480382071
23324.26 0.307542265436
23485.95 0.29034019407
23703.25 0.294374742682
23922.58 0.270339308047
24088.39 0.26176282337
24311.29 0.258767600668
24479.8 0.242048365748
24706.32 0.238725796302
24877.56 0.201792899977
25107.76 0.199026819995
25281.81 0.200401676317
25515.73 0.198568534554
25692.61 0.201792899977
25870.69 0.197651963673
26110.08 0.1972018619
26291.05 0.19182519164
26473.31 0.189631968459
26718.24 0.186170276647
26903.46 0.183191421282
27089.93 0.180261667929
27277.73 0.176161649968
27530.11 0.173739284066
27720.95 0.169393756047
27913.09 0.167069594169
28106.6 0.163648820701
28301.41 0.161030046753
28497.57 0.157363763227
28695.12 0.154139397804
28894.01 0.15167611356
29094.31 0.148558135829
29295.97 0.145178280703
29499.06 0.142526772082
29703.52 0.13993254914
29909.43 0.137060081467
30116.74 0.13455587888
30325.52 0.132100778304
30465.48 0.130292187547
30676.65 0.128205352058
30889.3 0.125864822842
31103.4 0.12385164037
31319.02 0.122157620973
31536.1 0.119923479449
31681.65 0.117738439937
31901.28 0.116118073557
32122.39 0.114260380788
32270.68 0.112435422694
32494.36 0.110896893
32719.62 0.109873934426
32870.63 0.109873934426
33098.46 0.108368139407
33327.91 0.103973509376
33481.73 0.101371102766
33713.84 0.0990633082252
33869.44 0.0970337584161
34104.2 0.0950369432813
34261.64 0.0933020055412
34499.12 0.0915998024754
34738.28 0.089930334084
34898.61 0.0880890086523
35059.68 0.086476825941
35302.72 0.084700969858
35465.66 0.083162440164
35711.48 0.0816402778071
35876.34 0.0799658992146
36125.01 0.0786876101815
36291.74 0.0770737907365
36459.29 0.0754927059658
36711.99 0.0741153945429
36881.43 0.0724279220806
37137.11 0.0711062596041
37308.51 0.0699687296707
37480.75 0.0682190613272
37740.53 0.067282849641
37914.72 0.0660552993532
38089.76 0.0648498449706
38265.56 0.0636656681263
38530.78 0.0626476197543
38708.66 0.0612220246867
38887.32 0.0602432579239
39066.8 0.0591433728661
39337.62 0.0580639469797
39519.19 0.0568732232005
39701.59 0.055834715657
39884.87 0.0545637919257
40068.96 0.0538149862502
40253.89 0.0529548826819
40532.94 0.0518689098606
40720.02 0.051039085866
40907.96 0.050107784381
41096.82 0.0493066032265
41286.5 0.0485185159418
41477.05 0.0477427041599
41668.54 0.0468711434555
41860.85 0.0461215194131
42054.06 0.0452802382826
42345.59 0.0446590978369
42541.04 0.0438440044458
42737.38 0.0432416864379
42934.68 0.0414862895264
43132.85 0.0397104334434
43331.92 0.0396195947221
43531.92 0.0380106854782
43732.89 0.0371456717087
43934.73 0.036467245583
44137.51 0.0353108932119
44341.27 0.0346660201274
44545.93 0.0341119857642
44648.61 0.0332584291307
44854.68 0.0329539966593
45061.76 0.0324269684025
45269.74 0.0317616361465
45478.68 0.0314702975448
45688.64 0.0310390182104
45899.51 0.0301928268787
46111.36 0.0301232656957
46324.23 0.0296420659829
46538.04 0.0292353376542
46752.83 0.0291011254894
46860.6 0.0285700053982
47076.94 0.0281133566911
47294.22 0.0280478873425
47512.5 0.0274733938078
47731.85 0.0272213368153
47952.15 0.0269095390422
48062.69 0.0262974006321
48284.52 0.0263579597796
48507.42 0.0258170192861
48731.31 0.0254045623894
48956.23 0.0251132237878
49069.07 0.0247122240271
49295.6 0.0245420037205
49523.12 0.0241491876284
49751.7 0.0239830591561
49866.38 0.0235452328868
50096.59 0.0233291840362
50327.81 0.0230092025945
50443.82 0.022641755875
50676.64 0.0224338906929
50793.51 0.0222792193567
50910.59 0.0222284806114
51027.94 0.0220247072637
51145.56 0.0218225706496
51263.46 0.0217227298929
51381.63 0.0215729687578
51500.12 0.021374923978
51618.83 0.021276719955
51737.82 0.0212276179435
51857.08 0.0209845629865
51976.61 0.0208405304194
52096.42 0.0207447814969
52216.5 0.0205541020189
52336.93 0.0204133429192
52457.56 0.0202725838195
52578.48 0.0202259369086
52699.68 0.0201792899977
52821.16 0.0199943390876
52942.91 0.0198110249113
53065.01 0.019674357646
53187.33 0.0195393271143
53309.93 0.0194493067599
53432.81 0.0193601047723
53555.98 0.0192267109743
53679.43 0.0190941355433
53803.16 0.0190065702894
53927.24 0.0189190050355
54051.55 0.018788884705
54176.14 0.0186595827414
54301.02 0.0184885440679
54426.19 0.0184034339147
54551.64 0.0183191421282
54677.39 0.018193113632
54803.49 0.0180261667929
54929.81 0.0179435117402
55056.43 0.0178199383445
55183.34 0.0177381016587
55310.54 0.0177381016587
55438.03 0.0175752466538
55565.88 0.0173739284066
55693.97 0.0173739284066
55822.35 0.0172544468453
55951.02 0.0171357836508
56079.99 0.0170572204324
56209.26 0.016978657214
56338.83 0.0168231675108
56468.75 0.0167847042685
56598.92 0.0167454226593
56729.38 0.0166308512991
56860.15 0.0165162799389
56991.21 0.0164025269455
57122.58 0.0164025269455
57254.32 0.0163272371946
57386.29 0.0162519474436
57518.57 0.0161774760595
57651.16 0.0161030046753
57784.05 0.0160293516581
57917.24 0.0159925251494
58050.75 0.0159188721322
58184.62 0.0158452191149
58318.74 0.0158092109731
58453.17 0.0157723844645
58587.91 0.0157363763227
58722.96 0.0157003681809
58858.32 0.0156643600392
58993.99 0.0156643600392
59130.04 0.0156283518974
59266.34 0.0156643600392
59402.95 0.0156643600392
59539.88 0.0156643600392
59677.12 0.0157363763227
59814.69 0.0158092109731
59952.63 0.0158452191149
60090.82 0.0159556986408
60229.34 0.0160661781667
60368.17 0.0162143025681
60507.32 0.0163272371946
60646.8 0.0165162799389
60786.59 0.0167847042685
60926.77 0.0170572204324
61067.21 0.0173739284066
61207.98 0.0177790200016
61349.07 0.0183191421282
61490.48 0.018788884705
61632.22 0.0194493067599
61774.36 0.0201326430867
61916.75 0.020888814064
62059.48 0.0217227298929
62202.52 0.022537823284
62345.9 0.0232219779777
62489.62 0.0238177490507
62633.66 0.0242048365748
62778.1 0.0243726017808
62922.81 0.0241491876284
63067.85 0.0237089062585
63213.23 0.0230623964403
63358.94 0.022485447805
63504.99 0.0217227298929
63651.44 0.0210328466311
63798.16 0.0202725838195
63945.22 0.0195843372915
64092.62 0.0189190050355
64240.36 0.0184885440679
64388.44 0.0179844300831
64536.86 0.0175351466778
64685.69 0.0171357836508
64834.8 0.0167069594169
64984.24 0.0163648820701
65134.04 0.0160293516581
65284.18 0.0157363763227
65434.66 0.0154851376971
65585.49 0.0152723623139
65736.74 0.0151324215811
65888.27 0.0149932992152
66040.15 0.0148558135829
66192.38 0.0147535177256
66344.95 0.0146520402351
66497.88 0.0145513811115
66651.24 0.0144515403548
66804.87 0.0143852526393
66958.87 0.0142862302494
67113.21 0.0142199425338
67267.91 0.0141544731852
67422.96 0.014057087529
67578.38 0.013993254914
67734.23 0.0138966876247
67890.37 0.0138009387023
68046.85 0.0137371060873
68203.71 0.0136429938986
68360.92 0.0135799796505
68518.5 0.0135177837692
68676.51 0.013455587888
68834.82 0.0134244899474
68993.49 0.013363112433
69152.52 0.0133320144923
69311.92 0.0133017349186
69471.69 0.0132714553448
69631.83 0.0132403574042
69792.41 0.0132100778304
69953.29 0.0131797982567
70114.53 0.0131495186829
70276.15 0.0131495186829
70438.15 0.0131192391091
70600.51 0.0131192391091
70763.33 0.0131495186829
70926.44 0.0131495186829
71089.93 0.0132100778304
71253.8 0.0132403574042
71418.05 0.0133017349186
71582.67 0.013363112433
71747.68 0.013455587888
71913.14 0.0135488817098
72078.9 0.0136429938986
72245.05 0.0137371060873
72411.57 0.0138966876247
72578.49 0.014057087529
72745.79 0.0142862302494
72913.47 0.0145513811115
73081.62 0.0148558135829
73250.08 0.015167611356
73418.93 0.0155203274721
73588.17 0.0158452191149
73757.79 0.0162519474436
73927.81 0.0167069594169
74098.3 0.0171357836508
74269.1 0.0176161649968
74440.29 0.0180679035027
74611.89 0.0184885440679
74783.87 0.0190065702894
74956.25 0.01972018619
75129.03 0.0204599898301
75302.29 0.0210819486426
75475.87 0.0215729687578
75649.84 0.0219739685184
75824.23 0.0222792193567
75999.01 0.022589380396
76174.19 0.0228512577908
76349.86 0.0230092025945
76525.85 0.0230623964403
76702.25 0.0230092025945
76879.05 0.0228512577908
77056.27 0.0226941313539
77233.88 0.022485447805
77411.91 0.0222284806114
77590.44 0.021872491028
77769.29 0.0215729687578
77948.56 0.0212276179435
78128.23 0.020888814064
78308.32 0.0205541020189
78488.83 0.0202259369086
78669.75 0.0198568534554
78851.18 0.0194943169371
79032.94 0.0190941355433
79215.11 0.0186595827414
79397.71 0.018193113632
79580.73 0.0176161649968
79900.29 0.0158345803457
80518.12 0.0160907291724
81135.93 0.0122010314938
81753.74 0.0128221719395
82371.56 0.0116870971067
82989.37 0.0100945552
83607.2 0.0102876897786
84225.01 0.00866486829813
84842.83 0.00737643151606
85460.64 0.00875161518514
86078.47 0.00837843989765
86696.27 0.00818939715333
87314.09 0.00821722162652
87931.91 0.00713722288331
88549.72 0.00739206232306
89167.53 0.00646239757177
89785.35 0.00699638194696
90403.16 0.00672386578307
91020.99 0.00681388613751
91638.8 0.00636836721972
92256.62 0.00655380914986
92874.44 0.00683205388176
93492.25 0.00750655184657
94110.06 0.00680308369497
94727.87 0.00690014200439
95345.7 0.00696544767971
95963.51 0.00843736231146
96581.32 0.013570977615
97199.15 0.0106543181312
97816.97 0.00743371719616
98434.78 0.00657361362784
99052.6 0.00615550999982
99670.37 0.00670774395595
100288.24 0.00611442798352
100906.01 0.00584968630478
101523.89 0.00589101383114
102141.66 0.00607932004529
102759.53 0.00628342073981
103377.32 0.00623620097207
103995.09 0.00659750994011
104612.96 0.00661592319443
105230.73 0.0070864023014
105848.61 0.00613038613726
106466.38 0.0065009426508
107084.15 0.00630764439882
107702.03 0.00632851275371
108319.81 0.006196100996
108937.67 0.00599920192984
109555.45 0.00546358082093
110173.32 0.00540727718106
110791.1 0.00607195474356
111408.87 0.00716823898725
112026.75 0.00962644935691
112644.52 0.0106633201667
113262.39 0.0101305633418
113880.16 0.00818612368589
114498.04 0.00740851149691
115115.81 0.00631926520821
115733.58 0.0060034574375
116351.46 0.00519433812447
116969.24 0.00489735279151
117587.1 0.00568552191296
118204.88 0.00575516493262
118822.76 0.0063840798634
119440.53 0.00580590367785
120058.3 0.00607432800745
120676.18 0.00639840128343
121293.96 0.00575925676692
121911.82 0.00604462129049
122529.59 0.00743911841742
123147.38 0.00722077813957
123765.25 0.00547749305752
124383.02 0.00486281771008
125000.89 0.00583888386225
125618.67 0.00560139379991
126236.54 0.00553379669739
126854.32 0.00554942750439
127472.09 0.00652819426719
128089.97 0.00818612368589
128707.74 0.00598422581633
129325.61 0.00464996049018
129943.38 0.00400934291332
130561.16 0.00400680597606
131179.03 0.00396801538696
131796.81 0.00396466008284
132414.68 0.00395819498466
133032.45 0.00391637643819
133650.32 0.00377193468766
134268.1 0.00390802909623
134885.88 0.00377610835864
135503.76 0.0037820824367
136121.52 0.00400762434291
136739.4 0.00336954370332
137357.18 0.00338443798014
137975.05 0.00314964852843
138592.81 0.00313712751549
139210.59 0.00333836392601
139828.47 0.00398200946024
140446.25 0.00413447120599
141064.11 0.00379255753249
141681.89 0.00361521743425
142299.76 0.00368248719002
142917.54 0.00332903454382
143535.31 0.00326413805194
144153.19 0.00288482501301
144684.8 0.00345702712049
145597.08 0.003115113447
146509.46 0.00302124676833
147421.75 0.00274619366717
148334.02 0.00297009883967
149246.31 0.00288940786742
150158.7 0.00278973078405
151070.99 0.00282786667966
151983.26 0.00297680944791
152895.64 0.00287950562843
153807.93 0.00292492498908
154720.21 0.00337011656012
155632.5 0.00384092301383
156544.88 0.00335661350695
157457.17 0.0032591460141
158369.45 0.00315103975209
159281.83 0.00355195767608
160194.12 0.00318737524061
161106.4 0.00308180591586
162018.78 0.00319433135891
162931.07 0.0037202139022
163843.34 0.00431410273143
164755.63 0.00462598234122
165668.03 0.00421385279126
166580.29 0.00389747216376
167492.58 0.0042078787132
168404.87 0.0043941390102
169317.25 0.00534827293056
170229.54 0.00767628113303
171141.83 0.00648432980357
172054.22 0.0048552068983
172966.49 0.00432261374676
173878.78 0.00406990206085
174791.17 0.00387398503492
175703.44 0.00349589954628
176615.73 0.00325660907684
177528.01 0.00334818432831
178440.39 0.00309228101165
179352.68 0.00316969851646
180264.95 0.002944483957
181177.34 0.00272352490519
182089.63 0.00244920833421
183001.9 0.00257941050141
183914.28 0.00248611667953
184826.57 0.00255273174182
185738.86 0.00270805777157
186651.14 0.00318876646427
187563.52 0.00371996839214
188475.81 0.00274283836305
189388.09 0.00270175634676
190300.49 0.00275552304936
191212.78 0.00251721462016
192125.03 0.00218438481879
193037.32 0.00237039960574
193949.72 0.00235370492182
194862.0 0.00259626885869
195774.29 0.00223414152379
196686.67 0.00223258662676
197598.95 0.00214125688535
198511.24 0.0021380652546
199423.53 0.00221032704821
200335.91 0.00202324838435
201248.18 0.00190679478038
202160.47 0.0020888814064
203072.86 0.00213585566408
204167.41 0.0020599930563
205923.84 0.00205320061137
207681.34 0.00201342798205
209439.73 0.00196448964391
211199.22 0.00209051814012
212959.72 0.00185081848725
214721.31 0.00191669701937
216483.78 0.0019419845553
218247.36 0.00207824263724
220011.94 0.00192406232109
221777.6 0.00176513547717
223544.27 0.00185957501264
225311.92 0.00195663332206
227080.66 0.0017759379197
228850.41 0.0018193113632
230621.15 0.00181489218217
232392.98 0.00179361464384
234165.82 0.00182405789098
235939.74 0.00189959315202
237714.76 0.00182962278562
239490.77 0.00177061853512
241267.78 0.00174025712467
243045.89 0.0017256083579
244824.98 0.00166619492397
246605.29 0.00165612901161
248386.48 0.00163542433009
250168.74 0.00162036637989
251952.12 0.00166987757483
253736.59 0.00159057782624
255522.06 0.00157437416244
257308.61 0.00173477406672
259096.27 0.00194566720616
260885.02 0.00184378053227
262674.77 0.00161406495508
264465.59 0.00150677705993
266257.55 0.00151037787411
268050.45 0.00153026418877
269844.59 0.00158975945938
271639.69 0.00155244193063
273435.91 0.00151406052497
275233.23 0.00149785686117
277031.63 0.00153591092009
278831.11 0.00151897072612
280631.69 0.00164041636793
282433.39 0.00173076406911
284236.17 0.00157584722279
286040.04 0.00145440158098
287845.0 0.00148288074766
289651.05 0.00152666337459
291458.22 0.00146340361643
293266.48 0.00144957321652
295075.82 0.00140227161209
296886.35 0.00139605202397
298697.99 0.00144711811594
300510.6 0.0014705234081
302324.43 0.00148549952161
304139.34 0.0015080864469
305955.46 0.00147887075005
307772.58 0.00150219420552
309590.88 0.00150906848713
311410.36 0.00148108034057
313230.86 0.00138934141573
315052.55 0.00144425383194
316875.39 0.00145857525196
318699.26 0.00144695444257
320524.33 0.00158067558725
322350.62 0.00152633602785
324177.94 0.0014872999287
326006.38 0.00149736584106
327836.06 0.00147125993827
329666.89 0.00150677705993
331498.8 0.00148419013463
333331.84 0.0017522052808
335166.06 0.0020518912244
337001.49 0.00172405346087
338838.07 0.00150825012027
340675.77 0.00137845713651
342514.59 0.00148099850388
344354.66 0.00152830010831
346195.87 0.0018968107047
348038.24 0.00304129675636
