101.99 1.15424866206e-09
103.89 1.50419133825e-09
106.06 2.00126088559e-09
108.03 2.71832191029e-09
110.04 4.24919299992e-09
113.91 6.8597088368e-09
117.91 1.03585144171e-08
120.94 4.44952407842e-08
124.9 6.19877157316e-08
126.93 7.10072731264e-08
128.1 7.71445477173e-08
131.09 9.23200151522e-08
132.0 1.12020790825e-07
134.14 1.25112193862e-07
136.95 1.71514462277e-07
140.14 2.01048543292e-07
143.08 5.77170919652e-07
147.08 1.35923860285e-06
150.86 1.61547602883e-06
155.08 1.92001032724e-06
159.06 2.27666176513e-06
162.02 2.56035541955e-06
166.17 3.0150914382e-06
170.05 3.47768540458e-06
172.81 3.88424878715e-06
176.83 4.44952407842e-06
180.12 4.9011231298e-06
182.21 5.22755408096e-06
186.02 5.91986101736e-06
190.79 6.8597088368e-06
193.89 7.53866036796e-06
197.95 8.40054989174e-06
202.1 9.38201688098e-06
204.91 1.01460702966e-05
210.17 1.10228681798e-05
216.05 1.32525996721e-05
220.07 1.45983896924e-05
223.13 1.54276671802e-05
226.76 1.69942872731e-05
229.91 2.50783451199e-05
234.19 4.0485513306e-05
240.19 5.36172931494e-05
245.79 5.42384747881e-05
252.09 6.14193345322e-05
256.78 5.46142896796e-05
259.75 6.50594589353e-05
263.98 7.10072731264e-05
268.88 7.45262671099e-05
273.88 7.74986212514e-05
278.97 8.05921058124e-05
284.16 8.43906315334e-05
290.11 8.45863037496e-05
296.19 8.95992395744e-05
301.0 9.06366129111e-05
308.01 9.66713925316e-05
318.1 0.000105026285573
327.77 0.000111250525593
337.73 0.00011622619052
347.99 0.000120586885624
356.91 0.000126562652989
366.07 0.000134678391099
374.6 0.000138452069554
385.09 0.000137498555739
394.97 0.000149381760488
405.1 0.000157870207582
413.58 0.000161547602883
422.24 0.000163041544725
430.09 0.000165690884414
441.13 0.000175104892149
451.4 0.000180012227096
459.79 0.0001825155891
470.5 0.000191118954797
480.36 0.000203843860666
490.42 0.000210524669191
499.53 0.000230303092569
506.48 0.000409545054433
512.35 0.00190239982778
519.47 0.00205732252848
530.35 0.00225060319538
540.21 0.00219432413891
550.26 0.00353421293371
560.48 0.00442902508434
569.59 0.00522755408096
580.18 0.00501542055133
589.61 0.00662676572227
600.57 0.00708426599921
610.33 0.00885742898704
620.25 0.0103109940217
630.32 0.0115424866206
640.57 0.0117300834755
649.48 0.0138771978098
658.51 0.0151810580696
664.61 0.0162668835741
675.4 0.0165690884414
684.8 0.0166072911122
694.33 0.022351047135
705.61 0.0214931952918
715.42 0.0264424599986
725.38 0.0278804954924
735.47 0.0293290910739
745.7 0.0339071997516
754.33 0.0367522116571
764.83 0.0395630585725
775.47 0.0436814928374
784.45 0.0477875034696
795.36 0.0501542055133
804.57 0.0528811929074
815.76 0.0552447890429
825.21 0.0614193345322
834.76 0.0502691241165
844.43 0.0655098156234
854.21 0.0681249903225
864.1 0.0740106863498
874.11 0.0802225027373
884.23 0.0881674158971
894.47 0.0938201688098
904.82 0.0942549959569
915.3 0.15145961307
925.9 1.12797267874
934.47 2.5368747536
945.29 4.93528811993
954.03 7.08426599921
965.08 8.00392541539
974.01 1.21701906665
985.29 6.76559981853
994.41 7.24950031512
1005.92 10.7722213885
1015.23 10.4063454033
1024.62 4.40852609026
1034.1 7.21595650663
1046.08 14.167600226
1055.76 13.9091886642
1065.53 10.9219261635
1075.38 13.1612859712
1085.34 10.3109940217
1095.38 13.9091886642
1105.51 13.2830375724
1115.74 12.7146563729
1126.07 11.3840853027
1133.87 14.6993317087
1144.36 13.3137860635
1154.95 14.2331348889
1165.64 14.7331861081
1173.72 10.0532036417
1184.58 14.3980586139
1195.54 9.84697133759
1203.83 6.93890949574
1214.97 4.62687143629
1226.21 9.75658940915
1234.71 15.0071272107
1246.13 16.4551016107
1254.77 15.6422854364
1266.38 13.4370906188
1275.16 17.3101581364
1284.0 18.0425312885
1295.88 14.0054718182
1304.86 14.0377732635
1313.9 17.6319302253
1326.06 16.7225203062
1335.25 14.7673510982
1344.51 17.6319302253
1353.83 17.0725561596
1366.36 15.1810580696
1375.83 15.9329984433
1385.36 16.11748939
1394.97 13.8452069554
1404.64 14.4645250493
1414.37 14.8695354778
1424.18 15.250941004
1434.05 15.250941004
1440.67 16.043568775
1447.32 16.229302085
1454.0 15.7506816323
1464.08 14.5313020755
1474.23 14.5313020755
1484.44 14.7331861081
1494.73 14.9381760488
1505.09 14.0054718182
1512.04 12.4251857292
1515.53 13.3137860635
1526.03 13.0106494238
1536.61 11.2797267874
1543.7 12.2546713694
1554.4 11.622619052
1565.18 11.9481182307
1576.03 12.6851502451
1583.3 13.2525996721
1594.28 13.4678391099
1605.33 13.2830375724
1616.46 13.3752830457
1623.92 12.7146563729
1635.17 13.5299572738
1646.51 13.655125374
1654.11 12.7733580378
1665.57 13.8135266919
1673.26 12.6270697618
1677.12 13.7815358375
1684.86 14.2989801426
1696.54 13.4678391099
1704.37 12.9211992678
1716.18 12.1142843191
1724.11 12.0586885624
1736.06 12.8025535748
1744.07 12.48233444
1756.16 13.2221617718
1764.27 12.282935134
1776.49 12.3966113739
1784.7 12.6851502451
1797.07 13.3752830457
1805.36 13.3752830457
1813.69 12.1701906665
1826.27 12.5689892786
1834.7 12.0586885624
1843.16 11.0992735213
1855.94 10.9722418762
1864.51 11.2797267874
1873.11 12.3680370185
1886.1 11.2020790825
1894.8 10.5998434838
1903.55 11.4629753708
1916.74 10.8719210415
1925.59 10.6243801585
1934.48 11.1763000445
1943.41 11.4629753708
1956.88 10.5998434838
1965.91 11.6493298624
1974.99 12.0310459795
1984.1 11.2797267874
1993.26 10.9722418762
2007.08 11.4104855223
2016.34 10.9977103234
2025.65 11.622619052
2035.0 10.7970686541
2044.39 11.1505210065
2053.83 10.6979901827
2063.31 10.7970686541
2072.83 11.4629753708
2077.61 10.6489168332
2087.2 11.1250525593
2096.83 10.5026285573
2106.51 10.7225268574
2116.23 10.7970686541
2126.0 10.9470840198
2135.82 10.3585144171
2145.68 10.3824299102
2155.58 10.7970686541
2165.53 10.5510807251
2175.52 10.4544869803
2185.57 10.1460702966
2195.65 10.5756173998
2205.79 10.3349095148
2215.97 9.9609581683
2226.2 9.60067281782
2236.48 10.0532036417
2246.8 9.73422687015
2257.17 9.40375823833
2267.59 9.62272476599
2272.81 9.77926253896
2283.3 9.91530131785
2293.84 9.42612077733
2304.43 9.3872969249
2315.07 9.01023967018
2325.76 7.2603709938
2336.49 8.55398175651
2347.27 8.44061610744
2352.69 8.7797812822
2363.55 8.34992358818
2374.46 8.45086560448
2385.41 8.09306498055
2396.43 8.49807540902
2407.49 8.13841124018
2413.04 8.27289706497
2424.17 8.48906827526
2435.36 8.14866073722
2446.61 8.51733203982
2452.25 8.36390017505
2463.56 8.32973518492
2474.94 8.08809552744
2486.36 8.35737776784
2497.84 7.82160860442
2503.6 8.44123728908
2515.15 7.88186322338
2526.76 7.84956177816
2532.58 7.86975018142
2544.28 7.67687328259
2556.02 7.98777469278
2567.82 7.90018808172
2573.74 8.19897644996
2585.62 8.12816174314
2597.55 8.09492852547
2603.54 7.8582583211
2615.56 7.80856379
2627.63 7.92130825744
2633.69 7.96013210986
2645.84 8.26326874957
2658.06 8.22972494108
2664.18 7.82533569425
2676.48 8.03032563504
2682.65 7.95888974658
2695.03 7.74613503531
2707.47 7.80421551853
2713.71 7.61102802888
2726.24 7.61537630035
2732.52 7.830926329
2745.14 7.24515204365
2757.81 7.26596162855
2764.17 7.36907778058
2776.92 7.57996894694
2783.33 7.49517765325
2796.17 6.65316594191
2802.62 6.98487693701
2815.55 7.52313082699
2822.04 7.50791187684
2835.07 7.20725996368
2848.16 7.1289910772
2854.72 7.13085462212
2867.9 7.3181408862
2874.51 7.20322228303
2887.78 7.22403186793
2894.44 7.14327825489
2907.8 7.3308751098
2927.95 7.17029965618
2948.25 7.06190346022
2968.68 7.051964554
2989.26 6.99357347995
3009.98 6.98394516455
3030.85 6.94201540394
3051.86 6.86871597056
3073.01 6.79634830965
3087.19 6.73826782642
3108.59 6.65192357864
3130.14 6.58204064428
3151.84 6.54290620103
3166.39 6.45718313489
3188.34 6.28697936587
3210.44 6.32207612846
3232.69 6.22703533773
3247.61 6.21678584069
3270.12 6.20839988856
3292.79 6.14348640731
3307.99 6.10497314571
3323.26 6.22268706625
3330.92 6.13944872666
3338.6 6.02918898578
3346.29 6.03136312152
3354.01 5.89594552427
3361.74 5.9798050455
3369.49 5.81891900106
3377.26 5.76736092504
3385.04 5.97204027502
3392.85 5.9878804068
3400.67 6.11522264275
3408.5 5.82854731646
3416.36 5.91178565606
3424.24 5.98228977205
3432.13 6.0117958999
3440.04 5.94501887373
3447.97 5.78506460175
3455.92 5.69437208249
3463.89 5.61827733174
3471.87 5.65896472908
3479.88 5.63504923599
3487.9 5.66300240973
3495.94 5.71735580312
3504.0 5.60181601832
3512.08 5.57821111604
3520.17 5.61858792256
3528.29 5.6207620583
3536.42 5.68784967528
3544.57 5.67666840579
3552.75 5.71797698476
3560.93 5.70679571527
3569.14 5.54031903608
3577.37 5.3418515025
3585.62 5.28252865599
3593.88 5.30892887564
3602.17 5.43440756667
3610.47 5.41142384604
3618.79 5.4508688801
3627.14 5.65741177498
3635.5 5.54342494427
3643.88 5.58380175079
3652.28 5.48379150695
3660.7 5.57479461703
3669.14 5.51298704397
3677.59 5.46453487615
3678.15 5.23749298718
3680.89 5.07039512636
3683.63 5.15083814858
3686.37 5.34123032086
3689.11 5.21544103901
3691.85 5.21761517474
3694.59 5.37725885591
3697.33 5.38564480803
3700.08 5.24587893931
3702.82 5.06822099062
3705.56 5.20612331443
3708.3 5.32352664415
3711.04 5.3275643248
3713.78 5.86457585151
3716.52 7.48554933785
3719.26 11.9906691729
3722.0 21.322680932
3724.74 31.1926359902
3727.48 32.9319445787
3730.23 24.9100048958
3732.97 14.8543165276
3735.71 8.56236770863
3738.45 6.45438781751
3741.19 6.02515130513
3743.93 5.83227440629
3746.67 5.5005634112
3749.41 5.46546664861
3752.15 5.56858280064
3754.89 5.97204027502
3757.63 6.31493253961
3760.38 6.36369529825
3763.12 6.23386833575
3765.86 5.77015624242
3768.6 5.37788003754
3771.34 5.6511999586
3774.08 6.1385169542
3776.82 6.41338982935
3779.56 6.79976480866
3782.3 6.81902143946
3785.04 6.69695924745
3787.78 6.66279425731
3790.53 6.33977980516
3793.27 5.95433659831
3796.01 5.74220306868
3798.75 5.53566017379
3801.49 5.93073169604
3804.23 6.49569639649
3806.97 6.75224441329
3809.71 6.97121094096
3812.45 7.11625685361
3815.19 7.15383834275
3817.94 6.85070170304
3820.68 6.61247854457
3823.42 6.58297241673
3826.16 6.45966786144
3828.9 5.92514106129
3831.64 5.65306350351
3834.38 5.62697387469
3837.12 5.77233037815
3839.86 6.06366456673
3842.6 6.2779722321
3845.34 6.69198979434
3848.09 6.79790126374
3850.83 7.09917435854
3853.57 7.20477523713
3856.31 7.37125191632
3859.05 7.39734154514
3861.79 7.77998943462
3864.53 8.46328923725
3867.27 8.81860513462
3870.01 8.2989866938
3872.75 7.5473569109
3875.49 7.05320691727
3878.24 6.83237684469
3880.98 6.59725959442
3883.72 6.52706606925
3886.46 6.93766713246
3889.2 6.73919959888
3891.94 6.3276667632
3894.68 6.52861902334
3897.42 6.56557933085
3900.16 6.69261097597
3902.9 6.84604284075
3905.64 6.97369566751
3908.39 7.06904704906
3911.13 7.18458683387
3913.87 7.30913375244
3916.61 6.95226490097
3919.35 6.88393492071
3922.09 6.93859890492
3924.83 6.68639915959
3927.57 6.43233586933
3930.31 6.39506497101
3933.05 6.53855792956
3935.79 6.66062012158
3938.54 6.86219356336
3941.28 6.92772822624
3944.02 6.91996345576
3946.76 6.83765688862
3949.5 6.85660292861
3952.24 6.97773334816
3954.98 6.74354787035
3957.72 6.46743263192
3960.46 6.18727971284
3963.2 6.28480523013
3965.94 6.41059451198
3968.69 6.72739714774
3971.43 6.08167883426
3974.17 6.05403625133
3976.91 5.95775309732
3979.65 6.36245293497
3982.39 6.61682681605
3985.13 6.70441342711
3987.87 6.90008564332
3990.61 6.81715789455
3993.35 7.15880779586
3996.1 7.14886888964
3998.84 7.05413868973
4001.58 6.99077816258
4004.32 6.89511619021
4007.06 6.98456634619
4009.8 7.04482096515
4012.54 6.97649098489
4015.28 7.12122630672
4018.02 6.91064573118
4020.76 7.00195943208
4023.5 6.9783545298
4026.25 7.16067134078
4028.99 6.90039623414
4031.73 6.87710192269
4034.47 7.01748897304
4037.21 6.88952555546
4039.95 7.03891973958
4042.69 7.02773847008
4045.43 7.05351750809
4048.17 6.97307448587
4050.91 6.94201540394
4053.65 6.90194918824
4056.4 7.14421002735
4059.14 6.88890437382
4061.88 7.15383834275
4064.62 7.15042184374
4067.36 7.2603709938
4070.1 6.98270280127
4072.84 6.77864463294
4075.58 6.98580870947
4078.32 6.91002454954
4081.06 6.80970371488
4083.8 6.818089667
4086.55 6.53576261219
4089.29 6.49352226075
4092.03 6.25498851147
4094.77 6.40220855986
4097.51 6.95226490097
4100.25 7.45076316608
4102.99 7.28335471443
4105.73 6.5006658496
4108.47 6.04254439101
4111.21 6.32300790091
4113.95 6.29660768127
4116.7 6.51805893548
4119.44 6.61434208949
4122.18 6.47892449224
4124.92 6.42798759786
4127.66 6.54601210923
4130.4 6.48637867191
4133.14 6.61806917932
4135.88 6.73485132741
4138.62 6.60067609344
4141.36 6.34288571335
4144.1 6.46308436045
4146.85 6.52085425286
4149.59 6.53793674792
4152.33 6.46525849619
4155.07 6.56837464822
4157.81 6.628939858
4160.55 6.59011600558
4163.29 6.62179626916
4166.03 6.60564554655
4168.77 6.36183175334
4171.51 6.34164335008
4174.25 6.39506497101
4177.0 6.48637867191
4179.74 6.29474413635
4182.48 6.33387857959
4185.22 6.48358335453
4187.96 6.48513630863
4190.7 6.50190821288
4193.44 6.63484108357
4196.18 6.51774834466
4198.92 6.49880230468
4201.66 6.43078291524
4204.41 6.43482059589
4207.15 6.46960676766
4209.89 6.42270755393
4212.63 6.44382772965
4215.37 6.510294165
4218.11 6.39723910675
4220.85 6.4012767874
4223.59 6.36618002481
4226.33 6.36431647989
4229.07 6.28666877505
4231.81 6.21523288659
4234.56 6.20125629972
4237.3 6.21895997642
4240.04 6.32642439993
4242.78 6.40251915067
4245.52 6.37270243201
4248.26 6.28356286685
4251.0 6.2698968708
4253.74 6.2090210702
4256.48 6.33667389697
4259.22 6.37363420447
4261.96 6.28325227603
4264.71 6.25592028393
4267.45 6.2202023397
4270.19 6.18945384858
4272.93 6.24660255935
4275.67 6.18479498629
4278.41 6.12454036733
4281.15 6.23728483476
4283.89 6.26554859933
4286.63 6.15994772074
4289.37 6.061490431
4292.11 6.01365944481
4294.86 5.98384272615
4297.6 5.93259524095
4300.34 5.88787016296
4303.08 5.87327239445
4305.82 5.89439257017
4308.56 5.83662267777
4311.3 5.85743226266
4314.04 5.96520727699
4316.78 5.96800259436
4319.52 6.00092522122
4322.26 5.91613392753
4325.01 5.79003405486
4327.75 5.73568066147
4330.49 5.84531922071
4333.23 6.46743263192
4335.97 7.79396602149
4338.71 8.98321826889
4341.45 8.80556032021
4344.19 7.35634355699
4346.93 6.14038049912
4349.67 5.71673462149
4352.41 5.75524788309
4355.16 5.95216246258
4357.9 6.17237135351
4360.64 6.21647524987
4363.38 6.28418404849
4366.12 6.27300277899
4368.86 6.08261060671
4371.6 6.0294995766
4374.34 6.01117471826
4377.08 5.89532434263
4379.82 5.81550250205
4382.57 5.77077742406
4385.31 5.68940262938
4388.05 5.75307374735
4390.79 5.84500862989
4393.53 5.9589954606
4396.27 5.90060438656
4399.01 5.79717764371
4401.75 5.82388845417
4404.49 5.8996726141
4407.23 5.91551274589
4409.97 5.98228977205
4412.72 6.01055353662
4415.46 5.95557896159
4418.2 5.91364920097
4420.94 5.89656670591
4423.68 5.86209112496
4426.42 5.93228465013
4429.16 5.89408197935
4431.9 5.96303314125
4434.64 5.92451987965
4437.38 5.79935177944
4440.12 5.85246280955
4442.87 5.88631720887
4445.61 5.87234062199
4448.35 5.89874084164
4451.09 5.90433147639
4453.83 5.87575712101
4456.57 5.80960127648
4459.31 5.85556871775
4462.05 5.85991698922
4464.79 5.89221843444
4467.53 5.94532946455
4470.27 6.04968797986
4473.02 6.11149555292
4475.76 5.95868486978
4478.5 5.98166859042
4481.24 5.97887327304
4483.98 5.96986613928
4486.72 5.82140372762
4489.46 5.95806368814
4492.2 5.84500862989
4494.94 5.91147506524
4497.68 5.96644964027
4500.42 6.04689266249
4503.17 6.06490693001
4505.91 5.98601686189
4508.65 5.92110338064
4511.39 5.88538543641
4514.13 5.91458097343
4516.87 5.89501375181
4519.61 5.80370005091
4522.35 5.72915825426
4525.09 5.76860328832
4527.83 5.59653597439
4530.57 5.69623562741
4533.32 5.62479973895
4536.06 5.64467755139
4538.8 5.67760017824
4541.54 5.73599125229
4544.28 5.75649024637
4547.02 5.60647488061
4549.76 5.53503899215
4552.5 5.5614392118
4555.24 5.65057877696
4557.98 5.74468779523
4560.72 5.82326727253
4563.47 5.82606258991
4566.21 5.79127641814
4568.95 5.84811453808
4571.69 5.86209112496
4574.43 5.64436696057
4577.17 5.708969851
4579.91 5.8002835519
4582.65 5.78972346404
4585.39 5.660828274
4588.13 5.55150030558
4590.88 5.69996271724
4593.62 5.7682926975
4596.36 5.76083851784
4599.1 5.65275291269
4601.84 5.72760530016
4604.58 5.69095558348
4607.32 5.88911252624
4610.06 5.72449939197
4612.8 5.78785991912
4615.54 5.86022758004
4618.28 5.71456048575
4621.03 5.78257987519
4623.77 5.63970809828
4626.51 5.69375090085
4629.25 5.7201511205
4631.99 5.78848110076
4634.73 5.77574687717
4637.47 5.6480940504
4640.21 5.52913776658
4642.95 5.82295668171
4645.69 5.54653085247
4648.43 5.63442805435
4651.18 5.65492704843
4653.92 5.63753396254
4656.66 5.82637318073
4659.4 5.73630184311
4662.14 5.64032927992
4664.88 5.69872035396
4667.62 5.53845549116
4670.36 5.42229452471
4673.1 5.5101917266
4675.84 5.62200442158
4678.58 5.58690765899
4681.33 5.68598613037
4684.07 5.50708581841
4686.81 5.5518108964
4689.55 5.42788515946
4692.29 5.57665816195
4695.03 5.52478949511
4697.77 5.5182670879
4700.51 5.47664791811
4703.25 5.36141872412
4705.99 5.41049207358
4708.73 5.41515093587
4711.48 5.36266108739
4714.22 5.37725885591
4716.96 5.55740153114
4719.7 5.49062450498
4722.44 5.53286485641
4725.18 5.38129653656
4727.92 5.43130165848
4730.66 5.40365907555
4733.4 5.45428537911
4736.14 5.47882205384
4738.88 5.57075693638
4741.63 5.44186174634
4744.37 5.43254402175
4747.11 5.5005634112
4749.85 5.46888314762
4752.59 5.34309386577
4755.33 5.42540043291
4758.07 5.41452975423
4760.81 5.401174349
4763.55 5.39620489589
4766.29 5.37228940279
4769.04 5.401174349
4771.78 5.43036988602
4774.52 5.35272218117
4777.26 5.47913264466
4780.0 5.39403076015
4782.74 5.4188780257
4785.48 5.39030367032
4788.22 5.36949408542
4790.96 5.45614892403
4793.7 5.41608270833
4796.44 5.40490143883
4799.19 5.39900021326
4801.93 5.38937189786
4804.67 5.38657658049
4807.41 5.38440244475
4810.15 5.38222830902
4812.89 5.31017123892
4815.63 5.38316008147
4818.37 5.43068047684
4821.11 5.37384235689
4823.85 5.30302765007
4826.59 5.24712130259
4829.34 5.40800734702
4832.08 5.23221294326
4834.82 5.1688524161
4837.56 5.19866913476
4840.3 5.1399674699
4843.04 5.16947359774
4845.78 5.15301228431
4848.52 5.13220269942
4851.26 5.47664791811
4854.0 7.08519777167
4856.74 10.7132091328
4859.49 14.6474630419
4862.23 14.6819386229
4864.97 10.917577892
4867.71 6.93269767935
4870.45 5.31327714711
4873.19 4.96355188449
4875.93 4.95702947729
4878.67 5.01076168904
4881.41 5.0918258929
4884.15 5.0806446234
4886.89 5.01759468706
4889.64 5.03219245558
4892.38 5.15145933022
4895.12 5.15673937415
4897.86 5.20985040426
4900.6 5.28656633665
4903.34 5.16574650791
4906.08 5.21481985737
4908.82 5.23065998916
4911.56 5.09431061945
4914.3 5.09337884699
4917.04 5.0613879926
4919.79 4.88559358883
4922.53 4.96603661105
4925.27 4.96541542941
4928.01 5.0278441841
4930.75 4.97566492645
4933.49 5.10518129813
4936.23 5.05486558539
4938.97 5.01542055133
4941.71 4.98653560513
4944.45 5.03529836377
4947.19 5.29246756221
4949.94 5.84935690136
4952.68 7.60264207675
4955.42 10.3979594512
4958.16 12.1475175367
4960.9 10.9747266027
4963.64 8.00268305211
4966.38 5.9012255682
4969.12 5.18251841215
4971.86 5.07039512636
4974.6 5.02225354936
4977.35 4.95920361302
4980.09 4.94553761697
4982.83 4.96914251924
4985.57 5.07443280701
4988.31 5.14462633219
4991.05 5.13686156171
4993.79 5.31079242056
4996.53 6.21492229577
4999.27 9.44102913666
5002.01 16.9088747978
5004.75 24.9966597344
5007.5 25.7395929744
5010.24 18.3947412777
5012.98 10.2019766441
5015.72 6.46805381356
5018.46 5.2906040173
5021.2 4.90050194816
5023.94 4.77688680205
5026.68 4.84925446296
5029.42 4.92069035142
5032.16 4.89211599604
5034.9 4.86447341311
5037.65 4.81974833512
5040.39 4.81633183611
5043.13 4.87006404786
5045.87 4.85298155279
5048.61 4.76787966828
5051.35 4.82223306168
5054.09 4.92255389633
5056.83 4.92472803207
5059.57 4.97193783662
5062.31 4.86851109376
5065.05 4.79614343285
5067.8 4.78527275417
5070.54 4.74862303748
5073.28 4.66693765199
5076.02 4.64892338446
5078.76 4.69271668999
5081.5 4.68060364804
5084.24 4.77347030303
5086.98 4.89180540522
5089.72 4.80949883808
5092.46 4.7473806742
5095.2 4.8306190138
5097.95 4.7616678519
5100.69 4.72781345258
5103.43 4.69737555228
5106.17 4.68930019098
5108.91 4.68992137262
5111.65 4.69737555228
5114.39 4.67283887755
5117.13 4.65265047429
5119.87 4.72408636275
5122.61 4.62780320874
5125.35 4.56351090913
5128.1 4.59674412681
5130.84 4.64985515692
5133.58 4.63308325267
5136.32 4.63339384349
5139.06 4.61848548416
5141.8 4.59363821861
5144.54 4.60637244221
5147.28 4.55667791111
5150.02 4.59456999107
5152.76 4.5886687655
5155.51 4.6383632966
5158.25 4.69737555228
5160.99 4.63618916087
5163.73 4.52748237408
5166.47 4.34671851721
5169.21 4.26410135925
5171.95 4.30944761888
5174.69 4.35293033359
5177.43 4.39548127585
5180.17 4.36442219391
5182.91 4.37311873685
5185.66 4.38305764307
5188.4 4.42747213024
5191.14 4.53493655375
5193.88 4.7393053129
5196.62 4.89429013177
5199.36 4.9107514452
5202.1 4.77533384795
5204.84 4.49859742788
5207.58 4.410700226
5210.32 4.42094972304
5213.06 4.42312385877
5215.81 4.55947322848
5218.55 4.59363821861
5221.29 4.48803734002
5224.03 4.44175930794
5226.77 4.40169309224
5229.51 4.41132140764
5232.25 4.51102106066
5234.99 4.54114837014
5237.73 4.5420801426
5240.47 4.55139786718
5243.21 4.53120946392
5245.96 4.49642329215
5248.7 4.56320031831
5251.44 4.53773187112
5254.18 4.54083777932
5256.92 4.51381637803
5259.66 4.51754346786
5262.4 4.4989080187
5265.14 4.43430512827
5267.88 4.33771138344
5270.62 4.36380101227
5273.36 4.42374504041
5276.11 4.48058316036
5278.85 4.56910154388
5281.59 4.5821463583
5284.33 4.57313922453
5287.07 4.53680009867
5289.81 4.55543554783
5292.55 4.60668303303
5295.29 4.57686631437
5298.03 4.49207502068
5300.77 4.64022684152
5303.51 4.61351603105
5306.26 4.56102618258
5309.0 4.57593454191
5311.74 4.57997222256
5314.48 4.47561370725
5317.22 4.53524714457
5319.96 4.5004609728
5322.7 4.39206477684
5325.44 4.40790490862
5328.18 4.40728372699
5330.92 4.43088862926
5333.66 4.48462084101
5336.41 4.48306788691
5339.15 4.52095996688
5341.89 4.52655060163
5344.63 4.51288460557
5347.37 4.46878070922
5350.11 4.55419318455
5352.85 4.64426452217
5355.59 4.70451914113
5358.33 4.66352115297
5361.07 4.56226854586
5363.82 4.46909130004
5366.56 4.47623488889
5369.3 4.41970735976
5372.04 4.42467681287
5374.78 4.45325116825
5377.52 4.45262998661
5380.26 4.46940189086
5383.0 4.45542530399
5385.74 4.44703935187
5388.48 4.38212587062
5391.22 4.3995189565
5393.97 4.36411160309
5396.71 4.30665230151
5399.45 4.31224293626
5402.19 4.27435085629
5404.93 4.23055755076
5407.67 4.28056267268
5410.41 4.34920324376
5413.15 4.31628061691
5415.89 4.3290148405
5418.63 4.34019611
5421.37 4.39672363913
5424.12 4.36659632965
5426.86 4.38771650536
5429.6 4.32839365886
5432.34 4.32621952313
5435.08 4.32218184248
5437.82 4.34423379065
5440.56 4.39175418602
5443.3 4.35572565097
5446.04 4.3016828484
5448.78 4.32342420575
5451.52 4.35603624179
5454.27 4.32715129559
5457.01 4.34702910803
5459.75 4.35479387851
5462.49 4.33025720378
5465.23 4.34423379065
5467.97 4.43275217417
5470.71 4.30292521167
5473.45 4.27466144711
5476.19 4.29764516774
5478.93 4.26472254089
5481.67 4.2985769402
5484.42 4.26534372253
5487.16 4.28925921562
5489.9 4.27435085629
5492.64 4.2808732635
5495.38 4.27652499203
5498.12 4.26285899597
5500.86 4.2392540937
5503.6 4.16999234098
5506.34 4.18272656457
5509.08 4.22030805372
5511.82 4.27807794612
5514.57 4.33460547525
5517.31 4.3594527408
5520.05 4.32062888838
5522.79 4.31100057298
5525.53 4.26503313171
5528.27 4.18179479212
5531.01 4.23148932322
5533.75 4.18552188195
5536.49 4.17434061245
5539.23 4.18490070031
5541.98 4.26192722352
5544.72 4.3113111638
5547.46 4.32342420575
5550.2 4.30478875659
5552.94 4.25695777041
5555.68 4.28956980644
5558.42 4.29671339529
5561.16 4.30758407396
5563.9 4.20539969439
5566.64 4.20788442094
5569.38 4.29950871266
5572.13 4.20353614947
5574.87 4.20260437701
5577.61 4.23490582223
5580.35 4.16937115934
5583.09 4.17154529508
5585.83 4.13210026102
5588.57 4.09607172597
5591.31 4.058179646
5594.05 4.17247706753
5596.79 4.19328665243
5599.53 4.16750761442
5602.28 4.18645365441
5605.02 4.26534372253
5607.76 4.21627037307
5610.5 4.22589868847
5613.24 4.18987015342
5615.98 4.22310337109
5618.72 4.15135689182
5621.46 4.12619903545
5624.2 4.14421330297
5626.94 4.14048621314
5629.68 4.13644853249
5632.43 4.199187878
5635.17 4.14576625707
5637.91 4.10414708727
5640.65 4.2296257783
5643.39 4.12682021709
5646.13 4.15197807346
5648.87 4.19328665243
5651.61 4.11812367414
5654.35 4.12091899152
5657.09 4.11439658431
5659.83 4.02184052014
5662.58 4.13241085183
5665.32 4.13054730692
5668.06 4.16409111541
5670.8 4.15446280001
5673.54 4.20943737504
5676.28 4.17434061245
5679.02 4.12557785381
5681.76 4.09793527088
5684.5 4.11377540267
5687.24 4.07929982172
5689.98 4.058179646
5692.73 4.19546078817
5695.47 4.11781308332
5698.21 4.03799124274
5700.95 4.07526214107
5703.69 4.03612769783
5706.43 4.02370406505
5709.17 4.05600551027
5711.91 4.02556760997
5714.65 4.04668778569
5717.39 4.14172857642
5720.13 4.22279278027
5722.88 4.07029268796
5725.62 4.12247194561
5728.36 4.1175024925
5731.1 4.12495667217
5733.84 4.18614306359
5736.58 4.02308288341
5739.32 4.17465120327
5742.06 4.11439658431
5744.8 3.99544030049
5747.54 4.05911141846
5750.29 4.18552188195
5753.03 4.07060327878
5755.77 4.06097496338
5758.51 4.05227842044
5761.25 4.06283850829
5763.99 4.04979369388
5766.73 4.08799636466
5769.47 4.10352590563
5772.21 3.99450852803
5774.95 4.04109715094
5777.69 4.03923360602
5780.44 3.91251255171
5783.18 3.9314585917
5785.92 4.04575601323
5788.66 3.99295557393
5791.4 4.02898410898
5794.14 3.98550139427
5796.88 4.09638231679
5799.62 4.00786393326
5802.36 3.99978857196
5805.1 4.15259925509
5807.84 4.11967662824
5810.59 4.11657072005
5813.33 4.10228354236
5816.07 4.11004831284
5818.81 4.10911654038
5821.55 4.15943225312
5824.29 4.08985990958
5827.03 4.19080192588
5829.77 4.10756358628
5832.51 4.16502288787
5835.25 4.05538432863
5837.99 4.0115910231
5840.74 4.08582222893
5843.48 4.058179646
5846.22 4.11408599349
5848.96 4.02525701915
5851.7 3.97183539822
5854.44 3.99140261984
5857.18 3.98394844017
5859.92 4.07867864008
5862.66 3.90878546188
5865.4 3.99450852803
5868.14 4.16533347869
5870.89 4.51505874131
5873.63 4.97224842744
5876.37 4.89366895013
5879.11 4.41908617812
5881.85 4.06594441649
5884.59 3.92462559367
5887.33 3.76032305022
5890.07 3.70410611191
5892.81 3.67118348506
5895.55 3.6702517126
5898.29 3.75349005219
5901.04 3.82368357737
5903.78 3.83672839179
5906.52 3.8594015216
5909.26 3.93176918252
5912.0 3.90008891894
5914.74 3.84325079899
5917.48 3.84946261538
5920.22 3.84231902654
5922.96 3.86499215635
5925.7 3.88455937797
5928.45 3.84418257145
5931.19 3.82492594065
5933.93 3.85536384095
5936.67 3.92058791302
5939.41 3.8802111065
5942.15 3.84697788883
5944.89 3.82803184884
5947.63 3.84915202456
5950.37 3.81343408033
5953.11 3.83424366523
5955.85 3.88145346978
5958.6 3.90412659959
5961.34 3.90567955369
5964.08 3.88611233207
5966.82 3.87990051568
5969.56 3.82523653147
5972.3 3.83703898261
5975.04 3.83983429998
5977.78 3.87306751765
5980.52 3.86437097471
5983.26 3.72615806009
5986.0 3.78951858724
5988.75 3.8721357452
5991.49 3.87120397274
5994.23 3.83579661933
5996.97 3.75628536957
5999.71 3.81902471508
6002.45 3.78920799642
6005.19 3.77957968102
6007.93 3.78672326987
6010.67 3.75908068694
6013.41 3.77585259119
6016.15 3.728021605
6018.9 3.77585259119
6021.64 3.68422829947
6024.38 3.68174357292
6027.12 3.70006843126
6029.86 3.78982917806
6032.6 3.86406038389
6035.34 3.89915714648
6038.08 3.80908580886
6040.82 3.78796563314
6043.56 3.72615806009
6046.3 3.78206440758
6049.05 3.79355626789
6051.79 3.7488311899
6054.53 3.7118708824
6057.27 3.82616830393
6060.01 3.85474265931
6062.75 3.78920799642
6065.49 3.69354602405
6068.23 3.82026707836
6070.97 3.83890252752
6073.71 3.79666217609
6076.45 3.77243609217
6079.2 3.67242584833
6081.94 3.66310812375
6084.68 3.76373954923
6087.42 3.8578485675
6090.16 3.77461022791
6092.9 3.75597477875
6095.64 3.7407558286
6098.38 3.73827110204
6101.12 3.7392028745
6103.86 3.65441158081
6106.61 3.73268046729
6109.35 3.7311275132
6112.09 3.72274156107
6114.83 3.67273643915
6117.57 3.73081692238
6120.31 3.62148895396
6123.05 3.65782807982
6125.79 3.65441158081
6128.53 3.63298081427
6131.27 3.65813867064
6134.01 3.65534335327
6136.76 3.57117324122
6139.5 3.60347468643
6142.24 3.59788405168
6144.98 3.68733420767
6147.72 3.51588807537
6150.46 3.65813867064
6153.2 3.61651950085
6155.94 3.49818439866
6158.68 3.45749700132
6161.42 3.43979332462
6164.16 3.53576588781
6166.91 3.56589319729
6169.65 3.52085752848
6172.39 3.47892776786
6175.13 3.50377503341
6177.87 3.56371906155
6180.61 3.55502251861
6183.35 3.57769564842
6186.09 3.53328116125
6188.83 3.54694715731
6191.57 3.52365284585
6194.31 3.53918238682
6197.06 3.60564882217
6199.8 3.61683009167
6202.54 3.48017013114
6205.28 3.46867827082
6208.02 3.48886667408
6210.76 3.48700312917
6213.5 3.47457949639
6216.24 3.39444706499
6218.98 3.37891752402
6221.72 3.40811306104
6224.46 3.46246645443
6227.21 3.42892264594
6229.95 3.42954382758
6232.69 3.46867827082
6235.43 3.44507336855
6238.17 3.37953870566
6240.91 3.36959979944
6243.65 3.43327091741
6246.39 3.3801598873
6249.13 3.36214561978
6251.87 3.50439621505
6254.61 3.52551639077
6257.36 3.53452352453
6260.1 3.47333713311
6262.84 3.6398138123
6265.58 3.50657035079
6268.32 3.42364260201
6271.06 3.6190042274
6273.8 3.48855608326
6276.54 3.43979332462
6279.28 3.47768540458
6282.02 3.4105977876
6284.76 3.45501227477
6287.51 3.21741029794
6290.25 3.42364260201
6292.99 3.70783320174
6295.73 4.31379589035
6298.47 4.85764041508
6301.21 4.89491131341
6303.95 4.35634683261
6306.69 3.79914690264
6309.43 3.54818952058
6312.17 3.52675875405
6314.92 3.44445218691
6317.66 3.41836255808
6320.4 3.57924860252
6323.14 3.55999197172
6325.88 3.52054693766
6328.62 3.53762943272
6331.36 3.59415696185
6334.1 3.53545529699
6336.84 3.53700825109
6339.58 3.52458461831
6342.32 3.52023634684
6345.07 3.52520579995
6347.81 3.5516060196
6350.55 3.49507849047
6353.29 3.49352553637
6356.03 3.631738451
6358.77 3.50253267013
6361.51 3.41401428661
6364.25 3.40283301711
6366.99 3.41494605907
6369.73 3.42333201119
6372.47 3.57862742088
6375.22 3.51899398356
6377.96 3.47768540458
6380.7 3.51681984783
6383.44 3.44662632265
6386.18 3.372084526
6388.92 3.5196151652
6391.66 3.51060803144
6394.4 3.41960492136
6397.14 3.51060803144
6399.88 3.42736969184
6402.62 3.47768540458
6405.37 3.46370881771
6408.11 3.57334737695
6410.85 3.54694715731
6413.59 3.45687581969
6416.33 3.43761918888
6419.07 3.42115787546
6421.81 3.45718641051
6424.55 3.4298544184
6427.29 3.56899910548
6430.03 3.53918238682
6432.77 3.50594916915
6435.52 3.46681472591
6438.26 3.52955407142
6441.0 3.55595429107
6443.74 3.50066912522
6446.48 3.41090837842
6449.22 3.44693691347
6451.96 3.4074918794
6454.7 3.397863564
6457.44 3.4587393646
6460.18 3.45035341248
6462.92 3.35686557585
6465.67 3.45780759214
6468.41 3.52706934487
6471.15 3.45904995542
6473.89 3.42333201119
6476.63 3.42053669382
6479.37 3.40252242629
6482.11 3.46805708918
6484.85 3.35438084929
6487.59 3.37891752402
6490.33 3.36245621059
6493.08 3.34568430635
6495.82 3.31307227031
6498.56 3.32394294899
6501.3 3.37550102501
6504.04 3.42643791939
6506.78 3.49445730883
6509.52 3.44848986756
6512.26 3.35407025847
6515.0 3.3081028172
6517.74 3.38202343222
6520.48 3.38388697713
6523.23 3.34288898897
6525.97 3.41308251415
6528.71 3.42395319283
6531.45 3.41587783153
6534.19 3.45780759214
6536.93 3.57334737695
6539.67 3.89698301075
6542.41 4.59084290124
6545.15 5.60492192651
6547.89 6.32176553764
6550.63 6.28294168521
6553.38 7.47933752146
6556.12 14.1443059145
6558.86 28.8141314954
6561.6 40.8333750237
6564.34 37.0752261092
6567.08 21.4810822499
6569.82 9.32300462529
6572.56 5.1287862004
6575.3 5.01293582477
6578.04 7.06531995923
6580.78 10.6181683421
6583.53 11.7133115712
6586.27 9.1307489081
6589.01 5.85122044628
6591.75 4.04513483159
6594.49 3.61248182019
6597.23 3.40531774367
6599.97 3.5180622111
6602.71 3.34040426242
6605.45 3.34444194307
6608.19 3.36959979944
6610.93 3.31710995097
6613.68 3.36928920862
6616.42 3.41308251415
6619.16 3.4283014643
6621.9 3.4314073725
6624.64 3.32829122046
6627.38 3.34226780734
6630.12 3.36214561978
6632.86 3.349721987
6635.6 3.33326067357
6638.34 3.3000274559
6641.08 3.32332176735
6643.83 3.1798288088
6646.57 3.20250193861
6649.31 3.29381563951
6652.05 3.32394294899
6654.79 3.32456413063
6657.53 3.26430951167
6660.27 3.23977283694
6663.01 3.26368833003
6665.75 3.29661095689
6668.49 3.31493581523
6671.23 3.40966601514
6673.98 3.58794514546
6676.72 3.78796563314
6679.46 3.728021605
6682.2 3.46277704525
6684.94 3.40780247022
6687.68 3.43264973577
6690.42 3.33139712866
6693.16 3.27642255363
6695.9 3.25002233398
6698.64 3.17889703634
6701.39 3.29816391098
6704.13 3.38295520467
6706.87 3.75007355318
6709.61 4.94709057107
6712.35 7.05693400711
6715.09 8.79468964153
6717.83 8.70058062326
6720.57 6.76063036542
6723.31 5.39620489589
6726.05 5.96489668617
6728.79 7.28242294197
6731.54 7.39423563695
6734.28 5.94688241865
6737.02 4.37156578276
6739.76 3.5693096963
6742.5 3.2919520946
6745.24 3.17082167504
6747.98 3.19970662124
6750.72 3.26337773921
6753.46 3.17548053733
6756.2 3.28014964346
6758.94 3.21958443368
6761.69 3.26089301266
6764.43 3.16957931176
6767.17 3.12640718787
6769.91 3.18448767109
6772.65 3.3481690329
6775.39 3.2006383937
6778.13 3.08522284522
6780.87 3.10652937543
6783.61 3.16088276882
6786.35 3.16957931176
6789.09 3.0603134615
6791.84 3.12361187049
6794.58 3.16429926783
6797.32 3.04211283949
6800.06 3.16585222193
6802.8 3.10096979976
6805.54 3.1910100783
6816.54 3.20995611828
6832.25 3.23946224612
6848.0 3.11522591837
6863.79 3.11522591837
6879.61 3.09382621091
6895.47 3.10100085884
6911.37 3.10100085884
6927.3 3.0868068584
6943.27 3.15870863308
6959.28 3.10839292034
6975.32 3.21741029794
6991.4 3.18076058126
7007.51 3.10115615425
7023.67 3.01667545138
7039.86 3.14442145539
7056.09 3.23231865728
7072.36 2.94806593938
7088.66 3.09413680173
7105.0 2.9891260457
7121.38 2.97542899057
7137.79 2.85464022091
7154.25 2.89439584579
7170.74 2.90107354841
7187.27 2.83507299929
7203.84 2.84817993187
7220.44 2.94828335295
7237.09 2.97558428598
7253.77 2.96878234703
7270.49 2.8945511412
7287.26 2.92135512891
7304.05 3.03801304067
7320.89 2.98943663652
7337.77 2.9894676956
7354.68 3.0310868654
7371.64 2.94172988666
7388.63 3.00335110523
7405.66 2.99645598904
7422.74 2.90144625739
7439.85 2.96903081969
7457.0 3.01037045775
7474.19 3.02428492646
7491.42 2.96912399693
7508.69 3.00350640064
7526.0 3.04534298401
7543.34 3.03136639714
7560.74 2.97605017221
7578.16 2.93526959762
7595.63 2.90837243266
7613.14 2.88172374036
7630.69 2.88840144298
7648.28 2.90175684821
7665.91 2.79680821034
7683.59 2.80329955847
7701.3 2.79044109854
7719.05 2.77124658591
7736.85 2.78407398675
7754.68 2.6957730168
7772.56 2.77130870407
7790.47 2.75226948684
7808.44 2.74596449321
7826.43 2.809946202
7844.48 2.7586987168
7862.56 2.78422928216
7880.69 2.77146399948
7898.85 2.79714986024
7917.06 2.68977861398
7935.31 2.67744815845
7953.6 2.56877243075
7971.94 2.65906118195
7990.32 2.70853829947
8008.74 2.64079844177
8027.2 2.72108616858
8045.7 2.75894718946
8064.25 2.72111722766
8082.84 2.61669659418
8101.47 2.52205957152
8120.15 2.6531288973
8138.87 2.6348972162
8157.63 2.55721845227
8176.44 2.5396390119
8195.28 2.55137934487
8214.17 2.61685188959
8233.11 2.55144146303
8252.09 2.58694199369
8271.11 2.67173328738
8290.18 2.5515035812
8309.29 2.5810718272
8328.45 2.52817821066
8347.65 2.51656211402
8366.89 2.58113394537
8386.18 2.48780140414
8405.51 2.5224322805
8424.89 2.53994960272
8444.31 2.35412311548
8463.77 2.52833350607
8483.29 2.57535695613
8502.84 2.4538227685
8522.44 2.43695768701
8542.09 2.48798775863
8561.78 2.47090526357
8581.51 2.54013595721
8601.3 2.40915980868
8621.13 2.40363129209
8641.0 2.52274287132
8660.92 2.40922192684
8680.89 2.29551462786
8700.9 2.39819595275
8720.95 2.45972399407
8741.06 2.48252136021
8761.21 2.23817956261
8781.4 2.38726315591
8801.65 2.43167764308
8821.94 2.48832940854
8842.27 2.44295208982
8862.66 2.34918472145
8883.09 2.30104314445
8903.57 2.39844442541
8924.09 2.40397294199
8944.66 2.42068272807
8965.28 2.32775395492
8985.95 2.3224428519
9006.67 2.32247391099
9027.43 2.13282715667
9048.24 2.46012776214
9069.1 2.37117455147
9090.0 2.18255274686
9110.96 2.34405997293
9131.96 2.41534056598
9153.01 2.26976664894
9174.11 2.29079364741
9195.26 2.26979770802
9216.46 2.2490191822
9237.7 2.04642079072
9259.0 2.23873862608
9280.34 2.3281266639
9301.74 2.23876968516
9323.18 2.26995300343
9344.67 2.26998406251
9366.21 2.23886286241
9387.8 2.25439240338
9409.44 2.20817648946
9431.14 2.24926765486
9452.88 2.21842598649
9474.67 2.24414290634
9496.51 2.23898709874
9518.4 2.19814440599
9540.34 2.16801709651
9562.34 2.15310873718
9584.38 2.20836284395
9606.47 2.18814338161
9628.62 2.18817444069
9650.82 2.17314184503
9673.06 2.16317187973
9695.36 2.18320498758
9717.71 2.16320293881
9740.11 2.14835669764
9762.56 2.13851096867
9785.07 2.1140364121
9807.63 2.14841881581
9830.24 2.12875841694
9852.9 2.13366575189
9875.61 2.12388214108
9898.38 2.11416064843
9921.19 2.10931543165
9944.07 2.10934649073
9966.99 2.10453233303
9989.96 2.09487295855
10036.07 2.04722832685
10082.4 2.00529856624
10128.94 2.06151550454
10175.69 2.04266264181
10222.67 2.04272475997
10269.85 2.03806589768
10293.52 2.02405825173
10509.06 1.95554191697
10704.44 1.87199298656
10903.45 1.76319302253
11106.16 1.69942872731
11312.64 1.65690884414
11496.45 1.64172095307
11710.2 1.59699587508
11900.47 1.54633851244
12093.84 1.51111751352
12290.35 1.47673510982
12490.05 1.43648253963
12692.99 1.39734809639
12899.24 1.35926966193
13108.83 1.33137860635
13291.19 1.29211992678
13507.16 1.26562652989
13695.06 1.23680370185
13885.58 1.20034033965
14111.2 1.15424866206
14307.51 1.12278581205
14506.55 1.11505210065
14708.36 1.08719210415
14912.97 1.08719210415
15085.64 1.07722213885
15295.51 1.08219159196
15508.29 1.07722213885
15687.87 1.04784024734
15906.11 1.00069256096
16090.3 1.00532036417
16314.14 0.998394188893
16503.04 0.975658940915
16694.14 0.964508730499
16887.45 0.942549959569
17083.0 0.925343228175
17280.8 0.88776173903
17480.91 0.865554495445
17683.33 0.834246940851
17888.1 0.80778460304
18095.22 0.771445477173
18304.76 0.750418478701
18516.72 0.726596162855
18688.04 0.692306936395
18904.44 0.675007027756
19079.37 0.665720362257
19300.31 0.644600186539
19478.87 0.619877157316
19704.44 0.602981016742
19886.77 0.585184162792
20117.03 0.574499838605
20303.18 0.553721312789
20491.05 0.544869474436
20680.64 0.53002323327
20920.11 0.516761005282
21113.69 0.506169858342
21309.04 0.494646938943
21506.22 0.483403551281
21705.2 0.466973296936
21906.05 0.458463108485
22108.75 0.445977357546
22313.31 0.433802197426
22519.78 0.42392540937
22675.86 0.413334262429
22885.69 0.372646865091
23097.43 0.371777210796
23311.16 0.327580137199
23526.87 0.307823455178
23689.94 0.313541432163
23909.15 0.288604095275
24074.87 0.280090800916
24297.64 0.28073682982
24522.45 0.26381584198
24692.44 0.263210189883
24920.9 0.235126567994
25093.66 0.236757169796
25325.86 0.239496580823
25501.4 0.237847343572
25678.15 0.240049432481
25915.76 0.232971067708
26095.42 0.23243374559
26276.29 0.22662259136
26519.43 0.22402605211
26703.24 0.219432413891
26888.35 0.215922737632
27074.72 0.213453540618
27325.25 0.208592794295
27514.65 0.205732252848
27705.36 0.200585762971
27897.42 0.198290496816
28090.78 0.194221757082
28285.51 0.191556887852
28481.57 0.187627913987
28679.01 0.183779693735
28877.79 0.181260802189
29077.97 0.177949904055
29279.52 0.174300461927
29482.49 0.171120011937
29686.84 0.168383706818
29892.64 0.164929936907
30099.83 0.16229302085
30308.45 0.158600096008
30518.56 0.156422854364
30730.09 0.154276671802
30871.96 0.15145961307
31085.94 0.149381760488
31301.43 0.146993317087
31518.39 0.14497758267
31663.86 0.142989801426
31883.36 0.142005228528
32104.35 0.141352987807
32326.91 0.142331348889
32476.11 0.147331861081
32701.21 0.164551016107
32927.9 0.213453540618
33079.88 0.21100919087
33309.2 0.157506816323
33462.93 0.136868056376
33694.87 0.127438519099
33928.45 0.122264076048
34085.05 0.118384796714
34321.34 0.11569197431
34479.74 0.113058164162
34718.73 0.110738050741
34879.01 0.108719210415
35120.76 0.10673453508
35282.86 0.104784024734
35527.45 0.102873891195
35691.43 0.101227759852
35938.85 0.0993797444766
36104.72 0.0977926253896
36271.36 0.0962272476599
36522.81 0.0944724095304
36691.37 0.0929598322401
36860.72 0.0910528046091
37116.25 0.0895992395744
37287.56 0.0883692999297
37459.66 0.0863566714201
37719.34 0.0857634429551
37893.43 0.0843906315334
38068.32 0.0830426673773
38332.22 0.0819027990702
38509.15 0.080778460304
38686.93 0.0793062598202
38865.48 0.0782160860442
39134.87 0.0769675109503
39315.53 0.0759115021644
39496.99 0.0745262671099
39679.29 0.073501317406
39862.47 0.0721595650663
40138.77 0.0713333934867
40324.02 0.0703550324057
40510.18 0.0692306936395
40697.16 0.0684386870501
40884.99 0.0675007027756
41073.69 0.0665720362257
41263.31 0.0658110887182
41453.76 0.0647581858405
41741.13 0.0638698960971
41933.78 0.0631400076715
42127.33 0.0622734592854
42321.76 0.0617019721778
42517.15 0.0607142933722
42713.38 0.060021675845
42910.52 0.0579842000698
43108.62 0.0561423965109
43307.59 0.056272844655
43507.47 0.0544869474436
43708.33 0.0534930568216
43910.06 0.0527600624879
44112.73 0.0512040024828
44316.33 0.0509679534601
44520.91 0.0501542055133
44726.4 0.049011231298
44932.83 0.0491261499011
45140.27 0.0483403551281
45348.61 0.0474582772011
45453.14 0.0473464645061
45662.93 0.0469147432672
45873.73 0.0459519117271
46085.46 0.0461631134843
46298.17 0.0455295082127
46511.91 0.0451133165148
46726.58 0.0450077156362
46942.25 0.0445977357546
47050.45 0.0440852609026
47267.66 0.044187755873
47485.82 0.0437839878078
47704.99 0.0434796088048
47925.22 0.0431814416182
48146.42 0.0426876022154
48257.4 0.0428832744316
48480.13 0.0424919299992
48703.94 0.0421005855668
48928.73 0.0419080192588
49154.56 0.0416191697968
49267.87 0.0415228866428
49495.31 0.0412371430889
49723.76 0.0412371430889
49953.26 0.0411719190169
50068.46 0.04128683762
50299.54 0.0415166748264
50531.7 0.0416502288787
50648.18 0.0418614306359
50764.93 0.041976349239
50882.0 0.0421875509962
50999.29 0.0423024695994
51116.85 0.0424142822944
51234.67 0.0425292008975
51352.77 0.0426410135925
51471.14 0.0428522153497
51589.85 0.0430665230151
51708.76 0.0433771138344
51827.96 0.0435914214998
51947.42 0.0436038451326
52067.16 0.043818152798
52187.18 0.0440293545551
52307.48 0.0441442731583
52428.11 0.0443585808237
52548.96 0.0446753834594
52670.09 0.0449952920034
52791.49 0.0453152005474
52913.19 0.0453245182719
53035.15 0.0454363309669
53157.46 0.0457593454191
53279.99 0.0460854657794
53402.81 0.0464115861398
53525.91 0.0466321056215
53649.29 0.0468526251033
53772.95 0.0471818513718
53896.9 0.0475141835486
54021.2 0.0478465157253
54145.72 0.0481819538102
54270.53 0.0484086851084
54395.63 0.0487472291015
54521.01 0.0492006916978
54646.69 0.0495423415991
54772.65 0.0498870974086
54898.97 0.0503498777295
55025.51 0.0508157639586
55152.35 0.0511667315845
55279.48 0.0518779845608
55406.9 0.0523562944227
55534.62 0.0527165797732
55662.69 0.0532011014514
55791.0 0.0539372016933
55919.6 0.0544341470043
56048.5 0.0550584345513
56177.7 0.0556920398228
56307.19 0.0563287510025
56436.98 0.0569747799068
56567.13 0.0578941287322
56697.53 0.058692347138
56828.22 0.0593632233079
56959.21 0.0601800771628
57090.51 0.0611491205193
57222.1 0.0622734592854
57354.07 0.063276667632
57486.27 0.0644382772965
57618.78 0.0656247342265
57751.6 0.0668298266057
57884.72 0.068373462978
58018.15 0.0699481584323
58151.89 0.0713986175588
58285.99 0.0730416429933
58420.34 0.0748989760932
58555.01 0.0769768286748
58689.98 0.079110587604
58825.26 0.0814928191886
58960.86 0.0841390529697
59234.32 0.0925436405421
59535.82 0.095394864264
59837.22 0.115490090278
60138.62 0.125702316419
60440.03 0.128516269243
60741.43 0.139110522092
61042.92 0.162836554784
61344.33 0.213220597504
61645.73 0.310621878461
61947.13 0.401345456801
62248.53 0.407060327878
62550.04 0.358949809956
62851.44 0.29757085223
63152.84 0.240033902941
63454.24 0.207477773253
63755.64 0.176455962214
64057.14 0.154748769847
64358.54 0.134703238365
64659.95 0.127289435506
64961.35 0.121096254568
65262.75 0.111095230184
65564.25 0.104389574393
65865.65 0.113179294582
66167.05 0.116713818106
66468.46 0.116418756828
66769.86 0.115884540618
67071.36 0.114244621092
67372.76 0.112663713821
67674.17 0.1125798543
67975.56 0.111831330426
68276.97 0.110470942637
68578.47 0.111834436334
68879.87 0.111725729547
69181.27 0.111238101961
69482.68 0.115387595307
69784.08 0.135989084357
70085.58 0.137731498854
70386.98 0.126516064366
70688.38 0.126820443369
70989.78 0.136237557012
71291.18 0.143359404501
71592.68 0.1478319123
71894.09 0.152173971955
72195.49 0.155838943623
72496.89 0.167687983383
72798.29 0.17754613599
73099.79 0.188233566085
73401.19 0.198523439931
73702.6 0.219171517603
74004.0 0.237865979021
74305.4 0.245391594575
74606.9 0.286951752116
74908.3 0.302571364422
75209.7 0.330468631819
75511.1 0.351713043865
76113.91 0.368981893422
76716.81 0.357645328515
77319.61 0.336059266568
77922.42 0.321616793467
78525.32 0.298934345928
79128.13 0.264654437193
79731.03 0.223224727796
80333.83 0.193817989017
80936.64 0.168079327815
81539.53 0.153907068727
82142.34 0.14826052763
82745.15 0.14470115684
83348.05 0.147661087349
83950.85 0.151680132552
84553.65 0.155444493283
85156.56 0.163588184567
85759.36 0.169781365505
86362.27 0.1678463847
86965.07 0.146204416406
87567.88 0.120124105303
88170.78 0.0959694572799
88773.58 0.0815300900869
89376.39 0.0762376225247
89979.29 0.076305952505
90582.09 0.0623604247149
91184.89 0.0528377101927
91787.8 0.0524650012095
92390.6 0.0515580760169
92993.51 0.0492286448715
93596.31 0.0484428500985
94199.11 0.0476725848665
94802.01 0.0472532872603
95404.82 0.0463556797923
96007.62 0.0477315971221
96610.53 0.0491137262684
97213.33 0.0462252316481
97816.13 0.0449983979116
98419.04 0.043305677946
99021.84 0.0441287436173
99624.75 0.0420477851275
100227.55 0.0430416757495
100830.35 0.0423801173042
101433.26 0.0410352590563
102036.06 0.0424142822944
102638.86 0.041687499777
103241.76 0.0422465632519
103844.57 0.0439548127585
104447.37 0.0558038525178
105050.27 0.0714327825489
105653.08 0.0659446427705
106255.99 0.0569747799068
106858.78 0.0546111837714
107461.59 0.0547229964663
108064.5 0.054173250716
108667.3 0.0574189247786
109270.1 0.0666776371042
109873.0 0.0785453123127
110475.81 0.0883351349395
111078.62 0.10601085847
111681.51 0.160879832622
112284.32 0.210931543165
112887.22 0.19659777685
113490.02 0.151714297542
114092.83 0.117881639587
114695.73 0.0971962910164
115298.53 0.0851919558474
115901.34 0.0764146592918
116504.23 0.0695723435408
117107.04 0.0670627697203
117709.84 0.0657831355444
118312.74 0.0650905180172
118915.55 0.0688362432989
119518.46 0.0699015698094
120121.26 0.0689418441775
120724.06 0.0669478511171
121326.97 0.0657148055642
121929.77 0.0643730532244
122532.58 0.0669323215761
123135.47 0.0707370591135
123738.28 0.0724887913348
124341.09 0.0735448001207
124943.98 0.0776135398546
125546.79 0.082204072165
126149.69 0.0869747471506
126752.49 0.0911832527532
127355.3 0.11232206392
127958.2 0.141334352358
128561.0 0.118552515757
129163.81 0.0700910302092
129766.72 0.0563722337173
130369.51 0.0529339933467
130972.31 0.0508033403258
131575.22 0.0507163748964
132178.02 0.0508592466733
132780.82 0.0498560383267
133383.73 0.0494336348123
133986.53 0.0486198868656
134589.44 0.0491572089831
135192.24 0.0501262523395
135795.04 0.0490329726553
136397.95 0.04788999844
137000.75 0.045709650888
137603.55 0.0457779808682
138206.46 0.0446691716431
138809.26 0.0449921860952
139412.06 0.0446101593874
140014.97 0.0450822574328
140617.77 0.0448058316036
141220.68 0.0456164736422
141823.48 0.0457935104092
142426.28 0.0461600075761
143029.19 0.0440976845354
143631.99 0.0421285387405
144234.79 0.0417247706753
145292.88 0.0433181015788
146136.9 0.042600636786
146980.9 0.0425012477238
147824.9 0.0417371943081
148668.81 0.0408706459221
149512.81 0.041190554466
150356.82 0.0413272144265
151200.72 0.0419670315145
152044.72 0.0433087838542
152888.73 0.0430292521167
153732.63 0.0441318495255
154576.64 0.0571611343985
155420.65 0.0793373189021
156264.56 0.0726068158462
157108.56 0.051287862004
157952.56 0.0469458023491
158796.46 0.0475825135288
159640.47 0.0481012001972
160484.48 0.0482036951676
161328.48 0.0486664754885
162172.39 0.0504182077098
163016.4 0.0557230989047
163860.39 0.0625529910229
164704.31 0.0647333385749
165548.3 0.0625001905836
166392.3 0.0606925520148
167236.22 0.0615435708599
168080.21 0.0614131227158
168924.23 0.060776411536
169768.12 0.062313836092
170612.14 0.0648482571781
171456.14 0.0640282974149
172300.03 0.0638450488315
173144.05 0.0644041123064
173988.05 0.0643419941425
174832.05 0.0607670938115
175675.96 0.0581239659385
176519.98 0.0585122044628
177363.96 0.0585463694529
178207.88 0.0579748823452
179051.89 0.057505890208
179895.89 0.0563225391862
180739.8 0.05567961619
181583.78 0.0555212148722
182427.8 0.0561330787863
183271.71 0.057120757592
184115.71 0.0575524788309
184959.71 0.0584283449415
185803.6 0.062810781403
186647.62 0.0794864024954
187491.64 0.0885587603295
188335.64 0.0718241269813
189179.53 0.0626772273506
190023.55 0.0626554859933
190867.53 0.0628853231996
191711.46 0.0613665340929
192555.46 0.0617112899024
193399.46 0.0612360859487
194243.37 0.0607515642705
195087.39 0.0639382260773
195931.37 0.0636680120645
196775.28 0.0627672986883
197619.28 0.0626523800851
198463.28 0.0629101704652
199307.21 0.0628635818423
200151.19 0.0628573700259
200995.21 0.0632456085501
201839.21 0.0638792138216
202683.1 0.0628387345767
203527.12 0.0639133788118
205215.03 0.0607484583623
206903.03 0.0660502436491
208590.96 0.0649445403321
210278.85 0.0663359872029
211966.86 0.0674044196216
213654.77 0.0682492266503
215342.78 0.0684604284075
217030.69 0.0693611417837
218718.6 0.0705351750809
220406.62 0.0698611930029
222094.53 0.0691934227412
223782.43 0.071609819316
225470.43 0.072715522633
227158.35 0.0713768762014
228846.36 0.0717092083782
230534.27 0.0749082938178
232222.18 0.0748741288276
233910.2 0.0740231099825
235598.11 0.0740759104218
237286.01 0.0748617051949
238974.0 0.0745480084673
240661.93 0.0739672036351
242349.93 0.0751629782897
244037.84 0.0762562579739
245725.75 0.0763898120262
247413.77 0.0756692413253
249101.68 0.0755387931811
250789.59 0.0767283560193
252477.61 0.0771228063599
254165.52 0.077492409435
255853.5 0.0777595175397
257541.41 0.0783527460047
259229.32 0.0799802418982
260917.34 0.079703816069
262605.25 0.0787658317945
264293.16 0.0786695486405
265981.16 0.0790205162664
267669.07 0.0797379810591
269357.08 0.0802287145537
271044.99 0.0811853342774
272732.93 0.0815642550771
274420.93 0.0813530533199
276108.81 0.0822972494108
277796.72 0.0830768323674
279484.75 0.0830581969183
281172.66 0.0833718936458
282860.67 0.0832165982362
284548.58 0.0832600809509
286236.48 0.0840054989174
287924.49 0.0849869659066
289612.4 0.0841794297762
291300.31 0.0841576884189
292988.31 0.0842788188384
294676.22 0.0853876280636
296364.22 0.0864653782069
298052.16 0.0869902766916
299740.07 0.0857913961288
301428.08 0.0856081475454
303115.99 0.0871517839177
304803.9 0.0877450123827
306491.9 0.0891302474371
308179.81 0.088984269752
309867.81 0.0896644636465
311555.72 0.0899874780986
313243.63 0.0892669073977
314931.63 0.092621288247
316619.57 0.0929660440565
318307.48 0.0909037210158
319995.49 0.0909565214551
321683.37 0.0923200151522
323371.4 0.094000311485
325059.31 0.096019151811
326747.22 0.0981063221172
328435.22 0.0995474635191
330123.13 0.100097209269
331811.04 0.103498178742
333499.08 0.110424354014
335186.99 0.116704500382
336874.96 0.105765491723
338562.87 0.105526336792
340250.81 0.104327456229
341938.78 0.103622415069
343626.69 0.1023831577
345314.6 0.11003611549
347002.63 0.129696514356
348690.51 0.132675080314
