100.03 1.41987343009e-08
101.89 2.06181652038e-08
104.02 2.72428037659e-08
105.96 3.65804957639e-08
107.93 5.00320065232e-08
109.93 7.66034243608e-08
114.06 1.25674821117e-07
118.07 1.92865459373e-07
121.09 7.85662802311e-07
125.06 1.10217331139e-06
127.09 1.26544723151e-06
127.97 1.37801404164e-06
130.96 1.65675444534e-06
131.86 2.01490129106e-06
134.01 2.26070437845e-06
137.13 3.09209280046e-06
140.0 3.6328447226e-06
142.93 1.11496161479e-05
146.93 3.1206434313e-05
151.05 3.64124634053e-05
154.93 4.26824495999e-05
158.9 5.00320065232e-05
161.85 5.58789377974e-05
166.01 6.55013925977e-05
169.87 7.48561852339e-05
173.03 8.2841439797e-05
177.06 9.40237702094e-05
179.94 0.000102864056686
182.02 0.000109458955007
185.83 0.000122812322973
191.04 0.000141005915074
194.14 0.000153905744372
198.21 0.000169920863859
201.89 0.000188471338845
205.17 0.000202887920407
209.95 0.000217891871719
215.84 0.00026016762353
219.85 0.000285268386477
222.91 0.000299395000695
227.05 0.00032828020924
230.21 0.00051315297899
233.95 0.000902095843706
239.95 0.00117020411144
246.11 0.0011674531392
251.84 0.00130091246825
257.11 0.00114618886727
260.09 0.00134351536271
263.71 0.00144961367055
269.23 0.00150054383233
274.24 0.00154255192198
278.69 0.00159311033076
283.87 0.0016415125721
289.82 0.00161898433996
295.89 0.00170314922045
300.69 0.00173080764408
307.7 0.00181237025354
317.78 0.00192865459373
328.19 0.00201021720319
338.16 0.00206657495886
347.63 0.00211958693747
357.37 0.00216397424636
365.7 0.00222456998629
375.08 0.00225549983637
384.7 0.00222456998629
394.57 0.00232405109062
404.69 0.00237275073438
414.12 0.00238918221723
421.82 0.00238368027274
429.66 0.00238918221723
440.68 0.00241684064086
450.94 0.00240576240128
460.39 0.0024001861062
470.03 0.0024001861062
479.87 0.00241684064086
489.92 0.00237817832826
500.18 0.00240576240128
505.97 0.00238368027274
511.83 0.00261966908078
520.14 0.00263178822877
529.81 0.00261966908078
539.66 0.00255416620117
549.7 0.0027054696745
559.92 0.00283952380837
570.33 0.00298019514574
579.59 0.00290569584339
590.37 0.00313506744793
599.96 0.00314956581515
609.71 0.00315677782346
619.62 0.00359128273656
629.68 0.00372608037644
639.92 0.0037432553653
650.31 0.00402021135457
657.84 0.00419999110814
665.46 0.00435761438257
674.72 0.00434757705142
685.68 0.00429783649925
695.22 0.005202906367
704.89 0.00502632368928
716.35 0.00573124173875
726.31 0.00593265751725
734.72 0.00614113660286
744.94 0.00682731830084
755.31 0.00724851445633
765.81 0.00753766394419
774.68 0.0082841439797
785.46 0.0088358254402
794.55 0.00923062713229
805.61 0.00964401647466
814.94 0.00998305521589
824.37 0.0109711747051
835.84 0.00895850393209
845.52 0.0115414438159
855.31 0.0118641254249
865.21 0.0128009429993
875.23 0.0138121111749
885.37 0.0151444739474
895.62 0.0160418857033
905.99 0.0158582397185
914.37 0.0263178822877
924.96 0.203817302922
935.67 0.455248730818
944.33 0.897932210041
955.26 1.33429588817
964.1 1.39719649674
975.27 0.191973252159
984.29 1.01919804051
995.69 1.20291837594
1004.9 1.98263313016
1014.2 1.98263313016
1025.94 0.867448463572
1035.44 1.25964788462
1045.02 2.73684562819
1054.69 2.69929857461
1064.45 1.97356235682
1074.29 2.47312404592
1084.23 1.8165338872
1094.27 2.66227197524
1104.39 2.54829250368
1114.61 2.38368027274
1124.92 2.0952742909
1135.33 2.89900428929
1145.84 2.58375774043
1153.78 2.83298095547
1164.46 2.9190789516
1175.23 1.87177638385
1186.11 2.84606666127
1194.33 1.75489723885
1205.38 1.14090997459
1213.73 0.908341294202
1224.96 1.9330412792
1236.3 3.15677782346
1244.87 3.4773776156
1256.39 3.23781997871
1265.09 2.69929857461
1273.86 3.69187909991
1285.65 3.91061856848
1294.56 2.81996960027
1303.54 2.80703259567
1315.6 3.7692037251
1324.72 3.55016685413
1333.9 3.00086461286
1346.24 3.83046862045
1355.57 3.69187909991
1364.97 3.18599760971
1374.43 3.4060010385
1383.96 3.45343672203
1393.55 2.94606821981
1406.45 3.07789183564
1416.2 3.12785543962
1426.01 3.26770892037
1435.9 3.23781997871
1442.52 3.46139223636
1445.85 3.53388407247
1455.87 3.39819422538
1465.96 3.07789183564
1476.13 3.09209280046
1486.36 3.1787112508
1496.66 3.25276444954
1503.57 3.01469382467
1510.51 2.6076242834
1517.48 2.85268386477
1524.49 2.74948523038
1535.05 2.31869784734
1545.69 2.62569147947
1556.41 2.47312404592
1563.59 2.51334772114
1574.43 2.69929857461
1585.34 2.87238677408
1596.33 2.9258448563
1603.7 2.89231273518
1614.82 2.9258448563
1626.01 2.73052582709
1633.52 2.95967437982
1644.84 3.00086461286
1656.24 2.74316542929
1663.88 3.0426496507
1671.56 2.66227197524
1675.42 3.0426496507
1683.15 3.22287550788
1694.82 3.00086461286
1706.57 2.85922671767
1714.44 2.65610087534
1726.33 2.64390737676
1734.3 2.85922671767
1746.32 2.78130728767
1754.38 3.00777921876
1766.54 2.7179605755
1774.69 2.77491313597
1786.99 2.85268386477
1795.24 3.08495514275
1803.53 3.07075417793
1816.03 2.76212483258
1824.41 2.85268386477
1837.06 2.7179605755
1845.54 2.46174840395
1854.06 2.4392201718
1866.91 2.53074576181
1875.53 2.82651245317
1884.18 2.54829250368
1892.88 2.42241693594
1906.0 2.61364668209
1914.8 2.47312404592
1923.64 2.43356952611
1936.97 2.54241880619
1945.91 2.63781062746
1954.89 2.44479646689
1968.44 2.73052582709
1977.53 2.82651245317
1982.09 2.63781062746
1995.83 2.55416620117
2005.04 2.66227197524
2014.3 2.5365451087
2023.59 2.7054696745
2032.93 2.50754837425
2047.03 2.63178822877
2056.47 2.50754837425
2065.97 2.50754837425
2075.5 2.711715125
2080.29 2.52494641492
2085.08 2.65000412605
2094.71 2.4845740385
2104.37 2.50754837425
2114.09 2.5365451087
2123.85 2.57780969234
2133.65 2.38368027274
2143.5 2.43356952611
2153.39 2.54829250368
2163.33 2.47312404592
2173.32 2.44479646689
2183.35 2.37275073438
2193.43 2.50174902736
2203.55 2.42799323103
2213.72 2.3027868187
2223.94 2.21438395393
2234.21 2.36724878989
2244.52 2.26070437845
2254.88 2.1540112658
2265.29 2.22456998629
2275.74 2.28167124797
2286.25 2.33475757719
2296.8 2.1994394831
2307.4 2.18672553031
2312.72 2.07029248891
2323.4 1.55779379521
2334.12 1.91861726258
2344.89 1.8813676114
2355.72 2.01809836691
2366.59 1.85965723587
2377.52 1.90947213863
2383.0 1.78716539975
2394.0 1.91713025055
2405.04 1.82448940152
2416.15 1.87772443194
2427.3 1.97757728928
2432.89 1.88530819326
2444.12 2.00389740209
2455.41 1.96954742436
2466.74 1.96278151966
2472.43 1.88850526911
2483.84 1.95713087397
2495.3 1.83289101945
2506.82 2.0306636185
2512.6 1.82344849311
2518.39 1.90173967611
2524.2 1.80463779102
2535.85 1.82768647737
2547.55 1.78002774204
2553.43 1.89965785928
2565.21 1.85861632745
2577.05 1.97110878698
2582.99 1.94523477779
2594.92 1.92523446608
2606.89 1.85787282144
2612.9 1.83764945793
2624.96 1.90895168443
2637.08 1.95125717648
2643.16 2.09207721505
2655.36 2.11891778206
2667.62 1.93036465756
2673.76 2.02255940298
2686.11 2.00649967313
2692.3 1.92620102389
2704.73 1.97348800622
2717.21 1.88701825709
2723.47 1.88382118124
2736.04 1.97512371945
2742.35 1.73720179578
2755.01 1.76359625919
2767.73 1.81943356065
2774.11 1.90203707852
2786.91 1.83132965683
2793.34 1.51719836699
2806.23 1.62404018083
2812.7 1.88739001009
2825.68 1.95170328009
2832.2 1.85646016002
2845.27 1.8165338872
2851.83 1.78047384565
2864.99 1.91460233011
2878.21 1.90828252902
2884.85 1.90515980377
2898.17 1.89014098234
2911.54 2.02791264626
2931.72 1.95839483419
2952.05 1.9264240757
2972.51 1.94813445123
2993.11 1.94753964642
3006.93 1.9591383402
3027.77 1.96307892206
3048.76 1.94895230784
3069.89 1.9528928897
3091.17 1.95690782217
3112.6 1.95185198129
3126.97 1.92330135045
3148.64 1.93170296838
3170.47 1.9267958287
3192.44 1.83549329049
3207.18 1.88954617753
3229.41 1.82077187147
3251.8 1.90620071218
3266.81 1.95341334391
3289.45 1.93512309603
3312.25 1.92590362149
3319.89 1.9140075253
3327.54 1.94203770194
3335.21 1.98872987946
3342.9 1.89185104616
3350.6 1.97787469169
3358.33 1.90330103874
3366.07 1.85705496483
3373.83 1.75846606771
3381.61 1.8554192516
3389.4 1.95326464271
3397.22 1.87965754757
3405.05 1.88969487873
3412.9 1.85229652635
3420.77 1.90999259284
3428.65 1.91579193973
3436.55 1.91274356508
3444.48 1.7577969123
3452.42 1.96925002196
3460.37 1.83066050142
3468.35 1.84471276504
3476.35 1.82077187147
3484.36 1.85170172154
3492.39 1.8488020481
3500.44 1.79973065134
3508.51 1.85579100461
3516.6 1.7777228734
3524.71 1.84575367345
3532.83 1.89021533294
3540.98 1.93118251417
3549.14 1.96858086655
3557.32 1.89876565207
3565.52 1.94895230784
3573.74 1.78701669855
3581.98 1.76790859405
3590.24 1.64731191899
3598.51 1.84976860591
3606.81 1.80486084282
3615.12 1.81036278731
3623.46 1.80753746446
3631.81 2.062634377
3637.82 1.85311438297
3640.56 1.8230767401
3643.31 1.87541956331
3646.05 1.83869036634
3648.8 1.80753746446
3651.54 1.82835563278
3654.28 1.91690719875
3657.03 1.86917411281
3659.77 2.01936232713
3662.52 1.87304034407
3665.26 1.93876627549
3668.01 1.83036309901
3670.75 1.80077155976
3673.5 1.8618134033
3676.24 1.87318904527
3678.98 1.86129294909
3681.73 1.9266471275
3684.47 1.92136823482
3687.22 2.04761555556
3689.96 1.87735267894
3692.71 2.14033075519
3695.45 2.03735517261
3698.2 1.87594001752
3700.94 1.82657121836
3703.68 2.01274512363
3706.43 1.93661010805
3709.17 1.96151755944
3711.92 1.98241007836
3714.66 2.12843465901
3717.41 2.4780311856
3720.15 3.72526251982
3722.9 5.89853059132
3725.64 7.3239059659
3728.38 6.72233525202
3731.13 4.65278626912
3733.87 3.12785543962
3736.62 2.26516541452
3739.36 2.29148552732
3742.11 1.91475103132
3744.85 1.88225981861
3747.6 1.76515762181
3750.34 1.90389584355
3753.08 2.03430679796
3755.83 2.16798917882
3758.57 2.29438520077
3761.32 2.15059113815
3764.06 2.09943792456
3766.81 2.07185385154
3769.55 2.11163142315
3772.3 2.12033044348
3775.04 2.28248910458
3777.79 2.42174778053
3780.53 2.75387191585
3783.27 2.57602527791
3786.02 2.47847728921
3788.76 2.45922048351
3791.51 2.26806508796
3794.25 2.1406281576
3797.0 1.97504936884
3799.74 2.12360186993
3802.49 2.23460731745
3805.23 2.50881233447
3807.97 2.67015313896
3810.72 2.68100832673
3813.46 2.65030152845
3816.21 2.76100957356
3818.95 2.54219575439
3821.7 2.55372009757
3824.44 2.43743575737
3827.19 2.14189211782
3829.93 2.11891778206
3832.67 1.87534521271
3835.42 1.959361392
3838.16 2.02166719576
3840.91 2.21654012137
3843.65 2.4001117556
3846.4 2.62665803729
3849.14 2.6404128985
3851.89 2.71089726839
3854.63 2.73379725354
3857.37 2.74777516656
3860.12 2.81781343284
3862.86 2.98956332148
3865.61 3.12116388551
3868.35 3.01699869331
3871.1 2.80495077884
3873.84 2.65624957655
3876.59 2.5043512984
3879.33 2.37765787405
3882.07 2.33289881216
3884.82 2.24523945341
3887.56 2.10902915211
3890.31 2.22033200203
3893.05 2.22293427307
3895.8 2.36665398508
3898.54 2.52397985711
3901.29 2.61089570985
3904.03 2.59067234633
3906.77 2.73349985114
3909.52 2.7962517585
3912.26 2.86554651877
3915.01 2.85640139483
3917.75 2.74993133399
3920.5 2.68933559406
3923.24 2.64829406222
3925.99 2.53394283766
3928.73 2.43148770928
3931.47 2.3032329223
3934.22 2.3551296419
3936.96 2.48866332156
3939.71 2.55676847221
3942.45 2.64360997435
3945.2 2.70740279013
3947.94 2.73052582709
3950.69 2.73729173179
3953.43 2.65900054879
3956.17 2.48962987938
3958.92 2.36903320432
3961.66 2.18159533883
3964.41 2.0110350598
3967.15 1.87356079828
3969.9 1.97006787857
3972.64 1.99482662875
3975.39 2.128062906
3978.13 2.39200754007
3980.87 2.49483442146
3983.62 2.64100770331
3986.36 2.65558042114
3989.11 2.68242098815
3991.85 2.7050979215
3994.6 2.71729142009
3997.34 2.80807350409
4000.09 2.82755336159
4002.83 2.83602933012
4005.57 2.8348397205
4008.32 2.85015594433
4011.06 2.80324071501
4013.81 2.78242254669
4016.55 2.95209061851
4019.3 2.80182805359
4022.04 2.70881545156
4024.79 2.84049036619
4027.53 2.85194035876
4030.27 2.82138226169
4033.02 2.82562024596
4035.76 2.88257280643
4038.51 2.91573317455
4041.25 2.88487767507
4044.0 2.90160656033
4046.74 2.89774032907
4049.49 2.84896633472
4052.23 2.85089945035
4054.97 2.85008159373
4057.72 2.76829593247
4060.46 2.76078652176
4063.21 2.86576957058
4065.95 2.89142052797
4068.7 2.87692216075
4071.44 2.82591764836
4074.19 2.79112156702
4076.93 2.72338816938
4079.67 2.69483753854
4082.42 2.63163952757
4085.16 2.62546842767
4087.91 2.53476069427
4090.65 2.45438769443
4093.4 2.3287351785
4096.14 2.26992385299
4098.89 2.25810210741
4101.63 2.29914363924
4104.37 2.30605824515
4107.12 2.34999945042
4109.86 2.41074389156
4112.61 2.50948148988
4115.35 2.59446422699
4118.1 2.59282851377
4120.84 2.60531941476
4123.59 2.68665897241
4126.33 2.70710538773
4129.08 2.67974436651
4131.82 2.76145567717
4134.56 2.802497209
4137.31 2.78048943106
4140.05 2.75454107126
4142.8 2.71602745987
4145.54 2.72993102228
4148.29 2.7698572951
4151.03 2.76933684089
4153.78 2.66212327404
4156.52 2.69721675778
4159.26 2.81097317753
4162.01 2.80643779086
4164.75 2.75164139782
4167.5 2.77074950231
4170.24 2.66420509087
4172.99 2.64249471533
4175.73 2.70398266248
4178.48 2.69126870969
4181.22 2.68130572913
4183.96 2.72814660785
4186.71 2.70361090948
4189.45 2.70197519625
4192.2 2.73454075955
4194.94 2.75543327847
4197.69 2.76004301575
4200.43 2.70710538773
4203.18 2.70755149134
4205.92 2.67602683645
4208.66 2.67662164126
4211.41 2.72026544413
4214.15 2.71238428041
4216.9 2.74814691956
4219.64 2.69074825548
4222.39 2.68918689285
4225.13 2.61684375794
4227.88 2.67766254968
4230.62 2.71372259123
4233.36 2.69706805657
4236.11 2.71885278271
4238.85 2.6664356089
4241.6 2.68219793635
4244.34 2.68115702793
4247.09 2.65610087534
4249.83 2.6665843101
4252.58 2.64554308998
4255.32 2.67327586421
4258.06 2.57632268031
4260.81 2.66814567273
4263.55 2.64992977545
4266.3 2.64874016583
4269.04 2.62680673849
4271.79 2.61149051466
4274.53 2.62427881805
4277.28 2.72584173922
4280.02 2.64851711403
4282.76 2.62866550352
4285.51 2.62903725653
4288.25 2.59810740645
4291.0 2.55498405778
4293.74 2.52241849448
4296.49 2.53238147504
4299.23 2.44777049093
4301.98 2.4001117556
4304.72 2.41550233003
4307.46 2.39773253636
4310.21 2.4262831672
4312.95 2.53884997734
4315.7 2.55104347592
4318.44 2.54717724466
4321.19 2.49810584791
4323.93 2.47951819762
4326.68 2.43773315978
4329.42 2.33683939402
4332.16 2.33327056517
4334.91 2.44018672961
4337.65 2.57186164424
4340.4 2.6013788329
4343.14 2.45260328001
4345.89 2.33364231817
4348.63 2.33252705916
4351.38 2.3416721831
4354.12 2.4780311856
4356.86 2.57996585977
4359.61 2.56174996249
4362.35 2.64911191884
4365.1 2.66056191141
4367.84 2.64628659599
4370.59 2.61067265804
4373.33 2.61996648319
4376.08 2.58145287179
4378.82 2.58583955726
4381.56 2.51386817535
4384.31 2.58472429824
4387.05 2.48903507457
4389.8 2.53044835941
4392.54 2.60613727137
4395.29 2.55766067943
4398.03 2.60494766175
4400.78 2.56792106238
4403.52 2.58479864884
4406.26 2.64323822134
4409.01 2.64829406222
4411.75 2.58680611508
4414.5 2.64799665982
4417.24 2.5430879616
4419.99 2.60070967749
4422.73 2.56524444074
4425.48 2.65550607053
4428.22 2.63208563117
4430.96 2.57104378763
4433.71 2.62844245172
4436.45 2.58628566087
4439.2 2.61007785323
4441.94 2.5497051651
4444.69 2.62442751925
4447.43 2.60911129542
4450.18 2.62807069871
4452.92 2.65409340911
4455.67 2.56405483112
4458.41 2.56747495878
4461.15 2.51557823918
4463.9 2.55401749997
4466.64 2.54353406521
4469.39 2.6920865663
4472.13 2.66190022223
4474.88 2.67156580038
4477.62 2.58933403551
4480.37 2.56784671178
4483.11 2.60353500033
4485.85 2.62777329631
4488.6 2.62777329631
4491.34 2.64792230922
4494.09 2.67453982443
4496.83 2.65074763206
4499.58 2.68011611951
4502.32 2.66152846923
4505.07 2.72078589834
4507.81 2.69454013614
4510.55 2.64829406222
4513.3 2.64747620561
4516.04 2.60011487268
4518.79 2.68651027121
4521.53 2.65639827775
4524.28 2.55937074325
4527.02 2.50977889229
4529.77 2.48397923369
4532.51 2.52241849448
4535.25 2.56182431309
4538.0 2.57037463222
4540.74 2.59000319092
4543.49 2.59394377279
4546.23 2.58420384403
4548.98 2.55929639265
4551.72 2.5362477063
4554.47 2.57996585977
4557.21 2.556248018
4559.95 2.55639671921
4562.7 2.6272528421
4565.44 2.65855444518
4568.19 2.61855382176
4570.93 2.6011557811
4573.68 2.64747620561
4576.42 2.61134181345
4579.17 2.61015220383
4581.91 2.59557948601
4584.65 2.54598763505
4587.4 2.59885091246
4590.14 2.61119311225
4592.89 2.54524412903
4595.63 2.53357108465
4598.38 2.5366194593
4601.12 2.60502201236
4603.87 2.64487393457
4606.61 2.64360997435
4609.35 2.61320057848
4612.1 2.60569116777
4614.84 2.65766223797
4617.59 2.60301454612
4620.33 2.6014531835
4623.08 2.62985511314
4625.82 2.6792982629
4628.57 2.64628659599
4631.31 2.59372072098
4634.05 2.56212171549
4636.8 2.55156393013
4639.54 2.60680642678
4642.29 2.58442689584
4645.03 2.59974311967
4647.78 2.50799447786
4650.52 2.57253079965
4653.27 2.61305187728
4656.01 2.57223339725
4658.75 2.5821963778
4661.5 2.58479864884
4664.24 2.53438894127
4666.99 2.555876265
4669.73 2.5430879616
4672.48 2.55126652773
4675.22 2.61483629171
4677.97 2.58725221868
4680.71 2.57758664053
4683.45 2.59141585235
4686.2 2.58725221868
4688.94 2.54858990609
4691.69 2.55253048795
4694.43 2.5752074213
4697.18 2.51476038256
4699.92 2.49981591173
4702.67 2.47736203019
4705.41 2.49855195151
4708.15 2.48397923369
4710.9 2.49067078779
4713.64 2.49193474801
4716.39 2.4843509867
4719.13 2.53253017624
4721.88 2.54353406521
4724.62 2.52635907634
4727.37 2.50977889229
4730.11 2.49357046124
4732.85 2.47267794232
4735.6 2.4456886741
4738.34 2.45758477028
4741.09 2.5042769478
4743.83 2.54033698936
4746.58 2.50204642977
4749.32 2.50910973688
4752.07 2.5368425111
4754.81 2.50502045381
4757.55 2.52212109208
4760.3 2.45996398952
4763.04 2.426506219
4765.79 2.46687859543
4768.53 2.47862599041
4771.28 2.4717857351
4774.02 2.48078215784
4776.77 2.47951819762
4779.51 2.44479646689
4782.25 2.49892370452
4785.0 2.48628410233
4787.74 2.46650684242
4790.49 2.48591234932
4793.23 2.53134056662
4795.98 2.5491847109
4798.72 2.53230712443
4801.47 2.49654448528
4804.21 2.53126621602
4806.96 2.50531785622
4809.7 2.52226979328
4812.44 2.57305125386
4815.19 2.57855319835
4817.93 2.51148895611
4820.68 2.4849457915
4823.42 2.47624677117
4826.17 2.45081886558
4828.91 2.50792012726
4831.66 2.50873798387
4834.4 2.51230681273
4837.14 2.50710227065
4839.89 2.45178542339
4842.63 2.39736078335
4845.38 2.37133807295
4848.12 2.34925594441
4850.87 2.36665398508
4853.61 2.51186070912
4856.36 2.95469288955
4859.1 3.53143050264
4861.84 3.6326960214
4864.59 3.10904473753
4867.33 2.50858928267
4870.08 2.28048163835
4872.82 2.26442190851
4875.57 2.27564884928
4878.31 2.34018517107
4881.06 2.33111439773
4883.8 2.28129949497
4886.54 2.32999913872
4889.29 2.37312248738
4892.03 2.40918252894
4894.78 2.43765880918
4897.52 2.45104191738
4900.27 2.45721301728
4903.01 2.4456143235
4905.76 2.42435005157
4908.5 2.41758414687
4911.24 2.38940526903
4913.99 2.38992572324
4916.73 2.37386599339
4919.48 2.34747152999
4922.22 2.33379101937
4924.97 2.38650559559
4927.71 2.41684064086
4930.46 2.41052083976
4933.2 2.35267607207
4935.94 2.37074326814
4938.69 2.40799291932
4941.43 2.41654323845
4944.18 2.43364387671
4946.92 2.49156299501
4949.67 2.52145193667
4952.41 2.74732906295
4955.16 3.0683006081
4957.9 3.28614786946
4960.64 3.17781904359
4963.39 2.85796275745
4966.13 2.58368338983
4968.88 2.47215748811
4971.62 2.44806789334
4974.37 2.41550233003
4977.11 2.38524163537
4979.86 2.32828907489
4982.6 2.36472086945
4985.34 2.41230525419
4988.09 2.42092992392
4990.83 2.45386724023
4993.58 2.439368873
4996.32 2.48829156856
4999.07 2.83610368072
5001.81 3.57499995491
5004.56 4.50155714639
5007.3 4.85777087648
5010.04 4.0802866403
5012.79 3.07186943695
5015.53 2.54621068685
5018.28 2.36308515623
5021.02 2.34985074922
5023.77 2.35721145874
5026.51 2.35044555403
5029.26 2.33929296386
5032.0 2.32628160866
5034.74 2.32040791117
5037.49 2.29542610918
5040.23 2.32962738571
5042.98 2.34687672518
5045.72 2.32308453281
5048.47 2.37862443187
5051.21 2.40457279167
5053.96 2.35423743469
5056.7 2.38985137264
5059.44 2.37490690181
5062.19 2.33133744954
5064.93 2.33892121085
5067.68 2.36940495732
5070.42 2.38249066313
5073.17 2.3421182867
5075.91 2.33051959292
5078.66 2.28509137562
5081.4 2.335724135
5084.14 2.35170951425
5086.89 2.33074264473
5089.63 2.36412606464
5092.38 2.37951663908
5095.12 2.32985043751
5097.87 2.29988714525
5100.61 2.31996180756
5103.36 2.3351293302
5106.1 2.30174591028
5108.84 2.29208033213
5111.59 2.31081668362
5114.33 2.33735984823
5117.08 2.36851275011
5119.82 2.34695107578
5122.57 2.2962439658
5125.31 2.26531411572
5128.06 2.25639204358
5130.8 2.29111377432
5133.55 2.31988745696
5136.29 2.29676442
5139.03 2.30442253192
5141.78 2.28769364666
5144.52 2.28434786961
5147.27 2.27892027573
5150.01 2.28300955879
5152.76 2.28516572623
5155.5 2.29951539225
5158.25 2.33341926637
5160.99 2.34561276496
5163.73 2.25289756533
5166.48 2.10664993287
5169.22 2.08092462488
5171.97 2.10375025943
5174.71 2.13118563125
5177.46 2.23059238498
5180.2 2.2572842508
5182.95 2.22828751635
5185.69 2.24181932576
5188.43 2.2124508383
5191.18 2.20025733972
5193.92 2.23906835351
5196.67 2.27401313605
5199.41 2.30144850788
5202.16 2.27416183726
5204.9 2.23245115001
5207.65 2.22070375503
5210.39 2.20672584202
5213.13 2.20285961076
5215.88 2.24115017035
5218.62 2.26769333496
5221.37 2.26129918326
5224.11 2.21787843219
5226.86 2.19155831938
5229.6 2.18114923522
5232.35 2.19787812048
5235.09 2.25706119899
5237.83 2.29958974285
5240.58 2.29252643574
5243.32 2.24940308707
5246.07 2.18947650255
5248.81 2.18308235085
5251.56 2.20620538781
5254.3 2.21475570694
5257.05 2.23527647286
5259.79 2.21899369121
5262.53 2.17884436659
5265.28 2.14888107432
5268.02 2.13601842033
5270.77 2.16531255718
5273.51 2.21572226475
5276.26 2.25951476883
5279.0 2.27408748665
5281.75 2.29884623684
5284.49 2.31379070767
5287.23 2.35438613589
5289.98 2.36888450312
5292.72 2.35230431906
5295.47 2.37081761875
5298.21 2.3615237936
5300.96 2.33141180014
5303.7 2.3677692441
5306.45 2.34806633479
5309.19 2.36055723579
5311.93 2.36256470202
5314.68 2.35721145874
5317.42 2.34278744211
5320.17 2.30501733673
5322.91 2.30524038853
5325.66 2.29468260317
5328.4 2.24970048948
5331.15 2.26747028315
5333.89 2.31081668362
5336.63 2.32286148101
5339.38 2.32561245325
5342.12 2.29787967902
5344.87 2.26181963747
5347.61 2.29423649957
5350.36 2.3222666762
5353.1 2.33237835795
5355.85 2.36568742727
5358.59 2.35966502857
5361.33 2.32330758461
5364.08 2.30449688252
5366.82 2.28129949497
5369.57 2.28516572623
5372.31 2.33282446156
5375.06 2.33029654112
5377.8 2.3290325809
5380.55 2.31550077149
5383.29 2.29787967902
5386.03 2.31222934504
5388.78 2.26100178085
5391.52 2.26479366151
5394.27 2.25668944599
5397.01 2.22955147657
5399.76 2.23036933318
5402.5 2.24427289559
5405.25 2.19713461447
5407.99 2.20694889382
5410.73 2.23758134149
5413.48 2.27750761431
5416.22 2.30628129695
5418.97 2.29326994175
5421.71 2.24955178828
5424.46 2.26308359768
5427.2 2.25044399549
5429.95 2.2121534359
5432.69 2.18226449424
5435.43 2.26167093626
5438.18 2.33096569653
5440.92 2.34568711556
5443.67 2.30256376689
5446.41 2.27155956622
5449.16 2.26821378916
5451.9 2.25207970872
5454.65 2.22873361996
5457.39 2.26115048206
5460.13 2.27869722393
5462.88 2.29572351159
5465.62 2.31527771969
5468.37 2.24070406674
5471.11 2.17527553773
5473.86 2.21735797798
5476.6 2.24516510281
5479.35 2.22137291044
5482.09 2.24077841734
5484.84 2.26962645059
5487.58 2.30219201389
5490.32 2.28457092142
5493.07 2.27988683354
5495.81 2.2378787439
5498.56 2.26204268927
5501.3 2.25386412314
5504.05 2.26613197233
5506.79 2.26865989277
5509.54 2.30471993433
5512.28 2.30159720908
5515.02 2.30628129695
5517.77 2.29929234044
5520.51 2.30211766329
5523.26 2.24962613888
5526.0 2.26650372534
5528.75 2.32390238942
5531.49 2.24033231373
5534.24 2.32977608691
5536.98 2.31037058001
5539.72 2.27780501671
5542.47 2.30858616559
5545.21 2.31483161608
5547.96 2.27825112032
5550.7 2.33304751336
5553.45 2.24746997144
5556.19 2.26352970129
5558.94 2.27356703245
5561.68 2.18494111588
5564.42 2.21787843219
5567.17 2.2383991981
5569.91 2.25646639418
5572.66 2.33215530615
5575.4 2.25966347003
5578.15 2.22970017777
5580.89 2.25877126282
5583.64 2.18137228703
5586.38 2.1343083565
5589.12 2.15059113815
5591.87 2.1733424221
5594.61 2.13103693005
5597.36 2.20843590584
5600.1 2.23966315832
5602.85 2.21430960333
5605.59 2.25706119899
5608.34 2.2380274451
5611.08 2.26553716752
5613.82 2.23899400291
5616.57 2.25817645801
5619.31 2.20895636005
5622.06 2.22575959591
5624.8 2.17758040637
5627.55 2.22717225733
5630.29 2.24575990762
5633.04 2.24152192335
5635.78 2.21349174672
5638.52 2.24263718237
5641.27 2.1992164313
5644.01 2.25847386041
5646.76 2.28144819617
5649.5 2.16627911499
5652.25 2.25416152555
5654.99 2.24784172445
5657.74 2.18508981708
5660.48 2.17564729074
5663.22 2.20903071065
5665.97 2.23200504641
5668.71 2.18278494845
5671.46 2.21304564311
5674.2 2.27371573365
5676.95 2.24999789188
5679.69 2.24241413057
5682.44 2.27468229146
5685.18 2.22590829711
5687.92 2.2639758049
5690.67 2.22114985864
5693.41 2.27423618786
5696.16 2.2572842508
5698.9 2.29066767071
5701.65 2.22077810563
5704.39 2.23297160422
5707.14 2.1859076737
5709.88 2.19036870976
5712.62 2.28010988535
5715.37 2.23884530171
5718.11 2.26330664949
5720.86 2.26167093626
5723.6 2.2447933498
5726.35 2.27892027573
5729.09 2.31914395095
5731.84 2.32650466046
5734.58 2.28650403705
5737.32 2.26226574107
5740.07 2.25438457735
5742.81 2.27371573365
5745.56 2.26204268927
5748.3 2.29721052361
5751.05 2.25044399549
5753.79 2.27996118415
5756.54 2.20709759502
5759.28 2.20464402518
5762.02 2.21564791415
5764.77 2.25282321473
5767.51 2.25282321473
5770.26 2.21973719722
5773.0 2.23773004269
5775.75 2.19832422409
5778.49 2.14404828525
5781.24 2.1473940623
5783.98 2.14501484306
5786.72 2.17594469314
5789.47 2.17549858953
5792.21 2.23312030542
5794.96 2.26576021933
5797.7 2.21483005754
5800.45 2.23914270412
5803.19 2.20412357098
5805.94 2.2055362324
5808.68 2.24880828226
5811.43 2.23126154039
5814.17 2.24665211483
5816.91 2.1859076737
5819.66 2.21297129251
5822.4 2.26523976512
5825.15 2.23356640903
5827.89 2.22851056815
5830.64 2.21639142017
5833.38 2.21988589842
5836.13 2.24657776423
5838.87 2.26576021933
5841.61 2.18442066167
5844.36 2.14947587913
5847.1 2.15854665247
5849.85 2.19148396878
5852.59 2.20672584202
5855.34 2.19958818431
5858.08 2.25267451352
5860.83 2.14665055629
5863.57 2.1278398542
5866.31 2.16553560898
5869.06 2.16516385598
5871.8 2.14902977553
5874.55 2.14843497072
5877.29 2.14293302623
5880.04 1.99557013476
5882.78 1.8491738011
5885.53 1.8163108354
5888.27 1.83348582426
5891.01 1.89705558824
5893.76 1.96159191004
5896.5 2.02969706069
5899.25 2.08776488018
5901.99 2.13951289858
5904.74 2.14486614186
5907.48 2.14806321771
5910.23 2.12040479409
5912.97 2.13244959147
5915.71 2.16583301139
5918.46 2.17088885226
5921.2 2.13943854798
5923.95 2.13133433245
5926.69 2.17854696418
5929.44 2.14018205399
5932.18 2.14315607804
5934.93 2.18256189664
5937.67 2.16553560898
5940.41 2.14382523345
5943.16 2.1859076737
5945.9 2.09014409942
5948.65 2.10888045091
5951.39 2.10984700872
5954.14 2.17445768112
5956.88 2.17274761729
5959.63 2.13639017333
5962.37 2.17111190407
5965.11 2.08159378029
5967.86 2.13824893836
5970.6 2.16412294756
5973.35 2.13914114557
5976.09 2.15817489947
5978.84 2.12560933617
5981.58 2.10992135932
5984.33 2.13371355169
5987.07 2.11594375802
5989.81 2.14843497072
5992.56 2.14434568765
5995.3 2.12397362294
5998.05 2.13363920109
6000.79 2.16598171259
6003.54 2.21542486235
6006.28 2.15750574406
6009.03 2.11594375802
6011.77 2.17163235828
6014.51 2.11163142315
6017.26 2.07653793941
6020.0 2.13289569508
6022.75 2.16955054144
6025.49 2.14375088285
6028.24 2.15810054887
6030.98 2.08427040193
6033.73 2.14999633334
6036.47 2.17036839806
6039.21 2.14553529727
6041.96 2.18442066167
6044.7 2.20620538781
6047.45 2.09274637046
6050.19 2.17929047019
6052.94 2.12999602163
6055.68 2.11207752676
6058.43 2.14241257202
6061.17 2.16330509095
6063.91 2.12434537595
6066.66 2.12062784589
6069.4 2.16739437401
6072.15 2.22962582717
6074.89 2.11638986162
6077.64 2.08612916696
6080.38 2.08479085614
6083.13 2.13884374317
6085.87 2.11691031583
6088.61 2.12865771081
6091.36 2.12308141573
6094.1 2.11884343146
6096.85 2.10724473768
6099.59 2.10337850642
6102.34 2.04315451949
6105.08 2.03348894135
6107.83 2.0955716933
6110.57 2.15036808635
6113.31 2.15237555258
6116.06 2.11096226774
6118.8 2.09750480893
6121.55 2.10412201243
6124.29 2.11772817244
6127.04 2.10256064981
6129.78 2.13371355169
6132.53 2.11542330381
6135.27 2.13899244437
6138.01 2.12040479409
6140.76 2.06724411427
6143.5 2.08360124652
6146.25 2.10739343888
6148.99 2.08769052958
6151.74 2.0696233335
6154.48 2.06471619383
6157.23 2.03460420036
6159.97 2.02464121981
6162.72 2.01891622352
6165.46 1.99757760099
6168.2 1.99742889979
6170.95 2.00791233455
6173.69 2.04850776278
6176.44 2.07467917438
6179.18 2.0630804806
6181.93 2.04925126879
6184.67 2.07445612258
6187.42 2.03475290157
6190.16 2.04620289414
6192.9 2.07006943711
6195.65 2.04650029655
6198.39 2.0499204242
6201.14 2.09051585242
6203.88 2.07282040935
6206.63 2.04553373873
6209.37 2.04865646398
6212.12 2.04122140386
6214.86 2.07817365263
6217.6 2.0951255897
6220.35 2.06025515776
6223.09 2.02828439927
6225.84 1.96397112927
6228.58 1.96493768709
6231.33 1.95787437998
6234.07 1.99452922635
6236.82 1.97467761584
6239.56 2.01542174527
6242.3 2.01504999226
6245.05 2.05058957961
6247.79 1.97110878698
6250.54 1.91891466498
6253.28 1.9786181977
6256.03 2.02798699686
6258.77 1.91787375656
6261.52 2.10010707997
6264.26 2.03497595337
6267.0 2.06754151667
6269.75 2.03259673413
6272.49 2.03854478222
6275.24 2.01475258986
6277.98 2.00345129848
6280.73 2.05787593852
6283.47 2.00315389608
6286.22 2.13155738426
6288.96 2.11155707255
6291.7 1.92233479263
6294.45 2.12724504939
6297.19 2.22152161164
6299.94 2.30769395837
6302.68 2.27758196491
6305.43 2.16635346559
6308.17 2.13007037223
6310.92 2.03847043162
6313.66 2.06835937328
6316.4 2.11319278577
6319.15 1.97475196644
6321.89 2.0499947748
6324.64 2.15891840548
6327.38 2.0563889265
6330.13 2.09125935844
6332.87 2.13698497814
6335.62 2.04635159534
6338.36 2.02099804035
6341.1 2.09363857767
6343.85 2.05876814574
6346.59 2.09408468128
6349.34 2.06181652038
6352.08 2.09579474511
6354.83 2.11624116042
6357.57 2.08672397177
6360.32 2.01148116341
6363.06 1.99861850941
6365.8 2.02025453434
6368.55 1.99943636602
6371.29 2.1534908116
6374.04 2.04880516518
6376.78 2.0757944334
6379.53 2.00635097193
6382.27 2.05564542049
6385.02 2.02612823183
6387.76 2.09445643429
6390.5 2.07995806706
6393.25 2.04308016889
6395.99 2.04575679053
6398.74 2.09393598008
6401.48 2.06226262399
6404.23 1.98910163246
6406.97 2.03088667031
6409.72 2.05557106989
6412.46 2.03200192932
6415.2 2.09393598008
6417.95 2.09170546204
6420.69 2.09824831494
6423.44 2.10553467386
6426.18 2.08085027428
6428.93 2.06129606617
6431.67 2.08479085614
6434.42 2.0433032207
6437.16 2.04902821699
6439.9 2.0500691254
6442.65 2.07118469613
6445.39 2.11393629179
6448.14 2.09021845002
6450.88 2.0691772299
6453.63 2.05244834464
6456.37 2.01215031882
6459.12 2.05044087841
6461.86 2.00352564908
6464.6 2.05966035295
6467.35 2.01400908385
6470.09 1.99527273236
6472.84 2.06397268782
6475.58 2.08419605133
6478.33 2.08724442597
6481.07 2.0953486415
6483.82 2.15430866821
6486.56 2.05475321327
6489.31 1.98278183136
6492.05 1.93616400445
6494.79 1.9136357723
6497.54 1.94798575003
6500.28 1.99400877214
6503.03 2.011183761
6505.77 2.04166750747
6508.52 2.09155676084
6511.26 2.02746654265
6514.01 2.01958537893
6516.75 2.0434519219
6519.49 2.06382398661
6522.24 1.98620195902
6524.98 1.97482631704
6527.73 2.03110972211
6530.47 2.08746747778
6533.22 2.0175035621
6535.96 2.03542205698
6538.71 2.03452984976
6541.45 2.12612979037
6544.19 2.34375399993
6546.94 2.44769614033
6549.68 2.42821628283
6552.43 2.44843964634
6555.17 3.30622253176
6557.92 5.71770992934
6560.66 8.34065043657
6563.41 8.6023645526
6566.15 6.31481960714
6568.89 3.66860736175
6571.64 2.43074420327
6574.38 2.24107581975
6577.13 2.59305156557
6579.87 3.2760361877
6582.62 3.56079899009
6585.36 3.27202125524
6588.11 2.65736483556
6590.85 2.22010895022
6593.59 2.0435262725
6596.34 2.02471557041
6599.08 2.03170452692
6601.83 2.04612854354
6604.57 2.06107301437
6607.32 2.00419480449
6610.06 2.02136979336
6612.81 2.04724380256
6615.55 2.03170452692
6618.29 2.06241132519
6621.04 2.08969799581
6623.78 2.03623991359
6626.53 2.02620258243
6629.27 2.04731815316
6632.02 2.05594282289
6634.76 2.07743014662
6637.51 2.02672303664
6640.25 2.03445549916
6642.99 2.03430679796
6645.74 2.06865677569
6648.48 2.10717038708
6651.23 2.11259798097
6653.97 2.09118500784
6656.72 2.06300613
6659.46 2.07133339733
6662.21 2.03415809676
6664.95 2.02352596079
6667.69 2.076240537
6670.44 2.04456718092
6673.18 2.02627693303
6675.93 2.01215031882
6678.67 2.08151942969
6681.42 2.10300675342
6684.16 2.02092368975
6686.91 2.01571914767
6689.65 2.07192820214
6692.39 2.09348987647
6695.14 1.98776332164
6697.88 1.97988215792
6700.63 2.06791326968
6703.37 2.05809899033
6706.12 2.13995900219
6708.86 2.35334522748
6711.61 2.880044886
6714.35 3.59581812323
6717.09 3.56667268758
6719.84 3.04562367475
6722.58 2.55438925298
6725.33 2.7243547272
6728.07 3.02777953047
6730.82 3.08874702341
6733.56 2.76866768548
6736.31 2.32851212669
6739.05 2.16553560898
6741.79 2.08285774051
6744.54 2.02917660648
6747.28 1.92850589253
6750.03 1.91460233011
6752.77 1.96337632446
6755.52 2.02932530768
6758.26 2.02583082943
6761.01 2.02635128364
6763.75 2.00315389608
6766.49 1.99378572033
6769.24 1.99081169629
6771.98 2.00174123466
6774.73 1.96716820512
6777.47 2.00828408756
6780.22 2.03438114856
6782.96 2.01616525128
6785.71 2.03393504495
6788.45 2.00389740209
6791.19 2.0238977138
6793.94 2.01973408013
6796.68 1.9720009942
6799.43 2.00359999969
6802.17 2.04263406529
6804.92 2.0243438174
6807.66 1.94917535965
6810.41 1.98188962415
6813.15 1.98032826153
6815.89 1.90805947721
6825.32 1.98605325781
6841.06 2.0045665575
6856.82 1.98635066022
6872.63 1.91467668071
6888.48 1.9459782838
6904.35 1.95965879441
6920.27 1.96887826895
6936.23 1.99646234198
6952.21 2.02441816801
6968.24 2.01988278134
6984.31 1.91147960487
7000.4 2.02493862221
7016.54 2.01579349827
7032.72 1.97921300251
7048.93 2.10151974139
7065.18 1.93898932729
7081.47 1.97519807005
7097.79 1.83928517115
7114.15 1.87794748375
7130.55 1.89118189075
7146.99 1.8229280389
7163.46 1.86984326822
7179.98 1.85289133116
7196.53 1.76560372542
7213.12 1.790288125
7229.75 1.87051242363
7246.42 1.8880591655
7263.12 1.92330135045
7279.86 1.90144227371
7296.65 1.85839327565
7313.47 1.95058802107
7330.32 2.00084902744
7347.22 2.05705808191
7364.16 1.92441660946
7381.13 2.05750418552
7398.15 1.99698279618
7415.21 2.03430679796
7432.3 2.00657402373
7449.43 2.00679707553
7466.61 2.04426977851
7483.82 2.03980874244
7501.07 1.98441754459
7518.36 2.01215031882
7535.69 2.07348956476
7553.06 2.06895417809
7570.48 2.05490191448
7587.93 2.05988340475
7605.42 1.99014254088
7622.95 2.02263375358
7640.53 1.95869223659
7658.14 1.9724470978
7675.79 1.67125281256
7693.49 1.90582895918
7711.22 1.8035968826
7729.0 1.90620071218
7746.82 1.91965817099
7764.67 1.88047540419
7782.57 1.8293965412
7800.51 1.88084715719
7818.5 1.87668352353
7836.52 1.90300363633
7854.58 1.92523446608
7872.69 1.92538316728
7890.84 1.89921175568
7909.03 1.88627475108
7927.26 1.83088355322
7945.54 1.83103225442
7963.85 1.87385820069
7982.21 1.91772505536
8000.61 1.90471370016
8019.05 1.90932343743
8037.54 1.8876874125
8056.07 1.87913709337
8074.64 1.93646140685
8093.25 1.89698123764
8111.91 1.93690751046
8130.61 1.95497470654
8149.35 1.93281822739
8168.14 1.92411920706
8186.97 1.83348582426
8205.84 1.76738813984
8224.76 1.93809712008
8243.72 1.90292928573
8262.72 1.89876565207
8281.77 1.868579308
8300.86 1.87742702954
8320.0 1.85608840701
8339.18 1.86054944308
8358.4 1.85222217575
8377.67 1.92196303963
8396.98 1.73697874398
8416.34 1.90471370016
8435.74 1.81504687518
8455.19 1.77393099274
8474.68 1.77816897701
8494.22 1.85787282144
8513.79 1.77854073002
8533.42 1.81601343299
8553.09 1.31875661253
8572.81 1.83742640612
8592.57 1.79170078642
8612.38 1.79184948762
8632.23 1.82538160874
8652.13 1.82560466054
8672.08 1.20351318075
8692.07 1.7518488642
8712.11 1.78463747931
8732.19 1.85608840701
8752.32 1.78909851538
8772.5 1.79757448391
8792.72 1.86099554669
8812.99 1.80627350424
8833.3 1.74114237764
8853.67 1.82344849311
8874.07 1.64411484314
8894.53 1.75385633044
8915.04 1.79489786227
8935.59 1.7582430159
8956.19 1.71050992997
8976.83 1.69898558679
8997.53 1.53541426427
9018.27 1.63407751199
9039.06 1.75117970879
9059.89 1.8809958584
9080.78 1.68433851836
9101.71 1.75586379667
9122.69 1.84300270121
9143.72 1.69660636755
9164.81 1.55110224111
9185.93 1.58738533447
9207.11 1.70894856734
9228.33 1.63980250828
9249.61 1.66664307529
9270.93 1.71749888647
9292.3 1.75363327863
9313.72 1.77824332761
9335.19 1.78664494554
9356.71 1.78277871428
9378.28 1.75445113524
9399.9 1.77906118422
9421.57 1.79579006948
9443.29 1.77541800477
9465.06 1.81697999081
9486.87 1.81720304261
9508.75 1.76790859405
9530.67 1.77222092892
9552.63 1.70827941193
9574.66 1.76857774946
9596.73 1.8099910343
9618.85 1.78947026838
9641.02 1.79794623691
9663.25 1.77348488914
9685.53 1.79839234052
9707.85 1.76575242662
9730.23 1.74575211491
9752.66 1.74196023425
9775.14 1.75021315098
9797.68 1.73043589107
9820.26 1.77504625176
9842.9 1.76709073744
9865.59 1.75920957372
9888.34 1.75534334246
9911.13 1.73950666441
9933.98 1.75987872913
9956.88 1.76820599646
9979.83 1.76842904826
10025.89 1.7647858688
10072.18 1.73705309458
10118.67 1.79437740806
10165.37 1.78248131188
10235.84 1.80381993441
10283.08 1.81683128961
10306.78 1.81705434141
10498.4 1.75318717502
10693.59 1.66820443791
10892.39 1.61898433996
11094.89 1.517941873
11301.16 1.517941873
11511.26 1.53199413662
11698.3 1.49712370468
11888.4 1.41333057719
12109.42 1.41660200364
12306.18 1.40359064844
12506.14 1.35280918785
12709.35 1.32507641363
12886.15 1.30091246825
13095.53 1.28306832398
13308.32 1.23949887171
13493.46 1.20574369879
13712.71 1.18373592085
13903.47 1.13042653983
14096.89 1.06722852885
14293.0 1.05012789059
14491.83 1.06232138918
14693.44 1.02150290915
14897.83 1.04529510151
15105.08 1.0574142495
15315.21 1.08202429848
15492.56 1.07458923836
15708.08 1.05012789059
15889.98 1.00752499613
16111.03 1.00291525886
16297.58 1.00291525886
16486.3 0.993695784318
16715.65 0.996000652953
16909.21 0.993695784318
17105.01 0.982320142342
17303.06 0.948936722428
17503.43 0.916742912131
17706.11 0.873470862264
17911.15 0.834139394258
18118.53 0.789305981767
18286.19 0.767818658036
18497.94 0.740026403327
18712.12 0.703475647804
18885.27 0.687460528317
19103.95 0.679594234716
19280.71 0.66107349997
19503.97 0.637162346642
19684.45 0.614113660286
19912.39 0.594633802786
20096.62 0.58647010678
20282.58 0.569176156954
20517.45 0.565257880273
20707.28 0.553666621555
20898.89 0.544811464958
21092.25 0.538580884582
21287.43 0.52874430005
21484.41 0.5202906367
21683.18 0.504952107684
21883.83 0.496877632399
22086.3 0.484446211888
22290.67 0.471248980184
22496.93 0.461583402035
22705.08 0.450036753677
22915.18 0.403879900486
23074.01 0.399255293094
23287.52 0.349343734545
23503.0 0.327529268169
23720.46 0.332086960019
23884.9 0.305670191432
24105.89 0.29325364104
24272.99 0.287907832818
24497.57 0.266227197524
24724.25 0.258970578852
24895.62 0.218397455807
25125.99 0.214902977553
25300.14 0.216397424636
25475.53 0.21540112658
25711.23 0.21991420807
25889.47 0.216397424636
26129.04 0.215899275608
26310.14 0.210984700872
26492.5 0.208568306335
26676.15 0.205229964344
26923.0 0.20241951162
27109.61 0.19917782541
27297.51 0.195542081014
27486.74 0.192865459373
27677.26 0.188471338845
27869.12 0.186315171412
28126.97 0.18291734894
28321.96 0.180404298621
28518.26 0.17711056699
28715.96 0.17387631584
28914.99 0.171497096604
29115.44 0.168753559421
29317.24 0.165668009474
29520.48 0.163021128073
29725.09 0.161154927984
29931.15 0.157853761293
30069.3 0.156047041685
30277.71 0.153548861487
30487.61 0.152493082951
30698.92 0.150745843824
30911.73 0.149362922642
31125.99 0.147994871581
31269.65 0.14664169064
31486.42 0.14529594476
31704.66 0.144292211644
31924.44 0.143965068999
32071.79 0.144292211644
32294.12 0.14596510017
32517.95 0.1517941873
32668.04 0.168753559421
32894.5 0.217899306779
33122.5 0.215899275608
33275.38 0.163400316139
33506.05 0.143303348649
33738.28 0.134663808796
33894.04 0.129496442016
34128.96 0.125674821117
34286.48 0.123094855257
34524.17 0.120849467103
34683.51 0.118641254249
34923.95 0.116477651755
35085.14 0.114618886727
35328.32 0.112782426879
35491.41 0.110983142331
35737.41 0.109206162963
35902.39 0.107458923836
36068.1 0.10574142495
36318.09 0.104053666304
36485.76 0.102388212838
36738.65 0.100752499613
36908.21 0.0989086047047
37078.6 0.0971093201569
37335.6 0.0957710093363
37507.92 0.0940237702094
37681.08 0.0929531215529
37942.25 0.0914661095299
38117.37 0.0900014026874
38293.34 0.0887671827083
38470.08 0.0873470862264
38736.77 0.0857559833619
38915.56 0.0843804972407
39095.17 0.0832206278628
39275.61 0.0818897521023
39456.93 0.0803953050193
39730.41 0.0791164746796
39913.83 0.0776666379572
40098.05 0.0766034243608
40283.12 0.0755550808847
40469.05 0.0741736467154
40655.87 0.0731557869857
40937.67 0.0721520538702
41126.61 0.0711617038629
41316.48 0.0701854804699
41507.17 0.0690635298986
41698.75 0.068115559734
41891.25 0.0671809726776
42084.6 0.066107349997
42278.84 0.0655013925977
42474.02 0.0644537926275
42670.06 0.0635697639799
42867.0 0.061694641819
43064.9 0.0596001853847
43263.66 0.0594633802786
43463.34 0.0577094495976
43663.95 0.0566566450853
43865.52 0.0558789377974
44067.98 0.0544811464958
44271.38 0.0538580884582
44475.76 0.0531190434828
44681.03 0.05202906367
44887.26 0.0517903982403
45094.48 0.0509621325436
45302.61 0.0502632368928
45511.7 0.0499167630915
45721.76 0.0493457504747
45932.84 0.0483338387931
46144.84 0.0482223128913
46251.21 0.0475605925411
46464.73 0.0471248980184
46679.18 0.0467999858914
46894.63 0.0462646615632
47111.07 0.045735285283
47328.56 0.0456297074294
47547.01 0.0449003280321
47656.6 0.0445910295314
47876.61 0.0441821012251
48097.58 0.0435761438257
48319.58 0.0435761438257
48542.59 0.0429783649925
48654.54 0.0425843068064
48879.1 0.0421939661504
49104.7 0.0418065995184
49331.34 0.041518862692
49445.11 0.0411381876141
49673.32 0.0409493370872
49902.59 0.040483902324
50132.97 0.0403924510846
50248.53 0.0402080615938
50480.44 0.040025159115
50713.43 0.040027389633
50830.33 0.0399359383936
50947.56 0.0399374254056
51064.99 0.0398459741662
51182.7 0.0397552664328
51300.68 0.0397567534448
51418.93 0.0396660457114
51537.46 0.0396667892175
51656.31 0.0396682762295
51775.39 0.0396690197355
51894.73 0.0395783120021
52014.35 0.0395797990141
52134.25 0.0395805425201
52254.42 0.0394905782927
52374.87 0.0394913217987
52495.66 0.0395835165442
52616.66 0.0396757112896
52737.95 0.0396764547956
52859.51 0.0396771983016
52981.36 0.0395872340742
53103.48 0.0395879775802
53225.95 0.0396801723257
53348.64 0.0397731105771
53471.61 0.0397738540831
53594.87 0.0398660488285
53718.41 0.03995898708
53842.23 0.0400519253314
53966.34 0.0401456070888
54090.8 0.0402392888463
54215.48 0.0402400323523
54340.45 0.0403337141097
54465.71 0.0405210776246
54591.26 0.0406147593821
54717.09 0.0407099281515
54843.22 0.0408987786784
54969.7 0.0410883727114
55096.41 0.0411835414808
55223.41 0.0414705348013
55350.7 0.0417590151337
55478.29 0.0418556709152
55606.17 0.0420497259842
55734.41 0.0424400666402
55862.88 0.0426370957332
55991.65 0.0429337546318
56120.71 0.0433315303479
56250.08 0.0436326502826
56379.74 0.0439367442413
56509.7 0.0444460458591
56640.01 0.0449620390311
56770.58 0.0453791459035
56901.44 0.045799970306
57032.6 0.0463308335982
57164.06 0.0470847486938
57295.83 0.0476312256122
57427.96 0.0484059588762
57560.34 0.0491940752483
57693.02 0.0498795877909
57826.0 0.0508074832932
57959.3 0.0518729274076
58092.9 0.0528379982105
58226.81 0.0539458221676
58361.09 0.0553309738669
58495.61 0.0564908432448
58630.45 0.0580745110492
58765.6 0.0597027892143
58901.05 0.0616604405425
59125.46 0.0646991496113
59434.69 0.0656329931617
59743.92 0.080120207795
60053.14 0.0954141264508
60362.38 0.100135389624
60671.6 0.103525777036
60980.83 0.122180342863
61290.07 0.150626882862
61599.29 0.223483036925
61908.51 0.29584104196
62217.75 0.315469600663
62526.97 0.282487673994
62836.2 0.230211766329
63145.43 0.180404298621
63454.66 0.158047072856
63763.89 0.139020754023
64073.12 0.124403425838
64382.34 0.107964507924
64691.58 0.103325030413
65000.8 0.0977264301464
65310.03 0.0925367581864
65619.27 0.0898527014851
65928.49 0.0937338028649
66237.71 0.0970870149766
66546.95 0.0939271144279
66856.17 0.0918750378362
67165.4 0.0863284829907
67474.63 0.0953397758496
67783.86 0.0980610078516
68093.09 0.0934289654002
68402.32 0.0991093513277
68711.55 0.0965368205281
69020.78 0.0939865949088
69330.0 0.0978453911083
69639.24 0.117986968959
69948.46 0.125080016308
70257.69 0.109154117543
70566.92 0.107377138175
70876.15 0.107942202744
71185.38 0.116038983209
71494.61 0.124946185226
71803.83 0.126656249052
72113.07 0.126901606036
72422.29 0.133741861342
72731.52 0.14986850673
73040.76 0.153809088591
73349.98 0.164969113823
73659.21 0.179868974293
73968.44 0.188515949206
74277.67 0.210508857025
74586.89 0.235431178529
74896.12 0.251572694038
75185.11 0.26665099595
75205.35 0.276071217116
75514.59 0.288800040032
75804.79 0.315112717777
75823.81 0.301588343429
76424.48 0.312852459503
77044.17 0.295565944736
77663.86 0.282130791109
78283.55 0.271706836828
78903.25 0.244925750295
79522.93 0.208553436215
80142.62 0.178746280215
80762.32 0.152039544284
81382.0 0.136760495748
82001.69 0.12777894313
82621.38 0.125139496789
83241.07 0.125600470516
83860.77 0.126135794844
84480.45 0.126975956637
85100.15 0.140678772429
85719.83 0.148634286751
86339.53 0.141645330243
86959.21 0.12067846072
87578.9 0.0979866572504
88198.59 0.0743119388335
88818.28 0.0616678756026
89437.96 0.0523718199413
90057.66 0.0493561595588
90677.34 0.040738924886
91297.04 0.0381269882677
91916.73 0.0356548307796
92536.42 0.0358644994748
93156.11 0.0337774781007
93775.8 0.0331194752805
94395.48 0.0317343235812
95015.17 0.0309134929445
95634.87 0.0309172104746
96254.56 0.0303261231955
96874.24 0.0325529236998
97493.94 0.0284249783242
98113.63 0.0280071279457
98733.32 0.026792239123
99353.01 0.0255676847221
99972.66 0.025818989754
100592.4 0.0247498281095
101212.04 0.0254442627242
101831.8 0.0256026295047
102451.45 0.0252249284508
103071.19 0.0260479896055
103690.85 0.0280331506561
104310.49 0.030163295379
104930.23 0.0335269165748
105549.88 0.0375485405908
106169.63 0.0373983523765
106789.28 0.0370704662254
107408.93 0.0384630529849
108028.67 0.0385678873325
108648.33 0.040807327439
109268.07 0.0481724979886
109887.71 0.0594150523879
110507.46 0.0663363498486
111127.12 0.0835403354478
111746.76 0.134574588074
112366.51 0.172307518156
112986.15 0.153638082208
113605.9 0.117094761745
114225.55 0.0915702003715
114845.3 0.0754881653436
115464.94 0.0638731144326
116084.59 0.0573547972301
116704.34 0.0523212615325
117323.99 0.0501123051725
117943.73 0.0521212584154
118563.38 0.05384470535
119183.13 0.0573718978684
119802.78 0.0575719009855
120422.42 0.0557570028115
121042.18 0.0538357832779
121661.82 0.051702664531
122281.56 0.0529807513647
122901.21 0.0568611092385
123520.87 0.0593161660883
124140.61 0.0616478009403
124760.26 0.0655802042349
125380.01 0.0697497859472
125999.66 0.0740524552355
126619.4 0.0772800148313
127239.05 0.0829529656987
127858.7 0.111005447511
128478.45 0.10054431793
129098.09 0.0550209318601
129717.84 0.0426556833835
130337.49 0.0390779324564
130957.13 0.0376608099985
131576.88 0.0379098845124
132196.53 0.0370065247084
132816.28 0.0362355089746
133435.92 0.0356473957195
134055.67 0.0346719158325
134675.32 0.0348615098654
135294.98 0.0354169088559
135914.72 0.0349499870807
136534.36 0.0336109327541
137154.11 0.0304317010491
137773.76 0.0291082603487
138393.51 0.0293261076101
139013.15 0.0284056471679
139632.8 0.0288272150764
140252.55 0.02958336069
140872.2 0.0300829967297
141491.94 0.0305885808175
142111.59 0.0313856192618
142731.34 0.0310428629905
143350.99 0.0284584360947
143970.63 0.0274814691956
144590.39 0.0263528270702
145123.61 0.0254003958695
146038.65 0.0248204611806
146953.8 0.0238851306182
147868.86 0.0233014783992
148783.9 0.0229237773454
149698.96 0.0225988652184
150614.11 0.0225029529429
151529.17 0.0224315763658
152444.21 0.022773589131
153359.36 0.0227319527944
154274.41 0.0246732469903
155189.46 0.0341685622627
156104.51 0.0356265775512
157019.66 0.0263059861915
157934.72 0.0241453577222
158849.76 0.0252048537885
159764.91 0.0251795745841
160679.97 0.0250799447786
161595.01 0.0251669349819
162510.16 0.027766231998
163425.22 0.0345053704859
164340.26 0.0412779667443
165255.32 0.0393968965353
166170.48 0.0351678343421
167085.51 0.0347968248424
168000.56 0.0347923638063
168915.62 0.0350377207901
169830.77 0.0399537825379
170745.83 0.0420861577787
171660.89 0.0371611739588
172576.04 0.0358920091973
173491.08 0.0367098658099
174406.13 0.0340183740484
175321.29 0.0294725782943
176236.33 0.0273870439322
177151.38 0.0270762584194
178066.42 0.0264115640451
178981.58 0.0251371947415
179896.63 0.02348586789
180811.67 0.0220003428791
181726.82 0.0214665055629
182641.88 0.021534908116
183556.92 0.0216278463674
184472.07 0.021406281576
185387.13 0.0225051834609
186302.19 0.0308450903915
187217.23 0.042426683532
188132.38 0.0322317291028
189047.44 0.0241609713484
189962.48 0.0223676348488
190877.64 0.0222799011394
191792.7 0.0214196646842
192707.73 0.0209914052216
193622.78 0.0207222560454
194537.95 0.0204650029655
195452.99 0.0205601717349
196368.05 0.0206025515776
197283.2 0.0205832204213
198198.24 0.0203252238353
199113.3 0.0201824706811
200028.35 0.0203207627992
200943.5 0.020499947748
201858.54 0.0204858211338
202773.6 0.0201549609587
203688.75 0.020107376574
204786.63 0.0195095977407
206548.38 0.0209973532697
208311.21 0.0202672303664
210074.94 0.0197571852426
211839.76 0.0209601779691
213605.6 0.0208337819471
215372.53 0.0199965941782
217140.35 0.0208018111887
218909.27 0.0216122327411
220679.21 0.0207728144542
222450.22 0.0204151880627
224222.25 0.0211921518447
225995.26 0.0217230151369
227769.37 0.021474684129
229544.48 0.0212278401332
231320.59 0.0217044274866
233097.8 0.0221081512508
234876.02 0.0222256252006
236655.31 0.0218880734714
238435.72 0.0220248785775
240217.11 0.0220144694933
241999.51 0.0221772973099
243783.02 0.0219155831938
245567.5 0.0217237586429
247353.21 0.0220375181797
249139.8 0.0223996056073
250927.47 0.0226970080119
252716.26 0.0226784203616
254506.14 0.0225616899178
256297.02 0.023224153774
258089.0 0.0245661821247
259882.08 0.0251654479699
261676.25 0.0235825236715
263471.43 0.022575073026
265267.68 0.0225906866522
267065.07 0.0228650403705
268863.41 0.0228747059486
270662.99 0.0230814006198
272463.54 0.0230449688252
274265.21 0.0229460825257
276067.97 0.0228873455508
277871.83 0.0231379070767
279676.77 0.0237289943558
281482.81 0.0249907240572
283289.97 0.0249267825402
285098.22 0.0236427476584
286907.57 0.023355754338
288718.0 0.0235773191294
290529.53 0.0239185883887
292342.18 0.0243081855387
294155.92 0.0242159907933
295970.75 0.0241646888785
297786.77 0.0244353250667
299603.91 0.0245713866668
301422.01 0.0244494516809
303241.34 0.0251267856573
305061.75 0.0250910973688
306883.38 0.0255104347592
308706.01 0.0256308827331
310529.83 0.0256576489495
312354.82 0.0258933403551
314180.85 0.0257067203463
316008.07 0.0265558042114
317836.43 0.02685618064
319665.83 0.0267825735448
321496.44 0.027375891342
323328.27 0.0283959815897
325161.13 0.0278078683347
326995.11 0.028282968676
328830.34 0.0284182867701
330666.72 0.028803422884
332504.2 0.0326131476867
334342.79 0.0457055450425
336182.58 0.0443880523902
338023.57 0.0316993787986
339865.73 0.0302599511605
341709.0 0.0295439548714
343553.4 0.0290086305432
345399.04 0.0320577486962
347245.84 0.0488119131584
349093.79 0.0585838126671
