102.09 8.3702759614e-07
103.98 9.8798909496e-07
105.92 1.204282671e-06
107.89 1.48162685318e-06
109.89 2.20670190923e-06
114.02 3.07425480844e-06
118.02 4.05265023672e-06
121.05 1.20150764345e-05
125.02 1.55504615356e-05
127.05 1.73677081495e-05
127.93 1.85244982061e-05
130.91 2.15643426729e-05
132.12 2.47595886826e-05
133.96 2.72103344434e-05
137.08 3.41772393286e-05
139.95 3.91508815665e-05
142.88 7.77570648679e-05
146.88 0.000147139889449
151.0 0.000170902053943
154.87 0.000198945689517
158.84 0.000231603799477
162.17 0.000258069633672
165.95 0.000297673241162
169.81 0.000337863568763
172.97 0.000372170837954
177.0 0.000419504879338
179.87 0.000456817106935
181.96 0.000483885518541
186.19 0.000540432651398
190.97 0.000614811318437
194.07 0.000666410973602
198.14 0.000734074073966
201.82 0.000808643028609
205.1 0.000866442888189
209.88 0.000932726403428
215.76 0.00109581873697
219.77 0.00119056610625
222.83 0.0012524095774
226.97 0.00136063565192
230.13 0.00211219239947
233.87 0.00361189657499
239.86 0.00498585235916
246.02 0.00498585235916
251.75 0.00555568444531
257.02 0.00465308691244
260.0 0.00575096709845
264.22 0.00626236503301
269.13 0.00648246436112
274.14 0.00669487289859
279.23 0.00683505143321
283.77 0.0070915432655
289.71 0.00702652833429
295.78 0.00730704397653
301.28 0.00715711320223
308.3 0.00758121669865
317.66 0.00816095959748
328.07 0.00848682711857
338.04 0.00866442888189
348.31 0.00884599497028
357.25 0.00913539070069
366.41 0.00954450904834
374.94 0.00967691750581
384.56 0.00943509367629
395.34 0.0100170565972
404.55 0.0103453027133
413.97 0.0103928746142
421.66 0.0103453027133
430.49 0.0103215167629
440.52 0.0105617548623
450.78 0.0105863336778
460.22 0.010488811281
469.86 0.0105133900964
479.7 0.0106838560746
489.74 0.0104650253305
500.0 0.0107829642015
505.79 0.0111365819981
511.64 0.0155504615356
519.96 0.0156582911776
529.62 0.0156939701032
539.47 0.014987527375
549.5 0.01712905578
559.71 0.0193522492816
570.12 0.0208801001651
579.38 0.0203116159495
590.16 0.0227369900298
599.75 0.0225807956219
609.49 0.0242513622081
619.39 0.0282315445825
629.46 0.0295627649424
639.69 0.0304610810042
650.08 0.0331695078948
657.61 0.0342565258301
665.22 0.0365375984777
674.48 0.0377348246501
685.44 0.036875358974
694.97 0.0451584197838
704.64 0.0426323518466
716.09 0.0513736886349
726.05 0.0536714114478
734.46 0.0559421768503
744.67 0.0611980790335
755.03 0.0648246436112
765.54 0.0671025447988
774.4 0.0740868927143
785.18 0.0786577595247
794.27 0.0831239681531
805.32 0.0872468662302
814.64 0.0909336885491
824.08 0.0990209117002
835.54 0.085256775043
845.21 0.106109124933
855.0 0.110089307307
864.9 0.118509533764
874.92 0.126398540662
885.05 0.136063565192
895.3 0.143460995781
905.66 0.14613295088
914.04 0.204051740213
924.63 1.18509533764
935.33 2.53946735595
943.99 4.79445474458
954.92 6.57261311331
965.98 7.66898685579
974.92 1.50572994963
983.94 7.01035388799
995.33 7.0752102462
1004.54 9.56591640374
1013.83 9.09336885491
1025.57 3.99707039918
1035.06 6.80365397862
1044.64 11.9056610625
1054.31 11.6075438169
1064.06 9.54450904834
1073.91 11.0850457721
1083.84 9.13539070069
1093.87 11.5274644504
1103.99 10.8574935129
1114.21 10.5133900964
1124.52 9.39148610048
1134.92 11.5274644504
1145.43 10.5617548623
1156.02 11.0596740916
1164.04 11.3173552215
1174.81 8.0119009747
1185.68 11.0850457721
1193.9 8.56532075504
1204.94 6.45265263657
1216.09 4.04337371605
1224.52 8.06740152574
1235.85 11.1104174526
1244.42 11.7692882799
1255.93 11.3173552215
1264.64 10.3215167629
1276.34 12.04282671
1285.19 12.2672075092
1294.1 10.1098218039
1306.07 10.2977308124
1315.12 12.04282671
1324.24 11.4481779489
1336.49 10.488811281
1345.76 11.7423308694
1355.09 11.4743424944
1364.48 10.5617548623
1373.94 10.7338065706
1383.46 10.8329146974
1396.26 9.11477621031
1405.94 9.47870125211
1415.69 10.1328148893
1425.5 10.1328148893
1435.38 10.2977308124
1442.01 10.6109124933
1448.66 10.5863336778
1455.35 10.3453027133
1465.44 9.72131794664
1475.59 9.76651125248
1485.82 9.7887114729
1496.12 9.7887114729
1506.49 9.26304196808
1513.45 8.38930472175
1516.93 8.80555885453
1523.94 8.80555885453
1534.5 7.77570648679
1545.14 7.93816452832
1555.85 7.66898685579
1566.63 8.0491656304
1573.86 8.50664874394
1584.77 8.68425050726
1595.76 8.78494436414
1606.82 8.64460725652
1614.23 8.62478563115
1625.42 8.38930472175
1636.69 8.80555885453
1644.25 8.80555885453
1655.64 8.4670054932
1663.29 8.92766006681
1670.96 8.40912634712
1678.68 9.01011802835
1686.42 9.09336885491
1694.21 8.68425050726
1705.95 8.42815510748
1713.83 8.03013687004
1725.71 7.95719328868
1733.67 8.35124720104
1745.69 8.16095959748
1753.75 8.44797673285
1765.9 8.03013687004
1774.05 7.99366507936
1786.35 8.14193083713
1794.6 8.40912634712
1807.04 8.42815510748
1815.38 7.79362523612
1823.76 8.0119009747
1836.4 7.79362523612
1844.87 7.24004688278
1853.39 7.19017567335
1866.24 7.35762876447
1874.85 7.81162327196
1883.51 7.17368408104
1896.56 6.80365397862
1905.31 7.30704397653
1914.11 6.96206840858
1922.95 6.77233581054
1936.27 7.0915432655
1945.21 7.2734264999
1954.19 6.74125550196
1967.74 7.25669704809
1976.82 7.49447726603
1985.94 7.0915432655
1995.11 6.93011594849
2004.32 7.14070089642
2013.57 7.01035388799
2022.86 7.29023523821
2036.89 6.83505143321
2046.29 6.96206840858
2055.73 6.55754867803
2065.22 6.72571534767
2074.76 7.15711320223
2079.54 6.69487289859
2084.33 6.94605253528
2093.95 6.61820285166
2103.62 6.77233581054
2113.33 6.80365397862
2123.08 6.88238547459
2132.88 6.66410973602
2142.73 6.55754867803
2152.62 6.77233581054
2162.55 6.64872815473
2172.54 6.60297984337
2182.56 6.46755849884
2192.64 6.63342585994
2202.76 6.52741980746
2212.93 6.36416890091
2223.14 6.20496160594
2233.4 6.36416890091
2243.71 6.26236503301
2254.07 6.09174048182
2264.47 6.17649775191
2274.92 6.21931246271
2285.42 6.24730059773
2295.97 5.96519922546
2306.57 6.01943119247
2317.22 5.85435669639
2322.56 5.01701195424
2333.28 5.62823159416
2344.05 5.56289951694
2354.87 5.6784199496
2365.74 5.51001542045
2376.66 5.52182910917
2387.63 5.34573378938
2393.13 5.48242371794
2404.18 5.34438591886
2415.28 5.3680925828
2426.42 5.45443558291
2437.62 5.29261183339
2443.24 5.41542662418
2454.52 5.36484183624
2465.85 5.30252264608
2477.23 5.20484167625
2482.94 5.25249286364
2494.4 4.83378084932
2505.92 5.25066927411
2511.69 4.96793360982
2517.48 5.11841938964
2523.29 5.00147179995
2534.93 4.98902381922
2546.64 4.90838944721
2552.51 5.03382069255
2564.29 4.96388999825
2576.12 5.06688316367
2582.06 5.03152138401
2593.98 4.99600103135
2605.95 4.89261143342
2617.98 4.84686312206
2624.02 4.88000487968
2636.13 4.9129087778
2642.21 5.03841930964
2654.4 5.06069881656
2666.66 4.84313665649
2672.8 4.91005446374
2685.14 4.89784434251
2697.53 4.7525121853
2703.75 4.7739988272
2716.23 4.67512855985
2722.49 4.63183813004
2735.06 4.69534661773
2747.68 4.46256144938
2754.02 4.47239297556
2766.73 4.51290837782
2773.11 4.58577267268
2785.91 4.5011739756
2792.33 4.17142141594
2805.22 4.28741756761
2818.17 4.48856742187
2824.66 4.49839894805
2837.7 4.35489038037
2844.24 4.31445426461
2857.37 4.26418662267
2863.96 4.37312627571
2877.18 4.36218473851
2883.81 4.34172882112
2897.12 4.34077738311
2910.49 4.4206188901
2930.67 4.31857716269
2950.98 4.22866627001
2971.44 4.2176454463
2992.04 4.16801209638
3012.78 4.12844813214
3026.68 4.10854722027
3047.66 4.06961754804
3068.79 4.04955806316
3090.06 3.98351240743
3111.48 3.98216453691
3133.05 3.90811094452
3147.51 3.87140129434
3169.33 3.85229324748
3191.29 3.72884416467
3213.41 3.74478075147
3228.25 3.65867561086
3250.62 3.73399778727
3273.16 3.75849731623
3288.26 3.71457259441
3311.06 3.65391842077
3318.69 3.70426534921
3326.34 3.72091551452
3334.01 3.746287195
3341.7 3.58549416999
3349.4 3.75405727214
3357.12 3.58462201848
3364.86 3.42287755546
3372.62 3.4145524728
3380.39 3.55044953634
3388.18 3.61601947306
3395.99 3.58240199644
3403.82 3.56551397162
3411.67 3.47592022495
3419.53 3.49962688889
3427.42 3.55599959144
3435.32 3.57201546474
3443.24 3.38727791629
3451.17 3.51397774566
3459.13 3.41780321936
3467.1 3.39385869591
3475.1 3.4090817042
3483.11 3.36967631296
3491.14 3.43183693012
3499.19 3.32258013108
3507.25 3.37609851958
3515.34 3.26105380593
3523.44 3.36753557742
3531.56 3.33621740934
3539.7 3.41344246178
3547.86 3.46846729381
3556.04 3.40472094662
3564.24 3.39647515046
3572.45 3.2432143431
3580.69 3.17629653585
3588.95 3.02596932904
3597.22 3.20483967638
3605.51 3.24147004007
3613.82 3.16004280304
3622.15 3.18152944495
3630.5 3.48797177317
3638.87 3.27730753874
3644.89 3.32733732117
3647.62 3.30545424676
3650.34 3.21609835959
3653.07 3.38830864081
3655.79 3.48265957757
3658.52 3.31021143685
3661.24 3.2808754313
3663.97 3.1093787286
3666.69 2.83782246102
3669.41 2.76820891272
3672.14 3.04912098747
3674.86 2.70485899804
3677.59 3.18406661299
3680.31 3.14957698485
3683.04 3.478774539
3685.76 2.89482945559
3688.49 3.14949769835
3691.21 3.49074680072
3693.94 3.07258979191
3696.66 3.11572164872
3699.38 3.45134140949
3702.11 3.30252064621
3704.83 3.4893196437
3707.56 3.06053824368
3710.28 2.30707862011
3713.01 2.88182646935
3715.73 3.27667324672
3718.46 3.80567278461
3721.18 5.52745845078
3723.91 10.3246882229
3726.63 16.6073506003
3729.36 20.0404561144
3732.08 17.3233077087
3734.8 10.8773151382
3737.53 5.69625941243
3740.25 3.7676945504
3742.98 3.28920051396
3745.7 3.25708948086
3748.43 3.34557321651
3751.15 3.17161863226
3753.88 3.45546430756
3756.6 3.5483088008
3759.33 3.6288638863
3762.05 3.62696101027
3764.77 3.66398780646
3767.5 3.05459175607
3770.22 3.26351168748
3772.95 3.52864574843
3775.67 3.73605923631
3778.4 3.76079662477
3781.12 3.86156976815
3783.85 3.69268952
3786.57 3.81558359729
3789.3 3.77578177355
3792.02 3.45387857753
3794.74 3.44396776485
3797.47 3.80567278461
3800.19 3.40820955268
3802.92 3.19944819428
3805.64 3.76904242092
3808.37 3.72654485613
3811.09 3.666128542
3813.82 3.76848741541
3816.54 3.69744671009
3819.27 3.64614834363
3821.99 3.53689154459
3824.72 3.38394788323
3827.44 3.69768456959
3830.16 3.32709946167
3832.89 3.08598921066
3835.61 3.0883678057
3838.34 3.82834872403
3841.06 3.34803109806
3843.79 3.44238203482
3846.51 3.54569234625
3849.24 3.78870547329
3851.96 3.72852701867
3854.69 4.06961754804
3857.41 3.880043523
3860.13 3.87013271031
3862.86 4.44622843008
3865.58 4.27687246291
3868.31 4.54319582139
3871.03 4.93273040317
3873.76 4.35536609938
3876.48 4.1103708098
3879.21 4.07627761416
3881.93 3.92420610432
3884.66 3.76539524185
3887.38 4.27536601938
3890.11 4.37542558425
3892.83 4.16254132778
3895.55 3.98414669944
3898.28 3.55552387243
3901.0 3.72147052003
3903.73 3.65241197724
3906.45 3.7035517707
3909.18 3.84872535491
3911.9 3.78553401323
3914.63 3.85483041553
3917.35 4.14731831949
3920.08 4.16158988976
3922.8 3.82890372954
3925.52 3.85594042655
3928.25 3.55615816445
3930.97 3.57177760524
3933.7 3.2379021475
3936.42 3.16440356063
3939.15 3.41756535986
3941.87 3.46910158582
3944.6 3.99865612921
3947.32 3.87298702437
3950.05 3.95568284541
3952.77 3.87710992244
3955.5 4.13368104124
3958.22 3.68499872935
3960.94 3.81360143476
3963.67 3.44499848937
3966.39 3.80464206009
3969.12 3.83056874607
3971.84 4.46406789291
3974.57 3.74311573494
3977.29 3.9444241622
3980.02 3.42636616152
3982.74 4.06303676842
3985.47 3.92975615943
3988.19 4.24079710474
3990.91 4.22779411849
3993.64 4.24793288987
3996.36 4.69043085464
3999.09 4.23381989261
4001.81 4.43362187634
4004.54 4.29019259516
4007.26 4.5920363063
4009.99 4.33245230045
4012.71 4.55374092608
4015.44 4.27362171635
4018.16 4.45169919868
4020.89 4.41150094243
4023.61 4.50212541362
4026.33 4.54874587649
4029.06 4.31247210208
4031.78 4.42006388459
4034.51 4.45138205267
4037.23 4.15786342419
4039.96 4.38224422338
4042.68 4.29312619572
4045.41 4.10347288417
4048.13 4.26379019017
4050.86 4.01506843502
4053.58 4.28400824804
4056.3 3.95044993631
4059.03 4.19362163636
4061.75 4.27489030037
4064.48 3.97280872973
4067.2 4.21613900278
4069.93 4.38826999749
4072.65 4.33990523159
4075.38 4.29288833621
4078.1 3.87370060288
4080.83 4.0245828152
4083.55 4.02934000529
4086.27 3.9870010135
4089.0 3.92666398587
4091.72 3.73851711785
4094.45 3.75001366057
4097.17 3.98922103554
4099.9 4.54327510789
4102.62 4.94367194037
4105.35 4.9022051001
4108.07 4.3723334107
4110.8 3.95362139637
4113.52 3.86997413731
4116.25 3.9497363578
4118.97 3.9713815727
4121.69 4.00000399974
4124.42 3.83255090861
4127.14 4.07952836072
4129.87 3.97169871871
4132.59 3.95845787296
4135.32 3.94910206579
4138.04 3.93483049552
4140.77 3.93752623657
4143.49 3.98803173801
4146.22 4.06517750396
4148.94 4.10712006324
4151.66 4.18125294212
4154.39 3.94172842115
4157.11 4.17673361154
4159.84 4.00793264989
4162.56 4.05201594471
4165.29 4.15548482914
4168.01 4.1423232699
4170.74 4.13653535529
4173.46 4.13352246823
4176.19 4.02688212374
4178.91 4.16999425891
4181.64 4.2815503665
4184.36 4.04369086205
4187.08 3.92515754234
4189.81 4.07017255355
4192.53 4.29915196983
4195.26 4.33142157593
4197.98 4.28432539405
4200.71 4.08959774641
4203.43 4.25173864194
4206.16 4.21011322866
4208.88 4.18093579612
4211.61 3.89709012082
4214.33 4.10696149024
4217.05 4.01736774356
4219.78 4.0247413882
4222.5 4.01229340747
4225.23 4.03663436342
4227.95 3.99294750111
4230.68 3.98319526142
4233.4 3.9767730548
4236.13 4.05970673535
4238.85 3.87552419241
4241.58 3.89431509326
4244.3 3.9175460382
4247.03 4.08618842685
4249.75 4.00095543776
4252.47 3.89320508224
4255.2 4.0192706196
4257.92 3.84634675987
4260.65 3.86133190865
4263.37 3.96115361401
4266.1 3.81272928324
4268.82 3.85609899955
4271.55 3.90652521449
4274.27 3.80107416752
4277.0 3.89938942936
4279.72 3.95592070491
4282.44 3.90969667455
4285.17 4.02149064164
4287.89 3.88503857259
4290.62 3.76824955591
4293.34 3.7303506082
4296.07 3.61173800198
4298.79 3.62101452266
4301.52 3.55790246748
4304.24 3.48337315609
4306.97 3.5161184812
4309.69 3.47821953349
4312.42 3.58866563005
4315.14 3.87663420343
4317.86 3.84618818686
4320.59 3.87560347891
4323.31 3.68959734644
4326.04 3.65320484226
4328.76 3.58890348956
4331.49 3.73217419773
4334.21 4.00991481242
4336.94 4.63556459561
4339.66 6.13209731108
4342.39 6.84099792082
4345.11 6.34331655102
4347.83 5.23996559641
4350.56 4.12329450954
4353.28 3.79956772399
4356.01 3.70180746767
4358.73 3.94894349278
4361.46 3.98367098043
4364.18 4.19679309642
4366.91 4.05019235518
4369.63 3.97003370218
4372.36 3.99952828073
4375.08 3.746287195
4377.8 4.10696149024
4380.53 3.76317521981
4383.25 3.65098482022
4385.98 3.78497900772
4388.7 3.82438439896
4391.43 3.92650541287
4394.15 3.75833874322
4396.88 3.9495777848
4399.6 3.82819015103
4402.33 4.0299742973
4405.05 3.85760544308
4407.78 3.84158956978
4410.5 3.96717938813
4413.22 4.01681273805
4415.95 4.02791284826
4418.67 4.01284841298
4421.4 3.88107424752
4424.12 3.84071741826
4426.85 4.09205562796
4429.57 4.05542526427
4432.3 3.95592070491
4435.02 3.88162925303
4437.75 3.97788306583
4440.47 4.1637306253
4443.19 3.9764559088
4445.92 3.81907220336
4448.64 3.87758564145
4451.37 4.13035100817
4454.09 4.14731831949
4456.82 3.81835862484
4459.54 3.74684220051
4462.27 3.88059852851
4464.99 3.79171836035
4467.72 4.02640640473
4470.44 4.05082664719
4473.17 4.26712022323
4475.89 4.14200612389
4478.61 4.16103488425
4481.34 4.01823989508
4484.06 3.94117341564
4486.79 3.91818033021
4489.51 4.1797464986
4492.24 4.04892377115
4494.96 3.99374036612
4497.69 3.97415660026
4500.41 4.04908234416
4503.14 4.10601005222
4505.86 4.25831942156
4508.58 4.19148090082
4511.31 4.02632711823
4514.03 4.16491992282
4516.76 3.93268975998
4519.48 4.01237269397
4522.21 4.03917153147
4524.93 4.06993469405
4527.66 3.74359145395
4530.38 3.93776409608
4533.11 3.86585123923
4535.83 4.0834926858
4538.56 3.89843799134
4541.28 4.14557401646
4544.0 3.99921113472
4546.73 4.00920123391
4549.45 3.91540530266
4552.18 3.82200580391
4554.9 3.77792250909
4557.63 3.80416634108
4560.35 3.92642612636
4563.08 4.12924099715
4565.8 4.24999433891
4568.53 4.23746707168
4571.25 4.07794263069
4573.97 4.0890427409
4576.7 4.1851379807
4579.42 4.12781384013
4582.15 4.04258085103
4584.87 4.11068795581
4587.6 3.92515754234
4590.32 3.94632703824
4593.05 3.98287811542
4595.77 3.96725867463
4598.5 3.98406741294
4601.22 3.92769471039
4603.95 4.07318544061
4606.67 3.96377006856
4609.39 3.98922103554
4612.12 4.18791300825
4614.84 4.07477117064
4617.57 4.08222410177
4620.29 4.1638099118
4623.02 4.03298718435
4625.74 4.04432515407
4628.47 4.06153032489
4631.19 3.97376016775
4633.92 3.94672347074
4636.64 4.19211519283
4639.36 3.86846769378
4642.09 4.07500903014
4644.81 3.79726841545
4647.54 3.9924717821
4650.26 3.94045983713
4652.99 3.92602969386
4655.71 3.95179780684
4658.44 4.20924107715
4661.16 4.0941963635
4663.89 4.07326472711
4666.61 4.00935980691
4669.34 3.94093555613
4672.06 3.87322488387
4674.78 4.08040051224
4677.51 4.0673182395
4680.23 3.99921113472
4682.96 3.880360669
4685.68 4.05304666923
4688.41 4.1049793277
4691.13 4.13407747374
4693.86 4.16230346827
4696.58 4.19156018732
4699.31 4.15944915422
4702.03 4.10601005222
4704.75 3.8964558288
4707.48 4.05011306867
4710.2 4.04186727252
4712.93 3.98858674353
4715.65 4.14438471894
4718.38 3.86030118413
4721.1 4.08460269682
4723.83 4.00777407688
4726.55 3.96099504101
4729.28 3.89154006571
4732.0 3.88654501612
4734.72 3.83643594718
4737.45 4.00190687577
4740.17 4.03742722844
4742.9 4.12226378502
4745.62 4.03671364992
4748.35 4.04472158657
4751.07 4.15025192005
4753.8 4.14945905503
4756.52 4.02569282622
4759.25 3.87330417037
4761.97 4.06581179597
4764.7 4.07738762518
4767.42 3.89487009877
4770.14 3.76047947876
4772.87 3.99112391157
4775.59 3.86212477366
4778.32 3.99722897219
4781.04 3.93007330543
4783.77 3.99564324216
4786.49 3.81716932732
4789.22 3.68277870731
4791.94 3.77966681212
4794.67 3.90335375443
4797.39 3.8106678342
4800.11 3.70735752277
4802.84 3.87076700232
4805.56 3.88821003265
4808.29 3.85586114005
4811.01 3.90264017592
4813.74 3.89827941834
4816.46 3.82565298298
4819.19 3.95298710436
4821.91 3.72955774319
4824.64 3.76634667987
4827.36 3.8161386028
4830.09 3.76476094984
4832.81 3.70735752277
4835.53 3.66961714807
4838.26 3.72813058616
4840.98 3.67508791667
4843.71 3.55710960246
4846.43 3.71687190295
4849.16 3.68690160539
4851.88 3.71703047595
4854.61 4.19814096694
4857.33 5.63956956387
4860.06 8.67394326207
4862.78 11.4196348084
4865.5 11.3823701527
4868.23 8.47810560341
4870.95 5.20507953575
4873.68 3.96995441568
4876.4 3.59009278708
4879.13 3.48305601008
4881.85 3.61990451164
4884.58 3.67009286707
4887.3 3.7679324099
4890.03 3.63330393039
4892.75 3.60127218379
4895.48 3.60040003227
4898.2 3.72741700765
4900.92 3.79219407936
4903.65 3.79718912895
4906.37 3.86180762766
4909.1 3.77958752562
4911.82 3.79703055595
4914.55 3.66454281197
4917.27 3.85237253398
4920.0 3.77475104903
4922.72 3.57257047025
4925.45 3.72773415365
4928.17 3.57486977879
4930.89 3.62117309566
4933.62 3.70085602965
4936.34 3.55298670439
4939.07 3.63964685051
4941.79 3.7680116964
4944.52 3.75643586719
4947.24 3.8855935781
4949.97 3.96638652311
4952.69 4.14438471894
4955.42 5.17598138971
4958.14 7.04420922412
4960.87 8.56769935008
4963.59 8.21566728351
4966.31 6.58054176345
4969.04 4.73538630098
4971.76 4.08460269682
4974.49 3.86783340177
4977.21 3.76151020328
4979.94 3.81241213723
4982.66 3.78149040166
4985.39 3.73312563575
4988.11 3.6769907927
4990.84 3.84238243479
4993.56 3.78220398017
4996.28 3.77094529696
4999.01 4.67259139181
5001.73 6.41340581833
5004.46 9.75065395219
5007.18 15.7669136846
5009.91 18.6481851484
5012.63 15.4259817282
5015.36 9.50803725765
5018.08 5.59715128558
5020.81 4.2120953912
5023.53 3.80147060003
5026.25 3.58557345649
5028.98 3.43817985024
5031.7 3.50200548393
5034.43 3.59072707909
5037.15 3.56250108456
5039.88 3.62775387528
5042.6 3.5966735667
5045.33 3.6018271893
5048.05 3.63679253645
5050.78 3.72765486715
5053.5 3.67183717011
5056.23 3.71599975143
5058.95 3.73716924733
5061.67 3.70315533819
5064.4 3.60222362181
5067.12 3.62989461082
5069.85 3.57233261075
5072.57 3.51580133519
5075.3 3.60951797994
5078.02 3.48313529658
5080.75 3.42271898245
5083.47 3.4840074481
5086.2 3.52983504595
5088.92 3.70569250624
5091.64 3.71195613986
5094.37 3.67358147314
5097.09 3.62069737665
5099.82 3.47663380346
5102.54 3.47433449492
5105.27 3.50604909551
5107.99 3.40741668767
5110.72 3.53023147846
5113.44 3.69903244011
5116.17 3.65645558882
5118.89 3.4733830569
5121.62 3.51699063271
5124.34 3.47084588885
5127.06 3.46918087232
5129.79 3.51366059965
5132.51 3.4361184012
5135.24 3.45800147561
5137.96 3.51040985309
5140.69 3.50279834895
5143.41 3.46997373733
5146.14 3.43833842324
5148.86 3.54886380631
5151.59 3.50795197154
5154.31 3.42850689706
5157.03 3.45927005964
5159.76 3.52198568231
5162.48 3.3665841394
5165.21 3.23679213648
5167.93 3.1949288637
5170.66 3.06188611421
5173.38 3.18731735955
5176.11 3.32939877021
5178.83 3.32305585009
5181.56 3.35722833223
5184.28 3.22545416677
5187.01 3.19318456066
5189.73 3.33296666278
5192.45 3.35128184462
5195.18 3.41629677583
5197.9 3.58414629947
5200.63 3.78418614271
5203.35 3.73494922529
5206.08 3.53395794403
5208.8 3.41582105682
5211.53 3.33550383082
5214.25 3.37046917798
5216.98 3.56202536555
5219.7 3.66018205439
5222.42 3.58160913142
5225.15 3.37276848652
5227.87 3.30600925227
5230.6 3.39544442594
5233.32 3.48384887509
5236.05 3.53705011759
5238.77 3.45800147561
5241.5 3.44468134336
5244.22 3.51881422225
5246.95 3.53261007351
5249.67 3.44912138745
5252.4 3.44000343978
5255.12 3.51326416714
5257.84 3.61649519207
5260.57 3.58636632151
5263.29 3.478933112
5266.02 3.46600941226
5268.74 3.29601915308
5271.47 3.24297648359
5274.19 3.42929976208
5276.92 3.48226314506
5279.64 3.44016201278
5282.37 3.47124232136
5285.09 3.53657439858
5287.81 3.63496894692
5290.54 3.65360127477
5293.26 3.5642453876
5295.99 3.7034724842
5298.71 3.70704037676
5301.44 3.58692132702
5304.16 3.56123250054
5306.89 3.54156944817
5309.61 3.67588078168
5312.34 3.62830888079
5315.06 3.56527611212
5317.78 3.46513726074
5320.51 3.57185689174
5323.23 3.53459223604
5325.96 3.55116311485
5328.68 3.43096477861
5331.41 3.43151978412
5334.13 3.38061785017
5336.86 3.48908178419
5339.58 3.52230282831
5342.31 3.55853675949
5345.03 3.47718880897
5347.76 3.42549401
5350.48 3.44055844529
5353.2 3.41804107886
5355.93 3.45697075109
5358.65 3.6554248643
5361.38 3.73907212336
5364.1 3.56916115069
5366.83 3.43928986126
5369.55 3.43215407613
5372.28 3.38061785017
5375.0 3.45538502106
5377.73 3.54489948123
5380.45 3.38711934329
5383.17 3.43738698523
5385.9 3.54870523331
5388.62 3.54949809832
5391.35 3.39195581988
5394.07 3.33875457738
5396.8 3.41835822487
5399.52 3.42454257199
5402.25 3.2806375718
5404.97 3.29379913104
5407.7 3.24717866817
5410.42 3.27397750567
5413.15 3.36452269036
5415.87 3.55972605701
5418.59 3.52198568231
5421.32 3.5004197539
5424.04 3.55568244544
5426.77 3.48178742606
5429.49 3.55060810934
5432.22 3.42446328548
5434.94 3.32115297405
5437.67 3.44587064088
5440.39 3.51849707624
5443.12 3.5535417099
5445.84 3.50097475941
5448.56 3.45681217809
5451.29 3.37625709258
5454.01 3.34779323855
5456.74 3.45245142051
5459.46 3.46410653623
5462.19 3.25249086377
5464.91 3.35722833223
5467.64 3.52951789995
5470.36 3.42929976208
5473.09 3.48448316711
5475.81 3.36745629092
5478.54 3.26660386104
5481.26 3.33621740934
5483.98 3.5001026079
5486.71 3.45245142051
5489.43 3.48313529658
5492.16 3.46117293567
5494.88 3.36269910083
5497.61 3.47853667949
5500.33 3.35072683911
5503.06 3.4040073681
5505.78 3.30466138175
5508.51 3.3665841394
5511.23 3.29760488311
5513.95 3.43159907062
5516.68 3.33883386388
5519.4 3.40281807058
5522.13 3.48273886407
5524.85 3.48836820568
5527.58 3.6448797596
5530.3 3.51833850324
5533.03 3.32535515863
5535.75 3.39274868489
5538.48 3.63235249237
5541.2 3.41582105682
5543.93 3.35540474269
5546.65 3.29490914206
5549.37 3.46727799628
5552.1 3.29506771507
5554.82 3.3556426022
5557.55 3.42034038741
5560.27 3.45673289159
5563.0 3.43255050864
5565.72 3.44380919185
5568.45 3.48638604314
5571.17 3.2809547178
5573.9 3.14910126584
5576.62 3.45340285853
5579.34 3.29007266547
5582.07 3.35786262424
5584.79 3.48234243157
5587.52 3.32773375368
5590.24 3.27056818611
5592.97 3.40781312017
5595.69 3.1951667232
5598.42 3.4304890596
5601.14 3.36412625786
5603.87 3.22489916126
5606.59 3.46957730483
5609.31 3.41851679787
5612.04 3.40813026618
5614.76 3.35762476474
5617.49 3.42834832406
5620.21 3.28864550845
5622.94 3.32797161318
5625.66 3.24115289406
5628.39 3.22925991884
5631.11 3.29237197402
5633.84 3.34208461045
5636.56 3.32487943962
5639.29 3.36777343693
5642.01 3.42755545904
5644.73 3.43960700727
5647.46 3.32313513659
5650.18 3.41328388878
5652.91 3.36737700442
5655.63 3.4201025279
5658.36 3.43397766566
5661.08 3.30711926329
5663.81 3.18573162952
5666.53 3.18152944495
5669.26 3.24709938167
5671.98 3.31052858286
5674.7 3.31718864898
5677.43 3.26731743955
5680.15 3.20872471495
5682.88 3.59270924163
5685.6 3.22022125767
5688.33 3.32773375368
5691.05 3.17716868736
5693.78 3.36737700442
5696.5 3.24765438718
5699.23 3.34129174543
5701.95 3.28698049192
5704.68 3.29490914206
5707.4 3.08392776162
5710.12 3.30997357735
5712.85 3.05181672852
5715.57 3.30870499332
5718.3 3.29253054702
5721.02 3.32781304018
5723.75 3.42152968493
5726.47 3.40987456921
5729.2 3.4306476326
5731.92 3.15203486639
5734.65 3.28507761588
5737.37 3.29990419166
5740.09 3.25819949188
5742.82 3.44008272628
5745.54 3.33257023027
5748.27 3.29498842857
5750.99 3.15005270386
5753.72 3.52951789995
5756.44 3.37681209809
5759.17 3.64575191112
5761.89 3.29808060212
5764.62 3.45855648112
5767.34 3.41605891633
5770.07 3.371737762
5772.79 3.41130172624
5775.51 3.36412625786
5778.24 3.43342266015
5780.96 3.35159899062
5783.69 3.2969705911
5786.41 3.28158900982
5789.14 3.26818959106
5791.86 3.38854650031
5794.59 3.52579143438
5797.31 3.39528585294
5800.04 3.38371002372
5802.76 3.2537594478
5805.48 3.23663356348
5808.21 3.4414305968
5810.93 3.4414305968
5813.66 3.25494874532
5816.38 3.36713914491
5819.11 3.50969627458
5821.83 3.36975559946
5824.56 3.59302638763
5827.28 3.39084580886
5830.01 3.27215391614
5832.73 3.50224334344
5835.46 3.38648505128
5838.18 3.3236108556
5840.9 3.38933936533
5843.63 3.43786270424
5846.35 3.38933936533
5849.08 3.33550383082
5851.8 3.43699055272
5854.53 3.34327390797
5857.25 3.34248104295
5859.98 3.35627689421
5862.7 3.30077634317
5865.43 3.21340261854
5868.15 3.21958696566
5870.87 3.42787260505
5873.6 3.89249150373
5876.32 4.47722945216
5879.05 4.42204604712
5881.77 3.95282853136
5884.5 3.61586090006
5887.22 3.15457203444
5889.95 2.91552323248
5892.67 2.92662334268
5895.4 2.85946767593
5898.12 2.97475024908
5900.85 3.06981476436
5903.57 3.20246108134
5906.29 3.24250076458
5909.02 3.21974553866
5911.74 3.28674263241
5914.47 3.23869501251
5917.19 3.2168119381
5919.92 3.0505481445
5922.64 3.06458185526
5925.37 3.24369006211
5928.09 3.19738674524
5930.82 3.10145007845
5933.54 2.96388799838
5936.26 3.14624695179
5938.99 3.14640552479
5941.71 3.13578113359
5944.44 3.19699031273
5947.16 3.17685154136
5949.89 3.25130156625
5952.61 3.15560275896
5955.34 3.19968605378
5958.06 3.14006260467
5960.79 3.19064739262
5963.51 3.31132144787
5966.23 3.13760472312
5968.96 3.13260967353
5971.68 3.21752551662
5974.41 3.21554335408
5977.13 3.25693090785
5979.86 3.19270884165
5982.58 3.32931948371
5985.31 3.19580101521
5988.03 3.14410621625
5990.76 3.20816970944
5993.48 3.28896265445
5996.21 3.27691110623
5998.93 3.09304570929
6001.65 3.0828970371
6004.38 3.1253946019
6007.1 3.23869501251
6009.83 3.22093483618
6012.55 3.14918055234
6015.28 3.21776337612
6018.0 3.11215375615
6020.73 3.2700131806
6023.45 3.25035012823
6026.18 3.23179708688
6028.9 3.03413583869
6031.62 3.21752551662
6034.35 3.06997333736
6037.07 3.28016185279
6039.8 3.29871489414
6042.52 3.18192587745
6045.25 3.32392800161
6047.97 3.27223320264
6050.7 3.35437401818
6053.42 3.40131162705
6056.15 3.28158900982
6058.87 3.09423500681
6061.6 3.09550359084
6064.32 3.21260975353
6067.04 3.26700029354
6069.77 3.1524312989
6072.49 3.16226282509
6075.22 3.16487927963
6077.94 3.1521934394
6080.67 3.10620726854
6083.39 3.36150980331
6086.12 3.04658381942
6088.84 3.25146013925
6091.57 2.99496830696
6094.29 3.16345212261
6097.01 3.13197538152
6099.74 3.33732742036
6102.46 3.13578113359
6105.19 3.2754839492
6107.91 3.18858594358
6110.64 3.19167811714
6113.36 3.17582081684
6116.09 3.57114331323
6118.81 3.97272944323
6121.54 3.71084612884
6124.26 3.09582073684
6126.99 3.0452359489
6129.71 3.12642532642
6132.43 3.20174750282
6135.16 3.02137071195
6137.88 3.0453945219
6140.61 3.06347184424
6143.33 3.12880392146
6146.06 2.9329662628
6148.78 3.25090513374
6151.51 3.05134100951
6154.23 3.26319454147
6156.96 2.97253022704
6159.68 3.08686136218
6162.4 2.89165799553
6165.13 2.90870459335
6167.85 2.88166789634
6170.58 2.98442320226
6173.3 2.92162829309
6176.03 3.07988415005
6178.75 3.1521934394
6181.48 3.35262971514
6184.2 3.0614896817
6186.93 2.95810008377
6189.65 2.90347168425
6192.38 2.99100398189
6195.1 2.93471056583
6197.82 3.11278804816
6200.55 2.85851623791
6203.27 2.92583047767
6206.0 2.93431413333
6208.72 3.00305553011
6211.45 3.00464126014
6214.17 3.06989405086
6216.9 2.94026062094
6219.62 2.87825857678
6222.35 2.90370954375
6225.07 2.90830816084
6227.79 2.99147970089
6230.52 3.03136081114
6233.24 2.85415548033
6235.97 2.91108318839
6238.69 2.92955694324
6241.42 2.82910094586
6244.14 3.01637566236
6246.87 3.04111305082
6249.59 3.08408633462
6252.32 3.09233213078
6255.04 3.09090497375
6257.76 2.91576109198
6260.49 2.90759458233
6263.21 3.06791188832
6265.94 2.92955694324
6268.66 2.99956692405
6271.39 3.09003282224
6274.11 2.91734682201
6276.84 2.84797113321
6279.56 3.06164825471
6282.29 2.8902308385
6285.01 2.90957674486
6287.74 3.04491880289
6290.46 3.04713882493
6293.18 3.01994355493
6295.91 3.12801105645
6298.63 3.34224318345
6301.36 3.68357157233
6304.08 3.92729827788
6306.81 3.666128542
6309.53 2.91972541705
6312.26 3.06252040622
6314.98 3.31227288589
6317.71 2.80610786043
6320.43 3.03849659627
6323.15 2.82886308636
6325.88 3.0610932492
6328.6 3.09764432638
6331.33 3.05689106462
6334.05 3.18343232098
6336.78 3.09241141728
6339.5 2.98862538684
6342.23 3.06252040622
6344.95 3.1468812438
6347.68 3.20840756895
6350.4 3.3878329218
6353.13 3.15298630441
6355.85 3.33804099887
6358.57 3.2593095029
6361.3 3.17494866532
6364.02 3.13149966251
6366.75 3.2219655607
6369.47 3.30585067927
6372.2 3.24480007313
6374.92 2.98870467334
6377.65 3.07774341451
6380.37 3.08035986906
6383.1 3.14648481129
6385.82 3.0505481445
6388.54 3.04594952741
6391.27 3.06846689383
6393.99 3.09494858533
6396.72 3.15021127686
6399.44 3.04618738692
6402.17 3.09494858533
6404.89 3.104066533
6407.62 3.06830832083
6410.34 2.95255002867
6413.07 3.11128160463
6415.79 3.06577115278
6418.52 3.08662350267
6421.24 3.05522604809
6423.96 2.9436699405
6426.69 3.05253030704
6429.41 2.97704955762
6432.14 2.87984430681
6434.86 2.96230226835
6437.59 3.12832820245
6440.31 2.9862467918
6443.04 2.95310503418
6445.76 3.05562248059
6448.49 3.12079598481
6451.21 3.05697035112
6453.93 3.02953722161
6456.66 3.04793168995
6459.38 2.98505749427
6462.11 2.97467096258
6464.83 2.96468086339
6467.56 2.98918039235
6470.28 2.96602873392
6473.01 3.0076541472
6475.73 2.9754638276
6478.46 2.86160841147
6481.18 2.8577233729
6483.91 2.94961642811
6486.63 2.96357085237
6489.35 3.10160865145
6492.08 3.00709914169
6494.8 2.87508711672
6497.53 2.76733676121
6500.25 2.79461131772
6502.98 2.84781256021
6505.7 2.95223288266
6508.43 2.88190575585
6511.15 2.87540426273
6513.88 2.94795141158
6516.6 2.88523578891
6519.32 2.85360047482
6522.05 2.92376902863
6524.77 2.92789192671
6527.5 3.05522604809
6530.22 3.0668811638
6532.95 2.90577099279
6535.67 2.98283747223
6538.4 2.98878395984
6541.12 3.17954728241
6543.85 3.62902245931
6546.57 4.97998515805
6549.29 6.29733038016
6552.02 6.38399052628
6554.74 6.29962968871
6557.47 8.4455981378
6560.19 16.963346992
6562.92 30.8067701506
6565.64 36.4725835465
6568.37 28.5970553543
6571.09 14.4238003495
6573.82 6.68797497296
6576.54 4.72555477479
6579.27 5.99120519794
6581.99 9.71259643148
6584.71 13.1607663809
6587.44 12.9403499068
6590.16 9.04817554906
6592.89 5.30426694911
6595.61 3.75405727214
6598.34 3.18160873145
6601.06 3.19040953311
6603.79 3.13506755508
6606.51 3.0560189131
6609.24 2.95881366228
6611.96 2.94485923802
6614.68 2.95239145566
6617.41 2.9756224006
6620.13 3.02660362105
6622.86 2.86747561258
6625.58 2.92083542807
6628.31 2.85970553543
6631.03 2.93930918292
6633.76 2.83005238388
6636.48 2.84226250511
6639.21 2.9060088523
6641.93 2.9328076898
6644.66 2.91528537297
6647.38 2.87611784124
6650.1 2.8312416814
6652.83 3.02549361003
6655.55 3.02105356595
6658.28 2.89189585503
6661.0 2.79564204224
6663.73 2.89419516358
6666.45 3.0561774861
6669.18 2.88840724897
6671.9 2.8417074996
6674.63 3.13395754406
6677.35 3.31782294099
6680.07 3.3396267289
6682.8 3.24963654972
6685.52 2.98220318022
6688.25 2.87326352719
6690.97 2.99290685792
6693.7 2.93431413333
6696.42 2.91036960988
6699.15 2.92987408924
6701.87 2.95921009479
6704.6 3.01589994335
6707.32 3.16345212261
6710.05 3.50256048944
6712.77 4.34957818477
6715.49 5.91072939894
6718.22 7.55957148375
6720.94 7.16726187442
6723.67 5.39758716135
6726.39 4.40936020689
6729.12 5.55330585026
6731.84 6.52837124548
6734.57 6.6847242264
6737.29 5.11984654666
6740.02 3.86125262215
6742.74 3.03611800123
6745.46 3.1630556901
6748.19 2.92503761265
6750.91 2.87540426273
6753.64 2.89601875311
6756.36 2.9971090425
6759.09 2.99655403699
6761.81 2.970468778
6764.54 3.03342226018
6775.9 2.87262923517
6791.52 2.83924961805
6807.17 2.90481955478
6822.87 2.91100390189
6838.59 2.91052818288
6854.36 2.90331311125
6870.16 2.78485907803
6886.0 2.84923971724
6901.87 2.83560243898
6917.78 2.85478977234
6933.73 2.8150672351
6949.71 2.88674223244
6965.73 2.86636560156
6981.79 2.86581059605
6997.89 2.85209403129
7014.02 2.81245078055
7030.19 2.77978474194
7046.39 2.85708908088
7062.63 2.81736654364
7078.92 2.82331303125
7095.24 2.72697993195
7111.59 2.73903148018
7127.99 2.71968557382
7144.42 2.70041895396
7160.89 2.7186548493
7177.39 2.66236143325
7193.94 2.4727874082
7210.52 2.61883314393
7227.14 2.72912066749
7243.81 2.67877373905
7260.51 2.64761414397
7277.24 2.76543388517
7294.02 2.71445266472
7310.83 2.71389765921
7327.68 2.77661328188
7344.58 2.83417528196
7361.51 2.71231192918
7378.48 2.82006228469
7395.49 2.71128120466
7412.54 2.81245078055
7429.62 2.69153886579
7446.75 2.75369948295
7463.92 2.81078576402
7481.12 2.77804043891
7498.37 2.75837738654
7515.66 2.77693042789
7532.98 2.78921983562
7550.34 2.82743592933
7567.75 2.78810982459
7585.2 2.78113261246
7602.68 2.72983424601
7620.21 2.68559237818
7637.78 2.70366970052
7655.38 2.66600861231
7673.03 2.47611744127
7690.72 2.61629597588
7708.45 2.44678143572
7726.21 2.57934846619
7744.02 2.62676179408
7761.88 2.57823845517
7779.77 2.51901143857
7797.7 2.52432363417
7815.68 2.57070623753
7833.7 2.6119352183
7851.76 2.61138021279
7869.86 2.62898181612
7888.0 2.58037919071
7906.18 2.55619680776
7924.41 2.49173688206
7942.68 2.50846633387
7960.98 2.53114227329
7979.34 2.54232167
7997.73 2.5476338656
8016.17 2.54707886009
8034.65 2.43750491504
8053.17 2.52844653224
8071.73 2.57490842211
8090.34 2.49839694818
8108.99 2.5152056865
8127.68 2.53788162592
8146.42 2.55492822374
8165.2 2.50775275536
8184.02 2.51298566445
8202.89 2.33934822621
8221.8 2.47738602529
8240.75 2.33831750169
8259.75 2.569199794
8278.79 2.56277758738
8297.88 2.39667236678
8317.0 2.41276752658
8336.17 2.38462081856
8355.39 2.42283691227
8374.65 2.44464070018
8393.96 2.37748503342
8413.31 2.46620662858
8432.7 2.42061689023
8452.14 2.3923908957
8471.63 2.41950687921
8491.16 2.39128088468
8510.73 2.20051756212
8530.35 2.39017087366
8550.02 1.53934742626
8569.72 2.38359009404
8589.48 2.38850585713
8609.28 2.29629565591
8629.13 2.34917975239
8649.02 2.38137007199
8668.95 1.96210305216
8688.94 2.25229164758
8708.97 2.26735608286
8729.05 2.36273774415
8749.17 2.29248990383
8769.34 2.33998251822
8789.55 2.33942751271
8809.81 2.3550469535
8830.13 2.32214305539
8850.48 2.30565146308
8870.88 2.0926086336
8891.33 2.23143929769
8911.83 2.26188531426
8932.37 2.26140959525
8952.97 2.19924897809
8973.6 2.10458089532
8994.29 2.20321330317
9015.02 2.13280688985
9035.81 2.10299516529
9056.63 2.35901127858
9077.51 2.19599823153
9098.44 2.03013087043
9119.41 2.22541352358
9140.43 2.09078504407
9161.51 2.08063637188
9182.62 1.93681065819
9203.79 2.11829746008
9225.01 2.07905064185
9246.28 2.08816858952
9267.59 2.11663244355
9288.95 2.02553225335
9310.37 1.95179580697
9331.83 2.20456117369
9353.34 2.19385749599
9374.91 2.16816866951
9396.52 2.18767314888
9418.17 2.15215279621
9439.89 2.18156808826
9461.65 2.18101308275
9483.46 2.17538374115
9505.32 2.14501701108
9527.23 2.13954624248
9549.2 2.06160761152
9571.21 2.11877317909
9593.28 2.14771275213
9615.39 2.12741540775
9637.55 2.12686040224
9659.77 2.10196444077
9682.04 2.11116167495
9704.36 2.09126076307
9726.73 2.07627561429
9749.15 2.06620622861
9771.62 2.07040841318
9794.15 2.04146884014
9816.73 2.07405559225
9839.36 2.06398620656
9862.04 2.04923891729
9884.78 2.04392672169
9907.56 2.02466010183
9930.4 2.03346090349
9953.29 2.03290589798
9976.23 2.02767298889
9999.24 2.0177621762
10022.29 1.99413479876
10068.55 1.96115161414
10115.02 1.97819821196
10185.14 1.95845587309
10232.15 1.95282653149
10279.37 1.94719718988
10303.08 1.93324276562
10494.63 1.86339135782
10689.73 1.78545272686
10888.47 1.712905578
11090.89 1.65478857242
11297.1 1.60594808751
11507.13 1.58033854753
11694.1 1.53371808466
11911.51 1.48162685318
12105.05 1.44460005699
12301.74 1.41169615888
12501.63 1.37324220566
12704.76 1.33891115052
12911.2 1.30236007333
13090.81 1.27564052233
13303.52 1.24091303469
13488.59 1.21823709526
13707.76 1.1932618473
13898.46 1.15805864064
14091.81 1.12134899045
14287.84 1.09835590502
14486.61 1.09328156893
14688.14 1.06346984437
14892.47 1.06346984437
15099.65 1.05617548623
15309.71 1.06346984437
15486.97 1.05617548623
15702.42 1.03453027133
15884.25 1.00170565972
16105.22 1.00400496826
16291.72 0.994807734088
16518.36 0.972131794664
16709.64 0.954450904834
16903.11 0.930585667888
17098.85 0.907275436452
17296.85 0.870407213263
17497.14 0.84670054932
17699.73 0.816095959748
17904.69 0.790208917015
18112.02 0.758121669865
18279.6 0.737459607579
18491.27 0.715711320223
18705.39 0.68666074608
18878.48 0.666410973602
19097.07 0.654240495624
19318.2 0.630581403582
19496.96 0.60637523468
19677.35 0.588488199946
19905.21 0.571140313422
20089.4 0.560714138477
20322.01 0.541677449471
20510.05 0.531790422736
20699.84 0.516107552743
20891.36 0.503199710302
21084.67 0.492876607809
21279.75 0.480555485479
21476.66 0.468535651854
21675.39 0.453669432827
21875.94 0.444369126203
22078.36 0.432254148776
22282.66 0.419504879338
22488.83 0.40995878456
22696.92 0.398787316501
22906.92 0.356392824159
23118.88 0.34468220789
23279.12 0.298743608932
23494.53 0.27615488466
23711.94 0.272642492644
23876.29 0.245835726493
24097.22 0.232444236393
24320.17 0.224658301948
24488.77 0.206343120105
24715.34 0.199009118718
24886.68 0.170291547882
25116.93 0.163092333547
25219.4 0.142311341509
25315.31 0.152769231054
25411.21 0.156757342079
25507.02 0.160808882305
25602.93 0.156162693318
25698.73 0.15521918395
25794.63 0.160119089742
25890.54 0.155496686705
25986.35 0.168166669642
26082.25 0.167952596088
26178.16 0.178347056432
26273.97 0.177570048718
26369.87 0.165589858344
26465.68 0.151246930226
26561.58 0.132146812019
26657.48 0.13810122828
26753.29 0.148836620581
26849.2 0.143619568783
26945.1 0.144253860795
27040.91 0.138196372082
27136.81 0.140265749771
27232.62 0.138037799079
27328.52 0.143579925533
27424.43 0.142628487515
27520.24 0.138180514782
27616.14 0.129910932677
27712.05 0.131282589153
27807.85 0.131861380614
27903.76 0.137197362163
27999.56 0.138497660788
28095.47 0.137435221668
28191.37 0.132345028273
28287.18 0.12574839135
28383.09 0.12472559548
28478.99 0.125106170688
28574.8 0.129990219179
28670.7 0.131179516701
28766.51 0.133153750588
28862.41 0.130291507884
28958.32 0.129070495762
29054.12 0.126572970965
29150.03 0.12094362936
29245.93 0.130632439841
29341.74 0.131290517803
29437.65 0.130989229097
29533.45 0.12256107399
29629.36 0.124796953332
29725.26 0.124234019171
29821.07 0.129102210362
29916.97 0.122132926882
30012.88 0.120245908147
30108.69 0.110017949456
30204.59 0.112713690506
30300.4 0.118866323021
30396.3 0.11987326159
30492.21 0.115916865166
30588.01 0.118469890514
30683.92 0.107512496009
30779.82 0.108567006479
30875.63 0.106426270939
30971.54 0.11295155001
31067.34 0.114117061582
31163.25 0.112253828797
31259.15 0.107441138157
31354.96 0.109677017499
31450.86 0.119294470129
31546.77 0.121260775366
31642.57 0.114180490783
31738.48 0.116812802633
31834.29 0.103532313634
31930.19 0.104816754958
32026.1 0.104063533194
32121.9 0.113197338165
32217.81 0.111897039541
32313.71 0.119746403187
32409.52 0.126025894105
32505.42 0.140519466576
32601.23 0.154616606539
32697.13 0.179924857812
32793.04 0.22587931407
32888.85 0.276329314963
32984.75 0.287794143077
33080.66 0.272888280799
33176.46 0.201363927812
33272.37 0.165217211787
33368.17 0.142168625806
33464.08 0.130307365185
33559.99 0.123885158565
33655.79 0.131171588051
33751.7 0.128174558295
33847.6 0.129379713117
33943.41 0.120126978395
34039.31 0.124511521926
34135.12 0.116582871778
34231.02 0.123314295754
34326.93 0.116440156076
34422.73 0.118224102359
34518.64 0.120253836797
34614.55 0.118414389963
34710.35 0.112975335961
34806.26 0.108019929618
34902.06 0.104333107299
34997.97 0.105673049174
35093.87 0.100947573686
35189.68 0.102002084156
35285.59 0.0909257598989
35381.49 0.091250834555
35477.3 0.0907909728464
35573.2 0.0939465756054
35669.01 0.0855422064483
35764.91 0.0879842306939
35860.82 0.0862954282124
35956.63 0.0875005830349
36052.53 0.0879921593441
36148.43 0.0856769935008
36244.24 0.0776896713416
36340.15 0.083171540054
36435.95 0.0846383403314
36531.86 0.0887215951577
36627.76 0.0831239681531
36723.57 0.0778934376504
36819.47 0.0753086977021
36915.38 0.0809277320621
37011.19 0.081030804514
37107.09 0.0822359593365
37202.9 0.0808563742108
37298.8 0.0795798615369
37394.71 0.0798097923912
37490.51 0.0779322880361
37586.42 0.0715077028211
37682.32 0.0706728159605
37778.13 0.0706609229853
37874.04 0.0810387331642
37969.84 0.0827275356457
38065.75 0.0845273392294
38161.65 0.0802379394992
38257.46 0.0745253470675
38353.36 0.0752309969307
38449.27 0.0760476478959
38545.07 0.0728381303159
38640.98 0.0728270302057
38736.79 0.0642458521504
38832.69 0.0615207750945
38928.6 0.0650609173856
39024.4 0.0624079910461
39120.31 0.066522960473
39216.21 0.069201258493
39312.02 0.0734264361569
39407.93 0.0730085962941
39503.73 0.0654628999481
39599.64 0.0674244479948
39695.54 0.064760421545
39791.35 0.0708210817183
39887.25 0.0699861948577
39983.16 0.0716916475045
40078.96 0.0662906510236
40174.87 0.0648833156223
40270.68 0.0676654789593
40366.58 0.0822993885377
40462.49 0.104555109504
40558.29 0.129609643972
40654.2 0.1177245974
40750.1 0.0887770957088
40845.91 0.0696222698159
40941.81 0.0635750883479
41037.62 0.0593943111248
41133.52 0.0591493158352
41229.43 0.0570640808462
41325.24 0.0604329642942
41421.14 0.0632000631959
41517.05 0.0635061090916
41612.85 0.0567405919202
41708.76 0.0562410869608
41804.56 0.0516765630706
41900.47 0.0548163085292
41996.37 0.0517312707566
42092.18 0.0539306783077
42188.09 0.0526422726586
42283.99 0.0554054072352
42379.8 0.0560833068229
42475.7 0.0554339503758
42571.51 0.0519580301508
42667.41 0.0504809226282
42763.32 0.0489681361799
42859.12 0.0488777495683
42955.03 0.0472658549931
43050.94 0.0462200660386
43146.74 0.0499734890187
43242.65 0.05137765296
43338.45 0.0508321618298
43434.36 0.04549300882
43530.26 0.0443576261188
43626.07 0.045920363063
43721.98 0.0476075798145
43817.88 0.0479041113301
43913.69 0.0482172930109
44009.59 0.0473387985745
44105.4 0.0429058902767
44201.3 0.0415025192005
44297.2 0.0432222434176
44393.01 0.0477185809166
44488.92 0.0458339407764
44584.82 0.0460369142202
44680.63 0.0427877533895
44776.54 0.0417609931953
44872.34 0.0388939933017
44968.25 0.0370426534921
45064.15 0.0371044969633
45159.95 0.0373621780931
45255.86 0.0392515754234
45351.77 0.0408571270784
45447.58 0.0445471208573
45543.48 0.0446065857335
45639.29 0.046185972843
45735.19 0.0415207550958
45831.1 0.0366041991389
45926.9 0.0365122267972
46022.81 0.0362822959429
46118.71 0.0475290861781
46214.52 0.0501257191016
46310.42 0.053359815497
46406.23 0.0566557553636
46502.14 0.0629312819558
46598.04 0.0600452533019
46693.85 0.0536603113376
46789.75 0.0428757614061
46885.65 0.0414597044897
46981.46 0.038747313274
47077.37 0.040566145618
47173.18 0.0364551405161
47269.08 0.0387782350096
47364.99 0.0386489980121
47460.79 0.044261689452
47556.69 0.0370442392222
47652.6 0.0397859664434
47748.41 0.0385157966897
47844.31 0.0432603009383
47940.12 0.044901531519
48036.03 0.0465736838352
48131.93 0.0429812124531
48227.74 0.0408523698883
48323.64 0.0415603983465
48419.54 0.0419671380991
48515.35 0.0368793232991
48611.25 0.0352848717543
48707.06 0.0350882412306
48802.97 0.0385578185354
48898.88 0.0353823941511
48994.68 0.0384999393894
49091.58 0.0361356159152
49582.49 0.0360817010942
50078.32 0.0360277862732
50579.1 0.0359722857221
51084.89 0.0359167851711
51595.74 0.035860491755
51690.23 0.0358501845098
51989.83 0.0417609931953
52289.44 0.0439366147959
52589.04 0.0400190687577
52888.65 0.0412020233598
53188.35 0.0461304722919
53487.96 0.0492218529847
53787.56 0.0362434455572
54087.16 0.0346410653623
54386.77 0.0327072675911
54686.47 0.0337411635704
54986.08 0.0371227328586
55285.68 0.0390311589493
55585.29 0.041316988787
55884.89 0.0432840868887
56184.59 0.049345539927
56484.2 0.0521927181952
56783.8 0.0533138293261
57083.41 0.0554133358854
57383.02 0.0544706193828
57682.72 0.0527302806752
57982.33 0.0504880584133
58281.93 0.0502168985783
58581.53 0.0532948005658
58881.14 0.0562458441509
59180.84 0.0555378156927
59480.45 0.0566835056391
59780.05 0.0655120575791
60079.66 0.0777372432425
60379.26 0.0811180196657
60678.96 0.0851537025911
60978.57 0.0940575767074
61278.17 0.120563054153
61577.78 0.174509589761
61877.38 0.242236119326
62177.09 0.266577075281
62476.69 0.244384783516
62776.3 0.204083454813
63075.9 0.166826727767
63375.5 0.137110147012
63675.21 0.116574943128
63974.81 0.103611600136
64274.42 0.0931299246401
64574.02 0.0839406191184
64873.63 0.0786078090288
65173.33 0.0779996815624
65472.93 0.0724805481943
65772.54 0.0750304020819
66072.15 0.0764567662436
66371.75 0.0775477485039
66671.46 0.0764298088331
66971.06 0.0764607305686
67270.67 0.077601663325
67570.26 0.0767969053349
67869.88 0.0750755953878
68169.58 0.0734105788566
68469.18 0.0744405105109
68768.79 0.0766359537369
69068.4 0.0779378380912
69368.0 0.0821566728351
69667.7 0.103405455232
69967.31 0.105791978927
70266.91 0.0900536083826
70566.51 0.0887533097583
70866.12 0.0985451926913
71165.82 0.0966264593554
71465.43 0.0969118907608
71765.03 0.0992429139043
72064.64 0.102303372861
72364.24 0.105799907577
72663.94 0.111579893535
72963.55 0.115758292163
73263.16 0.124574951128
73562.76 0.132884176483
73862.36 0.146711742341
74162.07 0.162331183133
74461.67 0.179116135497
74761.27 0.19267412725
75060.88 0.19751060384
75660.09 0.231635514078
76259.4 0.239476949075
76858.6 0.231802015731
77457.82 0.221994275498
78057.13 0.212527467221
78656.34 0.197700891444
79255.65 0.17177420546
79854.85 0.148456045374
80454.07 0.127960484741
81053.37 0.112079398494
81652.58 0.102969379474
82251.79 0.0992666998548
82851.09 0.100947573686
83450.31 0.102438159914
84049.51 0.102929736223
84648.83 0.109082368738
85248.03 0.120166621645
85847.35 0.125106170688
86446.56 0.119199326327
87045.77 0.105871265428
87645.08 0.0898395348286
88244.28 0.0756195007879
88843.5 0.0671786598402
89442.8 0.069466868273
90042.01 0.0719961076702
90641.22 0.0583223576247
91240.52 0.0535453459105
91839.74 0.0541542662418
92439.04 0.0526462369837
93038.25 0.0518771579193
93637.46 0.0523473268731
94236.76 0.0514712110317
94835.98 0.0514815182769
95435.19 0.0513506955495
96034.5 0.0520888528783
96633.7 0.0537610051945
97232.91 0.052608972328
97832.23 0.0514109532906
98431.44 0.0500614970354
99030.75 0.0497602083297
99629.95 0.0495937066766
100229.17 0.0493415756019
100828.47 0.049665857393
101427.68 0.0494581267591
102026.89 0.0487960844717
102626.19 0.0489522788797
103225.41 0.0496309713323
103824.61 0.0512642732629
104423.92 0.0567041201295
105023.13 0.0662827223735
105622.45 0.0646906494237
106221.65 0.0587195829972
106820.86 0.0583041217294
107420.18 0.0577245374036
108019.38 0.0578252312604
108618.59 0.0588337555593
109217.9 0.0624666630572
109817.11 0.0697404067031
110416.32 0.0752397184458
111015.62 0.0826561777944
111614.84 0.114418350288
112214.14 0.14929648229
112813.35 0.1471795327
113412.56 0.124202304571
114011.87 0.103619528786
114611.08 0.0906165425431
115210.29 0.0810863050651
115809.59 0.0775715344544
116408.8 0.0736183094905
117008.01 0.0708456605337
117607.32 0.0699687518273
118206.53 0.0705863936739
118805.85 0.0723965045027
119405.05 0.074178865056
120004.26 0.0743088949184
120603.57 0.0733971001514
121202.78 0.0726668714727
121801.99 0.071557653317
122401.29 0.0728191015556
123000.51 0.0756131578678
123599.72 0.0774811478427
124199.02 0.0784428931057
124798.23 0.0803410119511
125397.54 0.0842656937745
125996.75 0.0870645072768
126595.96 0.0902201100357
127195.27 0.0992429139043
127794.47 0.131322232404
128393.69 0.144539292201
128993.0 0.090608613893
129592.2 0.0698212789346
130191.41 0.0660361413539
130790.72 0.064972909369
131389.93 0.0644860902499
131989.14 0.0643536817924
132588.45 0.0647667644651
133187.66 0.0646399060628
133786.97 0.0637606187613
134386.18 0.0647754859803
134985.38 0.0644979832251
135584.7 0.0649340589833
136183.9 0.0652377262839
136783.11 0.0636948109651
137382.43 0.0627473372724
137981.63 0.0625364351785
138580.84 0.0619695366929
139180.15 0.0614089811274
139779.36 0.0615564540202
140378.67 0.0624508057569
140977.88 0.0613257303008
141577.09 0.0614232526977
142176.4 0.0593070959731
142775.61 0.0572472326646
143374.81 0.0553816212848
144426.59 0.0606660666085
145265.58 0.0602387123655
146104.55 0.0604662646248
146943.52 0.0604289999691
147782.39 0.0598430727231
148621.36 0.0601396042387
149460.33 0.0602537768008
150299.21 0.0609736982343
151138.18 0.0616603193371
151977.15 0.0617245414033
152816.02 0.0626498148756
153654.99 0.0634712230309
154493.98 0.0733447710604
155332.85 0.0943509367629
156171.82 0.0909971177502
157010.79 0.0702962050785
157849.65 0.067273010777
158688.64 0.0686454601176
159527.61 0.0697443710281
160366.58 0.0703675629298
161205.45 0.0722474458799
162044.44 0.0732194983881
162883.39 0.0769951215886
163722.28 0.0823311031383
164561.24 0.0845035532789
165400.21 0.0830684676021
166239.1 0.0815858100244
167078.05 0.0819267419808
167917.04 0.081990171182
168755.9 0.0826482491442
169594.88 0.0848365565851
170433.85 0.0873816532827
171272.71 0.0868266477723
172111.7 0.086382643364
172950.67 0.0871279364779
173789.64 0.0882617334491
174628.51 0.0867077180201
175467.5 0.0843687662264
176306.45 0.0839881910193
177145.34 0.0846066257308
177984.31 0.084773127384
178823.28 0.0857483513522
179662.16 0.0854787772471
180501.11 0.0849396290371
181340.1 0.0851299166406
182178.97 0.0864222866148
183017.94 0.0866442888189
183856.91 0.0872072229794
184695.77 0.0872310089299
185534.76 0.0892211001171
186373.74 0.114434207588
187212.71 0.129244926065
188051.57 0.105649263224
188890.56 0.0893638158197
189729.51 0.0896651045254
190568.4 0.0903073251874
191407.37 0.090180466785
192246.34 0.0886423086562
193085.22 0.0888246676097
193924.2 0.0909733317998
194763.16 0.0910209037007
195602.03 0.0900536083826
196441.0 0.0897443910268
197279.97 0.0900060364817
198118.86 0.0897285337265
198957.82 0.0894827455719
199796.8 0.0895461747731
200635.77 0.0893083152687
201474.63 0.0894193163708
202313.62 0.0888405249099
203991.46 0.0876512273877
205669.4 0.0911081188523
207347.26 0.0909495458494
209025.09 0.0896492472251
210703.03 0.0913539070069
212380.88 0.0919961276689
214058.83 0.091250834555
215736.68 0.0936690728502
217414.52 0.0939941475062
219092.48 0.0938355745033
220770.32 0.0954609477836
222448.15 0.0950407293258
224126.09 0.0948425130721
225803.95 0.0970546064634
227481.89 0.096444100402
229159.74 0.0962141695477
230837.58 0.0973717524694
232515.54 0.0991081268518
234193.38 0.0982994045367
235871.23 0.097458967621
237549.15 0.0974113957201
239227.01 0.0967216031572
240904.95 0.095960452743
242582.8 0.0954213045329
244260.64 0.0955402342851
245938.6 0.0945412243665
247616.44 0.0935739290484
249294.29 0.0933519268442
250972.24 0.0934391419959
252650.09 0.0937007874508
254328.01 0.093391570095
256005.86 0.0928286359345
257683.7 0.0938435031534
259361.66 0.0951834450285
261039.5 0.0944936524656
262717.35 0.0940575767074
264395.29 0.0935501430979
266073.13 0.0934153560454
267751.07 0.0930982100395
269428.92 0.0944936524656
271106.79 0.0953658039819
272784.73 0.0958098083902
274462.55 0.0948107984715
276140.39 0.0950803725765
277818.36 0.0952230882792
279496.21 0.0957780937896
281174.15 0.0947552979205
282851.99 0.0948107984715
284529.84 0.0947552979205
286207.78 0.0945332957163
287885.62 0.0939465756054
289563.47 0.0931695678908
291241.41 0.0938038599027
292919.25 0.0931616392407
294597.19 0.0940020761564
296275.07 0.0951438017777
297952.91 0.094676011419
299630.85 0.095104158527
301308.7 0.09473151197
302986.54 0.0939624329056
304664.48 0.0947632265706
306342.33 0.0944936524656
308020.26 0.0943430081128
309698.11 0.0945332957163
311375.96 0.0951200158273
313053.89 0.0967136745071
314731.77 0.0966106020551
316409.62 0.095960452743
318087.56 0.0956036634863
319765.37 0.0965709588044
321443.34 0.0983390477874
323121.19 0.100194351922
324799.03 0.100463926027
326476.97 0.101811796552
328154.82 0.103603671486
329832.66 0.104523394903
331510.63 0.10545897562
333188.48 0.117867313102
334866.38 0.120697841205
336544.23 0.114672067093
338222.11 0.105189401515
339900.01 0.10434103595
341577.86 0.106473842839
343255.71 0.102660162118
344933.68 0.105585834023
346611.49 0.115163643402
