100.09 9.10854871276e-14
101.95 1.48066264563e-13
104.09 2.1799444266e-13
106.02 3.27680912408e-13
107.99 4.97105153263e-13
110.0 8.79969562422e-13
114.13 1.77599250572e-12
117.87 3.30708370649e-12
120.89 1.39140933785e-11
125.14 2.41236946272e-11
126.88 3.07928274203e-11
128.05 3.52729421368e-11
131.04 4.97105153263e-11
131.94 6.20079285549e-11
134.09 7.66383168082e-11
136.9 1.17878928791e-10
140.09 1.59748589014e-10
143.02 4.35962711329e-10
147.03 1.19248700964e-09
151.14 1.6727797363e-09
155.02 2.35208203781e-09
159.0 3.2843123347e-09
161.95 4.1538123009e-09
166.11 5.69441338491e-09
169.98 7.55869948543e-09
173.14 9.36330888748e-09
177.17 1.22302333195e-08
180.05 1.48066264563e-08
182.13 1.68054468683e-08
185.95 2.15001883073e-08
191.16 2.87372966955e-08
193.82 3.43123566835e-08
197.88 4.26034044246e-08
202.02 5.27772345529e-08
204.83 6.15812925089e-08
210.08 7.57614881246e-08
215.97 1.0458254159e-07
219.98 1.26019039854e-07
223.04 1.4237778395e-07
227.19 1.70392678506e-07
229.82 2.87372966955e-07
234.09 5.12207545813e-07
240.1 7.68154274776e-07
246.26 8.67851004796e-07
252.0 1.08752930751e-06
257.27 1.03622828603e-06
260.25 1.3074780748e-06
263.87 1.51861493194e-06
268.78 1.71570508081e-06
273.77 1.92509700524e-06
278.86 2.14513301916e-06
284.05 2.40128914005e-06
290.0 2.60884888514e-06
296.07 2.98156651063e-06
300.88 3.18746856965e-06
307.89 3.71059939419e-06
317.97 4.53359690384e-06
327.64 5.33879609991e-06
338.37 6.17226320579e-06
347.85 7.07046731496e-06
356.77 8.02503275046e-06
365.92 9.15042709764e-06
375.31 1.01729576619e-05
384.94 1.09756267056e-05
394.81 1.26891506205e-05
404.94 1.4237778395e-05
414.37 1.54688284174e-05
422.08 1.64608226593e-05
429.92 1.75566403972e-05
440.95 1.95188172224e-05
451.22 2.10595927997e-05
459.61 2.23072196827e-05
470.32 2.4068729247e-05
480.17 2.6208889208e-05
490.22 2.76981892705e-05
500.49 3.04403510142e-05
506.28 3.81459738333e-05
512.14 9.34236969504e-05
520.47 0.000102200708449
530.14 0.000113359553089
540.0 0.000115462196997
550.04 0.000170000068648
560.26 0.000214015996096
569.37 0.000255536669778
579.95 0.000257307776472
589.38 0.000334538497933
600.33 0.000365127168227
610.09 0.000455453609628
620.0 0.000547577331715
630.07 0.000622940975183
640.31 0.000659855026527
650.72 0.000787854564999
658.25 0.00087185562535
664.34 0.000953780215784
675.14 0.00100796037623
684.53 0.00104102685096
695.65 0.00139455021671
705.33 0.00138181220798
716.79 0.00173559731363
726.76 0.00187693686262
735.18 0.00201583350583
745.4 0.00235749132919
755.77 0.00260282886732
764.53 0.00286055542764
775.16 0.00321695793234
784.14 0.00358461525299
795.05 0.00384984502394
804.25 0.00414421517103
815.44 0.00442026352474
824.88 0.00499399739768
834.43 0.00428991705178
844.1 0.00556476488503
855.84 0.00589446991937
865.75 0.00650798825796
875.77 0.00716879427281
885.92 0.00798812742378
894.11 0.00863863833568
904.47 0.00888083499494
914.94 0.0142709321163
925.53 0.104102685096
934.1 0.2384799526
944.91 0.475825698943
955.86 0.687773949785
964.7 0.8099279637
975.87 0.138181220798
984.9 0.747215082333
994.01 0.789669295011
1005.52 1.13621292994
1014.83 1.10018006962
1024.22 0.464989666854
1036.08 0.8099279637
1045.66 1.54688284174
1055.34 1.53972861765
1065.1 1.25443212061
1074.96 1.50814533572
1084.91 1.22869436324
1094.94 1.62723699274
1105.08 1.56476840195
1115.3 1.52917177479
1125.62 1.38818121234
1136.04 1.76787856865
1143.91 1.63098859805
1154.5 1.74763734928
1165.18 1.8258103344
1175.96 1.29552528578
1184.11 1.83418601138
1195.07 1.33181988602
1206.12 0.97375969524
1214.49 0.615812925089
1225.72 1.32571262156
1234.22 1.97447860075
1245.64 2.16493800535
1254.27 2.09627490346
1265.88 1.85974927549
1274.65 2.32512282754
1286.45 2.42912081667
1295.36 1.96540495069
1304.34 1.99733721917
1316.41 2.4572142332
1325.54 2.35749132919
1334.73 2.13527414939
1343.98 2.50293147003
1356.41 2.46288526449
1365.82 2.24101707122
1375.28 2.34667274643
1384.82 2.39579260203
1394.42 2.07708064372
1404.08 2.19503809449
1413.81 2.28795576095
1423.61 2.34667274643
1433.48 2.37380644997
1443.42 2.49717319211
1446.75 2.52029355044
1453.42 2.47422732706
1463.5 2.31980078279
1473.64 2.33585416367
1483.86 2.37380644997
1494.14 2.41795324737
1504.5 2.29851260381
1511.44 2.06748351385
1518.42 2.20515870417
1525.43 2.18997778964
1536.0 1.93399616203
1546.65 2.08667777359
1553.79 2.00196129083
1564.56 2.07708064372
1575.4 2.21536656048
1586.32 2.31447873805
1593.65 2.36830991195
1604.69 2.34667274643
1615.82 2.36830991195
1623.28 2.27739891809
1634.53 2.42912081667
1645.86 2.46855629577
1653.45 2.33044487228
1664.91 2.53189735291
1672.6 2.33585416367
1676.46 2.55536669778
1684.19 2.63903622091
1695.87 2.51444802588
1703.7 2.43470460132
1715.51 2.32512282754
1723.42 2.32512282754
1735.37 2.47422732706
1743.38 2.42353703202
1755.46 2.57307776472
1763.57 2.4068729247
1775.79 2.44595941726
1783.99 2.50868974796
1796.35 2.65125074984
1804.65 2.6573580143
1812.98 2.4572142332
1825.54 2.54358840203
1833.97 2.46288526449
1846.68 2.28272096284
1855.21 2.28272096284
1863.77 2.35749132919
1876.69 2.56121222233
1885.35 2.35208203781
1894.05 2.25139942081
1907.18 2.42353703202
1915.99 2.32512282754
1924.83 2.28272096284
1933.71 2.39029606402
1947.12 2.47998560498
1956.11 2.31980078279
1965.13 2.53774287747
1974.2 2.62690893862
1983.32 2.48565663627
1997.06 2.43470460132
2006.28 2.52029355044
2015.54 2.46288526449
2024.85 2.5908760783
2034.19 2.44028838598
2043.58 2.52605182836
2053.02 2.43470460132
2067.25 2.46855629577
2072.01 2.62690893862
2076.79 2.47422732706
2086.37 2.57307776472
2096.0 2.45154320191
2105.68 2.50868974796
2115.4 2.53189735291
2125.16 2.57901053591
2134.97 2.4572142332
2144.83 2.47422732706
2154.73 2.57307776472
2164.67 2.52605182836
2174.66 2.51444802588
2184.7 2.46855629577
2194.79 2.57307776472
2204.92 2.52605182836
2215.09 2.44595941726
2225.32 2.37930298798
2235.59 2.49717319211
2245.91 2.43470460132
2256.28 2.36290062057
2266.69 2.41795324737
2277.15 2.46855629577
2282.4 2.50877699459
2292.94 2.39675231502
2303.52 2.41411439542
2314.15 2.3329750247
2324.83 1.91898974078
2335.57 2.23464806686
2346.35 2.19974941278
2357.18 2.30950567984
2362.61 2.1958233142
2373.52 2.23743995918
2384.47 2.1375425619
2395.48 2.24415795009
2406.53 2.1737499155
2417.64 2.20987002247
2423.22 2.28795576095
2434.4 2.21109147536
2445.64 2.30549233462
2456.93 2.28516386863
2462.59 2.27513050558
2473.96 2.21903091916
2485.38 2.28202298976
2496.85 2.150193324
2502.6 2.33646489011
2514.16 2.17636731456
2519.95 2.24808404867
2525.76 2.16711917123
2537.42 2.18299805883
2543.27 2.14853563793
2555.01 2.24546664962
2566.8 2.22060135859
2572.72 2.30968017311
2584.59 2.29990854997
2596.52 2.29022417347
2602.51 2.23342661396
2614.52 2.22400397736
2626.59 2.2714661469
2632.64 2.29816361727
2644.8 2.41298018916
2657.0 2.42510747145
2663.13 2.30043202978
2675.42 2.37127629755
2687.77 2.36673947252
2693.97 2.29746564419
2706.4 2.33035762565
2712.64 2.26727830841
2725.16 2.26815077477
2737.74 2.34344462093
2744.05 2.16240785293
2756.72 2.18334704537
2763.07 2.22950051538
2775.83 2.29816361727
2782.22 2.25148666745
2795.07 1.9845119638
2807.97 2.08850995293
2814.44 2.30104275623
2827.43 2.33402198433
2833.95 2.25523827276
2847.03 2.23552053321
2853.59 2.21545380712
2866.77 2.31020365292
2873.37 2.2947609985
2886.64 2.30104275623
2893.29 2.28568734844
2913.35 2.37293398362
2926.79 2.32529732081
2947.08 2.30017028988
2967.51 2.32294166166
2988.08 2.31910280971
3008.79 2.33131733864
3029.65 2.33288777807
3050.65 2.32372688138
3071.79 2.31997527606
3093.09 2.3215457155
3107.36 2.31186133899
3128.9 2.29223084608
3150.59 2.29912333025
3172.43 2.29013692683
3187.07 2.22871529566
3209.17 2.26658033533
3231.41 2.22164831822
3246.33 2.26919773439
3268.83 2.2917946129
3291.49 2.28289545611
3306.68 2.27879486426
3321.94 2.31159959909
3329.6 2.3389077959
3337.28 2.30208971585
3344.97 2.26579511562
3352.68 2.29257983262
3360.41 2.25645972565
3368.15 2.26221800357
3375.92 2.16092466013
3383.7 2.20166883876
3391.5 2.29013692683
3399.32 2.35487393013
3407.16 2.22365499082
3415.01 2.26553337571
3422.88 2.33498169731
3430.77 2.31412975151
3438.68 2.32538456744
3446.61 2.20603117052
3454.56 2.26841251467
3462.52 2.17680354773
3470.5 2.22810456922
3478.5 2.16293133274
3486.52 2.21388336768
3494.56 2.21955439897
3502.61 2.25619798575
3510.69 2.2002728926
3518.78 2.18570270452
3526.89 2.20140709885
3535.02 2.25323160015
3543.17 2.30636480097
3551.34 2.30688828079
3559.53 2.27582847866
3567.73 2.27643920511
3575.96 2.14966984419
3584.2 2.11093233817
3592.46 2.10177144148
3600.74 2.22688311633
3602.83 2.15001883073
3605.55 2.13920024797
3608.28 2.0053639096
3611.01 1.7799186043
3613.73 1.61031114551
3616.46 1.7655229095
3619.19 2.20576943061
3621.92 2.29397577878
3624.64 2.45328813462
3627.37 2.37877950817
3630.1 2.09025488563
3632.82 2.29188185953
3635.55 2.22688311633
3638.28 2.14173040039
3641.01 2.13152254407
3643.73 2.26265423675
3646.46 2.50214625032
3649.19 2.20812508976
3651.92 2.06268494892
3654.64 2.26745280168
3657.37 2.53468924524
3660.1 2.59471493024
3662.82 2.23333936733
3665.55 2.13824053498
3668.28 2.25576175257
3671.01 2.26300322329
3673.73 2.21903091916
3676.46 2.14888462448
3679.19 2.40530248527
3681.92 2.28481488209
3684.64 2.18247457902
3687.37 2.25070144773
3690.1 2.0115584207
3692.82 2.4053897319
3695.55 2.17488412176
3698.28 2.39160476355
3701.01 2.37895400144
3703.73 2.31055263946
3706.46 2.39936971408
3709.19 2.21362162778
3711.92 2.26771454159
3714.64 2.52779676106
3717.37 2.39186650345
3720.1 2.73823564511
3722.82 3.69445876668
3725.55 6.06983565608
3728.28 8.36721405364
3731.01 8.61220260522
3733.73 6.65936116999
3736.46 4.06412275994
3739.19 2.86439427958
3741.91 2.60954685822
3744.64 2.57360124453
3747.37 2.48330097712
3750.1 2.32215644194
3752.82 2.34396810074
3755.55 2.56068874252
3758.28 2.57770183638
3761.01 2.74041681099
3763.73 2.83909275538
3766.46 2.68126359234
3769.19 2.41498686177
3771.91 2.30130449613
3774.64 2.44168433214
3777.37 2.71476630025
3780.1 2.91429935491
3782.82 3.06043746883
3785.55 3.21905185159
3788.28 3.08172564782
3791.01 3.0697728588
3793.73 2.69347812127
3796.46 2.5375683842
3799.19 2.49054244784
3801.91 2.58956737877
3804.64 2.77496647852
3807.37 2.8413611679
3810.1 3.01829734404
3812.82 3.17490505419
3815.55 3.08085318146
3818.28 3.16679111712
3821.01 3.074745917
3823.73 3.05162555868
3826.46 3.000848017
3829.19 2.74050405763
3831.91 2.54289042895
3834.64 2.35897452199
3837.37 2.38514851254
3840.1 2.3845377861
3842.82 2.64217709978
3845.55 2.7818589627
3848.28 2.96010383838
3851.0 3.11679879516
3853.73 3.36431749916
3856.46 3.36929055737
3859.19 3.2637221288
3861.91 3.42006809904
3864.64 3.49815383753
3867.37 3.6858213498
3870.1 3.81957044153
3872.82 3.71251882017
3875.55 3.43734293281
3878.28 3.11487936918
3881.0 3.06767893955
3883.73 3.06942387226
3886.46 2.92058111264
3889.19 2.9157825477
3891.91 2.86011919446
3894.64 2.82958287215
3897.37 2.80375786813
3900.1 2.93305738147
3902.82 3.09385293011
3905.55 3.22332693671
3908.28 3.3991289066
3911.0 3.50932140683
3913.73 3.52144868912
3916.46 3.48375814272
3919.19 3.40689385713
3921.91 3.34782788511
3924.64 3.35602906882
3927.37 3.17429432774
3930.1 3.01123036659
3932.82 2.86474326612
3935.55 2.73526925952
3938.28 3.01061964014
3941.0 3.19340134085
3943.73 3.23205160023
3946.46 3.23144087378
3949.19 3.31327821758
3951.91 3.28134594911
3954.64 3.27096359952
3957.37 3.25648065808
3960.09 3.1233422928
3962.82 2.91456109481
3965.55 2.71939037192
3968.28 2.63336518963
3971.0 2.58860766578
3973.73 2.65194872292
3976.46 2.68047837262
3979.19 2.82207966152
3981.91 2.95521802681
3984.64 3.23336029976
3987.37 3.3705992569
3990.09 3.36527721215
3992.82 3.46203373056
3995.55 3.60625241852
3998.28 3.56254185429
4001.0 3.50077123658
4003.73 3.470060421
4006.46 3.49457672549
4009.19 3.59595731557
4011.91 3.5930781766
4014.64 3.55067631191
4017.37 3.54901862584
4020.09 3.56193112785
4022.82 3.63896990671
4025.55 3.70501560954
4028.28 3.64498992454
4031.0 3.70902895476
4033.73 3.6119234498
4036.46 3.49448947885
4039.19 3.55547487684
4041.91 3.63364786196
4044.64 3.66531839053
4047.37 3.56882361202
4050.09 3.57737378227
4052.82 3.46107401758
4055.55 3.6354800413
4058.28 3.59072251745
4061.0 3.59482310931
4063.73 3.49414049231
4066.46 3.62562117153
4069.18 3.63129220281
4071.91 3.52563652761
4074.64 3.48384538936
4077.37 3.47424825949
4080.09 3.36030415394
4082.82 3.2981845497
4085.55 3.40043760613
4088.28 3.40279326528
4091.0 3.2840505948
4093.73 3.05520267072
4096.46 3.07605461653
4099.18 3.15309339539
4101.91 3.24121249692
4104.64 3.11470487591
4107.37 3.03120984605
4110.09 2.94954699552
4112.82 3.06270588135
4115.55 3.10877210472
4118.28 3.20736080247
4121.0 3.23885683777
4123.73 3.29216453187
4126.46 3.30952661227
4129.18 3.31764054934
4131.91 3.32915710519
4134.64 3.37592130164
4137.37 3.53436119113
4140.09 3.43734293281
4142.82 3.48262393647
4145.55 3.38604191132
4148.27 3.47581869892
4151.0 3.33116377779
4153.73 3.38054537331
4156.46 3.49780485099
4159.18 3.43097392844
4161.91 3.46116126421
4164.64 3.53662960364
4167.37 3.50905966693
4170.09 3.40837704993
4172.82 3.43018870872
4175.55 3.34224410046
4178.27 3.356465302
4181.0 3.28980887272
4183.73 3.3190364955
4186.46 3.40497443116
4189.18 3.38743785749
4191.91 3.45034268145
4194.64 3.422947238
4197.37 3.356465302
4200.09 3.38857206374
4202.82 3.3802836334
4205.55 3.42381970436
4208.27 3.38010914013
4211.0 3.41692722018
4213.73 3.34041192112
4216.46 3.38813583057
4219.18 3.36998853045
4221.91 3.45313457378
4224.64 3.35437138275
4227.37 3.33055305135
4230.09 3.34974731109
4232.82 3.34416352644
4235.55 3.37365288913
4238.27 3.42425593753
4241.0 3.39982687968
4243.73 3.3817668262
4246.46 3.39057873635
4249.18 3.39110221616
4251.91 3.45898009833
4254.64 3.42347071781
4257.36 3.41221590188
4260.09 3.3835117589
4262.82 3.40698110377
4265.55 3.42024259231
4268.27 3.37129722998
4271.0 3.37461260211
4273.73 3.38124334639
4276.46 3.41221590188
4279.18 3.40698110377
4281.91 3.37775348098
4284.64 3.36789461121
4287.36 3.41308836823
4290.09 3.35899545442
4292.82 3.27392998512
4295.55 3.27680912408
4298.27 3.20491789669
4301.0 3.14236205927
4303.73 3.1598113863
4306.46 3.13695276788
4309.18 3.09856424841
4311.91 3.1409661131
4314.64 3.20413267697
4317.36 3.27427897166
4320.09 3.33919046823
4322.82 3.28605726741
4325.55 3.13529508182
4328.27 3.02990114652
4331.0 2.9767679457
4333.73 3.06226964817
4336.46 3.31572112337
4339.18 3.72691451497
4341.91 3.93351454708
4344.64 3.65554676739
4347.36 3.23117913388
4350.09 3.02649852775
4352.82 3.07762505596
4355.55 3.12273156635
4358.27 3.24915194073
4361.0 3.34093540094
4363.73 3.29748657662
4366.45 3.31528489019
4369.18 3.31781504261
4371.91 3.3170298229
4374.64 3.29591613718
4377.36 3.27724535725
4380.09 3.23780987815
4382.82 3.17438157438
4385.55 3.16583140413
4388.27 3.16356299161
4391.0 3.1583281935
4393.73 3.24086351038
4396.45 3.28492306115
4399.18 3.30045296221
4401.91 3.25997052349
4404.64 3.22385041652
4407.36 3.19235438122
4410.09 3.2607557432
4412.82 3.27366824521
4415.55 3.25621891818
4418.27 3.31048632526
4421.0 3.24836672101
4423.73 3.28867466646
4426.45 3.3220028811
4429.18 3.2967013569
4431.91 3.24129974356
4434.64 3.3014126752
4437.36 3.33884148169
4440.09 3.29783556316
4442.82 3.27009113317
4445.55 3.28535929433
4448.27 3.3740891223
4451.0 3.336136836
4453.73 3.31519764356
4456.45 3.31886200223
4459.18 3.32086867484
4461.91 3.2384206046
4464.64 3.23938031759
4467.36 3.27515143801
4470.09 3.34529773269
4472.82 3.31973446859
4475.54 3.39241091569
4478.27 3.33805626197
4481.0 3.28152044238
4483.73 3.30027846894
4486.45 3.28239290873
4489.18 3.30027846894
4491.91 3.31676808299
4494.64 3.36963954391
4497.36 3.2905068458
4500.09 3.39345787531
4502.82 3.38211581274
4505.54 3.39153844934
4508.27 3.43202088806
4511.0 3.44275222419
4513.73 3.39930339987
4516.45 3.36806910448
4519.18 3.35253920341
4521.91 3.33055305135
4524.64 3.3378817687
4527.36 3.22533360932
4530.09 3.23100464061
4532.82 3.19235438122
4535.54 3.18301899126
4538.27 3.26005777012
4541.0 3.29146655879
4543.73 3.27968826304
4546.45 3.23213884687
4549.18 3.222541717
4551.91 3.29277525832
4554.64 3.20116629138
4557.36 3.25046064025
4560.09 3.27323201204
4562.82 3.35960618086
4565.54 3.3205196883
4568.27 3.32217737437
4571.0 3.37190795642
4573.73 3.37941116705
4576.45 3.3611766203
4579.18 3.32723767921
4581.91 3.34625744568
4584.63 3.20430717024
4587.36 3.22036055112
4590.09 3.21468951983
4592.82 3.31755330271
4595.54 3.28509755442
4598.27 3.31388894403
4601.0 3.23388377957
4603.73 3.31641909645
4606.45 3.23981655076
4609.18 3.32505651333
4611.91 3.33430465666
4614.63 3.30839240601
4617.36 3.3155466301
4620.09 3.28544654096
4622.82 3.35367340967
4625.54 3.38831032384
4628.27 3.39389410849
4631.0 3.29731208335
4633.73 3.30673471994
4636.45 3.34486149952
4639.18 3.31746605607
4641.91 3.28911089964
4644.63 3.222541717
4647.36 3.18624711676
4650.09 3.23100464061
4652.82 3.27044011971
4655.54 3.26023226339
4658.27 3.28972162608
4661.0 3.33709654899
4663.73 3.20910573518
4666.45 3.18415319752
4669.18 3.20570311641
4671.91 3.22358867662
4674.63 3.25133310661
4677.36 3.2810842092
4680.09 3.29129206552
4682.82 3.25211832632
4685.54 3.25054788689
4688.27 3.24417888252
4691.0 3.28823843329
4693.72 3.26380937544
4696.45 3.17516679409
4699.18 3.27471520483
4701.91 3.18650885667
4704.63 3.11732227497
4707.36 3.1468988843
4710.09 3.16661662385
4712.82 3.16530792432
4715.54 3.21407879338
4718.27 3.25368876576
4721.0 3.2101526948
4723.72 3.20701181593
4726.45 3.23091739397
4729.18 3.18546189704
4731.91 3.19811265915
4734.63 3.21599821936
4737.36 3.20500514333
4740.09 3.17979086576
4742.82 3.17586476718
4745.54 3.18563639032
4748.27 3.20099179811
4751.0 3.23789712479
4753.72 3.20151527792
4756.45 3.23178986033
4759.18 3.16522067768
4761.91 3.1612945791
4764.63 3.1439324987
4767.36 3.07047083188
4770.09 3.11025529752
4772.82 3.23458175265
4775.54 3.28945988618
4778.27 3.32880811865
4781.0 3.25648065808
4783.72 3.21748141216
4786.45 3.19069669516
4789.18 3.1092083379
4791.91 3.14576467804
4794.63 3.20779703565
4797.36 3.27070185962
4800.09 3.20203875773
4802.81 3.19060944852
4805.54 3.15824094687
4808.27 3.16670387048
4811.0 3.20203875773
4813.72 3.20910573518
4816.45 3.24574932195
4819.18 3.24627280177
4821.91 3.17883115277
4824.63 3.14375800543
4827.36 3.10685267875
4830.09 3.08818189882
4832.81 3.09926222149
4835.54 3.06584676021
4838.27 3.04281364853
4841.0 3.00686803483
4843.72 2.97441228655
4846.45 2.96307022397
4849.18 2.95137917486
4851.91 2.95190265467
4854.63 3.16417371806
4857.36 3.9080385296
4860.09 5.28086433415
4862.81 6.07986901913
4865.54 5.41923749755
4868.27 4.04414328048
4871.0 3.12561070531
4873.72 2.83822028903
4876.45 2.78561056802
4879.18 2.88472274558
4881.91 2.90635991111
4884.63 2.90714513082
4887.36 2.91307790201
4890.09 2.93096346223
4892.81 2.97275460048
4895.54 3.04010900284
4898.27 3.04447133459
4901.0 3.09917497485
4903.72 3.08826914545
4906.45 3.061833415
4909.18 3.10179237391
4911.9 3.07020909197
4914.63 3.0370553706
4917.36 3.01533095844
4920.09 2.95399657391
4922.81 2.9234602516
4925.54 2.93366810792
4928.27 3.041504949
4931.0 3.07867201558
4933.72 3.05947775585
4936.45 3.03435072491
4939.18 3.07971897521
4941.9 3.05834354959
4944.63 3.07282649103
4947.36 3.12456374569
4950.09 3.20160252455
4952.81 3.36606243187
4955.54 3.70536459608
4958.27 4.09570604187
4961.0 4.13383282145
4963.72 3.83204671036
4966.45 3.41561852065
4969.18 3.1804015922
4971.9 3.10545673259
4974.63 3.09298046375
4977.36 3.06872589917
4980.09 3.0367936307
4982.81 2.99700916506
4985.54 2.98130477072
4988.27 2.99526423235
4991.0 3.00826398099
4993.72 3.01410950555
4996.45 3.08966509162
4999.18 3.41657823364
5001.9 4.19141560067
5004.63 5.37369475399
5007.36 6.24083906104
5010.09 5.90947634062
5012.81 4.72955284645
5015.54 3.68145901804
5018.27 3.20770978902
5020.99 3.05101483223
5023.72 2.97641895915
5026.45 2.94160755172
5029.18 2.97039894133
5031.9 2.99770713814
5034.63 3.01515646517
5037.36 3.02929042007
5040.09 2.95582875325
5042.81 2.89676278124
5045.54 2.93602376707
5048.27 2.98191549717
5050.99 3.00468686895
5053.72 2.97039894133
5056.45 3.00259294971
5059.18 3.03417623164
5061.9 3.00110975691
5064.63 2.97100966777
5067.36 2.94762756955
5070.09 2.95652672633
5072.81 2.91613153425
5075.54 2.91735298714
5078.27 2.9390773993
5080.99 2.90444048513
5083.72 2.89929293366
5086.45 2.91194369576
5089.18 2.9093262967
5091.9 2.947278583
5094.63 2.9832241967
5097.36 2.9705734346
5100.08 2.92459445786
5102.81 2.92014487946
5105.54 2.92162807226
5108.27 2.92223879871
5110.99 2.92407097805
5113.72 2.92660113047
5116.45 2.9313996954
5119.18 2.92913128289
5121.9 2.914037615
5124.63 2.89772249422
5127.36 2.85715280886
5130.08 2.85697831559
5132.81 2.85863600166
5135.54 2.84912611843
5138.27 2.85715280886
5140.99 2.84834089871
5143.72 2.88175635998
5146.45 2.89737350768
5149.18 2.8634345666
5151.9 2.85200525739
5154.63 2.90348077214
5157.36 2.97833838513
5160.08 2.97179488749
5162.81 2.91133296931
5165.54 2.84581074629
5168.27 2.73247736719
5170.99 2.67716300049
5173.72 2.69792769966
5176.45 2.74547711583
5179.18 2.77339603909
5181.9 2.74320870332
5184.63 2.72226951088
5187.36 2.74853074807
5190.08 2.78386563531
5192.81 2.86744791181
5195.54 2.94937250225
5198.27 3.04080697592
5200.99 3.10310107344
5203.72 3.07343721747
5206.45 2.94963424215
5209.17 2.8051538143
5211.9 2.81195905184
5214.63 2.83028084523
5217.36 2.83507941016
5220.08 2.90199757935
5222.81 2.9028700457
5225.54 2.86038093437
5228.27 2.82094545526
5230.99 2.79442247817
5233.72 2.82452256731
5236.45 2.83228751784
5239.17 2.86177688053
5241.9 2.87111227049
5244.63 2.90801759717
5247.36 2.90941354334
5250.08 2.88603144511
5252.81 2.90156134617
5255.54 2.9487617758
5258.27 2.9643789235
5260.99 2.91944690638
5263.72 2.85628034251
5266.45 2.77758387758
5269.17 2.73936985137
5271.9 2.78081200308
5274.63 2.81605964369
5277.36 2.8212944418
5280.08 2.89222595621
5282.81 2.93148694204
5285.54 2.90854107698
5288.27 2.94719133637
5290.99 2.97319083365
5293.72 2.9108094895
5296.45 2.87573634216
5299.17 2.880796647
5301.9 2.91307790201
5304.63 2.95652672633
5307.36 2.98523086931
5310.08 2.98959320107
5312.81 3.03574667108
5315.54 2.96394269032
5318.26 2.92825881654
5320.99 2.8716357503
5323.72 2.89178972303
5326.45 2.8810583869
5329.17 2.86352181323
5331.9 2.84118667463
5334.63 2.92319851169
5337.36 2.93122520213
5340.08 2.88803811772
5342.81 2.8619513738
5345.54 2.88236708643
5348.26 2.90845383035
5350.99 2.95233888784
5353.72 2.98994218761
5356.45 3.01079413342
5359.17 2.99709641169
5361.9 2.98758652846
5364.63 2.92860780308
5367.36 2.87878997439
5370.08 2.86273659352
5372.81 2.89126624322
5375.54 2.90382975868
5378.26 2.9313996954
5380.99 2.98418390969
5383.72 2.90871557025
5386.45 2.87625982197
5389.17 2.86919284452
5391.9 2.84450204676
5394.63 2.86526674594
5397.36 2.82024748218
5400.08 2.81091209222
5402.81 2.79677813732
5405.54 2.74425566294
5408.26 2.76030904381
5410.99 2.79520769789
5413.72 2.920493866
5416.45 2.94300349788
5419.17 2.89536683507
5421.9 2.86282384015
5424.63 2.887252898
5427.35 2.88821261099
5430.08 2.90191033271
5432.81 2.87573634216
5435.54 2.9155208078
5438.26 2.90042713991
5440.99 2.91613153425
5443.72 2.934366081
5446.45 2.89946742693
5449.17 2.87215923011
5451.9 2.82321386778
5454.63 2.86779689836
5457.35 2.86430703295
5460.08 2.87085053059
5462.81 2.84868988525
5465.54 2.84319334724
5468.26 2.90845383035
5470.99 2.91586979434
5473.72 2.9187489333
5476.45 2.84319334724
5479.17 2.83263650438
5481.9 2.8634345666
5484.63 2.84336784051
5487.35 2.82347560768
5490.08 2.86727341854
5492.81 2.85401193
5495.54 2.88786362445
5498.26 2.90086337309
5500.99 2.88803811772
5503.72 2.76074527699
5506.45 2.80384511477
5509.17 2.76615456837
5511.9 2.74634958219
5514.63 2.79477146471
5517.35 2.80724773354
5520.08 2.81422746436
5522.81 2.87276995656
5525.54 2.82068371536
5528.26 2.81754283649
5530.99 2.77976504346
5533.72 2.78360389541
5536.44 2.81126107876
5539.17 2.82059646872
5541.9 2.83944174192
5544.63 2.79040913295
5547.35 2.83080432504
5550.08 2.81701935668
5552.81 2.88280331961
5555.54 2.84362958041
5558.26 2.84615973283
5560.99 2.89545408171
5563.72 2.82181792162
5566.44 2.8666626921
5569.17 2.81108658549
5571.9 2.8307170784
5574.63 2.8225158947
5577.35 2.81728109659
5580.08 2.85566961607
5582.81 2.8716357503
5585.54 2.84467654003
5588.26 2.7518461202
5590.99 2.72872576188
5593.72 2.7959929176
5596.44 2.82094545526
5599.17 2.76161774334
5601.9 2.77060414677
5604.63 2.79852307002
5607.35 2.82905939234
5610.08 2.86273659352
5612.81 2.92433271795
5615.54 2.89938018029
5618.26 2.83158954476
5620.99 2.77767112422
5623.72 2.85776353531
5626.44 2.86622645892
5629.17 2.83115331158
5631.9 2.80925440615
5634.63 2.91412486164
5637.35 2.90950078997
5640.08 2.91342688855
5642.81 2.86038093437
5645.53 2.75926208419
5648.26 2.78002678336
5650.99 2.79468421808
5653.72 2.80681150037
5656.44 2.80716048691
5659.17 2.77104037994
5661.9 2.72532314311
5664.63 2.76824848762
5667.35 2.76013455054
5670.08 2.84432755349
5672.81 2.81431471099
5675.53 2.85261598383
5678.26 2.82879765243
5680.99 2.83438143708
5683.72 2.82766344617
5686.44 2.81405297109
5689.17 2.79703987722
5691.9 2.80018075609
5694.63 2.76528210202
5697.35 2.82269038797
5700.08 2.82295212787
5702.81 2.786570281
5705.53 2.7391953581
5708.26 2.70787381607
5710.99 2.76379890922
5713.72 2.68431722457
5716.44 2.79852307002
5719.17 2.84991133814
5721.9 2.81143557203
5724.63 2.88960855715
5727.35 2.83089157167
5730.08 2.84834089871
5732.81 2.76414789576
5735.53 2.80707324027
5738.26 2.8007042359
5740.99 2.87224647675
5743.72 2.80768396672
5746.44 2.7721745862
5749.17 2.81448920426
5751.9 2.84092493472
5754.62 2.90487671831
5757.35 2.89126624322
5760.08 2.81274427156
5762.81 2.76039629045
5765.53 2.75289307982
5768.26 2.82077096199
5770.99 2.75760439812
5773.72 2.84031420827
5776.44 2.80026800273
5779.17 2.70455844393
5781.9 2.6320564901
5784.62 2.68300852505
5787.35 2.73701419222
5790.08 2.74303421005
5792.81 2.76502036211
5795.53 2.77034240686
5798.26 2.80916715951
5800.99 2.77671141123
5803.72 2.8086436797
5806.44 2.8130932581
5809.17 2.77627517805
5811.9 2.75699367168
5814.62 2.80934165279
5817.35 2.78046301654
5820.08 2.81300601146
5822.81 2.79302653201
5825.53 2.82635474665
5828.26 2.83970348183
5830.99 2.86142789399
5833.72 2.8366498496
5836.44 2.84397856695
5839.17 2.79817408348
5841.9 2.78700651418
5844.62 2.80620077392
5847.35 2.81021411914
5850.08 2.76013455054
5852.81 2.76406064913
5855.53 2.73317534027
5858.26 2.73553099942
5860.99 2.75838961784
5863.71 2.71441731371
5866.44 2.77313429919
5869.17 2.83377071064
5871.9 2.94631887002
5874.62 3.11592632881
5877.35 3.25464847874
5880.08 3.11749676824
5882.81 2.85558236943
5885.53 2.68178707215
5888.26 2.50973670758
5890.99 2.41245670935
5893.71 2.40652393816
5896.44 2.41507410841
5899.17 2.50816626815
5901.9 2.619405728
5904.62 2.66712963744
5907.35 2.65796874075
5910.08 2.63877448101
5912.81 2.68850506306
5915.53 2.67864619329
5918.26 2.68510244429
5920.99 2.7171219594
5923.71 2.73317534027
5926.44 2.70377322422
5929.17 2.69714247994
5931.9 2.72279299069
5934.62 2.71363209399
5937.35 2.69784045303
5940.08 2.68501519765
5942.81 2.67742474039
5945.53 2.67053225621
5948.26 2.66119686625
5950.99 2.68440447121
5953.71 2.68780708998
5956.44 2.67855894665
5959.17 2.67986764618
5961.9 2.6826595385
5964.62 2.67908242646
5967.35 2.68152533225
5970.08 2.6779482202
5972.8 2.67873343992
5975.53 2.65901570037
5978.26 2.65892845374
5980.99 2.67428386153
5983.71 2.67978039954
5986.44 2.66904906342
5989.17 2.68501519765
5991.9 2.70551815692
5994.62 2.69461232752
5997.35 2.63711679494
6000.08 2.64828436424
6002.8 2.65098900993
6005.53 2.64828436424
6008.26 2.66451223839
6010.99 2.70194104488
6013.71 2.62603647227
6016.44 2.61888224819
6019.17 2.619405728
6021.9 2.62132515397
6024.62 2.6385127411
6027.35 2.61364745008
6030.08 2.58773519943
6032.8 2.61207701064
6035.53 2.66521021147
6038.26 2.65718352103
6040.99 2.66904906342
6043.71 2.70080683862
6046.44 2.69740421985
6049.17 2.68484070438
6051.89 2.7091825156
6054.62 2.69993437227
6057.35 2.67096848939
6060.08 2.63275446318
6062.8 2.63476113579
6065.53 2.66704239081
6068.26 2.6980149463
6070.99 2.73308809364
6073.71 2.70263901796
6076.44 2.65692178113
6079.17 2.67663952068
6081.89 2.652646696
6084.62 2.66634441773
6087.35 2.59872827546
6090.08 2.67506908124
6092.8 2.62307008668
6095.53 2.65447887534
6098.26 2.64095564689
6100.99 2.61870775492
6103.71 2.59366797062
6106.44 2.57037311903
6109.17 2.6429623195
6111.89 2.59384246389
6114.62 2.64749914453
6117.35 2.69042448904
6120.08 2.66800210379
6122.8 2.62097616743
6125.53 2.53381677889
6128.26 2.60605699282
6130.99 2.59323173745
6133.71 2.5184613711
6136.44 2.50598510227
6139.17 2.5549304646
6141.89 2.55274929872
6144.62 2.54672928089
6147.35 2.59741957593
6150.08 2.58895665232
6152.8 2.58703722635
6155.53 2.52954169376
6158.26 2.52029355044
6160.98 2.49760942529
6163.71 2.4207451397
6166.44 2.45259016154
6169.17 2.47387834052
6171.89 2.4683818025
6174.62 2.44552318409
6177.35 2.52221297641
6180.08 2.54236694914
6182.8 2.6399959339
6185.53 2.56173570215
6188.26 2.57944676909
6190.98 2.54044752316
6193.71 2.48111981124
6196.44 2.57028587239
6199.17 2.59105057157
6201.89 2.64034492044
6204.62 2.60134567452
6207.35 2.56348063485
6210.08 2.5643531012
6212.8 2.61408368325
6215.53 2.55894380982
6218.26 2.49254912045
6220.98 2.55894380982
6223.71 2.54498434819
6226.44 2.54725276071
6229.17 2.5298906803
6231.89 2.51444802588
6234.62 2.56880267959
6237.35 2.49429405315
6240.08 2.51462251915
6242.8 2.4916766541
6245.53 2.49246187381
6248.26 2.52657530817
6250.98 2.47736820593
6253.71 2.53224633945
6256.44 2.47806617901
6259.17 2.46907977558
6261.89 2.5360851914
6264.62 2.52325993603
6267.35 2.55205132564
6270.07 2.54070926307
6272.8 2.53146111974
6275.53 2.53660867121
6278.26 2.52901821395
6280.98 2.41786600073
6283.71 2.49883087818
6286.44 2.50389118302
6289.17 2.51148164028
6291.89 2.58668823981
6294.62 2.68911578951
6297.35 2.87381691618
6300.07 3.06375284097
6302.8 3.13206695631
6305.53 2.97031169469
6308.26 2.90208482598
6310.98 2.85846150839
6313.71 2.41359091561
6316.44 2.18997778964
6319.17 2.5393133169
6321.89 2.51052192729
6324.62 2.56697050026
6327.35 2.56522556755
6330.07 2.61233875055
6332.8 2.56426585457
6335.53 2.54323941549
6338.26 2.53529997169
6340.98 2.47518704005
6343.71 2.51601846531
6346.44 2.48269025067
6349.17 2.58398359412
6351.89 2.51863586437
6354.62 2.56505107428
6357.35 2.54934667995
6360.07 2.61076831112
6362.8 2.6791696731
6365.53 2.73518201288
6368.26 2.6809146058
6370.98 2.6620693326
6373.71 2.59550014996
6376.44 2.56444034784
6379.16 2.60919787168
6381.89 2.56574904736
6384.62 2.51296483308
6387.35 2.52360892257
6390.07 2.58633925327
6392.8 2.53495098515
6395.53 2.48173053769
6398.26 2.52483037546
6400.98 2.51968282399
6403.71 2.55222581891
6406.44 2.56522556755
6409.16 2.52421964902
6411.89 2.50650858208
6414.62 2.52264920958
6417.35 2.5060723489
6420.07 2.41524860168
6422.8 2.45189218845
6425.53 2.48216677086
6428.26 2.54009853662
6430.98 2.50162277051
6433.71 2.52744777452
6436.44 2.51968282399
6439.16 2.59192303792
6441.89 2.62603647227
6444.62 2.62184863378
6447.35 2.53765563084
6450.07 2.46271077122
6452.8 2.43287242199
6455.53 2.46157656496
6458.26 2.5578968502
6460.98 2.5422797025
6463.71 2.53076314666
6466.44 2.52561559518
6469.16 2.53416576543
6471.89 2.5784870561
6474.62 2.56234642859
6477.35 2.61024483131
6480.07 2.61041932458
6482.8 2.52570284182
6485.53 2.51628020522
6488.25 2.53704490439
6490.98 2.53974955008
6493.71 2.4636704842
6496.44 2.39265172317
6499.16 2.41821498727
6501.89 2.3880276515
6504.62 2.42510747145
6507.35 2.54690377416
6510.07 2.64252608632
6512.8 2.52709878798
6515.53 2.42955704985
6518.25 2.49185114737
6520.98 2.52552834855
6523.71 2.56557455409
6526.44 2.53678316448
6529.16 2.48443518338
6531.89 2.48809954205
6534.62 2.51261584654
6537.35 2.56487658101
6540.07 2.78369114204
6542.8 3.23597769881
6545.53 4.1441279244
6548.25 5.01083599827
6550.98 5.12940417548
6553.71 4.6607152513
6556.44 5.51180617748
6559.16 9.8082667269
6561.89 16.7853801422
6564.62 19.8564617005
6567.35 15.3292338011
6570.07 8.17780160866
6572.8 4.28293732097
6575.53 3.64996298274
6578.25 4.71489541174
6580.98 7.50207641919
6583.71 10.3238943408
6586.44 10.0752414305
6589.16 6.70629985972
6591.89 3.99511067151
6594.62 2.95103018832
6597.34 2.6335396829
6600.07 2.5581585901
6602.8 2.49237462718
6605.53 2.50214625032
6608.25 2.50711930852
6610.98 2.4916766541
6613.71 2.39980594725
6616.44 2.48853577523
6619.16 2.49568999931
6621.89 2.55178958573
6624.62 2.45834843946
6627.34 2.47335486071
6630.07 2.52823299424
6632.8 2.48155604442
6635.53 2.49769667192
6638.25 2.4728313809
6640.98 2.51854861773
6643.71 2.49856913828
6646.44 2.4904552012
6649.16 2.49272361372
6651.89 2.4825157574
6654.62 2.52500486873
6657.34 2.51383729943
6660.07 2.43732200038
6662.8 2.44212056531
6665.53 2.44569767736
6668.25 2.38828939141
6670.98 2.4242350051
6673.71 2.53390402552
6676.44 2.59968798845
6679.16 2.59235927109
6681.89 2.62019094772
6684.62 2.53966230344
6687.34 2.49926711136
6690.07 2.45773771301
6692.8 2.49656246567
6695.53 2.52683704807
6698.25 2.55676264394
6700.98 2.58869491242
6703.71 2.62307008668
6706.43 2.65857946719
6709.16 2.8019256888
6711.89 3.38307552573
6714.62 4.3427885127
6717.34 5.12818272259
6720.07 4.89575768647
6722.8 3.92051479843
6725.53 3.3944175883
6728.25 3.91117940847
6730.98 4.5458986794
6733.71 4.59850840041
6736.43 3.75387372524
6739.16 2.88882333743
6741.89 2.47963661844
6744.62 2.40504074536
6747.34 2.32983414584
6750.07 2.34012924879
6752.8 2.37197427063
6755.53 2.32878718622
6758.25 2.30278768893
6760.98 2.40434277228
6763.71 2.4210068796
6766.43 2.41298018916
6769.16 2.42563095127
6771.89 2.53320605244
6782.54 2.47300587417
6798.17 2.43906693308
6813.84 2.44473796437
6829.55 2.46733484288
6845.29 2.42240282576
6861.07 2.40573871844
6876.89 2.40024218043
6892.74 2.35644436957
6908.63 2.3892491044
6924.56 2.38375256638
6940.52 2.42816110369
6956.52 2.44499970428
6972.56 2.43374488834
6988.63 2.41149699637
7004.74 2.40600045835
7020.89 2.39492013568
7037.08 2.411584243
7053.3 2.46210004477
7069.56 2.34588752671
7085.85 2.40608770498
7102.19 2.32442485446
7118.56 2.28734503451
7134.97 2.27687543828
7151.42 2.30322392211
7167.9 2.30322392211
7184.43 2.24564114289
7200.99 2.18448125163
7217.59 2.30863321349
7234.23 2.31936454962
7250.91 2.25619798575
7267.62 2.27704993155
7284.37 2.26143278386
7301.17 2.26666758197
7318.0 2.2823719763
7334.86 2.33559242376
7351.77 2.32486108763
7368.72 2.31421699814
7385.71 2.4066111848
7402.73 2.3736319567
7419.8 2.34108896178
7436.9 2.36822266532
7454.05 2.33044487228
7471.23 2.32512282754
7488.45 2.35749132919
7505.72 2.36839715859
7523.02 2.384799526
7540.36 2.3738936966
7557.74 2.36298786721
7575.16 2.36307511384
7592.63 2.35225653108
7610.13 2.31997527606
7627.67 2.26719106178
7645.26 2.29345229897
7662.88 2.29877434371
7680.55 2.25689595883
7698.25 2.25174840735
7716.0 2.24136605777
7733.79 2.2208630985
7751.61 2.21074248882
7769.48 2.23630575293
7787.39 2.17043454336
7805.34 2.18544096462
7823.34 2.26230525021
7841.37 2.18552821125
7859.45 2.23133269472
7877.57 2.24162779767
7895.73 2.25201014726
7913.93 2.21606453356
7932.17 2.17060903663
7950.46 2.11634162955
7968.79 2.16075016686
7987.15 2.16572322506
8005.57 2.14591823888
8024.02 2.21623902683
8042.52 2.22653412979
8061.06 2.21632627347
8079.64 2.14111967394
8098.27 2.11171755789
8116.94 2.18099138622
8135.65 2.19102474927
8154.4 2.14617997878
8173.2 2.05430927194
8192.04 2.08292616828
8210.93 2.14129416721
8229.85 2.09261054478
8248.83 2.20131985222
8267.84 2.17619282129
8286.9 2.13649560228
8306.01 2.13649560228
8325.15 2.14644171869
8344.34 2.09758360299
8363.58 2.14155590712
8382.86 2.11215379106
8402.18 2.14652896533
8421.55 2.06896670665
8440.97 2.14164315376
8460.42 2.11232828433
8479.93 2.06905395329
8499.48 2.14173040039
8519.07 2.11241553097
8538.71 2.10761696604
8558.39 1.95336491504
8578.12 2.12227440075
8597.89 2.07873832979
8617.71 2.06442988162
8637.58 2.11259002424
8657.49 2.01286712023
8677.45 1.87423221693
8697.46 1.909130871
8717.5 2.08850995293
8737.6 2.05989305659
8757.74 1.92247960618
8777.93 2.06469162153
8798.17 2.0742887514
8818.45 2.03179964006
8838.78 2.07908731633
8859.15 2.0271755684
8879.57 1.91820452106
8900.04 2.00396796344
8920.56 2.00867928174
8941.12 2.00867928174
8961.74 1.98573341669
8982.4 1.93164050288
9003.1 1.90511752578
9023.86 1.70192011245
9044.66 2.08423486781
9065.51 2.14269011338
9086.4 2.06521510134
9107.35 2.01356509331
9128.35 1.8364544239
9149.39 1.98599515659
9170.48 2.00440419662
9191.62 1.97692150654
9212.81 1.99070647489
9234.05 1.80303896262
9255.34 1.89237951705
9276.67 2.06067827631
9298.05 1.92317757927
9319.49 1.9862568965
9340.97 1.98172007147
9362.5 1.95903594632
9384.09 1.97264642141
9405.72 1.93670080772
9427.4 1.97273366805
9449.14 1.95467361457
9470.92 1.97282091468
9492.75 1.96828408965
9514.64 1.93687530099
9536.57 1.91026507726
9558.55 1.79928735731
9580.59 1.90162766038
9602.67 1.93251296923
9624.81 1.93251296923
9647.0 1.92370105908
9669.24 1.91488914892
9691.53 1.92823788411
9713.87 1.91497639556
9736.26 1.90180215365
9758.7 1.89307749013
9781.2 1.89316473676
9803.75 1.90188940028
9826.35 1.888802405
9849.0 1.88888965164
9871.7 1.88025223476
9894.46 1.875889903
9917.27 1.86733973275
9940.13 1.87170206451
9963.04 1.86742697939
9986.01 1.85887680914
10032.11 1.8208372762
10078.41 1.7875963082
10124.93 1.83357528494
10171.67 1.82101176947
10218.62 1.82101176947
10265.78 1.82109901611
10289.44 1.80862274727
10504.91 1.75557679309
10700.21 1.68830963736
10899.14 1.60490185413
11101.76 1.56834551399
11308.17 1.52917177479
11491.91 1.51512506653
11705.56 1.47385740809
11895.76 1.43032133714
12089.05 1.40100646772
12313.8 1.37544320361
12513.88 1.34106802935
12687.97 1.3074780748
12894.13 1.27772697221
13103.64 1.25731125957
13285.93 1.22302333195
13501.81 1.20348008567
13689.64 1.17878928791
13912.08 1.14668252617
14105.62 1.10777052688
14301.84 1.08752930751
14500.8 1.08499915509
14702.53 1.05786545155
14907.07 1.06275126312
15114.45 1.05786545155
15289.47 1.06519416891
15502.15 1.06030835734
15717.81 1.03858394518
15899.81 1.00106789205
16083.93 1.00569196372
16307.68 1.00333630457
16496.52 0.982746098664
16687.53 0.976028107755
16880.76 0.955961381664
17115.6 0.940693220507
17313.79 0.904573113543
17514.28 0.88598958025
17717.07 0.855950563757
17881.02 0.830701387536
18088.07 0.7951483837
18297.51 0.778833262922
18509.39 0.757614881246
18680.66 0.726851717682
18896.98 0.71194126773
19115.78 0.702178369253
19292.66 0.681466018061
19516.07 0.656818843623
19696.63 0.641864770353
19878.89 0.62581138948
20109.08 0.615812925089
20295.14 0.597648175644
20482.94 0.590808039446
20720.12 0.576028459447
20911.83 0.564215265043
21105.33 0.555193962966
21300.6 0.543808277075
21497.71 0.533879609991
21696.63 0.516945038103
21897.37 0.511029716238
22100.0 0.498248084184
22304.49 0.486906021611
22510.86 0.476925006546
22719.16 0.467135934079
22876.63 0.425048157268
23088.32 0.416890596879
23301.93 0.368512337672
23517.55 0.344920847519
23680.56 0.34559264661
23899.68 0.317342186139
24120.83 0.304307538843
24288.02 0.29976198915
24512.76 0.278107374299
24682.67 0.273160490084
24911.06 0.240155087996
25083.72 0.23627261273
25315.83 0.232861269295
25491.3 0.227347281951
25727.18 0.224878202176
25850.26 0.204165850984
25946.16 0.201993409768
26042.16 0.20524770926
26138.06 0.214085793404
26234.05 0.215848175434
26330.05 0.212969036474
26425.96 0.209941578233
26521.95 0.207908731633
26617.95 0.213274399697
26713.85 0.221719873982
26809.85 0.220158159212
26905.75 0.217785050735
27001.75 0.209575142365
27097.75 0.208065775576
27193.65 0.204732954113
27289.65 0.206102726285
27385.65 0.206591307442
27481.55 0.206547684124
27577.55 0.208816096639
27673.45 0.198913603546
27769.45 0.207097337926
27865.44 0.191611060182
27961.35 0.172198683854
28057.35 0.155508402544
28153.34 0.161231781812
28249.25 0.186873567891
28345.25 0.190005722094
28441.14 0.192605671823
28537.14 0.183985704267
28633.14 0.169677256097
28729.04 0.178131455046
28825.04 0.179597198517
28921.04 0.186044724857
29016.94 0.185442723074
29112.94 0.182964918635
29208.84 0.177983135767
29304.84 0.178995196735
29400.84 0.175697273925
29496.74 0.162104248164
29592.74 0.159172761222
29688.74 0.163090135141
29784.64 0.159286181848
29880.64 0.167164553004
29976.54 0.173568456026
30072.54 0.170802737691
30168.54 0.162235118117
30264.43 0.154016485083
30360.43 0.151442709345
30456.43 0.157401654528
30552.33 0.154112456381
30648.33 0.158710354055
30744.23 0.163997500147
30840.23 0.160769374646
30936.23 0.142185841352
31032.13 0.149854820585
31128.13 0.150613866311
31224.13 0.158562034776
31320.03 0.156607710148
31416.03 0.160769374646
31511.93 0.160455286759
31607.93 0.152079609782
31703.93 0.145797852049
31799.83 0.144777066417
31895.83 0.151259491411
31991.82 0.152969525461
32087.72 0.156232549616
32183.72 0.169092703642
32279.62 0.181124014633
32375.62 0.227704993155
32471.62 0.223490980676
32567.52 0.244962377594
32663.52 0.260431206011
32759.52 0.287364242291
32855.42 0.305258527167
32951.42 0.336815635111
33047.32 0.374453833528
33143.32 0.349457672549
33239.32 0.305651137025
33335.22 0.279110710603
33431.22 0.279328827191
33527.22 0.279651639741
33623.12 0.277531546507
33719.11 0.270909526896
33815.01 0.248766330888
33911.01 0.213475066958
34007.01 0.194045241303
34102.91 0.188644674585
34198.91 0.184945417254
34294.91 0.188426557998
34390.81 0.185364201103
34486.81 0.177067046097
34582.71 0.183113237915
34678.71 0.189307749013
34774.71 0.191000333735
34870.61 0.17875963082
34966.61 0.168639021139
35062.61 0.158562034776
35158.51 0.15029105376
35254.51 0.150456822367
35350.41 0.159748589014
35446.4 0.171448362792
35542.4 0.162043175519
35638.31 0.152193030407
35734.3 0.151599753288
35830.3 0.151556129971
35926.21 0.134307470196
36022.2 0.129255890019
36118.11 0.126001590526
36214.1 0.124963355568
36310.1 0.121072155639
36406.0 0.124282831813
36502.0 0.127833769865
36598.0 0.137439624399
36693.9 0.134028280963
36789.9 0.13483967467
36885.8 0.127964639818
36981.8 0.128479394966
37077.79 0.130477342911
37173.7 0.128156582415
37269.7 0.127668001258
37365.69 0.131280011955
37461.6 0.131925637055
37557.6 0.129029048767
37653.5 0.124518397728
37749.5 0.123881497292
37845.49 0.126603592309
37941.39 0.126080112498
38037.39 0.123785525993
38133.39 0.125094225521
38229.29 0.126080112498
38325.29 0.124797586961
38421.19 0.1239512946
38517.19 0.125783473939
38613.19 0.122974132286
38709.09 0.117591014895
38805.09 0.113429350397
38901.09 0.119013135049
38996.99 0.11467697728
39092.99 0.113281031117
39188.89 0.111745490338
39284.89 0.115130659783
39380.89 0.113673640976
39476.78 0.114232019441
39572.78 0.112679029335
39668.78 0.113272306454
39764.69 0.112478362074
39860.68 0.11844603192
39956.58 0.125085500857
40052.58 0.118707771825
40148.58 0.119815804092
40244.48 0.125268718791
40340.48 0.131271287291
40436.48 0.141234853029
40532.38 0.13483967467
40628.38 0.130817604788
40724.28 0.124849934942
40820.27 0.123139900893
40916.28 0.12315735022
41012.17 0.129439107953
41108.18 0.132763204753
41204.17 0.111457576442
41300.08 0.0984229291462
41396.07 0.0963639085559
41491.98 0.0911552844357
41587.97 0.0960410960058
41683.97 0.0967128950967
41779.87 0.0965820251439
41875.87 0.0962417632667
41971.87 0.0929263911299
42067.77 0.0899774548608
42163.77 0.0893056557699
42259.67 0.09151299564
42355.67 0.0940693220507
42451.67 0.0951773543175
42547.57 0.0958142547543
42643.57 0.0946364251794
42739.56 0.0994262654507
42835.47 0.0981611892406
42931.46 0.0979605219797
43027.37 0.0948632664309
43123.37 0.094950513066
43219.36 0.0971927515901
43315.27 0.0990162062654
43411.26 0.0981262905866
43507.26 0.0999497452618
43603.16 0.0999759192524
43699.16 0.102305404412
43795.06 0.104695962216
43891.06 0.101537634022
43987.06 0.093955901425
44082.96 0.0778056767869
44178.96 0.0783099623382
44274.96 0.0775360846842
44370.86 0.0822334435222
44466.86 0.0906230799611
44562.76 0.0823564612778
44658.76 0.08634973977
44754.76 0.0833196641302
44850.66 0.0856744508137
44946.65 0.085372577456
45042.66 0.0786903576676
45138.55 0.0789259235826
45234.56 0.0810259500914
45330.45 0.0881888988396
45426.45 0.0877264916732
45522.45 0.0783221768671
45618.35 0.0791859185554
45714.35 0.0765606673029
45810.35 0.0816296968068
45906.25 0.0794616179226
46002.25 0.0757675953891
46098.15 0.0775814529345
46194.15 0.0857896163722
46290.15 0.0895848450025
46386.05 0.0912861543885
46482.04 0.0897855122634
46578.05 0.0888083499494
46673.94 0.0876217957109
46769.95 0.0881540001855
46865.84 0.0888606979305
46961.85 0.0890700898549
47057.84 0.0850794287618
47153.75 0.0851108375505
47249.74 0.0816593606628
47345.74 0.0784242554303
47441.64 0.0728090619901
47537.64 0.0773930002025
47633.54 0.0761043674009
47729.54 0.0764603336724
47825.54 0.0757100126099
47921.44 0.0789904860926
48017.44 0.075888868212
48113.44 0.0795261804326
48209.33 0.0815555371669
48305.34 0.0829375238681
48401.24 0.0771975677397
48497.24 0.0759865844434
48593.23 0.0732967706808
48689.14 0.0720334394034
48785.13 0.0723850433432
48881.14 0.0768765001222
48977.04 0.0789259235826
49073.03 0.0669966911545
49169.93 0.0627242234297
49661.63 0.069292150126
50158.24 0.0759263842651
50659.82 0.0826260533806
51166.42 0.0893929024051
51678.09 0.0962243139397
51740.88 0.0970706063009
52040.77 0.11232131813
52340.67 0.124562021046
52640.57 0.119492991542
52940.47 0.108656959453
53240.47 0.119903050727
53540.37 0.112513260728
53840.26 0.0954914422041
54140.16 0.0921237220862
54440.06 0.0927955211771
54740.06 0.0957793561002
55039.96 0.0985450744354
55339.85 0.100429601755
55639.76 0.107767043774
55939.65 0.121482214824
56239.65 0.134595384092
56539.55 0.141749608176
56839.44 0.14366903415
57139.34 0.144620022474
57439.24 0.141147606394
57739.24 0.135843010975
58039.14 0.131498128543
58339.03 0.133600772451
58638.93 0.14004829879
58938.83 0.144620022474
59238.83 0.143302598283
59538.73 0.15579631644
59838.63 0.182031379639
60138.53 0.199873316533
60438.42 0.205256433924
60738.42 0.21122410377
61038.32 0.242842284359
61338.22 0.321521299964
61638.12 0.475188798506
61938.01 0.59131406993
62238.01 0.590886561418
62537.91 0.513184708127
62837.81 0.423486442499
63137.7 0.356559548652
63437.6 0.306418907415
63737.6 0.271371934063
64037.5 0.24304295162
64337.4 0.21846557449
64637.3 0.203502776557
64937.2 0.19450764847
65237.19 0.189909750796
65537.09 0.188007774149
65836.98 0.193626457454
66136.89 0.197761947962
66436.78 0.200021635813
66736.78 0.196767336321
67036.68 0.197779397289
67336.58 0.196322378481
67636.47 0.192771440429
67936.38 0.192570773169
68236.37 0.192239235955
68536.27 0.194673417076
68836.17 0.199629025955
69136.07 0.200135056439
69435.97 0.223944663179
69735.97 0.270071959199
70035.86 0.249970334453
70335.76 0.227007020074
70635.66 0.236080670133
70935.55 0.242772487051
71235.55 0.248740156897
71535.45 0.249830739837
71835.35 0.252055529034
72135.25 0.264950581714
72435.14 0.279808683685
72735.14 0.292852055644
73035.04 0.30841685536
73334.94 0.328483581451
73634.84 0.353820004308
73934.74 0.385961664708
74234.73 0.417283206737
74534.63 0.454205982745
74834.53 0.487595270029
75134.42 0.50954652344
75734.23 0.638069541723
76334.12 0.651217609645
76933.91 0.611869377179
77533.71 0.589298672658
78133.61 0.566989708042
78733.41 0.521403341161
79333.3 0.450436928106
79933.1 0.384391225275
80532.9 0.334765339184
81132.78 0.294108407191
81732.59 0.276283919623
82332.39 0.271232339447
82932.27 0.270202829151
83532.07 0.267716300049
84131.87 0.271912863201
84731.77 0.287102502386
85331.56 0.313573131499
85931.46 0.317403258784
86531.26 0.290618541783
87131.06 0.241995991998
87730.95 0.196941829591
88330.75 0.161912305566
88930.55 0.140406009995
89530.43 0.135214835201
90130.24 0.124256657823
90730.03 0.106135531696
91329.92 0.0992343228534
91929.72 0.095404195569
92529.62 0.0931706817084
93129.41 0.0884855373992
93729.21 0.085752100319
94329.1 0.0847164827595
94928.9 0.083700931926
95528.7 0.082646992573
96128.6 0.0834025484337
96728.39 0.0830928228788
97328.18 0.0784303626948
97928.08 0.0742809127256
98527.89 0.0731397267375
99127.78 0.0724749073774
99727.57 0.0724155796655
100327.37 0.0731781152569
100927.27 0.0727855053986
101527.06 0.0720631032594
102126.86 0.0715980786938
102726.75 0.0718432417387
103326.55 0.0738071634966
103926.34 0.0761724197763
104526.24 0.0867231553686
105126.04 0.0967303444237
105725.94 0.0953082242703
106325.73 0.0928304198312
106925.53 0.0930921597367
107525.43 0.0933626243058
108125.22 0.093214305026
108725.02 0.0975417381309
109324.91 0.110366993502
109924.71 0.130329023631
110524.51 0.14287508977
111124.4 0.178602586876
111724.2 0.27642351424
112324.09 0.338988076327
112923.89 0.303548493117
113523.69 0.24381072201
114123.58 0.200292100382
114723.38 0.175034199497
115323.18 0.156869450053
115923.06 0.145483764162
116522.86 0.136776549971
117122.66 0.132431667539
117722.55 0.1305994882
118322.35 0.135843010975
118922.26 0.141226128365
119522.05 0.146007243973
120121.84 0.145928722002
120721.74 0.142883814434
121321.54 0.140318763359
121921.34 0.140877141825
122521.22 0.147237421529
123121.03 0.154234601671
123720.83 0.158719078719
124320.71 0.164363936015
124920.51 0.173245643476
125520.41 0.182127350938
126120.2 0.190005722094
126720.0 0.203284659969
127319.9 0.241393990215
127919.69 0.31106915307
128519.49 0.272418893685
129119.39 0.1567385801
129719.18 0.131419606571
130318.97 0.124230483832
130918.87 0.122590247091
131518.67 0.122293608531
132118.46 0.12115067761
132718.36 0.120967459677
133318.16 0.119789630102
133918.06 0.117582290232
134517.85 0.11876884447
135117.65 0.119571513514
135717.55 0.119318498272
136317.34 0.116744722534
136917.13 0.114240744104
137517.04 0.112565608709
138116.83 0.111632069712
138716.62 0.110689806052
139316.52 0.111937432936
139916.32 0.112234071495
140516.22 0.11264413068
141116.01 0.111981056253
141715.81 0.111335431153
142315.71 0.116151445415
142915.5 0.113542771023
143515.3 0.103256392735
144568.11 0.104617440244
145407.91 0.103108073455
146247.7 0.103230218745
147087.5 0.103291291389
147927.19 0.102802710232
148766.99 0.103134247446
149606.78 0.101363140752
150446.48 0.100857110268
151286.27 0.101206096808
152126.06 0.102000041189
152965.76 0.102244331767
153805.55 0.103797321873
154645.35 0.121360069535
155485.05 0.142796567799
156324.84 0.121996969972
157164.64 0.106423445592
158004.32 0.106589214199
158844.13 0.109363657198
159683.92 0.110227398886
160523.71 0.110820676005
161363.41 0.112059578225
162203.21 0.11623869205
163042.99 0.127563305296
163882.7 0.137579219015
164722.48 0.139899979511
165562.27 0.13389741101
166401.98 0.132396768885
167241.76 0.135031617268
168081.57 0.134909471978
168921.25 0.136218171506
169761.06 0.143293873619
170600.85 0.147481712108
171440.53 0.141269751683
172280.34 0.140999287114
173120.13 0.143354946264
173959.92 0.141871753466
174799.62 0.136052402899
175639.43 0.130782706134
176479.2 0.130477342911
177318.91 0.130372646949
178158.71 0.131297461282
178998.5 0.131088069357
179838.2 0.129561253242
180677.97 0.127170695438
181517.78 0.128313626359
182357.48 0.130206878342
183197.27 0.12992768911
184037.06 0.129395484635
184876.74 0.129831717811
185716.55 0.136462462085
186556.36 0.174964402189
187396.15 0.176822755519
188235.83 0.143276424292
189075.64 0.132911524033
189915.41 0.135258458519
190755.13 0.136357766122
191594.92 0.136602056701
192434.71 0.136191997515
193274.41 0.135398053135
194114.21 0.137718813631
194953.99 0.139804008212
195793.69 0.139664413596
196633.48 0.139524818979
197473.27 0.140746271872
198312.99 0.142028797409
199152.76 0.141828130148
199992.57 0.141793231494
200832.36 0.142604625201
201672.04 0.14237778395
202511.85 0.143747556122
204191.34 0.140283864705
205870.92 0.147062928259
207550.43 0.151076273477
209229.9 0.143407294245
210909.48 0.147865597303
212588.97 0.152733959546
214268.57 0.152533292285
215948.06 0.152542016948
217627.55 0.156311071588
219307.15 0.16127540513
220986.64 0.161423724409
222666.11 0.158204323571
224345.7 0.164067297455
226025.2 0.16651020324
227704.78 0.165358547656
229384.27 0.165297475011
231063.76 0.170584621103
232743.36 0.174510719686
234422.85 0.173760398624
236102.34 0.173411412083
237781.91 0.175112721469
239461.41 0.176054985129
241141.0 0.175801969887
242820.49 0.174781184255
244499.97 0.174859706227
246179.57 0.178262324999
247859.06 0.180452215542
249538.55 0.179972359049
251218.15 0.177852265814
252897.64 0.179300559958
254577.21 0.184238719509
256256.7 0.187684961599
257936.19 0.193609008127
259615.79 0.191078855707
261295.27 0.187868179532
262974.76 0.189307749013
264654.35 0.190860739119
266333.84 0.190555375896
268013.42 0.18982250416
269692.91 0.192195612637
271372.43 0.19468214174
273052.01 0.195537158765
274731.47 0.196200233192
276410.96 0.197561280701
278090.57 0.197796846616
279770.06 0.199157894125
281449.65 0.197002902236
283129.14 0.199070647489
284808.63 0.200972624136
286488.21 0.199506880665
288167.7 0.200649811586
289847.19 0.199044473499
291526.77 0.199585402637
293206.26 0.200222303074
294885.84 0.204654432141
296565.36 0.205971856332
298244.85 0.20792618096
299924.44 0.206887946002
301603.93 0.206373190854
303283.42 0.205448376521
304963.0 0.208379863463
306642.49 0.209880505588
308322.07 0.209828157607
310001.56 0.212541527961
311681.05 0.212541527961
313360.63 0.214295185328
315040.15 0.215272347642
316719.64 0.215333420287
318399.23 0.215856900098
320078.68 0.219817897335
321758.3 0.225602349248
323437.79 0.230348566201
325117.28 0.229903608362
326796.86 0.230706277406
328476.35 0.234117620841
330155.84 0.236516903309
331835.45 0.238994707748
333514.94 0.262664719872
335194.5 0.250546162245
336873.98 0.256627252717
338553.51 0.244718087015
340233.06 0.242711414406
341912.55 0.240373204584
343592.04 0.237127629755
345271.65 0.246471744383
346951.11 0.265046553012
