102.05 1.57033759411e-07
103.95 1.83643750161e-07
105.88 2.22832183639e-07
108.1 2.71011706142e-07
110.11 4.09245915773e-07
113.98 5.6883017771e-07
117.98 7.46419322467e-07
121.01 1.91862876997e-06
124.97 2.53506328267e-06
127.0 2.88388423651e-06
127.88 3.09019491566e-06
130.86 3.69815298079e-06
132.07 4.16852013812e-06
133.91 4.65568882544e-06
137.03 5.80742613842e-06
139.9 6.838828169e-06
143.16 1.06901626665e-05
147.17 1.59584261937e-05
150.94 1.93633849078e-05
155.17 2.34956530961e-05
159.15 2.82477615126e-05
162.11 3.23580817562e-05
165.89 3.84573398751e-05
170.14 4.5184006479e-05
172.91 5.09313406588e-05
176.93 5.92904802448e-05
179.81 6.6219219304e-05
181.89 7.14466142447e-05
186.13 8.2032334968e-05
190.9 9.68207086674e-05
194.0 0.000106901626665
198.07 0.000121054266797
202.21 0.000136455669294
205.03 0.000148928156426
209.8 0.000167485521989
216.18 0.000201361039225
220.2 0.000223346825098
222.75 0.000239875897851
226.89 0.000265449037427
230.04 0.000442568950265
233.78 0.000742990902157
239.78 0.00102088215369
245.93 0.00106901626665
252.24 0.00119941733054
256.93 0.00103511047639
259.9 0.00127638650174
264.13 0.00139952203914
269.04 0.00147225298656
274.04 0.00154521098168
279.13 0.00160318382842
284.32 0.0016865103353
290.28 0.00170603643772
295.67 0.00181123520662
301.17 0.00177415074852
308.18 0.00191862876997
318.28 0.00211343569885
327.95 0.00224376108017
337.92 0.00234956530961
348.19 0.0024489365208
357.12 0.00256435243631
366.28 0.00270383540831
374.81 0.00278602667667
385.31 0.00278602667667
395.19 0.00296471321866
405.33 0.00308308075431
413.82 0.00314763798443
422.48 0.00318404129942
430.34 0.00320614060914
441.38 0.00331883195223
450.62 0.00337271794032
460.06 0.00338830854924
469.69 0.00342751211923
479.52 0.00349933487583
489.56 0.00349123684111
499.82 0.00358084500109
505.6 0.00374098931402
511.46 0.00464494190085
519.77 0.00464494190085
529.43 0.00465568882544
540.52 0.00452876915966
550.57 0.00479713954419
559.51 0.00518781295789
569.92 0.0053948804627
580.51 0.00532086291164
589.94 0.00561027304995
599.53 0.00555880890402
610.68 0.00561027304995
620.6 0.00628036650304
630.68 0.00639706902221
639.46 0.00654608799771
649.85 0.00679175361198
657.37 0.00687038779967
664.98 0.0071611602242
674.23 0.00734484181564
685.19 0.00722745815337
694.72 0.00803521819684
704.39 0.00774459713744
715.83 0.00868911558048
725.79 0.00891237915475
734.19 0.00916213162767
744.41 0.00963817497756
754.76 0.00997647605451
765.26 0.0101384367491
774.12 0.0108385004989
784.89 0.0113493578299
795.81 0.0117754506852
805.03 0.0121614317797
814.35 0.012559522085
825.68 0.0133042385497
835.24 0.0123877226567
844.91 0.014124637582
854.69 0.0146211152251
864.59 0.01541653901
874.6 0.0162172605747
884.73 0.0171390742475
894.97 0.0179057386568
905.34 0.0183643750161
915.82 0.0272260468506
924.29 0.137401701388
935.0 0.309730907701
945.82 0.843330850215
954.58 1.79882326554
965.63 2.46028890593
974.56 0.540736808635
985.85 3.8903110198
994.97 4.14937244852
1004.18 5.05801735454
1015.8 3.76687275212
1025.2 0.641182712288
1034.69 2.6000746082
1044.26 6.02539193297
1053.93 6.48607172165
1066.13 5.70139486128
1076.0 6.57636102473
1085.95 5.66219129129
1096.0 6.71402761511
1106.14 6.48607172165
1113.81 6.33849071492
1124.11 6.15155477307
1134.52 6.91806781723
1145.01 6.41182712288
1155.61 6.66778556634
1166.3 7.06292425152
1174.38 6.13740213294
1185.25 6.79175361198
1196.22 4.43590664927
1204.51 3.11880292619
1215.65 0.717765902392
1224.08 3.10442323835
1235.41 6.15155477307
1243.97 7.1611602242
1255.48 7.11189087272
1264.18 5.95636943136
1275.88 7.49862879291
1284.73 7.81573875094
1293.63 6.93396115641
1305.6 6.74505746781
1314.65 7.74459713744
1323.76 7.53329140884
1336.01 6.96597488249
1345.27 7.78016794419
1354.6 7.56802970735
1363.99 7.11189087272
1373.44 7.34484181564
1386.15 7.51596010087
1395.76 7.24410831823
1405.43 7.42990902157
1415.18 7.24410831823
1424.99 7.31108739052
1434.86 7.24410831823
1441.49 7.46419322467
1448.14 7.53329140884
1454.82 7.4128047613
1464.91 7.1611602242
1475.06 7.06292425152
1485.29 7.04665249949
1495.58 7.09546775556
1505.95 6.96597488249
1512.9 6.59149753825
1516.39 6.85464582562
1523.39 6.65249768769
1533.95 6.25145576224
1544.58 6.69858837133
1555.29 6.367704186
1566.07 6.26591113264
1573.3 6.50105687002
1584.2 6.65249768769
1595.18 6.80741990347
1606.24 6.53102716677
1613.65 6.56122451122
1624.84 6.29482187345
1636.1 6.4563284726
1643.65 6.47116225584
1655.05 6.05316743526
1666.52 6.53102716677
1670.36 6.12324949281
1678.07 6.367704186
1685.82 6.54608799771
1693.6 6.30935292642
1705.34 6.12324949281
1713.21 5.95636943136
1725.08 5.91542516232
1733.05 6.12324949281
1745.06 5.97014365866
1753.11 6.22277206914
1765.27 5.76746574275
1773.41 6.02539193297
1785.71 6.03924184283
1793.95 6.1941640586
1806.38 6.15155477307
1814.72 5.94267088663
1823.1 5.95636943136
1835.74 5.80742613842
1844.21 5.53330387875
1856.99 5.48252087593
1865.56 5.5460185501
1874.18 5.79403032397
1887.17 5.52058920741
1895.88 5.3577960046
1904.63 5.5716749405
1913.42 5.40736808635
1926.68 5.3577960046
1935.58 5.40736808635
1944.51 5.55880890402
1953.49 5.32086291164
1967.03 5.55880890402
1976.11 5.623214769
1985.23 5.43226765107
1994.39 5.28423254894
2003.6 5.3577960046
2012.84 5.24790491652
2026.8 5.3948804627
2036.15 5.24790491652
2045.55 5.29641744232
2054.99 5.11659566182
2064.48 5.16397294911
2074.01 5.29641744232
2078.79 5.19977080356
2083.58 5.27212333814
2093.2 5.09313406588
2102.86 5.1402086229
2117.44 5.12840214236
2127.21 5.17585511221
2137.03 4.96576030469
2146.89 5.0347828063
2156.8 5.08140326791
2166.76 4.93155178416
2176.76 4.89757031133
2186.81 4.86389156877
2196.9 5.00012019036
2207.04 4.86389156877
2217.23 4.72047310326
2227.46 4.60240829788
2232.6 4.83043987391
2242.9 4.66643575003
2253.25 4.54973323087
2263.66 4.58121717897
2274.1 4.65568882544
2284.6 4.70957481353
2295.15 4.54973323087
2305.74 4.52990439817
2316.38 4.43878258684
2327.07 3.858600024
2332.44 4.28075738579
2343.2 4.10857954462
2354.02 4.29400183511
2364.89 4.08352861476
2375.8 4.18032661865
2386.77 3.95713872695
2392.27 4.12545675718
2403.31 4.00542420504
2414.41 4.04409799706
2425.55 4.16867150325
2436.75 4.01950116261
2442.36 4.16163302447
2453.64 4.10623338502
2464.96 4.06089952706
2476.34 3.97015612857
2487.77 4.0643052426
2493.51 3.95433847195
2505.01 4.14248533488
2510.79 3.92058404682
2516.58 3.95766850492
2522.38 3.81530959536
2534.02 3.81697461184
2545.72 3.79230209482
2557.47 3.94540792898
2563.36 3.88312117588
2575.2 4.01208427099
2587.08 3.99535842356
2593.05 3.95956056911
2605.01 3.85337792683
2617.04 3.81969918427
2623.07 3.88259139791
2635.18 3.93836945019
2647.34 4.15436749798
2653.45 4.17449906095
2665.69 3.98839562734
2678.0 4.07368988097
2684.17 4.07459807178
2696.56 3.94714862803
2702.78 3.99376908964
2715.25 3.85103176724
2727.79 3.81742870725
2734.07 3.92527636601
2746.69 3.63132527364
2753.03 3.66583652444
2765.73 3.7615749724
2772.11 3.85004789386
2784.9 3.73826474159
2797.76 3.30271156534
2804.21 3.45120076287
2817.15 3.81220661009
2823.65 3.85723773778
2836.68 3.77118665847
2843.22 3.67771868755
2856.34 3.59575446689
2862.93 3.78344723442
2876.14 3.78526361604
2882.77 3.77746831158
2896.08 3.78798818847
2909.45 3.93201211452
2929.61 3.81886667603
2949.92 3.76051541645
2970.37 3.77194348415
2990.96 3.75741243118
3011.69 3.76884049888
3032.57 3.76301294118
3046.56 3.7562015101
3067.68 3.74182182227
3088.95 3.72744213443
3110.36 3.7216902593
3131.92 3.67348046377
3153.63 3.6594035062
3168.18 3.66977201796
3190.14 3.5560968015
3212.26 3.6167185381
3227.08 3.52007189934
3249.45 3.63821238729
3271.98 3.70882422281
3287.08 3.67681049674
3309.86 3.64608337431
3325.14 3.42024659274
3332.81 3.44491910976
3340.49 3.26055637521
3348.19 3.48669588705
3355.91 3.34600199398
3363.65 3.12357092795
3371.4 3.14604865051
3379.17 3.39534702802
3386.96 3.41199719288
3394.77 3.40511007923
3402.6 3.47731124868
3410.44 3.23868411319
3418.3 3.33033570249
3426.18 3.44037815571
3434.08 3.48117105962
3441.99 3.33313595749
3449.93 3.29590013426
3457.88 3.2741035548
3465.85 3.23754887468
3473.84 3.39110880424
3481.85 3.29960858007
3489.88 3.40866715991
3497.92 3.28628844818
3505.99 3.34062853168
3514.07 3.26555142467
3522.17 3.39686067937
3530.29 3.2598752321
3538.43 3.39882842613
3546.58 3.45498489125
3554.76 3.49600484286
3562.95 3.40957535072
3571.17 3.28719663899
3579.4 3.18381425172
3587.65 3.05545661715
3595.92 3.22998061792
3604.21 3.33676872073
3611.71 3.00293291527
3614.46 5.04810293819
3617.21 3.97348616154
3619.96 2.17541972167
3622.71 2.37438919176
3625.46 2.72442106668
3628.2 2.02420595171
3630.95 3.0429689935
3633.7 3.95494393249
3636.45 3.95494393249
3639.2 2.93852705028
3641.95 4.88636929133
3644.7 4.48343530169
3647.45 1.60507589261
3650.19 3.09057332849
3652.94 2.76475987519
3655.69 3.05462410891
3658.44 3.66553379417
3661.19 4.02933989639
3663.94 4.19319265514
3666.69 4.44052328589
3669.44 2.75529955424
3672.19 1.88222545498
3674.93 3.13295556632
3677.68 3.42107910099
3680.43 3.39973661694
3683.18 4.97605313388
3685.93 4.23776968742
3688.68 3.72630689592
3691.43 2.98393659081
3694.18 5.35923397339
3696.92 4.66174343084
3699.67 3.71064060443
3702.42 5.01306190941
3705.17 3.31292871196
3707.92 3.01345279216
3710.67 3.52219101123
3713.42 4.28908246822
3716.17 2.55019979618
3718.91 3.42531732477
3721.66 3.82794858414
3724.41 9.08190810606
3727.16 10.6856217125
3729.91 10.7060560057
3732.66 8.02840676576
3735.41 4.90271672592
3738.16 2.48435596241
3740.91 2.65940974116
3743.65 3.57910430203
3746.4 4.2068155173
3749.15 3.62330292148
3751.9 1.61143322829
3754.65 2.68256860683
3757.4 3.79744850941
3760.15 3.72963692889
3762.9 3.66137125296
3765.64 3.64918635958
3768.39 3.7674025301
3771.14 3.32011855587
3773.89 4.61610684261
3776.64 4.09079414124
3779.39 4.74151285704
3782.14 4.0356215495
3784.89 4.67423105449
3787.63 4.86949207877
3790.38 4.55820967843
3793.13 4.21582174283
3795.88 4.25926353661
3798.63 3.67052884363
3801.38 3.36984200275
3804.13 3.76452659253
3806.88 3.84247963711
3809.63 4.35749950929
3812.37 4.07331146814
3815.12 4.25502531283
3817.87 4.52309296709
3820.62 5.23776345247
3823.37 5.00148247658
3826.12 4.38027996212
3828.87 4.58341197343
3831.62 3.42032227531
3834.36 2.69641851669
3837.11 3.05772709418
3839.86 3.48381994949
3842.61 3.74227591767
3845.36 4.56872955532
3848.11 4.87017322188
3850.86 4.57970352762
3853.61 4.41032594144
3856.35 4.552684851
3859.1 4.71101278232
3861.85 4.37838789793
3864.6 4.57675190748
3867.35 5.55805207834
3870.1 6.05740565904
3872.85 5.97165731001
3875.6 5.75671881816
3878.35 5.10796784912
3881.09 5.503333582
3883.84 5.42485075945
3886.59 5.13831655871
3889.34 5.29868791935
3892.09 4.98301593009
3894.84 5.83891008652
3897.59 5.84488900936
3900.34 5.77563946005
3903.08 6.09100871903
3905.83 6.7590587428
3908.58 6.30269286047
3911.33 6.45466345611
3914.08 6.4731300026
3916.83 5.44187933715
3919.58 4.43711757035
3922.33 3.99414750248
3925.07 3.66538242904
3927.82 4.06680276733
3930.57 4.17427201325
3933.32 3.82984064833
3936.07 3.64313175418
3938.82 4.76444467501
3941.57 4.45452456089
3944.32 4.34206026551
3947.07 4.93972550145
3949.81 3.99709912261
3952.56 4.07671718368
3955.31 5.14437116411
3958.06 3.51802847002
3960.81 4.28976361133
3963.56 3.7958591755
3966.31 2.75862958722
3969.06 3.53657069907
3971.8 3.23641363616
3974.55 4.37573900807
3977.3 4.51658426628
3980.05 4.71729443542
3982.8 4.10313039975
3985.55 5.19205118167
3988.3 5.17699035073
3991.05 5.70336260804
3993.79 6.11030777376
3996.54 5.61912791036
3999.29 5.73469519101
4002.04 5.36771042095
4004.79 4.61149020599
4007.54 5.35900692568
4010.29 4.95713249199
4013.04 4.80561599176
4015.79 6.28679952129
4018.53 5.65485008224
4021.28 5.08791196872
4024.03 4.9631870974
4026.78 5.09003108061
4029.53 3.7902586655
4032.28 5.01381873509
4035.03 4.91717209632
4037.78 5.11651997925
4040.52 5.49039186295
4043.27 4.99202215563
4046.02 5.3232847538
4048.77 4.75854143474
4051.52 4.94948855267
4054.27 4.84209498931
4057.02 5.13188354047
4059.77 5.58136230915
4062.51 5.51604825335
4065.26 5.4919055143
4068.01 5.77336898302
4070.76 4.81136786689
4073.51 5.52528152659
4076.26 5.6824742194
4079.01 4.68164794611
4081.76 4.72592224812
4084.51 4.3530342378
4087.25 4.31042495227
4090.0 5.07973825142
4092.75 4.48737079521
4095.5 4.03153469085
4098.25 5.09843184561
4101.0 4.547084341
4103.75 4.0155656691
4106.5 3.89946861047
4109.24 4.555485106
4111.99 5.47480125404
4114.74 5.22149170045
4117.49 5.55335975915
4120.24 5.27083673449
4122.99 5.3689970246
4125.74 4.95274290307
4128.49 4.88909386376
4131.23 5.54155327862
4133.98 5.25108358436
4136.73 5.55335975915
4139.48 5.92458275299
4142.23 5.53640686402
4144.98 5.24169894598
4147.73 5.36097467244
4150.48 5.58484370726
4153.23 5.29543356894
4155.97 5.14157090911
4158.72 5.79425737167
4161.47 5.92730732542
4164.22 5.75702154843
4166.97 5.51233980754
4169.72 4.72811704258
4172.47 5.09275565304
4175.22 5.39556160581
4177.96 5.07020224791
4180.71 4.94002823173
4183.46 5.51211275984
4186.21 5.45368581769
4188.96 5.09601000345
4191.71 5.20438744018
4194.46 5.46027020107
4197.21 5.63827559995
4199.95 5.33092869312
4202.7 5.24313691476
4205.45 5.45262626174
4208.2 5.75641608789
4210.95 5.62662048454
4213.7 5.30481820732
4216.45 5.11228175547
4219.2 5.43506790607
4221.95 5.54730515375
4224.69 4.99580628401
4227.44 5.25040244125
4230.19 5.57863773672
4232.94 5.14111681371
4235.69 5.28718416908
4238.44 5.42765101445
4241.19 5.04424312724
4243.94 5.13369992209
4246.68 5.35280095515
4249.43 5.17070869762
4252.18 5.23503888004
4254.93 5.35628235325
4257.68 5.49917104079
4260.43 5.63850264765
4263.18 5.86547466773
4265.93 5.497733072
4268.67 5.21937258855
4271.42 5.07322955061
4274.17 4.97340424401
4276.92 5.43014853918
4279.67 4.86146972661
4282.42 4.81886044108
4285.17 5.41198472297
4287.92 4.89355913525
4290.67 4.74264809555
4293.41 5.07156453413
4296.16 4.79835046527
4298.91 4.56804841221
4301.66 4.68232908922
4304.41 4.46390919926
4307.16 4.541483831
4309.91 4.93079495848
4312.66 4.63336246801
4315.4 5.06028783156
4318.15 4.50144775277
4320.9 4.44468582711
4323.65 4.71797557853
4326.4 4.95304563334
4329.15 4.7325066315
4331.9 4.89749462876
4334.65 5.12310436263
4337.39 4.71903513448
4340.14 5.43385698499
4342.89 4.98452958144
4345.64 4.2816655766
4348.39 4.60558696572
4351.14 5.22686516274
4353.89 4.86601068066
4356.64 4.42122423117
4359.38 4.6779395003
4362.13 4.88773157755
4364.88 5.03054458252
4367.63 5.01790559373
4370.38 5.12605598276
4373.13 4.57773578086
4375.88 4.77360226568
4378.63 5.01101848009
4381.38 4.310122222
4384.12 4.69345442665
4386.87 4.89272662701
4389.62 4.68248045435
4392.37 5.00647752603
4395.12 5.25426225219
4397.87 5.05271957481
4400.62 4.51454083696
4403.37 5.08601990453
4406.11 4.81212469256
4408.86 4.70548795489
4411.61 4.85246350107
4414.36 4.73674485528
4417.11 5.10448645101
4419.86 4.93942277118
4422.61 4.85125257999
4425.36 4.82574755472
4428.1 5.03917239522
4430.85 5.62291203873
4433.6 5.0121537186
4436.35 4.7493081615
4439.1 4.85412851756
4441.85 4.8948457389
4444.6 5.14686868884
4447.35 4.83785676553
4450.1 5.2890005507
4452.84 5.33062596285
4455.59 5.49637078579
4458.34 5.20226832829
4461.09 5.48781865566
4463.84 4.69413556975
4466.59 4.98256183469
4469.34 5.02396019914
4472.09 5.46617344134
4474.83 5.44793394256
4477.58 4.62541579842
4480.33 4.99898495185
4483.08 4.88228243268
4485.83 5.49659783349
4488.58 4.83240762067
4491.33 5.11697407466
4494.08 5.24737513855
4496.82 5.36263968893
4499.57 4.78389509487
4502.32 5.41955297973
4505.07 5.43067831716
4507.82 5.78086155721
4510.57 5.21104750612
4513.32 5.91489538434
4516.07 5.55563023618
4518.82 5.20885271166
4521.56 4.72478700961
4524.31 5.1919754991
4527.06 4.7805650619
4529.81 4.52733119087
4532.56 4.83324012891
4535.31 5.03584236224
4538.06 4.93586569051
4540.81 5.06679653237
4543.55 5.19833283478
4546.3 5.14497662465
4549.05 4.65515904746
4551.8 4.97158786239
4554.55 5.14421979898
4557.3 5.27658860962
4560.05 5.03273937697
4562.8 5.45936201026
4565.54 4.77852163257
4568.29 5.03728033103
4571.04 5.3342587261
4573.79 5.1378624633
4576.54 5.19447302383
4579.29 5.64319496684
4582.04 5.36453175312
4584.79 4.54314884749
4587.54 4.94494759862
4590.28 5.23102770396
4593.03 5.37058635852
4595.78 5.29603902948
4598.53 4.85988039269
4601.28 4.85465829553
4604.03 4.83452673256
4606.78 5.46950347431
4609.53 5.54306692997
4612.27 5.38481468122
4615.02 5.22156738301
4617.77 5.21770757207
4620.52 5.79312213315
4623.27 5.42583463283
4626.02 5.14490094208
4628.77 4.90771177538
4631.52 5.15920494735
4634.26 4.81197332743
4637.01 5.07088339102
4639.76 5.70911448317
4642.51 5.25789501544
4645.26 5.45186943607
4648.01 4.95016969578
4650.76 5.41781228067
4653.51 4.96818214685
4656.26 5.00473682698
4659.0 5.44195501972
4661.75 5.58862783563
4664.5 5.28385413611
4667.25 4.91452320646
4670.0 5.23685526166
4672.75 5.45088556269
4675.5 5.15844812168
4678.25 5.24548307436
4680.99 5.64243814116
4683.74 5.33478850407
4686.49 5.08707946048
4689.24 5.11644429669
4691.99 4.98763256671
4694.74 5.20158718518
4697.49 5.30277477799
4700.24 5.16541091789
4702.98 4.94721807564
4705.73 4.73122002785
4708.48 4.51317855074
4711.23 4.37755538969
4713.98 5.12499642682
4716.73 5.02789569265
4719.48 4.6777124526
4722.23 5.18584521113
4724.98 5.21452890423
4727.72 5.13332150925
4730.47 4.84966324607
4733.22 5.1236341406
4735.97 4.7210785638
4738.72 5.12143934614
4741.47 4.62904856166
4744.22 5.19575962748
4746.97 4.69004871111
4749.71 4.77905141055
4752.46 4.81492494756
4755.21 4.90816587079
4757.96 4.79941002122
4760.71 5.29679585516
4763.46 4.92345374943
4766.21 4.7975936396
4768.96 5.12212048925
4771.7 5.08882015953
4774.45 5.0466649694
4777.2 5.18970502207
4779.95 4.96818214685
4782.7 4.71139119516
4785.45 4.6527372053
4788.2 4.98278888239
4790.95 4.8006209423
4793.7 4.69617899908
4796.44 4.90052193146
4799.19 5.09199882737
4801.94 4.92163736781
4804.69 5.1975760091
4807.44 4.88810999039
4810.19 5.0345557586
4812.94 5.19750032653
4815.69 4.96613871753
4818.43 5.29611471205
4821.18 5.20067899437
4823.93 4.95032106091
4826.68 4.92481603565
4829.43 4.93526022997
4832.18 4.88818567295
4834.93 4.75377343298
4837.68 4.62496170301
4840.42 4.67960451678
4843.17 4.81401675675
4845.92 4.5468572933
4848.67 4.65167764936
4851.42 4.39420555455
4854.17 4.41516962576
4856.92 5.38625265
4859.67 6.68072728539
4862.42 7.34552295875
4865.16 6.52686462556
4867.91 5.45981610566
4870.66 4.39617330131
4873.41 4.27485414552
4876.16 4.41494257806
4878.91 4.66355981246
4881.66 4.62700513234
4884.41 4.7810191573
4887.15 5.0296363917
4889.9 4.80077230743
4892.65 4.70389862097
4895.4 4.69504376056
4898.15 4.98854075753
4900.9 4.74506993772
4903.65 5.13074830195
4906.4 4.88659633903
4909.14 4.42334334306
4911.89 4.71328325934
4914.64 4.6011973768
4917.39 4.60944677666
4920.14 4.60006213829
4922.89 4.58916384856
4925.64 4.28287649768
4928.39 4.51090807371
4931.14 4.68111816813
4933.88 4.84603048283
4936.63 4.80508621378
4939.38 5.13377560465
4942.13 5.11599020128
4944.88 5.00761276455
4947.63 5.06407195994
4950.38 4.90574402862
4953.13 5.11810931317
4955.87 5.38405785554
4958.62 5.79198689464
4961.37 5.37323524838
4964.12 5.38405785554
4966.87 4.66310571706
4969.62 4.81447085216
4972.37 4.39942765171
4975.12 4.4015467636
4977.86 4.63949275598
4980.61 4.47662387061
4983.36 4.35719677902
4986.11 4.21900041067
4988.86 4.09253484029
4991.61 4.59022340451
4994.36 4.18812192311
4997.11 4.29786164606
4999.86 4.87123277782
5002.6 5.35930965596
5005.35 6.3879871141
5008.1 6.87205281615
5010.85 6.62441945513
5013.6 5.53701232456
5016.35 4.74764314501
5019.1 5.20627950437
5021.85 4.59983509059
5024.59 4.32730216484
5027.34 4.76762334285
5030.09 4.59665642275
5032.84 4.66174343084
5035.59 4.74461584231
5038.34 4.54004586222
5041.09 3.97537822573
5043.84 4.42470562927
5046.58 4.4612603094
5049.33 4.56706453884
5052.08 4.36658141739
5054.83 4.35810496983
5057.58 4.25343597891
5060.33 4.82816939689
5063.08 4.64463917058
5065.83 4.58628791099
5068.58 4.73137139299
5071.32 4.7549086715
5074.07 4.18789487541
5076.82 4.59052613478
5079.57 4.60573833085
5082.32 4.21544333
5085.07 3.83695480968
5087.82 4.54549500708
5090.57 4.55260916843
5093.31 4.25638759904
5096.06 4.18827328825
5098.81 4.41441280009
5101.56 4.43507414103
5104.31 3.95108412154
5107.06 4.39867082604
5109.81 4.49917727574
5112.56 4.48078641183
5115.3 4.42644632833
5118.05 3.99384477221
5120.8 4.40207654158
5123.55 4.29422888282
5126.3 4.34319550402
5129.05 4.34259004348
5131.8 4.44483719224
5134.55 4.27742735282
5137.3 4.23141235175
5140.04 4.66794940138
5142.79 4.31965822551
5145.54 4.02071208369
5148.29 4.50666984993
5151.04 4.3472066801
5153.79 4.33971410591
5156.54 4.01511157369
5159.29 4.38852936198
5162.03 4.38830231428
5164.78 4.2184706327
5167.53 4.15633524474
5170.28 3.8646546294
5173.03 4.07308442043
5175.78 4.30209986984
5178.53 4.48237574575
5181.28 4.42932226589
5184.02 3.97106431938
5186.77 4.20257729351
5189.52 4.25494963026
5192.27 4.93389794375
5195.02 4.5927966118
5197.77 4.59832143923
5200.52 4.41199095793
5203.27 4.87047595215
5206.02 4.25116550188
5208.76 4.00504579221
5211.51 4.47647250548
5214.26 4.61270112707
5217.01 4.1816132223
5219.76 4.4957715602
5222.51 4.08534499638
5225.26 4.34183321781
5228.01 4.51264877277
5230.75 4.36529481375
5233.5 4.10615770245
5236.25 4.33282699227
5239.0 4.42077013576
5241.75 4.12250513704
5244.5 4.70420135124
5247.25 4.20583164392
5250.0 4.20030681649
5252.74 3.98869835762
5255.49 4.21385399608
5258.24 4.66204616111
5260.99 4.29559116903
5263.74 4.16867150325
5266.49 4.11970488205
5269.24 4.17767772879
5271.99 4.35719677902
5274.73 4.31367930268
5277.48 4.1725313142
5280.23 4.18903011392
5282.98 4.17676953798
5285.73 4.85988039269
5288.48 4.28333059309
5291.23 4.27674620971
5293.98 4.13976076245
5296.73 4.27765440052
5299.47 4.33290267483
5302.22 4.43363617224
5304.97 3.92330861925
5307.72 4.54829526208
5310.47 4.55677170965
5313.22 4.33767067659
5315.97 4.2926395489
5318.72 4.39745990496
5321.46 4.42198105684
5324.21 4.44218830238
5326.96 4.41736442022
5329.71 4.15989232541
5332.46 4.38141520063
5335.21 3.89038670237
5337.96 4.43764734832
5340.71 4.50841054898
5343.45 4.43628506211
5346.2 4.5608585683
5348.95 4.41305051387
5351.7 4.60187851991
5354.45 4.54065132276
5357.2 4.65932158868
5359.95 4.60483014004
5362.7 4.55858809127
5365.45 4.25691737701
5368.19 3.93125528884
5370.94 4.45921688008
5373.69 4.49864749777
5376.44 4.332524262
5379.19 4.16284394555
5381.94 4.28877973795
5384.69 4.6296540222
5387.44 4.52036839466
5390.18 4.62526443328
5392.93 4.61466887383
5395.68 4.48517600075
5398.43 4.2240711427
5401.18 4.30580831565
5403.93 4.14657219353
5406.68 4.22717412797
5409.43 4.01897138464
5412.17 4.11455846745
5414.92 3.82189397873
5417.67 4.4353768713
5420.42 4.15391340258
5423.17 4.51037829574
5425.92 4.2982400589
5428.67 4.27848690877
5431.42 4.452405449
5434.17 4.28053033809
5436.91 4.76686651717
5439.66 4.5237741102
5442.41 4.39284326833
5445.16 4.51431378925
5447.91 4.57289209654
5450.66 4.55896650411
5453.41 4.92141032011
5456.16 4.79676113135
5458.9 4.77927845825
5461.65 4.41638054684
5464.4 3.98135714856
5467.15 3.64918635958
5469.9 3.98135714856
5472.65 4.00368350599
5475.4 4.20159342013
5478.15 4.24268905431
5480.89 4.2469272781
5483.64 4.16617397852
5486.39 4.2072696127
5489.14 3.9192217606
5491.89 3.96629631762
5494.64 4.32578851349
5497.39 4.24026721215
5500.14 4.25714442472
5502.89 4.42304061279
5505.63 4.37808516766
5508.38 4.40934206806
5511.13 4.30164577444
5513.88 4.29816437633
5516.63 3.97386457438
5519.38 4.27962214728
5522.13 4.27387027215
5524.88 4.44196125468
5527.62 4.36711119537
5530.37 4.41827261103
5533.12 4.52861779452
5535.87 4.68414547084
5538.62 4.6807397553
5541.37 4.62609694153
5544.12 4.43219820346
5546.87 4.64781783841
5549.61 4.20371253203
5552.36 4.06059679679
5555.11 4.46580126345
5557.86 4.40601203509
5560.61 4.57894670194
5563.36 4.42077013576
5566.11 4.54980891343
5568.86 4.62193440031
5571.61 4.201442055
5574.35 4.35409379375
5577.1 4.10381154286
5579.85 4.26940500066
5582.6 4.28310354539
5585.35 4.12591085258
5588.1 4.39125393442
5590.85 4.03168605598
5593.6 3.94449973817
5596.34 4.24632181756
5599.09 4.04803349057
5601.84 4.79865319554
5604.59 4.11637484907
5607.34 3.91604309277
5610.09 3.81023886333
5612.84 4.46807174048
5615.59 4.27114569971
5618.33 4.08579909178
5621.08 4.28620653066
5623.83 3.97530254316
5626.58 4.06672708476
5629.33 4.04046523382
5632.08 4.35530471483
5634.83 4.68694572584
5637.58 4.56880523789
5640.33 4.28953656363
5643.07 4.35439652402
5645.82 4.59446162829
5648.57 4.24541362675
5651.32 4.26024740999
5654.07 4.20280434122
5656.82 4.43795007859
5659.57 4.41259641847
5662.32 4.56312904532
5665.06 4.15610819704
5667.81 4.2102969154
5670.56 4.12628926542
5673.31 4.03766497882
5676.06 4.42379743846
5678.81 4.77534296474
5681.56 4.55510669316
5684.31 4.37399830901
5687.05 4.3210961943
5689.8 4.1102445611
5692.55 4.20227456324
5695.3 4.3444064251
5698.05 4.33873023254
5700.8 4.04848758598
5703.55 4.190241035
5706.3 4.41093140198
5709.05 4.31148450822
5711.79 4.03388085044
5714.54 4.13756596799
5717.29 4.24730569094
5720.04 4.19016535243
5722.79 4.21582174283
5725.54 4.14309079542
5728.29 4.14566400271
5731.04 4.32745352997
5733.78 4.54065132276
5736.53 4.38466955104
5739.28 4.39745990496
5742.03 4.28552538755
5744.78 4.07656581854
5747.53 4.12492697921
5750.28 4.1760127123
5753.03 4.36408389267
5755.77 4.37793380253
5758.52 4.18221868284
5761.27 4.24094835526
5764.02 4.42515972468
5766.77 4.08110677259
5769.52 4.22164930054
5772.27 4.14664787609
5775.02 4.14339352569
5777.77 4.29786164606
5780.51 4.16730921703
5783.26 4.04576301355
5786.01 4.07558194516
5788.76 4.21741107675
5791.51 4.06377546463
5794.26 4.00928401599
5797.01 4.10827681434
5799.76 4.21423240892
5802.5 4.46852583589
5805.25 4.3131495247
5808.0 4.04757939517
5810.75 4.20870758148
5813.5 4.19659837068
5816.25 4.18653258919
5819.0 4.15489727596
5821.75 4.10895795745
5824.49 4.28174125917
5827.24 4.15981664285
5829.99 4.07384124611
5832.74 4.24806251661
5835.49 4.13226818826
5838.24 4.15398908515
5840.99 4.20431799257
5843.74 4.04863895112
5846.49 3.79775123969
5849.23 3.98801721451
5851.98 4.24783546891
5854.73 4.33706521605
5857.48 4.77882436284
5860.23 3.94510519871
5862.98 4.19614427527
5865.73 4.25903648891
5868.48 3.88879736845
5871.22 3.77640875564
5873.97 4.07633877084
5876.72 4.48002958615
5879.47 4.15535137136
5882.22 4.11955351691
5884.97 4.05938587571
5887.72 3.9591064737
5890.47 2.53612283862
5893.21 1.75159734339
5895.96 0.89850344196
5898.71 1.91022800498
5901.46 3.01103095
5904.21 3.56601121785
5906.96 3.77958742347
5909.71 3.85829729373
5912.46 4.20083659446
5915.21 3.99808299599
5917.95 3.5906080523
5920.7 4.36022408172
5923.45 4.32253416308
5926.2 4.55942059951
5928.95 4.50250730872
5931.7 4.12258081961
5934.45 3.69520136065
5937.2 3.67136135188
5939.94 4.16473600974
5942.69 4.14672355866
5945.44 3.79442120671
5948.19 3.66182534836
5950.94 4.09548646043
5953.69 4.38194497861
5956.44 3.36280352397
5959.19 3.95093275641
5961.93 4.60225693275
5964.68 3.93526646492
5967.43 3.99331499424
5970.18 4.20938872459
5972.93 4.14135009636
5975.68 3.57123331501
5978.43 3.54875559244
5981.18 3.72744213443
5983.93 3.48041423395
5986.67 4.08163655057
5989.42 3.62368133432
5992.17 3.88629984372
5994.92 4.00731626923
5997.67 3.67052884363
6000.42 4.27848690877
6003.17 4.31451181092
6005.92 4.11819123069
6008.66 3.90839915344
6011.41 3.52514263137
6014.16 3.70042345782
6016.91 4.08065267719
6019.66 4.21862199783
6022.41 3.79321028563
6025.16 3.85595113413
6027.91 3.87782339615
6030.65 3.87313107697
6033.4 4.11925078664
6036.15 3.97757302019
6038.9 4.33116197578
6041.65 4.13135999745
6044.4 3.91119940844
6047.15 4.15414045028
6049.9 4.18955989189
6052.65 4.29551548646
6055.39 3.92050836425
6058.14 3.80849816428
6060.89 3.80857384684
6063.64 3.82522401171
6066.39 3.99467728045
6069.14 4.13067885434
6071.89 4.10820113178
6074.64 3.99384477221
6077.38 3.83854414359
6080.13 3.824996964
6082.88 4.03350243761
6085.63 4.06006701882
6088.38 3.93564487776
6091.13 3.89833337196
6093.88 4.02525303774
6096.63 4.00307804545
6099.37 4.11085002164
6102.12 4.07633877084
6104.87 3.82605651995
6107.62 3.99134724748
6110.37 4.17760204622
6113.12 3.98514127694
6115.87 3.85110744981
6118.62 4.13923098447
6121.37 4.50735099304
6124.11 4.1561838796
6126.86 3.8961385775
6129.61 4.09351871367
6132.36 3.91104804331
6135.11 3.66190103093
6137.86 3.97681619451
6140.61 3.84036052522
6143.36 3.49608052543
6146.1 3.62776819297
6148.85 3.95804691776
6151.6 4.12326196272
6154.35 4.1218996765
6157.1 4.11629916651
6159.85 3.92580614398
6162.6 3.59658697514
6165.35 3.73296696186
6168.09 3.88667825656
6170.84 3.72804759497
6173.59 3.61596171243
6176.34 3.59454354581
6179.09 3.92603319168
6181.84 3.99354204194
6184.59 3.87464472832
6187.34 3.98294648248
6190.08 4.00799741234
6192.83 3.80380584509
6195.58 4.00799741234
6198.33 3.97742165505
6201.08 3.66250649147
6203.83 3.75423376334
6206.58 3.98847130991
6209.33 3.87615837967
6212.08 3.81205524495
6214.82 3.88198593737
6217.57 3.98521695951
6220.32 3.89000828953
6223.07 3.59469491095
6225.82 3.94472678587
6228.57 3.6139182831
6231.32 3.49865373273
6234.07 3.80176241577
6236.81 2.98787208433
6239.56 3.39663363167
6242.31 3.51545526272
6245.06 3.63359575067
6247.81 3.74356252132
6250.56 4.24321883229
6253.31 4.03168605598
6256.06 4.21294580527
6258.8 3.24700919562
6261.55 3.74923871389
6264.3 3.65978191904
6267.05 3.49956192354
6269.8 4.14649651096
6272.55 4.14975086136
6275.3 3.51553094529
6278.05 3.67809710039
6280.8 3.59953859527
6283.54 3.78337155185
6286.29 3.76407249713
6289.04 5.02297632576
6291.79 7.99207913334
6294.54 8.4597974008
6297.29 7.48235704088
6300.04 2.22870024923
6302.79 1.94708541537
6305.53 2.56094672077
6308.28 2.70966296601
6311.03 3.65622483837
6313.78 4.02858307071
6316.53 3.9819626091
6319.28 3.74325979105
6322.03 3.53437590461
6324.78 4.00224553721
6327.52 3.72025229051
6330.27 3.31027982209
6333.02 4.38239907401
6335.77 3.72327959322
6338.52 4.02109049653
6341.27 3.60143065946
6344.02 3.67204249498
6346.77 3.79676736631
6349.52 4.30603536335
6352.26 4.12674336083
6355.01 3.64123968999
6357.76 3.58008817541
6360.51 3.76747821266
6363.26 3.6449481358
6366.01 3.73410220038
6368.76 3.58689960649
6371.51 3.41880862396
6374.25 3.78730704536
6377.0 3.38043756221
6379.75 3.99482864559
6382.5 3.55390200704
6385.25 4.01125176275
6388.0 3.9157403625
6390.75 3.56449756649
6393.5 3.65138115404
6396.24 3.7244905143
6398.99 3.80622768725
6401.74 3.8016867332
6404.49 3.81538527792
6407.24 3.6930065662
6409.99 3.75605014496
6412.74 3.79003161779
6415.49 3.90400956453
6418.24 3.75461217618
6420.98 3.5078113234
6423.73 3.85390770481
6426.48 4.09707579435
6429.23 4.04197888517
6431.98 3.81243365779
6434.73 3.55708067487
6437.48 3.76074246415
6440.23 4.00822446004
6442.97 3.89659267291
6445.72 3.89348968764
6448.47 4.1615573419
6451.22 4.25328461377
6453.97 3.92383839722
6456.72 4.12931656812
6459.47 4.02328529099
6462.22 3.83097588684
6464.96 3.730318072
6467.71 3.55511292812
6470.46 3.57728792041
6473.21 3.65728439431
6475.96 3.71260835119
6478.71 3.76043973388
6481.46 3.47277029462
6484.21 3.56646531325
6486.96 3.79336165077
6489.7 4.02828034044
6492.45 3.90416092966
6495.2 3.944878151
6497.95 3.78397701239
6500.7 3.43258285125
6503.45 3.05712163364
6506.2 3.36197101573
6508.95 3.25351789643
6511.69 3.68377329295
6514.44 3.99725048775
6517.19 3.62451384256
6519.94 4.2760650666
6522.69 4.11705599218
6525.44 4.10237357408
6528.19 4.02381506896
6530.94 3.93420690898
6533.68 3.77898196293
6536.43 3.78950183982
6539.18 4.41236937076
6541.93 4.38648593266
6544.68 4.4978906721
6547.43 4.75369775042
6550.18 5.17933651032
6552.93 4.20764802554
6555.68 5.48358043187
6558.42 8.08062773737
6561.17 12.246953081
6563.92 14.5961399778
6566.67 12.0236895068
6569.42 7.54138944357
6572.17 5.06967246994
6574.92 4.08473953584
6577.67 3.79971898644
6580.41 4.96235458915
6583.16 6.18409827712
6585.91 6.26265678224
6588.66 5.38670674541
6591.41 4.12644063056
6594.16 3.65970623647
6596.91 3.77073256307
6599.66 3.95168958208
6602.4 3.67771868755
6605.15 3.6650040162
6607.9 3.64676451742
6610.65 3.84845855994
6613.4 3.97212387532
6616.15 3.87244993386
6618.9 3.98067600545
6621.65 3.82673766306
6624.4 3.8471719563
6627.14 3.91346988547
6629.89 3.84490147927
6632.64 3.86942263116
6635.39 3.6302657177
6638.14 3.72782054727
6640.89 3.92898481182
6643.64 4.00807309491
6646.39 3.85125881494
6649.13 3.66492833363
6651.88 3.68468148376
6654.63 3.99195270802
6657.38 4.02199868734
6660.13 3.9360232906
6662.88 3.64903499445
6665.63 3.80365447995
6668.38 3.84126871603
6671.12 4.24246200661
6673.87 3.65766280715
6676.62 3.57024944163
6679.37 3.59461922838
6682.12 3.86647101102
6684.87 4.03236719909
6687.62 3.87638542737
6690.37 3.68891970755
6693.12 3.63745556161
6695.86 4.07717127908
6698.61 4.06763527557
6701.36 3.29923016723
6704.11 3.92641160452
6706.86 4.06377546463
6709.61 3.43492901085
6712.36 4.35326128551
6715.11 6.247822999
6717.85 6.55244533339
6720.6 5.7088117529
6723.35 5.07898142575
6726.1 4.47299110737
6728.85 5.10955718304
6731.6 6.10659932795
6734.35 5.54072077037
6737.1 3.861400279
6739.84 3.48896636408
6742.59 3.35145113884
6745.34 3.64835385134
6748.09 3.13832902862
6750.84 3.50796268853
6753.59 3.79812965252
6756.34 3.29022394169
6759.09 3.53868981096
6761.84 3.74204886997
6764.58 3.64018013404
6767.33 3.7760303428
6770.08 3.7965403186
6772.83 3.7764844382
6775.58 3.84369055819
6778.33 3.55639953177
6781.08 3.62761682783
6783.83 3.74409229929
6786.57 3.63987740377
6789.32 3.49010160259
6792.07 3.5791799846
6794.82 3.71147311268
6797.57 3.84618808292
6800.32 3.69452021755
6803.07 3.38702194559
6805.82 3.4882095384
6808.56 3.71101901727
6811.31 3.86011367535
6814.06 3.78253904361
6816.81 3.72880442065
6819.56 4.33645975551
6822.31 5.01866241941
6825.06 4.70170382651
6836.13 3.56177299406
6851.89 3.53664638164
6867.68 3.46353702138
6883.52 3.50311900421
6899.38 3.52680764785
6915.29 3.52620218731
6931.23 3.51749869205
6947.21 3.54951241812
6963.22 3.51636345353
6979.28 3.54012777974
6995.36 3.49903214556
7011.49 3.45839060679
7027.65 3.50591925921
7043.85 3.52150986813
7060.09 3.5535235942
7076.36 3.45612012976
7092.68 3.44756799963
7109.03 3.4390158695
7125.42 3.44635707855
7141.84 3.37513978248
7158.31 3.3512997737
7174.81 3.29718673791
7191.35 3.15550897145
7207.93 3.21363318333
7224.54 3.37226384492
7241.19 3.24965808548
7257.89 3.28674254358
7274.62 3.38603807221
7291.39 3.35440275897
7308.2 3.34607767654
7325.04 3.3765020687
7341.93 3.40715350856
7358.86 3.39867706099
7375.82 3.39807160045
7392.82 3.35856530019
7409.86 3.38127007045
7426.95 3.37286930546
7444.07 3.40352074531
7461.23 3.40291528477
7478.43 3.38664353275
7495.67 3.38603807221
7512.94 3.36991768532
7530.27 3.35379729843
7547.62 3.37642638613
7565.02 3.32185925493
7582.46 3.35198091681
7599.94 3.25253402305
7617.46 3.24443598832
7635.02 3.28901302061
7652.62 3.23580817562
7670.26 3.05424569607
7687.94 3.13923721943
7705.67 3.13863175889
7723.43 3.08792443863
7741.23 3.15195189078
7759.08 3.07256087742
7776.97 3.05787845931
7794.89 3.07846411768
7812.86 3.10639098511
7830.88 3.13454490024
7848.93 3.11955975186
7867.02 3.14786503213
7885.16 3.10404482552
7903.33 3.0679442408
7921.55 3.03926054769
7939.81 3.01776669851
7958.12 2.99634853189
7976.46 3.05855960242
7994.85 3.0509156631
8013.28 3.04334740634
8031.75 3.06385738215
8050.26 3.08444304052
8068.83 3.0767991012
8087.42 3.06204100053
8106.07 3.019431715
8124.76 3.06083007945
8143.48 3.02518359013
8162.26 2.95578267569
8181.07 3.04501242283
8199.93 2.9545717546
8218.83 2.99513761081
8237.78 2.75628342762
8256.77 3.02162650945
8275.8 3.04894791634
8294.88 2.91786570934
8314.01 2.89054430246
8333.17 2.93012628529
8352.38 2.93633225583
8371.64 2.93572679528
8390.93 2.88153807692
8410.27 2.91430862867
8429.67 2.92043891664
8449.1 2.79488153707
8468.57 2.87919191732
8488.09 2.89856665462
8507.66 2.41041409392
8527.27 2.83794491801
8546.93 2.62368756927
8566.64 2.82371659531
8586.38 2.87563483665
8606.18 2.68317406737
8626.02 2.82848459707
8645.9 2.82787913653
8665.83 2.68763933885
8685.81 2.65630675589
8705.83 2.73017294182
8725.9 2.77391746586
8746.01 2.70398677345
8766.18 2.6662968548
8786.39 2.76581943113
8806.64 2.74614196357
8826.94 2.75825117438
8847.29 2.69490486534
8867.68 2.60885378603
8888.12 2.62633645914
8908.62 2.66228567872
8929.15 2.69255870574
8949.73 2.67961698669
8970.37 2.56435243631
8991.05 2.58153237915
9011.77 2.44220077229
9032.55 2.45862388945
9053.37 2.751666791
9074.24 2.65153875413
9095.16 2.58463536442
9116.13 2.52522454889
9137.14 2.52469477092
9158.2 2.52991686808
9179.32 2.46611646363
9200.47 2.57585618658
9221.68 2.40337561513
9242.94 2.43062133945
9264.25 2.53877172848
9285.6 2.57351002699
9307.01 2.34116454461
9328.47 2.5487618274
9349.97 2.53650125146
9371.52 2.51841311781
9393.13 2.52363521497
9414.78 2.48844282106
9436.48 2.50516866849
9458.24 2.48730758255
9480.04 2.48670212201
9501.89 2.45203950607
9523.8 2.41230615811
9545.76 2.29257633624
9567.76 2.40004558216
9589.82 2.42729130648
9611.92 2.41556050851
9634.08 2.40943022054
9656.29 2.38680113284
9678.55 2.38074652744
9700.86 2.38566589433
9723.22 2.35781470947
9745.64 2.34638664177
9768.1 2.3458568638
9790.62 2.32375755407
9813.19 2.33389901812
9835.81 2.32262231556
9858.49 2.31671907529
9881.21 2.30022027556
9903.99 2.28387284097
9926.82 2.27804528327
9949.7 2.27221772557
9972.64 2.26124375327
9995.63 2.25034546355
10018.67 2.19857858734
10064.91 2.15241222114
10134.69 2.1807175014
10181.46 2.15960206505
10228.47 2.14370872587
10275.67 2.12781538668
10299.36 2.11267887317
10490.84 2.03207693873
10710.52 1.94080376227
10909.64 1.8406757254
11112.46 1.80298580676
11293.02 1.73774743353
11502.97 1.69037014624
11689.88 1.63300276004
11907.22 1.57389467478
12100.7 1.52401986276
12297.32 1.48247013318
12497.13 1.44205564211
12700.19 1.39952203914
12906.55 1.35827503983
13086.1 1.324293567
13298.74 1.28524136214
13514.82 1.2617797662
13702.83 1.23022013553
13893.46 1.19941733054
14086.74 1.16944703379
14315.63 1.14280677001
14514.78 1.12978936839
14716.7 1.10405729543
14887.1 1.09141830665
15094.2 1.07393563354
15304.19 1.06651874192
15517.09 1.05675569071
15696.77 1.03268863423
15915.14 1.00461040167
16099.41 0.997647605451
16285.84 0.988490014777
16512.4 0.954962637352
16703.61 0.933241740465
16897.03 0.901530744662
17092.68 0.878977339532
17290.6 0.839395356703
17490.83 0.82032334968
17693.36 0.794288546443
17898.23 0.769086251448
18105.48 0.736179471077
18315.14 0.719423350622
18484.62 0.698201958681
18698.64 0.668314912755
18915.17 0.653102716677
19090.2 0.6367704186
19311.23 0.615155477307
19489.93 0.5888179438
19715.61 0.575414561087
19898.03 0.55973313309
20082.15 0.546995756971
20314.7 0.528423254894
20502.65 0.517585511221
20692.37 0.50116996232
20883.84 0.487509258877
21077.06 0.475316797244
21321.13 0.463427065882
21518.42 0.450795645358
21717.52 0.433494610416
21918.47 0.426562087228
22121.27 0.413983644501
22274.62 0.40269937368
22480.73 0.392626023939
22688.73 0.381932077144
22898.68 0.350735722799
23110.54 0.347519213678
23324.39 0.313318261402
23486.05 0.300596021797
23703.38 0.302677292405
23922.71 0.279889271315
24088.53 0.274144964438
24311.42 0.272260468506
24479.93 0.257033135915
24706.45 0.256435243631
24877.7 0.232262231556
25107.9 0.230135551408
25281.92 0.229075995462
25515.87 0.225412959192
25692.72 0.224898317733
25870.83 0.219275102964
26110.19 0.216762441721
26291.19 0.210851633196
26473.42 0.208921727723
26718.39 0.203699630562
26903.58 0.200899375563
27090.08 0.197236339293
27277.85 0.193187321929
27530.26 0.189229123647
27721.08 0.185346607931
27913.25 0.182379851283
28106.72 0.178641132446
28301.56 0.175379213785
28497.72 0.171390742475
28695.28 0.167099540895
28894.17 0.16442794626
29094.47 0.161060072004
29296.13 0.157389467478
29499.19 0.1541653901
29703.68 0.151001858777
29909.56 0.147906441764
30116.91 0.144871570805
30325.65 0.14124637582
30465.65 0.138991035307
30676.81 0.136455669294
30889.44 0.133655414294
31103.57 0.130915705349
31319.16 0.128524136214
31536.27 0.125890382864
31681.82 0.12358963281
31901.45 0.121334292297
32122.57 0.119396818568
32270.83 0.118026964095
32494.54 0.117754506852
32719.76 0.121054266797
32870.82 0.133042385497
33098.65 0.130915705349
33328.06 0.114023356272
33481.92 0.106651874192
33713.99 0.102322831328
33869.63 0.0993106651398
34104.39 0.0968207086674
34261.79 0.0946183459517
34499.31 0.0926808722224
34738.42 0.0905693285877
34898.8 0.0887151056827
35059.87 0.0870954987371
35302.88 0.0851126154673
35465.86 0.0835535545758
35711.68 0.0818431285491
35876.5 0.0801629755495
36125.21 0.0787023019958
36291.94 0.0772643332123
36459.45 0.0755062271681
36712.19 0.074128047613
36881.64 0.0726075848309
37137.31 0.0712823830731
37308.72 0.0699813997369
37480.91 0.0682316187752
37740.74 0.0674505746781
37914.93 0.066219219304
38089.93 0.0648607172165
38265.77 0.063823866041
38530.99 0.0628036650304
38708.83 0.0615155477307
38887.53 0.0603924184283
39067.02 0.0592904802448
39337.8 0.0583421776733
39519.4 0.0572773239479
39701.8 0.05623214769
39885.05 0.0552058920741
40069.18 0.0541978002743
40254.12 0.0533312348758
40533.12 0.0522376217747
40720.24 0.0516397294911
40908.19 0.0508140326791
41097.0 0.0500012019036
41286.72 0.0492019939903
41477.28 0.0484156521134
41668.72 0.0475316797244
41861.09 0.0468792959921
42054.29 0.0461300385734
42345.78 0.0454973323087
42541.27 0.0447692660088
42737.62 0.0440540657455
42934.87 0.0423625603607
43133.08 0.0408299883678
43332.16 0.0408299883678
43532.16 0.0391725401385
43733.08 0.0383695480968
43934.98 0.0377557624739
44137.75 0.0363904489553
44341.47 0.0360566888324
44546.17 0.0353982504947
44648.86 0.0342751211923
44854.93 0.0343545878882
45061.96 0.0336499831843
45269.99 0.0328083930332
45478.93 0.0326577847237
45688.84 0.0323580817562
45899.76 0.0313318261402
46111.61 0.0314763798443
46324.44 0.0309019491566
46538.3 0.0305477547404
46753.09 0.0303381140283
46860.86 0.0299907310432
47077.15 0.029510903565
47294.48 0.029510903565
47512.76 0.0290394011691
47732.06 0.0287063978719
47952.42 0.0284437793625
48062.95 0.0279245969491
48284.78 0.0279889271315
48507.64 0.0275408863316
48731.58 0.0271632303196
48843.91 0.0269142346723
49069.34 0.0266062066224
49295.82 0.0263625087549
49523.4 0.0260605353103
49751.97 0.0258811676253
49866.65 0.0255852487861
50096.81 0.0254709681091
50328.08 0.0253582010835
50444.09 0.0250123317498
50676.92 0.0249593539525
50793.73 0.0249608676038
50910.81 0.0249631380809
51028.22 0.0248503710552
51145.84 0.0247383608552
51263.74 0.0246271074809
51381.91 0.0245718592066
51500.35 0.024517367758
51619.06 0.024519638235
51738.1 0.024577913812
51857.36 0.0244674172634
51976.9 0.0243569207148
52096.71 0.0243024292661
52216.79 0.0242486946432
52337.16 0.0241949600202
52457.79 0.0241412253973
52578.77 0.0241427390486
52699.97 0.0242010146256
52821.45 0.024146523177
52943.2 0.0239822920054
53065.24 0.0239293142081
53187.56 0.0239308278595
53310.22 0.0239330983365
53433.11 0.0238801205392
53556.27 0.0238816341906
53679.73 0.0238286563933
53803.46 0.0238301700446
53927.48 0.0238324405217
54051.79 0.023833954173
54176.44 0.0237809763757
54301.32 0.0237279985784
54426.49 0.0237302690555
54551.95 0.0237870309811
54677.69 0.0237885446325
54803.73 0.0237355668352
54930.05 0.0237923287609
55056.73 0.0237938424122
55183.64 0.0237953560636
55310.84 0.0239626145378
55438.34 0.0239641281892
55566.13 0.0238559021176
55694.21 0.0240231605919
55822.65 0.0240799225175
55951.33 0.0240821929946
56080.3 0.0241397117459
56209.57 0.0241964736716
56339.14 0.0242547492486
56469.0 0.0243682730999
56599.17 0.0245385588769
56729.69 0.0245975912796
56860.46 0.0246558668566
56991.53 0.024771661185
57122.9 0.025002493016
57254.57 0.025177319747
57386.54 0.0252953845524
57518.89 0.0255315141632
57651.47 0.0257101250226
57784.37 0.0258902495334
57917.56 0.0262527690319
58051.07 0.0264366776711
58184.88 0.026744705721
58319.0 0.0271185776047
58453.49 0.0274341739114
58588.23 0.0278178845289
58723.28 0.0282719799342
58858.64 0.0287336435962
58994.31 0.0292694761745
59219.07 0.0249018352011
59528.79 0.0312516026186
59838.51 0.0366977201796
60148.22 0.0354973946582
60457.95 0.043959462536
60767.66 0.0448184596777
61077.38 0.04678166548
61387.11 0.0625917538413
61696.82 0.0862932635211
62006.53 0.107968750868
62316.26 0.103427796815
62625.97 0.0928927834115
62935.69 0.0796331975767
63245.41 0.0632933312425
63555.13 0.0562593934144
63864.85 0.0509782638507
64174.57 0.0477609979041
64484.28 0.045179465525
64794.01 0.0382181829617
65103.72 0.0373773496362
65413.43 0.0364721861283
65723.16 0.0382181829617
66032.87 0.0379260482509
66342.59 0.0382348331265
66652.32 0.0382469423373
66962.03 0.0377565192996
67271.74 0.0363533644972
67581.47 0.0379396711131
67891.18 0.0412031034259
68200.91 0.0395532234533
68510.62 0.0403637837517
68820.34 0.0381379594401
69130.06 0.0368347056268
69439.77 0.0421801653729
69749.5 0.0442856544022
70059.21 0.0443015477414
70368.93 0.0367438865458
70678.65 0.0423148803432
70988.37 0.0390537185074
71298.08 0.0445603821224
71607.81 0.0464539599625
71917.52 0.0408988595043
72227.25 0.0420772370811
72536.96 0.0470654751083
72846.67 0.0500382863617
73156.41 0.0526909603543
73466.11 0.0568512310926
73775.83 0.0601918596243
74085.55 0.0636028729438
74395.27 0.0734173883037
74704.99 0.0720853751148
75014.7 0.0810030520493
75304.15 0.0871182035074
75324.43 0.093679882114
75634.15 0.0896687060339
75924.81 0.101285980153
75943.86 0.0910764017903
76545.49 0.0965482514242
77166.15 0.0914699511416
77786.83 0.0878447561559
78407.49 0.0844390406161
79028.18 0.0801251342657
79648.84 0.0662078669189
80269.51 0.0591822541732
80890.19 0.0524525602666
81510.86 0.0485465829553
82131.52 0.0470866662272
82752.2 0.0463109199098
83372.86 0.0471699170515
83993.54 0.047206244684
84614.21 0.0457849260654
85234.89 0.0482597460243
85855.55 0.0567596551859
86476.23 0.0508965266777
87096.89 0.0430626241106
87717.57 0.0331572896696
88338.24 0.026746976198
88958.91 0.0243039429175
89579.57 0.0205447897873
90200.25 0.0202344912603
90820.91 0.0177566439987
91441.59 0.0173865562434
92062.26 0.0163625711044
92682.94 0.0169718157732
93303.61 0.0160219995504
93924.28 0.0152243052885
94544.94 0.0165457229179
95165.61 0.0167947185651
95786.29 0.0156889962532
96406.96 0.0141223671049
97027.62 0.0162558586842
97648.3 0.017065662157
98268.98 0.0157177556289
98889.64 0.0154006456709
99510.32 0.0137916342847
100130.95 0.014668038417
100751.67 0.0137500088726
101372.29 0.0147550733696
101993.03 0.0137341155334
102613.66 0.0118957859676
103234.38 0.0121712705135
103855.02 0.0134366830429
104475.65 0.0157222965829
105096.37 0.0169105128935
105717.0 0.0178368675203
106337.73 0.0180904041216
106958.36 0.018154734304
107578.99 0.0197614752131
108199.72 0.0190281111336
108820.35 0.0194769087591
109441.07 0.0236674525244
110061.7 0.0272971884641
110682.43 0.0302306447824
111303.06 0.0423050416094
111923.69 0.0639154419478
112544.42 0.0720081788959
113165.05 0.059908049996
113785.78 0.0457970352762
114406.4 0.0350266490881
115027.13 0.0277512838694
115647.76 0.0243713004026
116268.39 0.022178019595
116889.12 0.0210919747507
117509.75 0.0205591694751
118130.47 0.0206681523724
118751.1 0.0221727218153
119371.83 0.0234593254636
119992.46 0.022322573299
120613.09 0.0221598557788
121233.83 0.0211267887317
121854.45 0.0207642692332
122475.17 0.0204206703765
123095.8 0.0214749285425
123716.44 0.0221553148247
124337.16 0.0241851212864
124957.79 0.0243069702202
125578.52 0.0265630675589
126199.16 0.0270542474223
126819.88 0.0299695399243
127440.51 0.0329718673791
128061.14 0.037279719124
128681.87 0.0292513123583
129302.49 0.0185164969769
129923.22 0.015043423952
130543.85 0.0146650111143
131164.48 0.0137522793496
131785.21 0.0144969958143
132405.84 0.0137409269645
133026.57 0.0138597485955
133647.19 0.0129750193809
134267.92 0.013329213797
134888.55 0.0143350351197
135509.19 0.0136909764699
136129.92 0.0130991387916
136750.54 0.0125822268553
137371.27 0.0118564310325
137991.9 0.0114136880123
138612.63 0.0110859824948
139233.25 0.0104222463774
139853.88 0.010616750576
140474.61 0.0108559074894
141095.25 0.0109724586435
141715.96 0.0109096421124
142336.6 0.0112903254272
142957.32 0.0104510057531
143577.96 0.00969190960052
144198.58 0.00914472463713
144819.32 0.00969039594917
145353.39 0.00900168458446
146269.88 0.00961395655594
147186.48 0.00862251492103
148102.98 0.00763334376315
149019.47 0.00813890331438
149935.98 0.00833719164137
150852.58 0.0084227129427
151769.08 0.00847947486836
152685.57 0.00818885380897
153602.17 0.00810863028736
154518.68 0.0103897028733
155435.17 0.0166289737422
156351.67 0.0143471443306
157268.27 0.009732778187
158184.78 0.00934982439519
159101.27 0.0100794043464
160017.87 0.00979937884644
160934.37 0.00971007341673
161850.86 0.010073349741
162767.46 0.0124096706013
163683.97 0.0166198918341
164600.46 0.0196698993064
165516.97 0.0167349293368
166433.58 0.0149079521561
167350.06 0.0151894913074
168266.56 0.0146248993535
169183.07 0.01538853646
170099.67 0.0184597350512
171016.17 0.0173343352718
171932.68 0.0158956096626
172849.28 0.0158623093329
173765.77 0.0162059081896
174682.27 0.0142404319103
175598.87 0.0120236895068
176515.36 0.0112312930245
177431.87 0.0111336625124
178348.36 0.0107703861881
179264.96 0.00971537119646
180181.46 0.00883593976152
181097.95 0.00822896556977
182014.55 0.00821685635896
182931.06 0.00791488291443
183847.55 0.00788839401579
184764.15 0.00817750142383
185680.65 0.00913564272902
186597.16 0.0179700688392
187513.65 0.0211320865115
188430.25 0.0115188867812
189346.76 0.00875874354262
190263.25 0.0084968818589
191179.86 0.00790201687795
192096.37 0.00724531923931
193012.84 0.00718954118703
193929.35 0.0075350321079
194845.96 0.00719877446027
195762.45 0.00734287406889
196678.96 0.00695378998911
197595.56 0.00712725443394
198512.05 0.00697066720167
199428.55 0.00699549108383
200345.06 0.00673665670281
201261.66 0.00656637092582
202178.15 0.00675618280523
203094.65 0.00696816967694
204011.25 0.00654260659961
205110.87 0.00658339950352
206875.41 0.00679379704131
208641.03 0.00655244533339
210407.55 0.00633985300114
212175.17 0.00668155979363
213943.8 0.00651922068623
215713.53 0.00608737595579
217484.15 0.00618394691199
219255.87 0.00700903826342
221028.61 0.00630375241642
222802.43 0.00633145223614
224577.27 0.00653458424745
226353.08 0.00651975046421
228129.99 0.00640319931018
229907.92 0.00645814485422
231686.85 0.00639449581491
233466.87 0.0065444986638
235247.9 0.00671069758214
237030.01 0.00649008289773
238813.23 0.0064761573053
240597.45 0.00650748988826
242382.67 0.00652406437056
244169.0 0.00639971791207
245956.31 0.00631813210425
247744.84 0.00645875031476
249534.27 0.00649999731408
251324.76 0.0066191216754
253116.39 0.0066762620139
254909.1 0.00657711785041
256702.82 0.00681968047941
258497.63 0.00729057741471
260293.55 0.0071812161046
262090.56 0.00649106677111
263888.59 0.00638412730316
265687.68 0.00635181084681
267487.92 0.00628657247358
269289.1 0.00628112332872
271091.53 0.00620067275941
272894.93 0.00631230454655
274699.46 0.00625879697129
276505.07 0.00621255492252
278311.78 0.00611727056997
280119.59 0.00635574634033
281928.48 0.00689218437912
283738.51 0.00646813495314
285549.62 0.00627446326278
287361.83 0.00625675354197
289175.13 0.00625153144481
290989.53 0.00638548958937
292805.04 0.00638927371775
294621.66 0.00636376869249
296439.36 0.00621285765279
298258.25 0.00637875384086
300078.27 0.00635763840451
301899.26 0.00630783927507
303721.46 0.0064360455445
305544.76 0.00644898726355
307369.27 0.00663849641269
309194.79 0.00653503834285
311021.49 0.0064509550103
312849.38 0.00656485727447
314678.3 0.00644179741963
316508.4 0.00663115520364
318339.67 0.00683564950116
320171.96 0.00673839740186
322005.47 0.00705641555071
323840.2 0.00696779126411
325675.96 0.0070499068499
327512.85 0.00690141765236
329350.98 0.00719287122
331190.27 0.00754880633519
333030.65 0.0100619973558
334872.16 0.016438253672
336714.86 0.0120925606432
338558.77 0.0074865195821
340403.84 0.00732039634632
342250.03 0.00715745177839
344097.35 0.0072070995427
345945.92 0.0093558790006
347795.64 0.0170792850191
349646.52 0.0161589849977
