100.03 5.33290485239e-13
101.89 8.82995855784e-13
104.02 1.31814491387e-12
105.96 2.00423104646e-12
107.92 3.08288288766e-12
109.93 5.3575422576e-12
114.06 1.09134958081e-11
118.07 2.05102753802e-11
121.09 9.65961224459e-11
125.06 1.6518724169e-10
127.09 2.07479024245e-10
127.97 2.36577403419e-10
130.95 3.25053386987e-10
131.86 4.11109365073e-10
134.01 4.99993542337e-10
137.13 7.72608617758e-10
140.0 1.02319581195e-09
142.93 3.23566395667e-09
146.93 9.930332135e-09
151.05 1.34884691114e-08
154.93 1.83220656037e-08
158.9 2.48283815481e-08
161.85 3.07588528145e-08
166.01 4.10161772565e-08
169.87 5.29616741977e-08
173.03 6.42628082333e-08
177.06 8.16504018405e-08
179.94 9.70422198421e-08
182.02 1.08633462969e-07
185.83 1.355071865e-07
191.04 1.76179314784e-07
194.14 2.06997938818e-07
198.21 2.50587194193e-07
201.89 3.04060568345e-07
205.17 3.49909467393e-07
209.95 4.17786247669e-07
215.83 5.62286815988e-07
219.85 6.65209940719e-07
222.91 7.41250594912e-07
227.05 8.72893061813e-07
230.21 1.44531182847e-06
233.95 2.53488285103e-06
239.95 3.68948787634e-06
246.11 4.04534530901e-06
251.84 4.98841852981e-06
257.11 4.70938898203e-06
260.09 5.83396261401e-06
263.71 6.6983127649e-06
269.23 7.44661927941e-06
274.23 8.22174995107e-06
278.69 9.03565902384e-06
283.87 9.97610814231e-06
289.82 1.06404433823e-05
295.88 1.19663439763e-05
300.69 1.2763196384e-05
307.7 1.45197413271e-05
317.78 1.72563884907e-05
328.19 1.99052740096e-05
338.16 2.24885569703e-05
347.63 2.523220174e-05
357.37 2.8115798634e-05
365.7 3.15475413482e-05
375.08 3.44325960768e-05
384.7 3.64721067213e-05
394.57 4.15876484306e-05
404.69 4.59159594409e-05
414.12 4.9199003023e-05
421.81 5.1518417916e-05
429.66 5.43203760709e-05
440.68 5.92872186482e-05
450.94 6.29449257297e-05
460.39 6.56083895949e-05
470.03 6.96567963566e-05
479.87 7.44661927941e-05
489.92 7.69066079612e-05
500.17 8.27860550156e-05
505.97 8.76916685386e-05
511.83 0.000127926446435
520.14 0.0001355071865
529.81 0.000144198796551
539.66 0.000144863569142
549.69 0.000183643428079
559.91 0.000217246516252
570.32 0.000248283815481
579.59 0.000248866949332
590.37 0.000303360807724
599.96 0.000321335908686
609.71 0.000372360120663
619.61 0.000444595826476
629.68 0.00049312714124
639.91 0.00051518417916
650.31 0.00059973858758
657.84 0.000653066178269
665.46 0.000704629789058
674.72 0.000734442507199
685.68 0.000746382172802
695.22 0.000983921747075
704.89 0.000963745315825
716.34 0.00119113836109
726.31 0.00127338939079
734.72 0.001355071865
744.94 0.00157023367773
755.3 0.00172170269557
765.81 0.00186194638678
774.68 0.00208907702181
785.46 0.00231183415295
794.55 0.00246578148966
805.6 0.0026360565742
814.93 0.00279233644632
824.37 0.00314017578854
835.84 0.0026360565742
845.52 0.00345113191467
855.31 0.00363875523129
865.21 0.00400831630946
875.23 0.00439507983625
885.36 0.00488607853893
895.62 0.00527182158148
905.99 0.00536978806848
914.37 0.00860909661171
924.96 0.0630907091925
935.67 0.14320601117
944.33 0.28115798634
955.26 0.407348151733
964.1 0.467687926983
975.26 0.0732765997377
984.29 0.407348151733
995.68 0.440513889518
1004.9 0.660632339988
1014.2 0.645602064974
1025.94 0.277309302923
1035.43 0.459159594409
1045.01 0.909834591284
1054.68 0.905650605902
1064.44 0.721045006969
1074.29 0.874904873599
1084.23 0.696567963566
1094.26 0.946149251866
1104.39 0.918246297087
1114.61 0.893229854872
1124.92 0.810891355087
1135.33 1.05187141908
1145.83 0.963745315825
1153.78 1.03982970506
1164.45 1.08633462969
1175.23 0.755027132146
1186.1 1.07636304083
1194.32 0.739544928397
1205.37 0.530841323064
1213.73 0.355595022442
1224.96 0.751557485731
1236.29 1.16938746844
1244.86 1.30605946481
1256.38 1.25881104452
1265.09 1.08633462969
1273.86 1.4320601117
1285.65 1.52037573346
1294.56 1.20492947667
1303.53 1.19938970508
1315.59 1.52737333967
1324.71 1.47562021038
1333.89 1.31208032182
1346.24 1.58481202401
1355.57 1.54865772524
1364.97 1.38982664253
1374.43 1.47897323002
1383.95 1.50652630449
1393.55 1.3211772099
1406.44 1.38663398469
1416.19 1.42876540544
1426.01 1.48232624967
1435.89 1.48232624967
1442.52 1.57752285087
1445.85 1.61046991346
1455.87 1.5738782643
1465.96 1.4587093287
1476.12 1.46541536798
1486.35 1.50652630449
1496.65 1.54515892213
1503.56 1.47212140727
1510.5 1.31208032182
1517.48 1.41240850091
1524.48 1.37708516788
1535.05 1.20215959087
1545.69 1.33956050456
1556.4 1.27045914319
1563.59 1.30305632547
1574.42 1.40268474394
1585.34 1.48232624967
1596.33 1.52737333967
1603.7 1.50302750138
1614.81 1.52037573346
1626.0 1.44198796551
1633.51 1.54865772524
1644.83 1.58481202401
1656.23 1.46876838763
1663.88 1.61790487006
1671.56 1.44531182847
1675.41 1.6405013068
1683.15 1.71776654208
1694.81 1.6216952401
1706.56 1.56294450459
1714.44 1.49267687553
1726.32 1.49267687553
1734.29 1.60303495686
1746.31 1.5738782643
1754.37 1.69035925107
1766.53 1.55230231181
1774.69 1.60303495686
1786.99 1.6405013068
1795.24 1.76179314784
1803.52 1.75377505739
1816.02 1.6291301967
1824.41 1.67097005052
1837.05 1.61046991346
1845.53 1.48582505278
1854.05 1.50302750138
1866.9 1.55580111492
1875.52 1.69035925107
1884.18 1.56658909116
1892.87 1.50987932414
1905.99 1.60682532689
1914.79 1.55580111492
1923.63 1.53451672935
1936.97 1.58116743744
1945.91 1.66324352699
1954.89 1.56658909116
1968.44 1.72170269557
1977.52 1.77403895871
1982.08 1.68248694408
1995.82 1.64429167683
2005.03 1.6980857746
2014.29 1.64808204686
2023.59 1.72972078603
2032.93 1.64808204686
2047.02 1.71776654208
2056.47 1.6405013068
2065.96 1.65945315696
2075.5 1.78628476959
2080.28 1.7020219281
2085.07 1.7658750848
2094.7 1.67869657405
2104.37 1.6980857746
2114.08 1.71776654208
2123.84 1.75377505739
2133.64 1.63671093676
2143.49 1.68248694408
2153.38 1.74969312043
2163.32 1.7020219281
2173.31 1.6941496211
2183.34 1.67097005052
2193.42 1.75377505739
2203.54 1.71383038858
2213.71 1.6405013068
2223.93 1.59574578372
2234.2 1.70566651467
2244.51 1.63612780291
2254.87 1.5801469532
2265.28 1.62038318893
2275.74 1.66543027893
2286.24 1.70770748314
2296.79 1.61936270469
2307.39 1.62636031091
2312.71 1.56381920537
2323.39 1.25628899061
2334.11 1.47226719074
2344.89 1.4318414365
2355.71 1.54457578828
2366.58 1.43448011718
2377.51 1.47780696232
2382.99 1.37893661786
2393.99 1.47037200572
2405.04 1.41692778826
2416.14 1.44958328392
2427.29 1.53160106009
2432.89 1.47605756077
2444.12 1.55594689838
2455.4 1.53772396553
2466.73 1.53028900893
2472.42 1.48159733235
2483.83 1.52620707197
2495.29 1.42732214916
2506.81 1.59006022867
2512.59 1.44000531042
2518.38 1.48013949773
2524.19 1.42316732047
2535.84 1.4393055498
2547.54 1.41920201028
2553.42 1.50652630449
2565.2 1.48218046621
2577.04 1.55871678417
2582.98 1.54778302446
2594.91 1.53320467818
2606.88 1.49107325744
2612.89 1.47387080883
2624.95 1.53582878051
2637.07 1.5676095754
2643.15 1.67942549136
2655.35 1.70231349502
2667.61 1.57373248084
2673.76 1.64020973987
2686.1 1.63598201945
2692.29 1.57300356352
2704.72 1.6091578623
2717.2 1.54705410715
2723.46 1.55040712679
2736.04 1.61921692123
2742.34 1.44296471471
2755.0 1.46599850184
2767.72 1.51366969417
2774.1 1.57752285087
2786.9 1.51308656032
2793.33 1.25831538074
2806.22 1.3417472565
2812.69 1.57621079971
2825.67 1.63117116518
2832.19 1.57198307929
2845.26 1.54632518983
2851.82 1.51089980838
2864.98 1.61484341735
2878.21 1.60332652379
2884.84 1.61046991346
2898.16 1.59516264987
2911.53 1.70100144386
2931.71 1.65012301534
2952.04 1.6342326179
2972.5 1.65624592078
2993.1 1.65945315696
3006.92 1.6741772867
3027.76 1.67344836939
3048.75 1.67271945207
3069.88 1.67592668826
3091.16 1.6867146645
3112.59 1.67825922366
3126.96 1.66236882622
3148.63 1.673011019
3170.46 1.67228210169
3192.43 1.60726267728
3207.17 1.64808204686
3229.4 1.59866145298
3251.78 1.6616399089
3266.79 1.69589902266
3289.44 1.68729779835
3312.24 1.68656888104
3319.88 1.70581229813
3327.53 1.71339303819
3335.2 1.76106423053
3342.89 1.66222304275
3350.59 1.74036297881
3358.32 1.67709295596
3366.06 1.64997723188
3373.82 1.59006022867
3381.6 1.65333025152
3389.39 1.72301474674
3397.21 1.68350742832
3405.04 1.67548933787
3412.89 1.64458324376
3420.75 1.7020219281
3428.64 1.69793999114
3436.54 1.70537494774
3444.47 1.59866145298
3452.41 1.75260878968
3460.36 1.64662421223
3468.34 1.65405916884
3476.34 1.63481575175
3484.35 1.64968566495
3492.38 1.66076520813
3500.43 1.6114903977
3508.5 1.64123022411
3516.59 1.59982772068
3524.7 1.65580857039
3532.82 1.68627731411
3540.97 1.7094568847
3549.13 1.74094611266
3557.31 1.70100144386
3563.81 1.85174154438
3566.47 1.89343561474
3569.13 1.76791605328
3571.8 1.90043322096
3574.46 1.88643800853
3577.12 1.78672211998
3579.79 1.58918552789
3582.45 1.54909507563
3585.11 1.75362927392
3587.78 1.55696738262
3590.44 1.64720734609
3593.1 1.79751009622
3595.77 1.80100889933
3598.43 1.6114903977
3601.1 1.7584401282
3603.76 1.93600438588
3606.42 1.52241670194
3609.09 1.66236882622
3611.75 1.74634010078
3614.41 1.56440233922
3617.08 1.71864124285
3619.74 1.78132813185
3622.4 1.62096632278
3625.07 1.59982772068
3627.73 1.70654121544
3630.39 1.75946061244
3633.06 1.71776654208
3635.72 1.70173036117
3638.38 1.70260506195
3641.05 1.55959148495
3643.71 1.71747497515
3646.37 1.66470136162
3649.04 1.6929833534
3651.7 1.76689556904
3654.37 1.73103283719
3657.03 1.60157712223
3659.69 1.83264391076
3662.36 1.65741218848
3665.02 1.71353882166
3667.68 1.68234116062
3670.35 1.86092590254
3673.01 1.70595808159
3675.67 1.78759682075
3678.34 1.70610386505
3681.0 1.76849918713
3683.66 1.65741218848
3686.33 1.63948082256
3688.99 1.753337707
3691.65 1.64531216107
3694.32 1.76908232098
3696.98 1.70304241233
3699.65 1.61717595275
3702.31 1.78803417114
3704.97 1.68642309758
3707.64 1.76033531321
3710.3 1.59866145298
3712.96 1.80771493862
3715.63 1.80786072208
3718.29 2.12479397019
3720.95 2.88534629558
3723.62 4.20701916925
3726.28 5.6224308095
3728.94 5.87988440479
3731.61 4.687958813
3734.27 3.3796980179
3736.93 2.38603793552
3739.6 2.16415550515
3742.26 2.06822998663
3744.92 2.17406878062
3747.59 1.96603577921
3750.25 1.90830552795
3752.92 1.89503923283
3755.58 2.12450240327
3758.24 2.11400599395
3760.91 2.15730368239
3763.57 2.13937231647
3766.23 2.03586605789
3768.9 2.09607462802
3771.56 1.95830925568
3774.22 1.96370324381
3776.89 2.08207941559
3779.55 2.25906053942
3782.21 2.53211296523
3784.88 2.53473706756
3787.54 2.41344522652
3790.2 2.28442686195
3792.87 2.1721735956
3795.53 2.01239492038
3798.2 1.83249812729
3800.86 1.8998500871
3803.52 2.12916747408
3806.19 2.25818583865
3808.85 2.33588842431
3811.51 2.5369238195
3814.18 2.58197090951
3816.84 2.55645880352
3819.5 2.39288975827
3822.17 2.41227895882
3824.83 2.44347661986
3827.49 2.23471470114
3830.16 2.00831298342
3832.82 1.89649706746
3835.48 1.73992562842
3838.15 1.74473648269
3840.81 1.93425498432
3843.47 2.17275672945
3846.14 2.30833534985
3848.8 2.54800336268
3851.47 2.52074185513
3854.13 2.46884294238
3856.79 2.55252265002
3859.46 2.53867322106
3862.12 2.66156868019
3864.78 2.69699406165
3867.45 2.81070516263
3870.11 2.93709942487
3872.77 2.6776048611
3875.44 2.59407093692
3878.1 2.58692754724
3880.76 2.48721165869
3883.43 2.27728347227
3886.09 2.21984478793
3888.75 2.19156279615
3891.42 2.2234893745
3894.08 2.352799306
3896.74 2.39638856137
3899.41 2.51738883549
3902.07 2.63809754268
3904.74 2.75064237596
3907.4 2.76434602146
3910.06 2.92354156283
3912.73 2.91421142121
3915.39 2.94001509412
3918.05 2.97427420788
3920.72 2.98098024717
3923.38 2.92981025173
3926.04 2.89132341755
3928.71 2.57278655135
3931.37 2.33967879435
3934.03 2.27888709036
3936.7 2.41767294694
3939.36 2.66419278252
3942.02 2.72308930149
3944.69 2.71973628185
3947.35 2.75312069483
3950.02 2.72119411647
3952.68 2.77717496619
3955.34 2.70515793557
3958.01 2.57234920096
3960.67 2.31912332609
3963.33 2.21692911868
3966.0 2.09403365954
3968.66 1.92623689387
3971.32 1.94475139364
3973.99 2.01676842426
3976.65 2.13791448184
3979.31 2.19112544576
3981.98 2.44435132063
3984.64 2.62964210184
3987.3 2.67308557375
3989.97 2.75997251758
3992.63 2.81711963499
3995.29 2.79408584787
3997.96 2.74845562402
4000.62 2.67847956188
4003.29 2.72104833301
4005.95 2.72892064
4008.61 2.85108718182
4011.28 2.85210766606
4013.94 2.8018123714
4016.6 2.77659183233
4019.27 2.82717869392
4021.93 2.8770366382
4024.59 2.82251362311
4027.26 2.84700524486
4029.92 2.8570643038
4032.58 2.96377779856
4035.25 3.04104303384
4037.91 3.05693343128
4040.57 2.94118136183
4043.24 2.87484988626
4045.9 2.87003903198
4048.56 2.92164637781
4051.23 2.94045244451
4053.89 2.98943568801
4056.56 2.99541280999
4059.22 2.93360062176
4061.88 2.91873070856
4064.55 3.00838753817
4067.21 2.92048011011
4069.87 2.94817896804
4072.54 2.93709942487
4075.2 2.98652001875
4077.86 2.90021620878
4080.53 2.83330159936
4083.19 2.85239923299
4085.85 2.77804966696
4088.52 2.80283285564
4091.18 2.75720263178
4093.84 2.48371285559
4096.51 2.51651413471
4099.17 2.4405609506
4101.83 2.49406348144
4104.5 2.50383097345
4107.16 2.41621511231
4109.83 2.47044656047
4112.49 2.69495309317
4115.15 2.70792782136
4117.82 2.91289937004
4120.48 2.77732074965
4123.14 2.88884509868
4125.81 2.92806085018
4128.47 2.75107972635
4131.13 2.8554606857
4133.8 2.81872325308
4136.46 2.85181609914
4139.12 2.90706803153
4141.79 2.84758837871
4144.45 2.91785600778
4147.11 2.89846680723
4149.78 2.77542556463
4152.44 2.94978258613
4155.11 2.80166658793
4157.77 2.89205233487
4160.43 2.84583897716
4163.1 2.82761604431
4165.76 2.95007415306
4168.42 2.8468594614
4171.09 2.78213160392
4173.75 2.84583897716
4176.41 2.83228111512
4179.08 2.7089483056
4181.74 2.72790015576
4184.4 2.78781715897
4187.07 2.77323881269
4189.73 2.89059450024
4192.39 2.85298236684
4195.06 2.86274985884
4197.72 2.84948356373
4200.38 2.78723402512
4203.05 2.85269079991
4205.71 2.82732447739
4208.38 2.93316327137
4211.04 2.82222205619
4213.7 2.95255247192
4216.37 2.83344738282
4219.03 2.74233271858
4221.69 2.83840402056
4224.36 2.92514518092
4227.02 2.84540162677
4229.68 2.79773043444
4232.35 2.8456931937
4235.01 2.86362455962
4237.67 2.79146174554
4240.34 2.81391239881
4243.0 2.86406191001
4245.66 2.87499566972
4248.33 2.84656789447
4250.99 2.80472804065
4253.66 2.74962189172
4256.32 2.75107972635
4258.98 2.85269079991
4261.65 2.89628005529
4264.31 2.96523563319
4266.97 2.9334548383
4269.64 2.85254501645
4272.3 2.6952446601
4274.96 2.81930638693
4277.63 2.82878231201
4280.29 2.95284403885
4282.95 2.85137874875
4285.62 2.89205233487
4288.28 2.90007042532
4290.94 2.8343220836
4293.61 2.72119411647
4296.27 2.73591824622
4298.93 2.67119038874
4301.6 2.66885785333
4304.26 2.75763998217
4306.93 2.70938565599
4309.59 2.69859767974
4312.25 2.73373149427
4314.92 2.78446413933
4317.58 2.8856378625
4320.24 2.82120157195
4322.91 2.72469291958
4325.57 2.66317229828
4328.23 2.57890945679
4330.9 2.53750695336
4333.56 2.68183258152
4336.22 2.871934217
4338.89 3.05022739199
4341.55 3.22341814579
4344.21 2.8782029059
4346.88 2.68824705388
4349.54 2.58065885834
4352.2 2.55310578387
4354.87 2.75866046641
4357.53 2.73343992735
4360.2 2.83024014664
4362.86 2.83607148515
4365.52 2.91814757471
4368.19 2.844526926
4370.85 2.82455459159
4373.51 2.79350271402
4376.18 2.7955436825
4378.84 2.78694245819
4381.5 2.87528723664
4384.17 2.77469664732
4386.83 2.65777831016
4389.49 2.81362083188
4392.16 2.85910527227
4394.82 2.79466898172
4397.48 2.87616193742
4400.15 2.91596082276
4402.81 2.82717869392
4405.48 2.86479082732
4408.14 2.86858119736
4410.8 2.85050404797
4413.47 2.87995230745
4416.13 2.8793691736
4418.79 2.86464504386
4421.46 2.85021248104
4424.12 2.8257208593
4426.78 2.8582305715
4429.45 2.85327393376
4432.11 2.85910527227
4434.77 2.94293076338
4437.44 2.91319093697
4440.1 2.85779322111
4442.76 2.82819917816
4445.43 2.98928990455
4448.09 3.02894300643
4450.75 2.95911272775
4453.42 2.86756071312
4456.08 2.87120529969
4458.75 2.84613054409
4461.41 2.80983046185
4464.07 2.83650883554
4466.74 2.907213815
4469.4 2.94686691688
4472.06 2.90138247648
4474.73 2.92908133441
4477.39 2.88971979946
4480.05 2.87047638237
4482.72 2.84890042988
4485.38 2.89628005529
4488.04 2.94016087759
4490.71 2.88243062632
4493.37 2.80079188716
4496.03 2.93680785794
4498.7 2.9459922161
4501.36 3.00007788079
4504.03 3.03987676614
4506.69 3.01946708135
4509.35 2.99832847924
4512.02 2.95590549157
4514.68 2.98943568801
4517.34 2.99657907769
4520.01 2.93214278713
4522.67 2.854294418
4525.33 2.83053171357
4528.0 2.83796667017
4530.66 2.89307281911
4533.32 2.8343220836
4535.99 2.82674134353
4538.65 2.84029920557
4541.31 2.90633911422
4543.98 2.83636305208
4546.64 2.80793527683
4549.3 2.89044871677
4551.97 2.84948356373
4554.63 2.88403424441
4557.3 2.89628005529
4559.96 2.93301748791
4562.62 2.96290309778
4565.29 2.93432953908
4567.95 2.96611033396
4570.61 2.9283524171
4573.28 2.94365968069
4575.94 2.92543674785
4578.6 2.9483247515
4581.27 2.95211512154
4583.93 2.93651629102
4586.59 2.83782088671
4589.26 2.90050777571
4591.92 2.91596082276
4594.58 3.06684670675
4597.25 3.00372246736
4599.91 2.93112230289
4602.57 3.04337556924
4605.24 3.08827687578
4607.9 3.09862750164
4610.57 2.96115369623
4613.23 3.01042850665
4615.89 3.04731172274
4618.56 3.08244553727
4621.22 3.08871422617
4623.88 3.09119254504
4626.55 3.10752029287
4629.21 3.11947453682
4631.87 3.02938035682
4634.54 3.01830081364
4637.2 3.04410448656
4639.86 2.97019227092
4642.53 2.97354529057
4645.19 2.96231996393
4647.85 3.00940802241
4650.52 3.02209118368
4653.18 2.99031038879
4655.85 2.93301748791
4658.51 2.95765489312
4661.17 3.0172803294
4663.84 2.92937290134
4666.5 2.93316327137
4669.16 2.8731004847
4671.83 2.83869558748
4674.49 2.84875464642
4677.15 2.95575970811
4679.82 2.93651629102
4682.48 2.79831356829
4685.14 2.91610660623
4687.81 2.81026781224
4690.47 2.90284031111
4693.13 2.97704409367
4695.8 2.87062216584
4698.46 2.86785228004
4701.12 2.81624493421
4703.79 2.7927737967
4706.45 2.7904412613
4709.12 2.73446041159
4711.78 2.80429069026
4714.44 2.81726541845
4717.11 2.78388100547
4719.77 2.82003530425
4722.43 2.8080810603
4725.1 2.85006669758
4727.76 2.75778576563
4730.42 2.79889670214
4733.09 2.8029786391
4735.75 2.86799806351
4738.41 2.78737980858
4741.08 2.826887127
4743.74 2.87616193742
4746.4 2.91377407082
4749.07 2.90896321655
4751.73 2.81697385153
4754.4 2.81245456418
4757.06 2.82047265463
4759.72 2.73227365965
4762.39 2.78431835586
4765.05 2.67483497531
4767.71 2.78854607628
4770.38 2.7488929744
4773.04 2.86493661079
4775.7 2.90371501189
4778.37 2.86245829192
4781.03 2.90284031111
4783.69 2.83884137095
4786.36 2.81741120192
4789.02 2.89292703564
4791.68 2.81930638693
4794.35 2.87805712244
4797.01 2.85779322111
4799.67 2.83009436318
4802.34 2.81814011923
4805.0 2.88592942943
4807.67 2.88257640978
4810.33 2.79014969437
4812.99 2.79321114709
4815.66 2.77600869848
4818.32 2.8531281503
4820.98 2.78737980858
4823.65 2.86143780768
4826.31 2.77382194654
4828.97 2.65311323935
4831.64 2.73227365965
4834.3 2.66987833757
4836.96 2.81522444997
4839.63 2.72236038418
4842.29 2.65282167242
4844.95 2.68431090039
4847.62 2.5886769488
4850.28 2.57074558287
4852.94 2.54669131151
4855.61 3.07982143494
4858.27 4.19302395682
4860.94 5.13157789027
4863.6 4.97558958509
4866.26 3.9341125269
4868.93 2.85167031567
4871.59 2.53211296523
4874.25 2.42948140743
4876.92 2.51359846546
4879.58 2.53313344947
4882.24 2.61418905478
4884.91 2.6098155509
4887.57 2.59888179119
4890.23 2.61637580673
4892.9 2.63080836954
4895.56 2.67410605799
4898.22 2.72862907308
4900.89 2.79452319826
4903.55 2.74189536819
4906.22 2.65617469207
4908.88 2.74437368706
4911.54 2.74379055321
4914.21 2.7050121521
4916.87 2.78883764321
4919.53 2.66667110139
4922.2 2.55995760663
4924.86 2.62920475145
4927.52 2.65209275511
4930.19 2.67935426265
4932.85 2.80676900913
4935.51 2.72352665188
4938.18 2.73650138007
4940.84 2.68081209728
4943.5 2.75472431292
4946.17 2.88345111056
4948.83 2.8292196624
4951.49 2.86858119736
4954.16 3.09891906857
4956.82 3.23187358663
4959.49 3.41220773011
4962.15 3.11626730064
4964.81 3.02573577025
4967.48 2.77950750159
4970.14 2.76084721835
4972.8 2.78985812745
4975.47 2.82747026085
4978.13 2.85006669758
4980.79 2.71623747874
4983.46 2.6160842398
4986.12 2.69028802236
4988.78 2.76522072224
4991.45 2.79656416674
4994.11 2.74291585243
4996.77 2.77061471036
4999.44 3.01582249478
5002.1 3.50580071322
5004.77 4.11342618614
5007.43 4.36956773026
5010.09 4.09170445018
5012.76 3.31088822347
5015.42 2.88797039791
5018.08 2.67483497531
5020.75 2.64203369618
5023.41 2.74379055321
5026.07 2.74510260437
5028.74 2.73067004156
5031.4 2.85560646917
5034.06 2.78869185975
5036.73 2.81639071768
5039.39 2.77148941114
5042.05 2.7790701512
5044.72 2.76507493877
5047.38 2.68649765233
5050.04 2.73431462812
5052.71 2.60106854313
5055.37 2.72687967152
5058.04 2.83869558748
5060.7 2.73314836042
5063.36 2.80079188716
5066.03 2.85341971723
5068.69 2.79773043444
5071.35 2.71900736453
5074.02 2.73241944311
5076.68 2.64961443624
5079.34 2.65617469207
5082.01 2.72498448651
5084.67 2.73970861625
5087.33 2.74962189172
5090.0 2.77353037962
5092.66 2.81114251302
5095.32 2.76128456874
5097.99 2.63109993647
5100.65 2.6536963732
5103.31 2.67483497531
5105.98 2.69655671126
5108.64 2.711280841
5111.31 2.7539953956
5113.97 2.82280519004
5116.63 2.7426242855
5119.3 2.74349898628
5121.96 2.67468919184
5124.62 2.65967349518
5127.29 2.74408212013
5129.95 2.65806987708
5132.61 2.69145429006
5135.28 2.7328567935
5137.94 2.70865673867
5140.6 2.61171073592
5143.27 2.69116272314
5145.93 2.70632420327
5148.59 2.76186770259
5151.26 2.60456734624
5153.92 2.66011084556
5156.59 2.69961816398
5159.25 2.69655671126
5161.91 2.70049286476
5164.58 2.62512281449
5167.24 2.65296745589
5169.9 2.55412626811
5172.57 2.46884294238
5175.23 2.585907063
5177.89 2.5773058387
5180.56 2.61899990906
5183.22 2.70370010094
5185.88 2.50266470575
5188.55 2.58167934258
5191.21 2.62060352715
5193.87 2.70749047097
5196.54 2.86493661079
5199.2 2.86945589813
5201.86 2.91406563775
5204.53 2.73664716353
5207.19 2.65019757009
5209.86 2.63241198763
5212.52 2.67221087298
5215.18 2.65034335356
5217.85 2.76726169072
5220.51 2.75268334444
5223.17 2.68489403424
5225.84 2.59334201961
5228.5 2.55441783504
5231.16 2.62585173181
5233.83 2.59815287388
5236.49 2.70355431748
5239.15 2.73854234855
5241.82 2.74583152169
5244.48 2.72206881725
5247.14 2.6736687076
5249.81 2.64976021971
5252.47 2.64699033391
5255.14 2.73650138007
5257.8 2.74481103745
5260.46 2.58838538187
5263.13 2.65690360938
5265.79 2.63066258608
5268.45 2.61812520828
5271.12 2.55908290585
5273.78 2.62162401139
5276.44 2.63926381038
5279.11 2.67381449107
5281.77 2.75822311602
5284.43 2.69582779395
5287.1 2.66346386521
5289.76 2.8280533947
5292.42 2.73198209272
5295.09 2.71813266375
5297.75 2.74174958473
5300.41 2.73897969893
5303.08 2.75457852945
5305.74 2.7602640845
5308.41 2.75384961214
5311.07 2.78752559204
5313.73 2.69903503013
5316.4 2.74306163589
5319.06 2.62220714524
5321.72 2.65938192825
5324.39 2.76842795842
5327.05 2.60704566511
5329.71 2.64072164501
5332.38 2.62672643258
5335.04 2.71886158107
5337.7 2.6913085066
5340.37 2.71711217952
5343.03 2.66769158563
5345.69 2.77353037962
5348.36 2.79321114709
5351.02 2.8029786391
5353.68 2.91785600778
5356.35 2.82513772544
5359.01 2.77630026541
5361.68 2.77469664732
5364.34 2.71667482913
5367.0 2.6701699045
5369.67 2.5847407953
5372.33 2.62803848375
5374.99 2.64553249928
5377.66 2.67556389262
5380.32 2.65588312514
5382.98 2.75064237596
5385.65 2.62264449563
5388.31 2.71842423068
5390.97 2.7077820379
5393.64 2.57424438598
5396.3 2.65515420783
5398.96 2.65661204246
5401.63 2.70588685288
5404.29 2.5671009963
5406.96 2.65180118818
5409.62 2.60587939741
5412.28 2.66477591637
5414.95 2.57861788986
5417.61 2.69451574278
5420.27 2.70442901825
5422.94 2.69218320738
5425.6 2.6701699045
5428.26 2.81026781224
5430.93 2.66463013291
5433.59 2.69160007353
5436.25 2.72862907308
5438.92 2.82819917816
5441.58 2.72410978573
5444.24 2.73752186431
5446.91 2.79073282823
5449.57 2.65529999129
5452.23 2.77761231657
5454.9 2.83111484742
5457.56 2.77717496619
5460.23 2.82965701279
5462.89 2.79364849748
5465.55 2.80706057606
5468.22 2.86858119736
5470.88 2.71594591181
5473.54 2.72790015576
5476.21 2.67964582958
5478.87 2.72221460071
5481.53 2.60996133436
5484.2 2.67818799495
5486.86 2.69378682547
5489.52 2.77367616308
5492.19 2.69568201049
5494.85 2.71857001414
5497.51 2.63343247187
5500.18 2.71434229372
5502.84 2.65019757009
5505.51 2.6536963732
5508.17 2.6787711288
5510.83 2.65078070395
5513.5 2.65150962126
5516.16 2.73358571081
5518.82 2.75020502557
5521.49 2.71040614023
5524.15 2.7226519511
5526.81 2.69670249472
5529.48 2.6576325267
5532.14 2.67308557375
5534.8 2.73198209272
5537.47 2.76594963955
5540.13 2.73096160848
5542.79 2.7214856834
5545.46 2.74758092324
5548.12 2.68751813657
5550.78 2.68970488851
5553.45 2.6889759712
5556.11 2.78723402512
5558.78 2.7351893289
5561.44 2.65836144401
5564.1 2.62526859796
5566.77 2.63007945223
5569.43 2.66871206987
5572.09 2.67206508951
5574.76 2.65457107398
5577.42 2.67541810916
5580.08 2.70063864822
5582.75 2.65661204246
5585.41 2.60310951161
5588.07 2.64538671582
5590.74 2.65632047553
5593.4 2.68460246731
5596.06 2.63838910961
5598.73 2.58269982682
5601.39 2.60879506666
5604.05 2.6047131297
5606.72 2.61972882637
5609.38 2.6701699045
5612.05 2.67148195566
5614.71 2.6713361722
5617.37 2.64815660161
5620.04 2.59261310229
5622.7 2.62176979485
5625.36 2.71973628185
5628.03 2.69568201049
5630.69 2.69976394744
5633.35 2.67439762492
5636.02 2.68299884922
5638.68 2.69990973091
5641.34 2.67337714068
5644.01 2.65938192825
5646.67 2.74583152169
5649.33 2.73183630926
5652.0 2.66667110139
5654.66 2.76507493877
5657.33 2.74962189172
5659.99 2.62935053491
5662.65 2.67658437686
5665.32 2.71769531337
5667.98 2.69728562858
5670.64 2.64407466466
5673.31 2.66054819595
5675.97 2.67104460527
5678.63 2.63576500728
5681.3 2.65457107398
5683.96 2.59582033847
5686.62 2.78460992279
5689.29 2.66404699906
5691.95 2.62133244446
5694.61 2.63284933802
5697.28 2.6399927277
5699.94 2.59086370074
5702.6 2.63343247187
5705.27 2.54246359109
5707.93 2.52394909132
5710.6 2.57264076789
5713.26 2.54290094148
5715.92 2.47584054859
5718.59 2.64130477886
5721.25 2.78694245819
5723.91 2.68256149883
5726.58 2.67687594378
5729.24 2.67833377841
5731.9 2.5835745276
5734.57 2.6576325267
5737.23 2.68547716809
5739.89 2.61127338553
5742.56 2.73329414389
5745.22 2.67745907764
5747.88 2.68576873502
5750.55 2.64159634579
5753.21 2.62687221605
5755.88 2.68780970349
5758.54 2.70530371903
5761.2 2.61171073592
5763.87 2.68445668385
5766.53 2.78767137551
5769.19 2.78067376929
5771.86 2.71303024256
5774.52 2.62730956644
5777.18 2.69116272314
5779.85 2.62789270029
5782.51 2.58430344491
5785.17 2.61943725944
5787.84 2.61214808631
5790.5 2.63474452304
5793.16 2.6611313298
5795.83 2.57949259064
5798.49 2.59786130695
5801.15 2.64524093236
5803.82 2.59756974003
5806.48 2.63838910961
5809.15 2.62920475145
5811.81 2.77702918272
5814.47 2.63314090495
5817.14 2.67541810916
5819.8 2.63693127498
5822.46 2.65559155822
5825.13 2.78781715897
5827.79 2.72600497075
5830.45 2.72600497075
5833.12 2.71098927408
5835.78 2.65967349518
5838.44 2.63153728686
5841.11 2.69305790815
5843.77 2.67833377841
5846.43 2.6172505075
5849.1 2.63197463724
5851.76 2.62614329873
5854.42 2.61200230284
5857.09 2.75064237596
5859.75 2.67556389262
5862.42 2.5784721064
5865.08 2.59713238964
5867.74 2.66025662903
5870.41 2.76697012379
5873.07 3.06159850209
5875.73 3.12792997766
5878.4 2.97500312519
5881.06 2.69174585699
5883.72 2.4303561082
5886.39 2.28413529502
5889.05 2.2497303978
5891.71 2.13616508029
5894.38 2.1847109734
5897.04 2.30162931056
5899.7 2.495812883
5902.37 2.5385274376
5905.03 2.58692754724
5907.7 2.55135638232
5910.36 2.61404327132
5913.02 2.60267216122
5915.69 2.57992994103
5918.35 2.59684082271
5921.01 2.53736116989
5923.68 2.60412999585
5926.34 2.59013478342
5929.0 2.58692754724
5931.67 2.60063119274
5934.33 2.61739629097
5936.99 2.63634814113
5939.66 2.61783364135
5942.32 2.61039868475
5944.98 2.58415766145
5947.65 2.57978415757
5950.31 2.53050934714
5952.97 2.58313717721
5955.64 2.60777458242
5958.3 2.56885039786
5960.97 2.65223853857
5963.63 2.66798315255
5966.29 2.64203369618
5968.96 2.61958304291
5971.62 2.57278655135
5974.28 2.57264076789
5976.95 2.64378309773
5979.61 2.65704939285
5982.27 2.67527232569
5984.94 2.56126965779
5987.6 2.64728190084
5990.26 2.59859022427
5992.93 2.53561176834
5995.59 2.60340107854
5998.25 2.58882273226
6000.92 2.54188045724
6003.58 2.49727071763
6006.24 2.61841677521
6008.91 2.52482379209
6011.57 2.51665991818
6014.24 2.56841304747
6016.9 2.65850722747
6019.56 2.63226620417
6022.23 2.55062746501
6024.89 2.46869715892
6027.55 2.55179373271
6030.22 2.56870461439
6032.88 2.63620235767
6035.54 2.60850349974
6038.21 2.66302651482
6040.87 2.49974903649
6043.53 2.55164794925
6046.2 2.55645880352
6048.86 2.71157240793
6051.52 2.60879506666
6054.19 2.65150962126
6056.85 2.56608051206
6059.52 2.75107972635
6062.18 2.56287327588
6064.84 2.56024917355
6067.51 2.6160842398
6070.17 2.61579267288
6072.83 2.57745162216
6075.5 2.59538298808
6078.16 2.55485518543
6080.82 2.51082857966
6083.49 2.55427205158
6086.15 2.61929147598
6088.81 2.5083502608
6091.48 2.58721911417
6094.14 2.60762879896
6096.8 2.5294888629
6099.47 2.49289721374
6102.13 2.55179373271
6104.79 2.64086742848
6107.46 2.58328296067
6110.12 2.70063864822
6112.79 2.63620235767
6115.45 2.57351546867
6118.11 2.65165540472
6120.78 2.52278282361
6123.44 2.5181177528
6126.1 2.55325156734
6128.77 2.60937820051
6131.43 2.55354313426
6134.09 2.47744416669
6136.76 2.48910684371
6139.42 2.60675409818
6142.08 2.61579267288
6144.75 2.55062746501
6147.41 2.60850349974
6150.07 2.52671897711
6152.74 2.68635186887
6155.4 2.49275143028
6158.07 2.47394536358
6160.73 2.5220539063
6163.39 2.5471286619
6166.06 2.45586821419
6168.72 2.50762134348
6171.38 2.52190812284
6174.05 2.47904778478
6176.71 2.56229014203
6179.37 2.56229014203
6182.04 2.62337341294
6184.7 2.60675409818
6187.36 2.50864182772
6190.03 2.42044283273
6192.69 2.54989854769
6195.35 2.4981454184
6198.02 2.513452682
6200.68 2.54231780763
6203.34 2.46461522196
6206.01 2.45178627723
6208.67 2.48881527678
6211.34 2.53779852028
6214.0 2.52555270941
6216.66 2.48035983594
6219.33 2.4542645961
6221.99 2.52030450475
6224.65 2.57132871672
6227.32 2.53109248099
6229.98 2.45499351342
6232.64 2.50222735536
6235.31 2.52686476057
6237.97 2.46607305659
6240.63 2.49056467834
6243.3 2.51782618588
6245.96 2.5118490639
6248.62 2.45863809999
6251.29 2.48968997756
6253.95 2.44274770254
6256.61 2.46359473772
6259.28 2.41446571076
6261.94 2.50266470575
6264.61 2.47438271397
6267.27 2.46432365503
6269.93 2.47467428089
6272.6 2.45484772995
6275.26 2.59567455501
6277.92 2.53561176834
6280.59 2.53940213837
6283.25 2.3539655737
6285.91 2.46476100542
6288.58 2.46753089122
6291.24 2.6012143266
6293.9 2.64815660161
6296.57 2.90648489768
6299.23 3.02486106947
6301.89 2.99468389267
6304.56 2.79831356829
6307.22 2.46869715892
6309.89 2.49275143028
6312.55 2.57818053947
6315.21 2.55048168154
6317.88 2.34784266826
6320.54 2.43735371442
6323.2 2.39638856137
6325.87 2.42656573817
6328.53 2.53634068565
6331.19 2.43254286015
6333.86 2.37816562852
6336.52 2.45528508034
6339.18 2.46388630465
6341.85 2.4291898405
6344.51 2.49610444992
6347.17 2.40119941565
6349.84 2.44697542296
6352.5 2.41563197846
6355.16 2.29054976739
6357.83 2.36038004606
6360.49 2.48225502096
6363.16 2.58036729142
6365.82 2.64611563314
6368.48 2.58546971261
6371.15 2.49114781219
6373.81 2.42160910044
6376.47 2.40426086836
6379.14 2.44610072219
6381.8 2.41242474228
6384.46 2.34419808169
6387.13 2.42000548235
6389.79 2.40775967147
6392.45 2.43385491131
6395.12 2.48706587523
6397.78 2.42831513972
6400.44 2.5044141073
6403.11 2.46140798578
6405.77 2.35702702642
6408.44 2.45688869843
6411.1 2.47350801319
6413.76 2.40673918723
6416.43 2.42554525393
6419.09 2.39959579755
6421.75 2.46986342662
6424.42 2.42671152163
6427.08 2.53444550064
6429.74 2.4907104618
6432.41 2.46913450931
6435.07 2.51155749698
6437.73 2.41927656503
6440.4 2.44580915526
6443.06 2.5146189497
6445.72 2.49056467834
6448.39 2.61856255867
6451.05 2.57584800407
6453.71 2.46942607623
6456.38 2.37699936082
6459.04 2.53109248099
6461.71 2.4918767295
6464.37 2.45805496613
6467.03 2.49173094604
6469.7 2.54129732339
6472.36 2.48415020597
6475.02 2.50135265458
6477.69 2.56433111051
6480.35 2.52103342206
6483.01 2.51593100086
6485.68 2.49683336724
6488.34 2.57234920096
6491.0 2.45134892685
6493.67 2.43924889943
6496.33 2.41956813196
6498.99 2.4080512384
6501.66 2.48604539099
6504.32 2.45091157646
6506.98 2.39872109678
6509.65 2.45747183228
6512.31 2.57920102371
6514.98 2.45295254494
6517.64 2.47117547779
6520.3 2.44099830099
6522.97 2.56214435857
6525.63 2.52890572905
6528.29 2.51141171352
6530.96 2.64917708585
6533.62 2.48473333983
6536.28 2.58576127954
6538.95 2.70063864822
6541.61 2.92674879901
6544.27 3.57548520843
6546.94 4.33618331728
6549.6 4.44158476088
6552.26 4.13266960322
6554.93 4.88185081851
6557.59 8.87865023442
6560.26 15.1469017841
6562.92 18.5072106014
6565.58 15.5915413456
6568.25 9.4585768494
6570.91 5.00853664768
6573.57 3.3961715492
6576.24 3.68044930164
6578.9 5.45244729188
6581.56 7.45507472025
6584.23 8.24507530512
6586.89 6.70326940263
6589.55 4.53138737396
6592.22 3.20286267754
6594.88 2.65311323935
6597.54 2.45747183228
6600.21 2.54931541384
6602.87 2.54873227999
6605.53 2.50762134348
6608.2 2.49785385148
6610.86 2.60048540928
6613.53 2.58095042527
6624.02 2.49610444992
6639.29 2.41111269112
6654.59 2.46140798578
6669.94 2.39420180943
6685.31 2.34478121554
6700.72 2.43268864361
6716.17 2.4268573051
6731.65 2.42102596659
6747.17 2.39857531332
6762.73 2.40396930144
6778.31 2.3927439748
6793.94 2.39799217946
6809.6 2.4143199273
6825.3 2.41417414383
6841.03 2.42510790354
6856.8 2.40819702186
6872.61 2.33690890855
6888.45 2.36387884917
6904.33 2.36898127037
6920.25 2.37422947503
6936.2 2.38501745128
6952.19 2.39580542752
6968.22 2.39565964406
6984.28 2.27713768881
7000.38 2.38968252208
7016.52 2.37306320733
7032.69 2.32947395195
7048.91 2.44464288756
7065.15 2.32903660156
7081.44 2.35032098713
7097.77 2.25468703554
7114.13 2.28063649192
7130.53 2.27524250379
7146.97 2.25410390169
7163.44 2.2748051534
7179.95 2.24331592544
7196.51 2.14709884
7213.1 2.15686633201
7229.72 2.23748458693
7246.39 2.24244122467
7263.09 2.28923771622
7279.84 2.24200387428
7296.62 2.15584584777
7313.44 2.26241355907
7330.3 2.30950161755
7347.2 2.36854391998
7364.14 2.24098339004
7381.11 2.35177882176
7398.12 2.29273651933
7415.18 2.31912332609
7432.27 2.30294136172
7449.41 2.29200760201
7466.58 2.35061255406
7483.79 2.33428480622
7501.04 2.2599352402
7518.34 2.29113290124
7535.67 2.36606560111
7553.04 2.33326432198
7570.45 2.32233056227
7587.9 2.32743298347
7605.39 2.27947022421
7622.92 2.29506905473
7640.5 2.26343404331
7658.11 2.2736388857
7675.76 2.02143349507
7693.46 2.21634598483
7711.2 2.1408301511
7728.97 2.21066042978
7746.79 2.21561706751
7764.65 2.18500254032
7782.55 2.08164206521
7800.49 2.17946276874
7818.47 2.16430128861
7836.49 2.19418689848
7854.56 2.22450985874
7872.67 2.21911587062
7890.81 2.1784422845
7909.0 2.15322174544
7927.24 2.09432522647
7945.51 2.07974688019
7963.82 2.11327707663
7982.18 2.15234704466
8000.59 2.14214220226
8019.03 2.14695305654
8037.51 2.12216986786
8056.04 2.11211080893
8074.61 2.16109405243
8093.23 2.10205175
8111.89 2.15074342657
8130.58 2.16546755631
8149.33 2.11590117896
8168.11 2.12056624977
8186.94 2.00627201494
8205.81 2.01997566044
8224.73 2.14928559194
8243.69 2.11969154899
8262.69 2.1145891278
8281.74 2.05671309307
8300.84 2.09461679339
8319.97 2.07041673857
8339.15 2.07974688019
8358.37 2.084411951
8377.64 2.14257955265
8396.95 1.97638640507
8416.31 2.11750479705
8435.71 2.05481790805
8455.16 1.98032255857
8474.65 1.99839970795
8494.19 2.10205175
8513.77 1.98425871206
8533.39 2.06312756543
8553.07 1.50477690294
8572.78 2.06750106931
8592.54 2.01560215656
8612.35 1.98309244436
8632.21 2.04782030184
8652.1 2.0428636641
8672.05 1.35578620396
8692.04 1.95947552339
8712.08 2.01414432193
8732.16 2.0895143722
8752.29 1.97696953892
8772.47 1.99504668831
8792.69 2.07916374634
8812.96 2.03163833747
8833.28 1.96239119264
8853.64 2.01720577465
8874.05 1.78526428535
8894.5 1.95728877144
8915.01 1.98877799941
8935.56 1.95670563759
8956.16 1.9163236184
8976.8 1.92507062617
8997.5 1.69589902266
9018.24 1.7960522616
9039.03 1.96457794458
9059.86 2.08076736443
9080.75 1.87579581574
9101.68 1.95495623604
9122.66 2.0467998176
9143.69 1.87944040231
9164.77 1.74167502997
9185.9 1.79022092308
9207.07 1.90918022872
9228.3 1.81894026525
9249.57 1.83555958001
9270.89 1.90859709487
9292.27 1.97084663348
9313.69 1.94358512594
9335.16 1.94781284636
9356.68 1.94300199209
9378.25 1.91617783494
9399.87 1.93367185047
9421.53 1.94227307478
9443.26 1.91982242151
9465.02 1.95087429908
9486.84 1.94606344481
9508.71 1.90159948866
9530.63 1.8838139062
9552.6 1.78234861609
9574.62 1.87900305192
9596.7 1.92696581118
9618.82 1.90903444526
9640.99 1.91326216568
9663.22 1.89547658322
9685.49 1.91282481529
9707.82 1.89066572895
9730.2 1.87302592995
9752.62 1.86427892218
9775.12 1.86821507568
9797.65 1.85086684361
9820.23 1.88075245348
9842.87 1.86748615836
9865.56 1.85436564671
9888.3 1.84999214283
9911.1 1.84547285548
9933.95 1.8536367294
9956.85 1.85349094594
9979.8 1.85319937901
10025.86 1.81471254483
10072.14 1.78118234839
10118.63 1.83468487924
10165.33 1.82156436758
10235.8 1.82506317069
10283.05 1.8246258203
10306.75 1.81587881254
10498.36 1.75771121088
10693.55 1.69035925107
10892.36 1.61046991346
11094.86 1.55944570148
11301.12 1.53101792624
11511.22 1.52037573346
11698.27 1.48232624967
11888.36 1.4320601117
12109.38 1.40592113682
12306.14 1.38344132686
12506.1 1.34574172338
12709.3 1.31511261785
12886.11 1.28812809888
13095.49 1.26462780468
13308.27 1.2273363949
13493.41 1.20215959087
13712.66 1.18021917972
13903.42 1.1401433058
14096.84 1.09385705637
14292.95 1.07636304083
14491.79 1.07885593805
14693.39 1.04703140812
14897.78 1.05672600839
15105.03 1.05672600839
15315.16 1.07142098144
15492.51 1.06404433823
15708.03 1.03982970506
15889.93 1.00221757166
16110.98 1.00683890743
16297.52 1.00452095037
16486.24 0.988470191114
16715.59 0.986195969095
16909.15 0.970422198421
17104.95 0.957112168268
17303.01 0.918246297087
17503.37 0.895285401698
17706.05 0.862906894612
17911.09 0.831694655228
18118.47 0.792435168698
18286.13 0.774387176004
18497.88 0.751557485731
18712.06 0.717735722363
18885.2 0.703011592621
19103.89 0.693360727385
19280.64 0.672921885901
19503.91 0.647089056294
19684.38 0.629449257297
19912.32 0.612290543726
20096.56 0.602508473373
20282.52 0.584737469258
20517.38 0.578046008316
20707.21 0.566193812791
20898.82 0.554574870807
21092.18 0.545711236269
21287.36 0.53575422576
21484.34 0.524762152666
21683.11 0.508113681215
21883.75 0.502296921049
22086.23 0.489730386557
22290.6 0.477324213873
22496.86 0.465122138038
22705.0 0.45112692561
22915.1 0.408310322588
23073.93 0.403863926972
23287.44 0.357985871232
23502.93 0.33687642582
23720.38 0.339646311613
23884.82 0.313449023349
24105.8 0.302456950254
24272.91 0.298375013296
24497.49 0.278096533622
24724.17 0.272017363223
24733.55 0.215249282812
24827.31 0.226868224797
24921.06 0.22638713937
25014.72 0.229215338548
25108.48 0.235221617215
25202.23 0.242904405704
25295.89 0.239493072675
25389.65 0.231052210179
25483.3 0.230731486561
25577.06 0.235484027448
25670.82 0.242627417125
25764.48 0.244041516714
25858.23 0.245134892685
25951.99 0.252409487478
26045.65 0.249654180031
26139.4 0.241854764772
26233.06 0.232101851111
26326.81 0.23590679949
26420.57 0.231562452299
26514.23 0.215642898162
26607.99 0.21721735956
26701.74 0.2164738639
26795.4 0.210992405699
26889.16 0.200510574724
26982.82 0.192157182306
27076.57 0.193235979931
27170.32 0.190145370519
27263.98 0.188993681163
27357.74 0.186981869377
27451.5 0.183949573351
27545.15 0.192973569698
27638.91 0.192827786235
27732.57 0.186136325293
27826.32 0.186180060332
27920.08 0.18673403749
28013.74 0.190684769332
28107.49 0.186748615836
28201.25 0.181194265904
28294.91 0.174050876227
28388.66 0.171368460512
28482.32 0.169735685729
28576.08 0.174488226616
28669.83 0.171616292399
28763.49 0.171470508936
28857.25 0.162242415741
28950.91 0.165201820036
29044.66 0.160740846074
29138.42 0.158554094132
29232.08 0.150594317064
29325.83 0.15437010875
29419.59 0.155026134333
29513.25 0.153101792624
29607.0 0.148349251737
29700.66 0.14963214621
29794.42 0.141036753243
29888.17 0.13675800861
29981.83 0.14226425
30075.59 0.146789368685
30169.34 0.149180217475
30263.0 0.144821291937
30356.76 0.14810141985
30450.41 0.143863494587
30544.17 0.143474252741
30637.93 0.140510474943
30731.58 0.138240626427
30825.34 0.138919977364
30919.1 0.137427154705
31012.75 0.138263951781
31106.51 0.139519147396
31200.17 0.144357700526
31293.92 0.143471337072
31387.68 0.146949730494
31481.34 0.147182984035
31575.09 0.150740100527
31668.85 0.149340579284
31762.51 0.146658163569
31856.26 0.147678647808
31950.02 0.149559254478
32043.68 0.154093120171
32137.43 0.164006395641
32231.09 0.172972078603
32324.85 0.191297059876
32418.6 0.210394693501
32512.26 0.22873425312
32606.02 0.241125847458
32699.77 0.249610444992
32793.43 0.261025290129
32887.18 0.261433483825
32980.85 0.259902757465
33074.6 0.257205763404
33168.36 0.261083603514
33262.02 0.251709726856
33355.77 0.233807517626
33449.53 0.221430501635
33543.18 0.216386393822
33636.94 0.20428636641
33730.6 0.193163088199
33824.35 0.187667051652
33918.11 0.186005120176
34011.77 0.184882587513
34105.53 0.181296314328
34199.28 0.177126907292
34292.94 0.169444118803
34386.7 0.160726267728
34480.35 0.158816504365
34574.11 0.160230603955
34667.87 0.15288311743
34761.52 0.145201786775
34855.28 0.141372055208
34949.04 0.143267240224
35042.7 0.135269559455
35136.45 0.125831538074
35230.11 0.126123105
35323.86 0.136526212905
35417.62 0.142235093308
35511.28 0.14057899317
35605.03 0.1319792267
35698.79 0.127592602305
35792.45 0.128544568317
35886.2 0.126247020943
35979.86 0.122386674848
36073.62 0.120336959362
36167.37 0.123077688462
36261.03 0.123414448261
36354.79 0.118119592893
36448.54 0.114854043326
36542.2 0.113139629804
36635.96 0.111228408606
36729.62 0.107419086724
36823.37 0.108235474115
36917.13 0.106147854928
37010.79 0.107942449355
37104.54 0.103114101067
37198.3 0.107054628067
37291.96 0.105254202301
37385.71 0.105448094307
37479.37 0.102166508559
37573.12 0.102770052095
37666.88 0.1019492912
37760.54 0.101616904904
37854.3 0.0990671521402
37948.05 0.100864662236
38041.71 0.100629950861
38135.47 0.101613989235
38229.12 0.0976676308974
38322.88 0.100156154607
38416.63 0.0941017673975
38510.29 0.0954983729711
38604.05 0.0874423788172
38697.71 0.0914164360129
38791.46 0.0864816657974
38885.22 0.0903522167345
38978.88 0.08320008005
39072.64 0.0888010806904
39166.39 0.0871347757107
39260.05 0.0895299980044
39353.8 0.0886815382509
39447.46 0.0899483965426
39541.22 0.0877718494431
39634.97 0.0857614954912
39728.63 0.0798514339096
39822.39 0.0813981964499
39916.14 0.084214732951
40009.8 0.0928844754832
40103.56 0.0943787559768
40197.22 0.0969605811029
40290.97 0.0981078969551
40384.73 0.0976836670783
40478.38 0.0958482532818
40572.14 0.100249456023
40665.9 0.10100753003
40759.56 0.0967579420896
40853.31 0.0879322112522
40946.97 0.0859714236776
41040.72 0.0822539453764
41134.48 0.0810133281081
41228.14 0.0755304120725
41321.89 0.0768891139457
41415.65 0.0806051344123
41509.31 0.0813486300725
41603.07 0.0720155727846
41696.72 0.0684715768041
41790.48 0.0631213237196
41884.24 0.0654801001476
41977.89 0.0631883841125
42071.65 0.0706408347304
42165.4 0.0754939662068
42259.06 0.0785175152251
42352.82 0.0744107950782
42446.48 0.0729646231273
42540.23 0.0701320504453
42633.99 0.067245537882
42727.65 0.0646797489369
42821.4 0.0667746572972
42915.16 0.0664364396635
43008.82 0.0656375462874
43102.57 0.0662469211619
43196.23 0.069478940532
43289.99 0.0667105125736
43383.74 0.0647978335417
43477.4 0.0649392435007
43571.16 0.0668038139898
43664.91 0.0658212334505
43758.57 0.0616970192882
43852.32 0.0619258993247
43945.99 0.0609841381551
44039.74 0.059934497223
44133.5 0.0556732466056
44227.16 0.0518231053533
44320.91 0.0542110384738
44414.67 0.0594811106537
44508.32 0.0601677507635
44602.08 0.0606488361907
44695.74 0.0616022600373
44789.5 0.0577185885886
44883.25 0.0544340871719
44976.91 0.0494657867599
45070.66 0.0525593118404
45164.42 0.0473358903685
45258.08 0.0465574066772
45351.84 0.0450295959872
45445.49 0.0500124747454
45539.25 0.0470749379701
45633.01 0.0487645683039
45726.66 0.0492092078654
45820.42 0.0524966249514
45914.18 0.0575436484332
46007.83 0.0574882507174
46101.59 0.0600175937968
46195.24 0.0579183119326
46289.0 0.0568890806853
46382.76 0.0536614348191
46476.42 0.046401418372
46570.17 0.0518012378338
46663.93 0.0535797960799
46757.59 0.0585976628692
46851.34 0.0558481867609
46945.0 0.057136912572
47038.76 0.0563292721882
47132.51 0.0588702779446
47226.17 0.0491654728266
47319.93 0.0521788170025
47413.68 0.0546134008311
47507.35 0.061125548114
47601.1 0.0624142739251
47694.75 0.0668941997367
47788.51 0.066128836557
47882.26 0.0605394985936
47975.93 0.044497486348
48456.66 0.045676874562
48941.23 0.0468664676183
49430.64 0.0480677233517
49924.95 0.0492806417622
50424.2 0.0505052228496
50531.64 0.0507690909173
50824.52 0.0583031802744
51117.42 0.0604738960353
51410.3 0.0665064157257
51703.2 0.0656171366026
51996.18 0.0795977706844
52289.07 0.0849334454226
52581.96 0.0908376756656
52874.84 0.0764080285185
53167.74 0.0744618192902
53460.72 0.0799155786333
53753.61 0.0649800628702
54046.5 0.0623326351859
54339.39 0.0599403285615
54632.28 0.0560464522703
54925.26 0.0614418982283
55218.16 0.0665005843872
55511.04 0.068401600742
55803.93 0.0744880603135
56096.83 0.0911933873148
56389.81 0.102707365206
56682.7 0.113533245153
56975.59 0.118277039032
57268.48 0.116192335514
57561.37 0.113326232636
57854.35 0.106433590515
58147.24 0.101061469911
58440.13 0.103704524092
58733.02 0.11195732592
59025.91 0.110403274207
59318.89 0.110359539168
59611.79 0.128865291935
59904.67 0.153072635931
60197.57 0.169706529036
60490.45 0.176062688014
60783.44 0.179882214739
61076.33 0.211925419861
61369.22 0.292164637781
61662.11 0.437117134835
61954.99 0.545740392961
62247.98 0.561178861671
62540.87 0.496625944347
62833.76 0.378949533181
63126.65 0.33483545734
63419.54 0.286581131156
63712.53 0.256141544125
64005.41 0.222538455952
64298.3 0.19465007952
64591.2 0.17960522616
64884.08 0.166820016473
65177.07 0.161557233466
65469.96 0.157183729582
65762.85 0.153291311126
66055.73 0.161338558272
66348.63 0.167446885363
66641.62 0.165128928304
66934.5 0.164735312955
67227.39 0.163262899981
67520.29 0.161207353155
67813.17 0.158801926019
68106.16 0.160361809071
68399.05 0.168059175907
68691.94 0.178118234839
68984.82 0.18861464416
69277.71 0.200423104646
69570.7 0.225191714975
69863.59 0.264815660161
70156.48 0.243123080898
70449.37 0.212042046631
70742.26 0.211517226165
71035.24 0.216459285553
71328.13 0.218923026075
71621.03 0.218369048916
71913.91 0.227451358648
72206.8 0.236212944762
72499.79 0.243910311597
72792.67 0.261914569252
73085.56 0.277309302923
73378.45 0.292062589357
73964.23 0.339835830114
74550.11 0.419069142142
75135.88 0.498214984091
75721.67 0.576602752035
76307.54 0.606779928832
76893.32 0.588615309369
77479.2 0.562315972681
78064.97 0.540229778068
78650.76 0.500693302959
79236.62 0.444450043014
79822.41 0.382535806366
80408.19 0.329441469217
80994.05 0.288549207904
81579.84 0.260952398398
82165.61 0.255150216578
82751.5 0.251840931973
83337.27 0.251520208355
83923.15 0.253648646912
84508.93 0.260689988164
85094.71 0.283461365053
85680.58 0.295984164506
86266.36 0.287659928781
86852.14 0.251491051662
87438.01 0.205394320728
88023.79 0.165158084997
88609.57 0.13262504744
89195.44 0.115561093121
89781.23 0.106251361187
90367.1 0.095475047617
90952.88 0.0852585425446
91538.66 0.0794840595834
92124.52 0.0784504548322
92710.31 0.0760406541923
93296.09 0.0721030428622
93881.96 0.0705533646528
94467.74 0.0682616486177
95053.52 0.0678855272837
95639.4 0.0686625531404
96225.18 0.0707909916971
96811.05 0.0693127473844
97396.83 0.0628909858484
97982.61 0.0605540769399
98568.49 0.0584649999181
99154.26 0.057062563006
99740.05 0.056286994984
100325.91 0.056235970772
100911.7 0.0566922730105
101497.47 0.0558336084147
102083.34 0.053916555879
102669.13 0.0552169443671
103255.01 0.0558496445956
103840.78 0.0565450317131
104426.56 0.0601648350942
105012.44 0.0672776102438
105598.22 0.0724718750231
106183.99 0.0773701993729
106769.87 0.0763817874952
107355.65 0.076265160725
107941.43 0.0760319071845
108527.3 0.0779402127124
109113.08 0.0877062468849
109698.96 0.103799283342
110284.73 0.121214575808
110870.52 0.139275689013
111456.39 0.2039364861
112042.17 0.312690949342
112627.95 0.324236999595
113213.81 0.274816405709
113799.6 0.221620020136
114385.37 0.181121374173
114971.25 0.152125043423
115557.03 0.133240253653
116142.91 0.118214352143
116728.69 0.107938075851
117314.46 0.104013585033
117900.34 0.104131669638
118486.12 0.108605764111
119071.9 0.117858640494
119657.77 0.120708707192
120243.55 0.117310494674
120829.34 0.112323242412
121415.2 0.109772031813
122000.99 0.109809935513
122586.86 0.115752069457
123172.64 0.119886488462
123758.42 0.123424653104
124344.29 0.128933810162
124930.07 0.136634092667
125515.85 0.144730906191
126101.73 0.153087214278
126687.5 0.159647470103
127273.28 0.175362927392
127859.16 0.223209059881
128444.93 0.217129889482
129030.71 0.123980088097
129616.59 0.0930506686308
130202.37 0.0858795800961
130788.25 0.0836184785882
131374.02 0.0827233681266
131959.8 0.0800905187886
132545.68 0.0798412290672
133131.46 0.0810512318084
133717.23 0.0791662516345
134303.11 0.0769867888658
134888.89 0.0762709920635
135474.66 0.0760173288382
136060.55 0.074431204763
136646.32 0.0717254636936
137232.2 0.0688987223501
137817.98 0.0655544497136
138403.75 0.0637802649715
138989.63 0.0631344442313
139575.41 0.0627000095122
140161.19 0.0610672347289
141189.39 0.0638998074109
142009.57 0.0649392435007
142829.74 0.0624113582558
143649.9 0.0587900970401
144469.97 0.0561426693558
145290.14 0.0529339753397
146110.3 0.0512181039827
146930.38 0.0510752361891
147750.54 0.0504162949373
148570.71 0.048948255467
149390.78 0.0479467230776
150210.94 0.0479919159511
151031.12 0.048093964375
151851.2 0.0479773376048
152671.36 0.0487004235803
153491.53 0.0490007375136
154311.58 0.051393044138
155131.76 0.0652978708191
155951.93 0.0684686611348
156772.09 0.0544151353217
157592.17 0.052321684796
158412.35 0.0523712511734
159232.5 0.0535900009223
160052.58 0.0538436641476
160872.73 0.0540681706803
161692.9 0.0560726932936
162512.99 0.0600044732851
163333.14 0.069667001199
164153.32 0.0789986006523
164973.38 0.08284728407
165793.55 0.0755930989615
166613.72 0.0735171424513
167433.78 0.0760683530502
168253.96 0.0760100396651
169074.12 0.0777288266914
169894.29 0.0863621233579
170714.36 0.0863519185155
171534.54 0.0802304709129
172354.69 0.0747038198385
173174.78 0.0747504705465
173994.94 0.07479566342
174815.11 0.0683491186954
175635.18 0.0609083307545
176455.33 0.0572535393423
177275.51 0.0583731563365
178095.58 0.0565683570671
178915.75 0.0564954653357
179735.91 0.0535623020644
180555.97 0.0519892985008
181376.15 0.0512108148095
182196.33 0.0509090430416
183016.49 0.0508186572946
183836.55 0.0513711766186
184656.73 0.0515271649238
185476.88 0.0531555662032
186296.97 0.0586647232621
187117.14 0.0823530781311
187937.3 0.0711758600389
188757.37 0.0561251753403
189577.55 0.0537037120233
190397.7 0.0520811420824
191217.78 0.0521686121601
192037.94 0.051118971228
192858.11 0.0507632595788
193678.19 0.05046440348
194498.34 0.0502398969473
195318.52 0.0509454889073
196138.69 0.0506451749739
196958.75 0.0495999075457
197778.93 0.0496086545535
199419.16 0.0475137461931
201059.49 0.0508551031603
202699.75 0.0497690163625
204339.97 0.0490342677101
205980.3 0.0505023071804
207620.54 0.0512982848872
209260.88 0.0509892239461
210901.12 0.0515636107895
212541.36 0.0516496230325
214181.7 0.0519105754309
215821.94 0.0521379976329
217462.16 0.0522735762533
219102.49 0.0535972900954
220742.74 0.0532765664773
222383.07 0.0532998918313
224023.31 0.0540623393417
225663.55 0.0551469683049
227303.89 0.0559137893192
228944.13 0.0572287561536
230584.37 0.0566689476565
232224.68 0.0566325017908
233864.94 0.0570917196986
235505.27 0.0582273728737
237145.5 0.0589927360534
238785.74 0.0586851329469
240426.09 0.0581821800002
242066.33 0.0578876974054
243706.56 0.0583950238559
245346.91 0.0584285540524
246987.15 0.0578089743355
248627.46 0.0580801315763
250267.7 0.0584562529103
251907.94 0.0590729169579
253548.28 0.0595321348657
255188.52 0.0588542417637
256828.76 0.0597610149023
258469.09 0.0623719967209
260109.32 0.0621576950306
261749.65 0.0613471389775
263389.89 0.0606109324904
265030.16 0.0604403658389
266670.49 0.0607814991418
268310.7 0.0613690064969
269950.93 0.0614841754325
271591.29 0.0614462717322
273231.53 0.061780115862
274871.86 0.0620089958985
276512.1 0.062818094117
278152.34 0.0629041063601
279792.67 0.06245363546
281432.9 0.0630207331303
283073.14 0.0628778653368
284713.47 0.0634537100148
286353.71 0.0636694695397
287994.04 0.0638414940258
289634.31 0.0636592646973
291274.55 0.0632175408051
292914.87 0.0640645427239
294555.11 0.064761387676
296195.35 0.0646957851178
297835.68 0.0651331355062
299475.92 0.065114183656
301116.25 0.0650850269634
302756.49 0.0652104007414
304396.72 0.0656083895949
306037.05 0.0673577911484
307677.32 0.0661536197457
309317.56 0.0662906562007
310957.89 0.0665720182839
312598.1 0.0685313480238
314238.46 0.0699031704087
315878.69 0.0693156630537
317518.93 0.0689555779006
319159.26 0.068863734319
320799.5 0.0709017871288
322439.74 0.0737241549685
324080.1 0.0754283636485
325720.33 0.0738291190617
327360.63 0.0769080657959
329000.87 0.0825017772632
330641.14 0.0768905717803
332281.44 0.0842978295248
333921.68 0.0999870457905
335561.91 0.0957345421808
337202.27 0.0847730836135
338842.48 0.0803296036676
