100.03 9.31306952807e-08
101.89 1.18329515258e-07
104.03 1.38389780945e-07
105.96 1.6714109161e-07
107.93 2.04218715149e-07
109.94 3.11241535202e-07
114.06 4.32603537378e-07
118.07 5.66356010151e-07
121.1 1.54198312398e-06
125.07 2.03280832598e-06
127.1 2.31250574469e-06
127.98 2.47225840598e-06
130.96 2.93828182495e-06
131.87 3.31968739592e-06
134.01 3.70755393559e-06
137.13 4.64616595138e-06
140.0 5.45868486857e-06
142.94 8.63164574976e-06
146.94 1.28854641671e-05
151.06 1.56345021349e-05
154.93 1.89275119827e-05
158.91 2.27030102987e-05
161.86 2.59470418355e-05
166.01 3.08386203879e-05
169.88 3.62314450595e-05
173.04 4.08406167547e-05
177.07 4.74339310923e-05
179.95 5.29778590639e-05
182.03 5.7028469595e-05
185.84 6.56278105014e-05
191.05 7.72846485258e-05
194.15 8.53275124516e-05
198.22 9.6625870923e-05
201.9 0.000108919426991
205.18 0.000118871402955
209.96 0.00013368994727
215.85 0.000160732227507
219.86 0.000178270631222
222.92 0.000191025833924
227.06 0.00021138830621
230.22 0.00036482589165
233.96 0.000601297345656
239.96 0.000774628462106
246.12 0.000809267591012
251.85 0.000891436523448
257.12 0.000801847897937
260.1 0.000944260152937
263.72 0.00101412198211
269.24 0.00106189146674
274.25 0.00110941084935
278.7 0.00115099030914
283.89 0.00119976020182
289.83 0.00120809693561
295.9 0.00128552435071
300.71 0.00128854641671
307.71 0.00136805801525
317.79 0.00147945762054
328.2 0.0015562597806
338.18 0.00162587150776
347.65 0.00168693808279
357.39 0.00174623310188
365.72 0.00180750809525
375.1 0.00185388117697
384.72 0.00185815375304
394.59 0.00194579366702
404.71 0.0019957098606
414.14 0.00202811891322
421.84 0.00205156597701
429.68 0.00206584263363
440.7 0.00210908944017
450.97 0.00213347438651
460.41 0.00214827208899
470.05 0.0021731780812
479.89 0.00219829249174
489.94 0.00220850499064
500.2 0.00224435294594
505.99 0.00256500456941
511.85 0.00396359587217
520.17 0.00398193668652
529.84 0.00402799714072
539.69 0.00390919868418
549.72 0.00443701814238
559.94 0.00494409997527
570.35 0.00526131269605
579.62 0.00514147214779
590.4 0.00565053395496
599.99 0.00565053395496
609.74 0.00612478989854
619.65 0.00687217808299
629.71 0.00716292167398
639.95 0.00734664244492
650.34 0.00785403690532
657.87 0.00807402246826
665.49 0.00851315992074
674.75 0.0088123444547
685.71 0.00869146181472
695.25 0.0100946383211
704.93 0.00970718861809
716.38 0.0112743903618
726.35 0.0116432908321
734.76 0.0120809693561
744.98 0.0129146427353
755.34 0.0134919615504
765.85 0.0140307229717
774.72 0.0149654792481
785.49 0.0159252457259
794.59 0.0165234063755
805.64 0.0171038514658
814.97 0.0176644968133
824.41 0.0188837441303
835.88 0.0172226499223
845.56 0.0200029506419
855.35 0.0207532566831
865.25 0.0219329045147
875.27 0.023071910769
885.41 0.0243828621578
895.66 0.0254739321928
906.03 0.0260074831555
914.41 0.0375048811462
925.0 0.212857655541
935.71 0.446775984824
944.37 0.877180708664
955.31 1.19976020182
964.15 1.47945762054
975.31 0.396359587217
984.34 1.64098183776
995.73 1.63337456817
1004.95 1.95923665026
1014.25 1.71830504368
1025.99 0.682486711872
1035.48 1.38389780945
1045.06 2.2913512827
1054.73 2.32323928945
1064.49 2.05156597701
1074.34 2.30187640911
1084.28 2.03280832598
1094.32 2.36096300986
1104.44 2.29666595049
1114.66 2.2860366149
1124.98 2.13347438651
1135.38 2.3993119853
1145.89 2.23403623788
1153.83 2.3071910769
1164.51 2.37190497296
1175.29 1.89712798351
1186.16 2.24435294594
1194.38 1.7623855236
1205.43 1.37431056559
1213.79 0.668480999101
1225.02 1.47601871785
1236.35 2.08491291218
1244.92 2.29666595049
1256.44 2.29666595049
1265.15 2.09939798714
1273.92 2.45527231088
1285.71 2.54155750563
1294.62 2.2913512827
1303.6 2.25466965401
1315.66 2.55322893293
1324.78 2.49508021474
1333.96 2.36638188682
1346.3 2.57094449224
1355.64 2.52405036466
1365.03 2.38826581303
1374.49 2.4495408064
1384.02 2.47798991046
1393.62 2.29666595049
1406.51 2.35012525593
1416.26 2.39378889916
1426.08 2.39378889916
1435.96 2.38284693606
1442.59 2.4665269015
1445.92 2.48361720577
1455.94 2.45527231088
1466.03 2.35012525593
1476.19 2.33397283421
1486.43 2.339287502
1493.29 2.35554413289
1503.64 2.30187640911
1510.58 2.16817604092
1517.55 2.24435294594
1524.56 2.19829249174
1535.12 2.03749773873
1545.76 2.15327412927
1556.48 2.0610490117
1563.66 2.0610490117
1574.5 2.16317400065
1585.42 2.21361124009
1596.41 2.26509057125
1603.77 2.18818420202
1614.89 2.17818012147
1626.08 2.10419160907
1633.59 2.17818012147
1644.91 2.19829249174
1656.32 2.05156597701
1663.96 2.21861328036
1671.64 2.03749773873
1675.49 2.21361124009
1683.23 2.27030102987
1694.9 2.16817604092
1706.64 2.1187808932
1714.52 2.08970653411
1726.41 2.07053204638
1734.38 2.15817196037
1746.4 2.10908944017
1754.46 2.19829249174
1766.62 2.03749773873
1774.77 2.1187808932
1782.97 2.12857655541
1795.33 2.21361124009
1803.61 2.19329045147
1816.11 2.1187808932
1824.5 2.1138830621
1832.92 2.07053204638
1845.62 1.94131267261
1854.14 1.96382185385
1867.0 2.00488026777
1875.61 2.07053204638
1884.27 1.98195424985
1892.97 1.94131267261
1906.09 1.98653945343
1914.89 1.96382185385
1923.73 1.9368316782
1937.06 1.92349290413
1946.0 2.03280832598
1954.98 1.95027466144
1968.54 2.04687656425
1977.62 2.06584263363
1982.18 1.9957098606
1995.92 1.95027466144
2005.13 1.95475565585
2014.39 1.93235068378
2023.69 1.94579366702
2033.03 1.93235068378
2047.12 1.97288805185
2056.57 1.90588155399
2066.06 1.91025833924
2075.6 2.00029506419
2080.38 1.97736904626
2085.18 1.9957098606
2094.8 1.92349290413
2104.47 1.92349290413
2114.19 1.9368316782
2123.94 1.95027466144
2133.75 1.84116765794
2143.6 1.90150476875
2153.49 1.91911611889
2163.43 1.85815375304
2173.42 1.8496086009
2183.45 1.85815375304
2193.53 1.92349290413
2203.65 1.87107569041
2213.82 1.79510720374
2224.04 1.77051383905
2234.31 1.88399762779
2244.62 1.80750809525
2254.98 1.75019305043
2265.39 1.75019305043
2275.85 1.79510720374
2286.35 1.84116765794
2296.91 1.75425720816
2307.51 1.77843373615
2312.83 1.73789636809
2323.5 1.50655200536
2334.23 1.65171538251
2345.0 1.55563452556
2355.83 1.69767162754
2366.7 1.56615965198
2377.62 1.62847673707
2383.1 1.48852381854
2394.11 1.57293324818
2405.16 1.53343797184
2416.26 1.55104932198
2427.41 1.65421640265
2433.01 1.6053423008
2444.24 1.67703821141
2455.52 1.65765530534
2466.85 1.63848081762
2472.54 1.58283311956
2483.95 1.58627202225
2495.42 1.53583478281
2506.94 1.67995606823
2512.71 1.52155812619
2518.51 1.50405098523
2524.31 1.4562189751
2535.96 1.47977024806
2547.67 1.4830007324
2553.54 1.59638031197
2565.33 1.55271666874
2577.17 1.62941461962
2583.11 1.6144084988
2595.03 1.5921077359
2607.01 1.53437585439
2613.02 1.50623937785
2625.08 1.58804357818
2637.2 1.65505007603
2643.28 1.81459431897
2655.48 1.88253869938
2667.74 1.72070185464
2673.89 1.78510312318
2686.23 1.81396906394
2692.42 1.69673374499
2704.85 1.75613297326
2717.33 1.64254497534
2723.6 1.61993158493
2736.17 1.70392417789
2742.48 1.48393861495
2755.14 1.53948210384
2767.85 1.62295365093
2774.23 1.68381180761
2787.04 1.56042814749
2793.46 1.20840956313
2806.36 1.30073888988
2812.83 1.67161933444
2825.81 1.7623855236
2832.33 1.72216078306
2845.4 1.64066921024
2851.96 1.53104116088
2865.12 1.73362379202
2871.73 1.77801689946
2884.98 1.76144764105
2898.3 1.77760006277
2911.68 1.94433473861
2931.86 1.86513576759
2952.18 1.8307467407
2972.65 1.85586115124
2993.25 1.86836625193
3007.07 1.8854565562
3027.91 1.89817007524
3048.9 1.9198455831
3070.03 1.92828652606
3091.31 1.92797389854
3112.74 1.95444302833
3127.11 1.91411407861
3148.79 1.91369724192
3170.61 1.95340093661
3192.59 1.85659061545
3207.33 1.93047491868
3229.56 1.83897926531
3251.94 2.00217082929
3266.96 2.1010653339
3289.6 2.08616342224
3312.4 2.06188268508
3320.04 1.98716470847
3327.69 1.99623090646
3335.36 2.11919772989
3343.05 1.96851126661
3350.76 2.01894850605
3358.48 2.01415488412
3366.23 1.87524405731
3373.99 1.74592047436
3381.76 1.90984150255
3389.56 2.02759786736
3397.37 1.93172542875
3405.2 2.00404659439
3413.05 1.96736496571
3420.92 2.01300858322
3428.81 2.04562605418
3436.71 2.06438370521
3444.64 1.78145580215
3452.58 2.16140244472
3460.53 1.99852350826
3468.51 2.02613893894
3476.51 2.01207070067
3484.52 2.04937758439
3492.55 2.02103268949
3500.61 1.92995387282
3508.67 2.04416712577
3516.76 1.90327632468
3524.87 1.99279200378
3533.0 2.081786637
3541.14 2.15473305768
3549.3 2.20985970988
3557.49 2.12003140327
3565.69 2.22486583071
3573.91 1.86326000248
3582.15 1.90213002379
3590.4 1.73070593519
3598.68 2.06625947032
3606.98 2.00977809888
3615.29 2.02822312239
3621.47 2.08605921307
3624.21 1.97288805185
3626.96 1.7453994285
3629.7 1.23946389651
3632.45 2.32917921228
3635.19 2.03833141211
3637.94 1.63087354804
3640.68 1.18954770293
3643.42 1.14817666149
3646.17 1.1435914579
3648.91 1.23289871865
3651.66 1.62409995183
3654.4 2.22726264167
3657.15 1.91067517593
3659.89 2.32146773352
3662.64 2.37086288124
3665.38 2.37096709041
3668.13 2.19245677809
3670.87 2.03530934611
3673.61 2.48288774156
3676.36 2.36221351993
3679.1 2.20444083292
3681.85 1.97851534716
3684.59 2.16692553085
3687.34 2.40754450992
3690.08 2.3913920882
3692.83 2.53332498101
3695.57 2.46871529412
3698.32 2.37847015082
3701.06 2.46850687577
3703.81 1.97580590867
3706.55 1.95069149813
3709.29 2.15191941003
3712.04 2.10356635403
3714.78 2.27467781511
3717.53 2.39837410275
3720.27 3.28508995069
3723.02 3.7841476773
3725.76 5.88354566444
3728.51 8.48220979654
3731.25 8.9323934213
3734.0 7.6445764688
3736.74 4.6015644256
3739.48 3.33594402682
3742.23 2.25289809808
3744.97 2.30239745497
3747.72 2.01457172081
3750.46 1.87743244993
3753.21 2.34074643041
3755.95 2.45433442833
3758.7 2.47580151784
3761.44 2.70714588057
3764.19 2.31542360152
3766.93 2.6428488212
3769.68 2.37690701324
3772.42 2.35043788345
3775.16 2.77071347573
3777.91 2.42390534999
3780.65 2.95578896591
3783.4 3.07542109582
3786.14 3.23767477725
3788.89 2.87127532709
3791.63 2.92379674998
3794.38 2.40556453565
3797.12 2.41723596295
3799.87 2.45037447978
3802.61 2.1901641763
3805.35 2.6605643805
3808.1 2.91816945467
3810.84 2.94005338088
3813.59 2.99288743128
3816.33 3.17775450312
3819.08 2.8931592533
3821.82 3.38002450674
3824.57 3.01904393355
3827.31 3.06197811258
3830.06 2.3944141542
3832.8 2.47486363529
3835.54 2.17953484071
3838.29 2.21486175016
3841.03 2.27165574911
3843.78 2.43651465985
3846.52 2.73528235711
3849.27 3.31082961627
3852.01 3.15336955678
3854.76 3.22089710049
3857.5 3.34667757158
3860.25 3.13117300306
3862.99 2.4944549597
3865.74 3.40190843295
3868.48 3.2344442929
3871.22 3.71203493
3873.97 3.25987133097
3876.71 3.33208828744
3879.46 2.9320292746
3882.2 3.13867606347
3884.95 2.41004553006
3887.69 2.60158198893
3890.44 2.58970214327
3893.18 2.89138769737
3895.93 2.86168808323
3898.67 2.44141249095
3901.41 3.29030040931
3904.16 3.33552719013
3906.9 3.55259489623
3909.65 3.25299352559
3912.39 3.42275026743
3915.14 3.54269502486
3917.88 3.26643650883
3920.63 2.92806932605
3923.37 2.97725605542
3926.12 3.14628333305
3928.86 2.95047429812
3931.61 2.69443236153
3934.35 2.33595280848
3937.09 2.08564237638
3939.84 2.60220724396
3942.58 2.74747483028
3945.33 3.01904393355
3948.07 2.94682697708
3950.82 3.11064379609
3953.56 3.25382719897
3956.31 3.1793176407
3959.05 2.8829467544
3961.8 2.52675980314
3964.54 2.58824321486
3967.28 2.34178852214
3970.03 2.23664146719
3972.77 2.27426097842
3975.52 2.41786121799
3978.26 2.60752191175
3981.01 2.82229701607
3983.75 3.28717413414
3986.5 3.34136290378
3989.24 3.42743968018
3991.99 3.22068868215
3994.73 3.61324463457
3997.48 3.47068648673
4000.22 3.42431340501
4002.96 3.62470764353
4005.71 3.7113054658
4008.45 3.49340408631
4011.2 3.48110740397
4013.94 3.63492014243
4016.69 3.58542078554
4019.43 3.77726987193
4022.18 3.61949718491
4024.92 3.96557584645
4027.67 3.66847549594
4030.41 3.68817102952
4033.15 3.61272358871
4035.9 3.51518380334
4038.64 3.68546159104
4041.39 3.86907815281
4044.13 4.06207354009
4046.88 3.6350243516
4049.62 3.948381333
4052.37 3.76215954193
4055.11 3.77570673434
4057.86 4.09719203119
4060.6 3.92305850411
4063.35 3.51810166017
4066.09 3.76518160793
4068.83 3.81884933171
4071.58 3.89877776694
4074.32 3.94608873121
4077.07 3.39972004033
4079.81 3.41555983453
4082.56 3.60865943098
4085.3 3.3197916051
4088.05 3.54425816244
4090.79 3.63512856077
4093.54 3.65826299705
4096.28 3.46432972721
4099.02 3.30864122365
4101.77 3.40097055039
4104.51 3.4749590628
4107.26 3.42254184908
4110.0 3.54040242306
4112.75 3.47839796549
4115.49 3.42243763991
4118.24 3.68066796911
4120.98 3.83072917737
4123.73 3.60209425312
4126.47 3.55436645217
4129.21 3.73725354972
4131.96 3.66805865925
4134.7 3.59261121844
4137.45 3.72183059221
4140.19 3.7403798249
4142.94 3.67149756194
4145.68 3.66889233263
4148.43 3.70015508435
4151.17 3.69327727897
4153.92 3.70359398704
4156.66 3.67493646463
4159.41 3.61584986388
4162.15 3.71203493
4164.89 3.8543846595
4167.64 3.70724130807
4170.38 3.47881480218
4173.13 3.48058635811
4175.87 3.48652628093
4178.62 3.17660820222
4181.36 3.34897017337
4184.11 3.55322015127
4186.85 3.53029413334
4189.6 3.72672842331
4192.34 3.64648736057
4195.08 3.7222474289
4197.83 3.62637499029
4200.57 3.52122793534
4203.32 3.63585802498
4206.06 3.53508775527
4208.81 3.65628302277
4211.55 3.89544307343
4214.3 3.80749053192
4217.04 3.64805049815
4219.79 3.73746196807
4222.53 3.67785432146
4225.28 3.45703508515
4228.02 3.45755613101
4230.76 3.52570892976
4233.51 3.60647103836
4236.25 3.48454630666
4239.0 3.41618508957
4241.74 3.6410684836
4244.49 3.67097651608
4247.23 3.61407830795
4249.98 3.62043506747
4252.72 3.43348381218
4255.47 3.5228952821
4258.21 3.67024705187
4260.95 3.52956466913
4263.7 3.6059499925
4266.44 3.73662829469
4269.19 3.69869615594
4271.93 3.31124645296
4274.68 3.75642803745
4277.42 3.73954615152
4280.17 3.67389437291
4282.91 3.71245176669
4285.66 3.67952166822
4288.4 3.41816506384
4291.15 3.54800969265
4293.89 3.36408050337
4296.63 3.56416211437
4299.38 3.05614239893
4302.12 3.19911738346
4304.87 3.16556202995
4307.61 3.19870054677
4310.36 3.31885372254
4313.1 3.47912742969
4315.85 3.29957502565
4318.59 3.66482817491
4321.34 3.50445025859
4324.08 3.79112969185
4326.82 3.35334695861
4329.57 3.44452998446
4332.31 3.4096199117
4335.06 3.46380868135
4337.8 3.70421924207
4340.55 3.75788696586
4343.29 3.99965224582
4346.04 3.93004051866
4348.78 3.54206976982
4351.53 3.44275842853
4354.27 3.48652628093
4357.02 3.64836312567
4359.76 3.72141375552
4362.5 3.64044322857
4365.25 3.92628898846
4367.99 3.83125022323
4370.74 3.79613173213
4373.48 3.63325279567
4376.23 3.58000190858
4378.97 3.59969744216
4381.72 3.33844504696
4384.46 3.27050066655
4387.21 3.4749590628
4389.95 3.48829783686
4392.69 3.80155060909
4395.44 3.53091938838
4398.18 3.44442577529
4400.93 3.62804233705
4403.67 3.72464423986
4406.42 3.69056784049
4409.16 3.58719234147
4411.91 3.52946045996
4414.65 3.72943786179
4417.4 3.52748048569
4420.14 3.49934400914
4422.88 3.87574753984
4425.63 3.83416808006
4428.37 3.60459527326
4431.12 3.89981985867
4433.86 3.78456451399
4436.61 3.60647103836
4439.35 3.75611540993
4442.1 3.82770711137
4444.84 4.0344581094
4447.59 4.0174720143
4450.33 3.92733108018
4453.08 3.86376348502
4455.82 3.6852531727
4458.56 3.70119717607
4461.31 3.77977089206
4464.05 3.70724130807
4466.8 3.60490790078
4469.54 3.71464015931
4472.29 3.96078222452
4475.03 3.91961960142
4477.78 4.01934777941
4480.52 3.77226783165
4483.27 3.97818515631
4486.01 4.22067990048
4488.75 3.86741080605
4491.5 3.90367559804
4494.24 3.83896170199
4496.99 4.12053488581
4499.73 3.94786028714
4502.48 4.10438246408
4505.22 4.10490350995
4507.97 4.0918773634
4510.71 4.17524470132
4513.46 3.99485862389
4516.2 3.99652597065
4518.95 3.93962776252
4521.69 3.93316679383
4524.43 4.16023858049
4527.18 3.63429488739
4529.92 3.67243544449
4532.67 3.66816286842
4535.41 3.83833644695
4538.16 3.85396782281
4540.9 3.79071285516
4543.65 3.92410059583
4546.39 4.21744941614
4549.14 3.94973605224
4551.88 3.88856526805
4554.62 3.75663645579
4557.37 3.7822719122
4560.11 3.97818515631
4562.86 3.96932737666
4565.6 3.63262754064
4568.35 3.88470952867
4571.09 4.05509152554
4573.84 3.74246400834
4576.58 3.83072917737
4579.33 3.97099472341
4582.07 3.88012432508
4584.82 3.82989550399
4587.56 3.88106220763
4590.3 4.07113973809
4593.05 4.13178947642
4595.79 4.00892686217
4598.54 4.01622150424
4601.28 4.03529178278
4604.03 4.01351206575
4606.77 3.77883300951
4609.52 3.93639727818
4612.26 4.13106001222
4615.01 4.07707966092
4617.75 3.95734332183
4620.49 4.16847110511
4623.24 4.10917608601
4625.98 3.88220850853
4628.73 4.01966040692
4631.47 4.09385733767
4634.22 4.07593336002
4636.96 3.95619702093
4639.71 4.08510376719
4642.45 3.94358771107
4645.2 3.82499767288
4647.94 3.95452967418
4650.69 4.04790109264
4653.43 3.98391666079
4656.17 4.11198973367
4658.92 4.16961740601
4661.66 4.16878373263
4664.41 3.96578426479
4667.15 3.94264982852
4669.9 3.94087827259
4672.64 4.06832609043
4675.39 3.99121130286
4678.13 4.23704074055
4680.88 4.0114278823
4683.62 4.05269471457
4686.36 3.92201641239
4689.11 3.79727803303
4691.85 3.98287456907
4694.6 3.8483405275
4697.34 3.80707369523
4700.09 4.01455415748
4702.83 3.97630939121
4705.58 3.8683486886
4708.32 3.80540634847
4711.07 3.89398414501
4713.81 3.9616158979
4716.55 4.03998119554
4719.3 4.07614177836
4722.04 3.99277444045
4724.79 4.03706333871
4727.53 3.94921500638
4730.28 4.04727583761
4733.02 4.00246589348
4735.77 4.01851410603
4738.51 4.10834241264
4741.26 4.04977685775
4744.0 4.03706333871
4746.75 4.23214290944
4749.49 4.00215326596
4752.23 3.91618069873
4754.98 3.97505888114
4757.72 3.94119090011
4760.47 3.993712323
4763.21 3.95640543928
4765.96 3.87866539667
4768.7 3.89273363494
4771.45 3.98214510486
4774.19 3.99881857244
4776.94 4.06290721347
4779.68 4.16565745745
4782.42 3.93014472783
4785.17 3.94442138445
4787.91 3.9974638532
4790.66 4.0155962492
4793.4 3.95411283749
4796.15 3.9106576126
4798.89 3.95223707238
4801.64 4.05998935664
4804.38 4.06874292712
4807.13 4.11907595739
4809.87 4.01611729506
4812.62 4.20035911186
4815.36 4.21765783448
4818.1 4.17295209952
4820.85 3.963491663
4823.59 4.10292353567
4826.34 3.8985693486
4829.08 4.06988922802
4831.83 4.13658309836
4834.57 3.969535795
4837.32 4.04394114409
4840.06 4.05623782644
4842.81 3.82301769861
4845.55 3.73839985062
4848.29 3.79571489544
4851.04 3.6859826369
4853.78 3.65972192546
4856.53 3.82458083619
4859.27 4.36250858412
4862.02 5.20326818703
4864.76 5.34843156418
4867.51 4.61094325111
4870.25 3.99412915969
4873.0 3.61751721064
4875.74 3.64252741201
4878.49 3.5549917072
4881.23 3.54728022844
4883.97 3.68650368277
4886.72 3.76862051062
4889.46 3.66493238408
4892.21 3.65951350712
4894.95 3.78133402965
4897.7 3.90419664391
4900.44 3.80050851737
4903.19 3.94066985425
4905.93 3.78310558558
4908.68 3.70088454856
4911.42 3.7131812309
4914.16 3.78070877461
4916.91 3.78623186075
4919.65 3.86657713267
4922.4 3.55467907968
4925.14 3.45411722832
4927.89 3.74517344683
4930.63 3.8513625935
4933.38 3.87230863715
4936.12 3.76622369965
4938.87 3.65940929794
4941.61 3.67827115815
4944.36 3.86657713267
4947.1 3.98829344603
4949.84 4.02143196286
4952.59 4.08385325712
4955.33 4.27028346654
4958.08 4.67722028476
4960.82 5.15574880441
4963.57 5.12729970035
4966.31 4.41138268597
4969.06 4.0937531285
4971.8 3.85490570536
4974.55 3.86907815281
4977.29 3.85167522102
4980.03 3.83052075902
4982.78 3.79040022765
4985.52 3.78060456544
4988.27 3.95286232742
4991.01 3.89898618529
4993.76 3.748299722
4996.5 3.75819959338
4999.25 4.00319535769
5001.99 4.37522210315
5004.74 5.40730974658
5007.48 7.10060458888
5010.22 7.64061652025
5012.97 6.47764215629
5015.71 4.5864540956
5018.46 3.88887789556
5021.2 3.79508964041
5023.95 3.73850405979
5026.69 3.81301361806
5029.44 3.7943601762
5032.18 3.86709817853
5034.93 3.84709001743
5037.67 3.70890865483
5040.42 3.57135254727
5043.16 3.6082425943
5045.9 3.7611174502
5048.65 3.86928657115
5051.39 3.79842433392
5054.14 3.93243732963
5056.88 3.99485862389
5059.63 3.90732291908
5062.37 3.93983618087
5065.12 3.96317903548
5067.86 3.84313006888
5070.61 3.78935813592
5073.35 3.88054116177
5076.09 4.01642992258
5078.84 4.00090275589
5081.58 3.87116233626
5084.33 3.81186731716
5087.07 3.63762958091
5089.82 3.70078033939
5092.56 3.8415669313
5095.31 3.89283784412
5098.05 3.87314231053
5100.8 3.59209017257
5103.54 3.72183059221
5106.29 3.8762685857
5109.03 3.7622637511
5111.77 3.81051259792
5114.52 3.87230863715
5117.26 3.89700621101
5120.01 3.88658529377
5122.75 3.68233531587
5125.5 3.65482409436
5128.24 3.76299321531
5130.99 3.74256821752
5133.73 3.6361706525
5136.48 3.71172230249
5139.22 3.82562292792
5141.96 3.6803553416
5144.71 3.68150164249
5147.45 3.62053927664
5150.2 3.70515712463
5152.94 3.67962587739
5155.69 3.7811256113
5158.43 3.86626450515
5161.18 3.74392293676
5163.92 3.68785840201
5166.67 3.5289394141
5169.41 3.41045358508
5172.16 3.3258357371
5174.9 3.30989173372
5177.64 3.42212501239
5180.39 3.61366147126
5183.13 3.58396185713
5185.88 3.48235791404
5188.62 3.63439909657
5191.37 3.61345305292
5194.11 3.62700024533
5196.86 3.72016324545
5199.6 3.62397817933
5202.35 3.73662829469
5205.09 3.79634015047
5207.83 3.71182651166
5210.58 3.6992172018
5213.32 3.63471172408
5216.07 3.76997522986
5218.81 3.92993630949
5221.56 3.78842025337
5224.3 3.72193480138
5227.05 3.58948494326
5229.79 3.48058635811
5232.54 3.63085598471
5235.28 3.66555763911
5238.03 3.71839168952
5240.77 3.76955839317
5243.51 3.77820775448
5246.26 3.9106576126
5249.0 3.87585174901
5251.75 3.78456451399
5254.49 3.70692868056
5257.24 3.67191439863
5259.98 3.75642803745
5262.73 3.61022256857
5265.47 3.46724758404
5268.22 3.39232118909
5270.96 3.33854925613
5273.7 3.46193291625
5276.45 3.59865535043
5279.19 3.60907626767
5281.94 3.73256413697
5284.68 3.87751909577
5287.43 3.80144639992
5290.17 3.9344173039
5292.92 3.85594779709
5295.66 3.75569857324
5298.41 3.64617473305
5301.15 3.8162441024
5303.89 3.69098467718
5306.64 3.6629524098
5309.38 3.7233937298
5312.13 3.83583542681
5314.87 3.75278071641
5317.62 3.79383913034
5320.36 3.86824447943
5323.11 3.74433977345
5325.85 3.72964628014
5328.6 3.53154464341
5331.34 3.52966887831
5334.09 3.6592008796
5336.83 3.87689384074
5339.57 3.82989550399
5342.32 3.80821999613
5345.06 3.8925252166
5347.81 3.83583542681
5350.55 3.7550733182
5353.3 3.82760290219
5356.04 3.88074958012
5358.79 4.00392482189
5361.53 3.90930289335
5364.28 3.81426412813
5367.02 3.86522241343
5369.76 3.89533886425
5372.51 3.83031234068
5375.25 3.80436425675
5378.0 3.9355636048
5380.74 3.92253745825
5383.49 3.78258453972
5386.23 3.72266426559
5388.98 3.66399450153
5391.72 3.84813210916
5394.47 3.75549015489
5397.21 3.6301265205
5399.96 3.73027153517
5402.7 3.5670799712
5405.44 3.50934808969
5408.19 3.59677958533
5410.93 3.60626262002
5413.68 3.4900693928
5416.42 3.72787472421
5419.17 3.63043914802
5421.91 3.74975865041
5424.66 3.8362522635
5427.4 3.74256821752
5430.15 3.83989958454
5432.89 3.87335072888
5435.63 3.63971376436
5438.38 3.80488530261
5441.12 3.88564741122
5443.87 3.81186731716
5446.61 3.76507739875
5449.36 3.88919052308
5452.1 3.88502215619
5454.85 3.92003643811
5457.59 3.75236387972
5460.34 3.71047179242
5463.08 3.81634831157
5465.83 3.70432345125
5468.57 3.9076355466
5471.31 3.86991182619
5474.06 3.81217994468
5476.8 3.59552907526
5479.55 3.5938617285
5482.29 3.64325687622
5485.04 3.75590699158
5487.78 3.91055340342
5490.53 3.83760698274
5493.27 3.74246400834
5496.02 3.81541042902
5498.76 3.81572305654
5501.5 3.7494460229
5504.25 3.80613581268
5506.99 3.74121349828
5509.74 3.67587434718
5512.48 3.72964628014
5515.23 3.58677550478
5517.97 3.85282152191
5520.72 3.68733735615
5523.46 3.85896986309
5526.21 3.79519384958
5528.95 3.71693276111
5531.7 3.59625853947
5534.44 3.56551683361
5537.18 3.47850217466
5539.93 3.72328952062
5542.67 3.72141375552
5545.42 3.81509780151
5548.16 3.62376976098
5550.91 3.92545531508
5553.65 3.82322611695
5556.4 3.72579054076
5559.14 3.82207981606
5561.89 3.65065572746
5564.63 3.90773975577
5567.37 3.71495278683
5570.12 3.51101543645
5572.86 3.67670802056
5575.61 3.59334068264
5578.35 3.81082522544
5581.1 3.43348381218
5583.84 3.64648736057
5586.59 3.736211458
5589.33 3.32917043061
5592.08 3.66138927222
5594.82 3.60073953388
5597.56 3.69754985504
5600.31 3.75225967055
5603.05 3.65711669615
5605.8 3.68952574877
5608.54 3.79488122206
5611.29 3.6750406738
5614.03 3.71797485283
5616.78 3.71443174097
5619.52 3.82374716282
5622.27 3.62804233705
5625.01 3.49934400914
5627.76 3.59438277437
5630.5 3.71880852621
5633.24 3.6780627398
5635.99 3.62960547464
5638.73 3.83104180488
5641.48 3.95609281176
5644.22 3.62241504174
5646.97 3.50455446776
5649.71 3.62606236278
5652.46 3.78206349386
5655.2 3.73162625442
5657.95 3.6580545787
5660.69 3.68421108097
5663.43 3.63273174981
5666.18 3.61074361443
5668.92 3.65722090532
5671.67 3.84886157336
5674.41 3.82676922881
5677.16 3.74871655869
5679.9 3.83698172771
5682.65 3.96224115293
5685.39 3.49559247893
5688.14 3.54540446334
5690.88 3.73558620297
5693.63 3.71755801614
5696.37 3.83479333509
5699.11 3.77674882606
5701.86 3.67587434718
5704.6 3.67243544449
5707.35 3.58615024975
5710.09 3.41285039605
5712.84 3.63085598471
5715.58 3.76591107213
5718.33 3.66076401718
5721.07 3.80009168068
5723.82 3.82395558116
5726.56 3.71036758325
5729.3 3.58448290299
5732.05 3.68837944787
5734.79 3.82207981606
5737.54 3.77893721868
5740.28 3.66805865925
5743.03 3.66253557311
5745.77 3.66274399146
5748.52 3.6599303438
5751.26 3.59698800368
5754.01 3.82364295364
5756.75 3.82614397378
5759.5 3.70140559442
5762.24 3.75684487414
5764.98 3.63075177553
5767.73 3.72714526
5770.47 3.51841428769
5773.22 3.76809946475
5775.96 3.65367779346
5778.71 3.58021032692
5781.45 3.54217397899
5784.2 3.47058227756
5786.94 3.57301989402
5789.69 3.5708315014
5792.43 3.68171006084
5795.17 3.67003863353
5797.92 3.70922128235
5800.66 3.69973824766
5803.41 3.93525097728
5806.15 3.61657932809
5808.9 3.86772343357
5811.64 3.49923979997
5814.39 3.74704921193
5817.13 3.48558839838
5819.88 3.73277255531
5822.62 3.46464235473
5825.37 3.82864499392
5828.11 3.68692051946
5830.85 3.76195112358
5833.6 3.57531249582
5836.34 3.86511820426
5839.09 3.77716566275
5841.83 3.94379612942
5844.58 3.59375751933
5847.32 3.8743928206
5850.07 4.02299510044
5852.81 3.52425000134
5855.56 3.68577421856
5858.3 3.52185319038
5861.04 3.61074361443
5863.79 3.57041466471
5866.53 3.70025929352
5869.28 3.75423964483
5872.02 3.63075177553
5874.77 3.67493646463
5877.51 3.62668761781
5880.26 4.11584547305
5883.0 3.09073984416
5885.75 3.15264009257
5888.49 2.5416617148
5891.23 2.62065226748
5893.98 2.87481843896
5896.72 3.22444021235
5899.47 3.32114632434
5902.21 3.75205125221
5904.96 3.50882704383
5907.7 3.58646287726
5910.45 3.46526760976
5913.19 3.56530841527
5915.94 3.59407014685
5918.68 3.67889641318
5921.43 3.54061084141
5924.17 3.82979129481
5926.91 3.7233937298
5929.66 3.49903138162
5932.4 3.54561288168
5935.15 3.57770930678
5937.89 3.50841020714
5940.64 3.4609950337
5943.38 3.52279107293
5946.13 3.42556391508
5948.87 3.5308151792
5951.62 3.51320382907
5954.36 3.46547602811
5957.1 3.46266238045
5959.85 3.41712297212
5962.59 3.56822627209
5965.34 3.65367779346
5968.08 3.52654260313
5970.83 3.54300765237
5973.57 3.5659336703
5976.32 3.50382500355
5979.06 3.53144043424
5981.81 3.57176938396
5984.55 3.51424592079
5987.3 3.6369001167
5990.04 3.44734363211
5992.78 3.61605828223
5995.53 3.48631786259
5998.27 3.2956150771
6001.02 3.56874731796
6003.76 3.3344850984
6006.51 3.58093979113
6009.25 3.56822627209
6012.0 3.51924796107
6014.74 3.54342448906
6017.49 3.6131404254
6020.23 3.75590699158
6022.97 3.53133622507
6025.72 3.44067424508
6028.46 3.56520420609
6031.21 3.62043506747
6033.95 3.4107662126
6036.7 3.51476696665
6039.44 3.73152204524
6042.19 3.58552499471
6044.93 3.73100099938
6047.68 3.64669577891
6050.42 3.58958915244
6053.17 3.55843060989
6055.91 3.70088454856
6058.65 3.57354093989
6061.4 3.5289394141
6064.14 3.48579681673
6066.89 3.44796888715
6069.63 3.43900689832
6072.38 3.5289394141
6075.12 3.59459119271
6077.87 3.65669985946
6080.61 3.54154872396
6083.36 3.4670391657
6086.1 3.62502027105
6088.84 3.59271542761
6091.59 3.71088862911
6094.33 3.56874731796
6097.08 3.54415395327
6099.82 3.50465867693
6102.57 3.56864310878
6105.31 3.38033713426
6108.06 3.37846136916
6110.8 3.5950080294
6113.55 3.69973824766
6116.29 3.50205344762
6119.04 3.52362474631
6121.78 3.54259081568
6124.52 3.47558431783
6127.27 3.49371671383
6130.01 3.52237423624
6132.76 3.47245804266
6135.5 3.52487525638
6138.25 3.65722090532
6140.99 3.37512667564
6143.74 3.48454630666
6146.48 3.49736403486
6149.23 3.52925204162
6151.97 3.66284820063
6154.71 3.53852665796
6157.46 3.33417247089
6160.2 3.29613612296
6162.95 3.22475283987
6165.69 3.31666532992
6168.44 3.25518191821
6171.18 3.31135066213
6173.93 3.20964250987
6176.67 3.51570484921
6179.42 3.54040242306
6182.16 3.60532473747
6184.9 3.39065384233
6187.65 3.59396593768
6190.39 3.34198815882
6193.14 3.39555167343
6195.88 3.33240091496
6198.63 3.49736403486
6201.37 3.3926338166
6204.12 3.45036569811
6206.86 3.59511223857
6209.61 3.53029413334
6212.35 3.50934808969
6215.1 3.3749182573
6217.84 3.1041828274
6220.58 3.33458930758
6223.33 3.58917231575
6226.07 3.31197591717
6228.82 3.51174490065
6231.56 3.37137514543
6234.31 3.36418471254
6237.05 3.41410090612
6239.8 3.37304249219
6242.54 3.48996518362
6245.29 3.62668761781
6248.03 3.28946673593
6250.77 3.27987949207
6253.52 3.25080513297
6256.26 3.45953610528
6259.01 3.41066200343
6261.75 3.11231114285
6264.5 3.24330207256
6267.24 3.34824070916
6269.99 3.34438496978
6272.73 3.42743968018
6275.48 3.45151199901
6278.22 3.31718637579
6280.97 3.45505511087
6283.71 3.3877359855
6286.45 3.8083242053
6289.2 4.01757622348
6291.94 3.16702095836
6294.69 2.98986536528
6297.43 3.03707212038
6300.18 3.17890080401
6302.92 3.30020028069
6305.67 3.62116453167
6308.41 3.63773379008
6311.16 3.30645283103
6313.9 3.31791583999
6316.64 3.33813241944
6319.39 3.49923979997
6322.13 3.43160804708
6324.88 3.46828967576
6327.62 3.52622997562
6330.37 3.37596034902
6333.11 3.4288986086
6335.86 3.49892717245
6338.6 3.37293828302
6341.35 3.24434416428
6344.09 3.69859194676
6346.84 3.48569260755
6349.58 3.51257857403
6352.32 3.51247436486
6355.07 3.33771558275
6357.81 3.43129541956
6360.56 3.42452182336
6363.3 3.28373523145
6366.05 3.30124237241
6368.79 3.37398037474
6371.54 3.34407234227
6374.28 3.5591600741
6377.03 3.50007347335
6379.77 3.36762361523
6382.51 3.23923791483
6385.26 3.44557207618
6388.0 3.43890268915
6390.75 3.54530025417
6393.49 3.53592142865
6396.24 3.44275842853
6398.98 3.21099722911
6401.73 3.45234567239
6404.47 3.45651403928
6407.22 3.41066200343
6409.96 3.39044542398
6412.71 3.44421735694
6415.45 3.17879659484
6418.19 3.52508367472
6420.94 3.4228544766
6423.68 3.41774822715
6426.43 3.49694719817
6429.17 3.44880256053
6431.92 3.49434196886
6434.66 3.39919899446
6437.41 3.37168777295
6440.15 3.38242131771
6442.9 3.41545562536
6445.64 3.56259897678
6448.38 3.4398405717
6451.13 3.36710256937
6453.87 3.30947489703
6456.62 3.24601151104
6459.36 3.41159988598
6462.11 3.32739887468
6464.85 3.32708624716
6467.6 3.39742743853
6470.34 3.4979892899
6473.09 3.42629337929
6475.83 3.3847139195
6478.57 3.44359210191
6481.32 3.50007347335
6484.06 3.43556799563
6486.81 3.66284820063
6489.55 3.47839796549
6492.3 3.34344708723
6495.04 3.07364953989
6497.79 3.27133433993
6500.53 3.24382311842
6503.28 3.30343076503
6506.02 3.28925831758
6508.77 3.59261121844
6511.51 3.48746416349
6514.25 3.34511443399
6517.0 3.28113000214
6519.74 3.56114004837
6522.49 3.45922347777
6525.23 3.49778087155
6527.98 3.20849620897
6530.72 3.65253149256
6533.47 3.47172857845
6536.21 3.33844504696
6538.96 3.69067204966
6541.7 3.70307294118
6544.44 3.55665905396
6547.19 3.49215357624
6549.93 3.81749461247
6552.68 3.62533289857
6555.42 3.60501210995
6558.17 4.17461944628
6560.91 6.53704138455
6563.66 10.3328604892
6566.4 10.9648891198
6569.15 8.21668482527
6571.89 4.67221824448
6574.64 3.70317715035
6577.38 3.40649363653
6580.12 3.64805049815
6582.87 4.12220223256
6585.61 4.56008917498
6588.36 4.27789073613
6591.1 3.67868799484
6593.85 3.07917262603
6596.59 3.15680845947
6599.34 3.23663268552
6602.08 3.35553535123
6604.83 3.28696571579
6607.57 3.29092566434
6610.31 3.27185538579
6613.06 3.30978752455
6615.8 3.40263789715
6618.55 3.50559655948
6621.29 3.40763993743
6624.04 3.45661824846
6626.78 3.3635594575
6629.53 3.41003674839
6632.27 3.35480588702
6635.02 3.43921531667
6637.76 3.43014911867
6640.51 3.54342448906
6643.25 3.37127093626
6645.99 3.37220881881
6648.74 3.15732950533
6651.48 3.31812425834
6654.23 3.51487117583
6656.97 3.53810982127
6659.72 3.38804861302
6662.46 3.22892120677
6665.21 3.49173673955
6667.95 3.33010831316
6670.7 3.54842652934
6673.44 3.42212501239
6676.18 3.30843280531
6678.93 3.49434196886
6681.67 3.61324463457
6684.42 3.57895981685
6687.16 3.52675102148
6689.91 3.26560283545
6692.65 3.25799556586
6695.4 3.29467719455
6698.14 3.54321607072
6700.89 3.3877359855
6703.63 3.19151011387
6706.38 3.27487745179
6709.12 3.47360434356
6711.86 3.56541262444
6714.61 4.0004859192
6717.35 5.15564459524
6720.1 5.50453690443
6722.84 4.77444744261
6725.59 4.05279892375
6728.33 4.26569826296
6731.08 4.40763115576
6733.82 4.91398352445
6736.57 4.74380994592
6739.31 3.86501399509
6742.05 3.41253776853
6744.8 3.50538814114
6747.54 3.2306927627
6750.29 3.17473243712
6753.03 3.10189022561
6755.78 3.33115040489
6758.52 3.29842872475
6761.27 3.22277286559
6764.01 3.5919859634
6766.76 3.50445025859
6769.5 3.46620549232
6772.24 3.34761545413
6774.99 3.41483037032
6777.73 3.33333879751
6780.48 3.37022884454
6783.22 3.37783611412
6785.97 3.3858602204
6788.71 3.25997554014
6791.46 3.12085629499
6794.2 3.3277115022
6796.95 3.17296088119
6799.69 3.4779811288
6802.44 3.266540718
6805.18 3.28832043503
6807.92 3.16785463174
6810.67 3.0834452021
6813.41 3.11397848961
6816.16 3.44004899004
6825.64 3.28925831758
6841.37 3.29644875048
6857.14 3.25090934214
6872.95 3.24309365421
6888.79 3.25768293835
6904.67 3.25737031083
6920.59 3.26456074373
6936.54 3.27175117662
6952.53 3.2865488791
6968.56 3.27102171241
6984.63 3.21099722911
7000.73 3.25539033655
7016.86 3.26247656028
7033.04 3.23975896069
7049.25 3.34553127068
7065.5 3.23163064525
7081.79 3.27623217103
7098.12 3.17191878946
7114.48 3.19359429732
7130.88 3.20057631187
7147.32 3.14909698071
7163.79 3.17056407022
7180.31 3.08386203879
7196.86 3.00643462369
7213.45 3.01299980156
7230.08 3.12575412609
7246.75 3.09667976699
7263.45 3.16847988677
7280.2 3.13190246726
7296.98 3.06031076582
7313.8 3.17473243712
7330.66 3.23340220118
7347.56 3.27810793614
7364.5 3.19578268994
7381.47 3.25476508152
7398.49 3.2023478678
7415.55 3.17994289574
7432.64 3.21641610608
7449.77 3.2235023298
7466.95 3.23798740476
7484.16 3.23017171683
7501.41 3.17087669774
7518.71 3.18515335436
7536.04 3.22912962511
7553.41 3.24361470007
7570.83 3.2284001609
7588.28 3.22798332421
7605.77 3.12523308023
7623.3 3.1683756776
7640.88 3.08167364617
7658.49 3.1241909885
7676.14 2.77133873076
7693.84 3.02435860135
7711.58 2.90128756874
7729.35 3.01675133176
7747.17 3.03728053872
7765.03 3.00216204763
7782.93 2.89326346247
7800.87 2.98079916728
7818.86 3.0011199559
7836.88 3.01456293914
7854.94 3.02821434073
7873.05 3.00695566956
7891.2 3.01352084742
7909.39 2.99247059459
7927.63 2.92400516833
7945.9 2.92358833164
7964.22 2.96391728136
7982.58 2.99101166618
8000.98 2.97006562253
8019.42 2.96975299501
8037.91 2.95568475674
8056.44 2.94859853301
8075.01 3.00299572101
8093.62 2.95464266501
8112.28 3.00914406218
8130.98 3.02269125459
8149.73 2.9671477657
8168.52 2.87273425551
8187.35 2.87898680585
8206.22 2.65577075857
8225.13 2.9452638395
8244.1 2.93140401957
8263.1 2.9513079715
8282.15 2.87721524992
8301.24 2.86356384834
8320.38 2.88305096357
8339.56 2.830112704
8358.79 2.90232966047
8378.05 2.89534764592
8397.37 2.74559906518
8416.73 2.88127940764
8436.13 2.83480211675
8455.57 2.75727049249
8475.06 2.76956717483
8494.6 2.84032520289
8514.19 2.80093413572
8533.81 2.82646538296
8553.49 2.14389530375
8573.2 2.81927495007
8592.97 2.78665747911
8612.78 2.76070939518
8632.63 2.76675352718
8652.53 2.77279765918
8672.47 2.00383817605
8692.47 2.69651654498
8712.51 2.69609970829
8732.59 2.75216424304
8752.72 2.66452432906
8772.9 2.71371105843
8793.12 2.73215608194
8813.39 2.63305315899
8833.71 2.6205480583
8854.07 2.68745034698
8874.48 2.49622651563
8894.94 2.64378670375
8915.45 2.68015570491
8936.0 2.60074831555
8956.6 2.60043568803
8977.25 2.52915661411
8997.94 2.34387270559
9018.69 2.46527639143
9039.47 2.62909321044
9060.31 2.74632852939
9081.2 2.53332498101
9102.13 2.56823505376
9123.11 2.62763428203
9144.14 2.41275496854
9165.23 2.34668635324
9186.35 2.42880318109
9207.53 2.53707651121
9228.76 2.50185381094
9250.03 2.51310840156
9271.35 2.54176592397
9292.73 2.52978186914
9314.15 2.51779781432
9335.62 2.51164947315
9357.14 2.49976962749
9378.71 2.48215827736
9400.33 2.48757715432
9422.0 2.47007001336
9443.72 2.45277129074
9465.49 2.45235445405
9487.31 2.44078723592
9509.18 2.41806963633
9531.1 2.38451428282
9553.07 2.28207666635
9575.1 2.37284285551
9597.17 2.3944141542
9619.29 2.38315956358
9641.46 2.36096300986
9663.69 2.3551272962
9685.97 2.35481466869
9708.3 2.34366428724
9730.68 2.33251390579
9753.11 2.32146773352
9775.59 2.31573622904
9798.13 2.29947959814
9820.72 2.30448163842
9843.35 2.28822500752
9866.04 2.2773872536
9888.79 2.26654949967
9911.58 2.25581595491
9934.43 2.25550332739
9957.34 2.24476978263
9980.29 2.2392466965
10026.35 2.17755486644
10072.64 2.13722591672
10119.13 2.16129823554
10165.83 2.13587119748
10236.31 2.12503344355
10283.55 2.10971469521
10307.26 2.09491699273
10498.88 2.0119664915
10694.08 1.92349290413
10892.89 1.82428577201
11095.4 1.78270631222
11301.68 1.71434509513
11511.79 1.6714109161
11698.84 1.61096959611
11888.95 1.55271666874
12109.97 1.50342573019
12306.74 1.46247152544
12506.71 1.41932892807
12709.93 1.37754104993
12886.74 1.3368994727
13096.14 1.30647039436
13308.93 1.26791300057
13494.08 1.2447785643
13713.34 1.21362002175
13904.11 1.18329515258
14097.54 1.15369974762
14293.65 1.13004426549
14492.5 1.11712232811
14694.11 1.09419631018
14898.51 1.0816912095
15105.77 1.06678929784
15315.92 1.06439248688
15493.27 1.05459682467
15708.81 1.03059745227
15890.71 1.00482652393
16111.77 1.0002100576
16298.32 0.991039650426
16487.05 0.959599743114
16716.41 0.939925051365
16909.98 0.908016202776
17105.8 0.885298603194
17303.86 0.845459436586
17504.23 0.828119030299
17706.93 0.801847897937
17911.97 0.77820283672
18119.36 0.744887164304
18287.03 0.72961009963
18498.79 0.70809090553
18712.98 0.679350015783
18886.13 0.663885374599
19104.83 0.647274432518
19281.59 0.623869052398
19504.87 0.597160241512
19685.35 0.584915663755
19913.3 0.567669045723
20097.55 0.556018460249
20283.51 0.537146179128
20518.39 0.526131269605
20708.23 0.509436960187
20899.85 0.496692178403
21093.22 0.484270445053
21288.4 0.471077563827
21485.39 0.459291506429
21684.18 0.441659314459
21884.83 0.434604353488
22087.31 0.421786625283
22291.69 0.410292353567
22497.97 0.400027750086
22706.12 0.389127470653
22916.23 0.357343673071
23075.07 0.354071505058
23288.59 0.318484072684
23504.08 0.304853512934
23721.55 0.306968959134
23885.99 0.284501461565
24106.99 0.278030071959
24274.11 0.275476947235
24498.7 0.261273237037
24725.39 0.259470418355
24896.77 0.232855395724
25127.15 0.230187640911
25301.31 0.22913512827
25476.7 0.225988011263
25712.42 0.225988011263
25890.66 0.220850499064
26070.11 0.217818012147
26311.35 0.212367872431
26493.72 0.210419160907
26677.38 0.205156597701
26924.23 0.202342950046
27110.85 0.198653945343
27298.76 0.194579366702
27488.0 0.190588155399
27678.53 0.187107569041
27870.4 0.184116765794
28128.26 0.179927557063
28323.26 0.176644968133
28519.57 0.172622494078
28717.28 0.167912239486
28916.32 0.165609216776
29116.78 0.162211997755
29318.59 0.158522993052
29521.83 0.154917355687
29726.45 0.151738975929
29932.52 0.148623121675
30070.68 0.145246744489
30279.1 0.141609844372
30489.0 0.139348505331
30700.33 0.136805801525
30913.15 0.13368994727
31127.42 0.130949246036
31271.08 0.128552435071
31487.86 0.125634578244
31706.11 0.123050190768
31925.91 0.120809693561
32073.26 0.118329515258
32295.6 0.11617238539
32519.45 0.114577985052
32669.54 0.114046518273
32896.01 0.11617238539
33124.02 0.114307041204
33276.9 0.106929031798
33507.58 0.103060787319
33662.24 0.10002100576
33895.6 0.0975189435304
34130.53 0.0952992881584
34288.06 0.0933453661759
34525.75 0.0914310436789
34685.1 0.0895552785758
34925.55 0.0877180708664
35086.75 0.0859194205508
35329.94 0.0839634143849
35493.04 0.0824315395506
35739.05 0.0805547323557
35904.04 0.0790843409332
36069.75 0.0774628462106
36319.76 0.0760487277412
36487.43 0.0743178133877
36740.33 0.072961009963
36909.91 0.071299915755
37080.31 0.0699993852835
37337.31 0.0685633828878
37509.64 0.0668480999101
37682.81 0.0660832045847
37856.73 0.0647274432518
38119.12 0.0635467533286
38295.1 0.0623869052398
38471.85 0.0612478989854
38738.55 0.059992178458
38917.35 0.0588969400561
39096.97 0.057821501397
39277.42 0.0568971660378
39458.74 0.055730023307
39732.24 0.0547129417843
39915.66 0.0535906089976
40099.89 0.0526131269605
40284.97 0.0517711168475
40470.91 0.0507092253808
40657.74 0.0500141502009
40939.55 0.0492138237569
41128.5 0.0484270445053
41318.37 0.0476527703543
41509.08 0.0467836658565
41700.66 0.0459291506429
41893.18 0.0451955180692
42086.53 0.0444723064128
42280.78 0.0438626827542
42475.97 0.0430613142185
42672.02 0.0423735336806
42868.97 0.0407468284995
43066.87 0.0392722687101
43265.65 0.0391826488218
43465.34 0.0376778683724
43665.95 0.0368202268835
43867.54 0.0362314450595
44070.0 0.0349215357624
44273.41 0.0345213725404
44477.8 0.0339701060184
44683.08 0.0328925831758
44889.32 0.03281651048
45096.55 0.0321433192263
45304.69 0.0313398665071
45513.79 0.0311950157575
45723.86 0.0307677581506
45934.95 0.029860096259
46146.96 0.029860096259
46253.33 0.0293150822874
46466.86 0.0289128348819
46681.33 0.028648143584
46896.78 0.028319884691
47113.23 0.0278665747911
47330.73 0.0278030071959
47549.19 0.0272955085263
47658.79 0.0269828810091
47878.81 0.0266744218588
48099.79 0.0261273237037
48321.79 0.0261273237037
48544.82 0.0257094449224
48656.77 0.0252978186914
48881.35 0.0250091592839
49106.96 0.024665269015
49333.61 0.0243828621578
49447.38 0.0240483507144
49675.6 0.0238826581303
49904.88 0.0235543992372
50135.27 0.0232574030959
50250.83 0.022951028129
50482.76 0.022452908285
50715.76 0.0221684172443
50832.67 0.0220277348616
50949.9 0.0218870524788
51067.34 0.0216473713823
51185.05 0.021410816561
51303.04 0.0212732604534
51421.29 0.0210888102183
51539.83 0.0209054020748
51658.69 0.0208189084618
51777.76 0.0207324148487
51897.11 0.0204573026335
52016.74 0.0202791049487
52136.64 0.0201488434832
52256.82 0.0199258358543
52377.27 0.0197976585723
52498.07 0.0196694812902
52619.08 0.019587156044
52740.37 0.0194600208537
52861.94 0.0192443078668
52983.79 0.0190317211551
53105.92 0.0188639443876
53228.39 0.0187409775641
53351.09 0.0186190528324
53474.06 0.0184971281007
53597.33 0.0183335197001
53720.87 0.0182136791518
53844.7 0.0180938386035
53968.82 0.017975040147
54093.28 0.0178156001132
54217.97 0.0176582442629
54342.95 0.0175008884126
54468.21 0.0174258578085
54593.76 0.0173101856271
54719.6 0.017155956052
54845.74 0.017042368054
54972.22 0.0169287800561
55098.94 0.0167776767561
55225.94 0.0167047303355
55353.24 0.0167088987024
55480.84 0.0164827647983
55608.72 0.0163347877735
55736.97 0.0163003987466
55865.44 0.0161909791155
55994.22 0.0160826015762
56123.29 0.0160106972473
56252.66 0.0158668885894
56382.32 0.0157595531418
56512.29 0.0157262062066
56642.62 0.0156553439694
56773.18 0.0155490506136
56904.05 0.0154083682308
57035.21 0.0153739792039
57166.69 0.0153406322688
57298.46 0.0152708121233
57430.6 0.0152020340695
57562.98 0.0151332560157
57695.67 0.0150644779619
57828.66 0.015030088935
57961.96 0.015030088935
58095.57 0.0149613108812
58229.48 0.0149269218543
58363.77 0.0149269218543
58498.3 0.0149269218543
58633.14 0.0148914907357
58768.3 0.0148914907357
58903.76 0.0149248376709
59128.17 0.0189212594324
59437.42 0.0167505823713
59746.66 0.00416742901339
60055.9 0.0133919207449
60365.15 0.0144663173123
60674.39 0.0108825638736
60983.63 0.0143516872227
61292.88 0.0261241974286
61602.12 0.0379613173213
61911.35 0.0556383192352
62220.6 0.0531675197577
62529.84 0.0462449044352
62839.08 0.0328227630303
63148.33 0.0420160962193
63457.57 0.027119395025
63766.82 0.0212190716838
64076.06 0.0205260806873
64385.3 0.0198101636729
64694.55 0.026077303301
65003.79 0.013829599269
65313.03 0.0128740011581
65622.28 0.0199112465702
65931.51 0.0182855834808
66240.75 0.0155073669446
66550.01 0.0195413040082
66859.24 0.0227342730504
67168.48 0.0237534387565
67477.73 0.0319849212842
67786.97 0.024646511364
68096.22 0.0228332717642
68405.46 0.0248028251225
68714.7 0.0152999906915
69023.95 0.0105730626315
69333.18 0.0115588814024
69642.43 0.0115901441542
69951.67 0.0215942247044
70260.91 0.0334303025054
70570.16 0.0170569573382
70879.4 0.0207522145914
71188.64 0.0112983584714
71497.89 0.0190202581462
71807.13 0.015713701106
72116.38 0.0114838507983
72425.62 0.00852305979212
72734.86 0.0214462476796
73044.11 0.0283490632593
73353.35 0.0273882546898
73662.59 0.0210471265493
73971.84 0.02127117627
74281.08 0.0393191628376
74590.32 0.0391513860701
74899.56 0.0333667349103
75188.57 0.0461667475559
75208.81 0.0321047618325
75518.05 0.0591230739602
75808.27 0.0450569198699
75827.29 0.0577339656922
76427.99 0.0437584735818
77047.71 0.0431061241626
77667.43 0.0412512008939
78287.14 0.036052205283
78906.87 0.0288565619288
79526.58 0.0301612607673
80146.3 0.0274028439739
80766.03 0.0183887505614
81385.74 0.0247580151784
82005.45 0.0198945731026
82625.17 0.0224164350746
83244.89 0.0224893814953
83864.62 0.0210502528245
84484.33 0.0170090211189
85104.05 0.0238555637454
85723.77 0.0253165763425
86343.5 0.0226133904105
86963.2 0.0235679464296
87582.92 0.0169725479085
88202.64 0.0147414295275
88822.36 0.0110284567149
89442.07 0.0125519948154
90061.79 0.00780839328781
90681.51 0.0112535485273
91301.23 0.0112004018494
91920.95 0.0118308673424
92540.67 0.00556810449959
93160.39 0.00656371893269
93780.1 0.00742271514077
94399.82 0.010335778346
95019.53 0.00967926055988
95639.26 0.00657038831972
96258.97 0.00839842562193
96878.69 0.0106564299695
97498.42 0.00763186294977
98118.14 0.00368421108097
98737.85 0.00676609314548
99357.57 0.00461834210235
99977.25 0.00675525539156
100597.02 0.00795553663924
101216.69 0.0046525227109
101836.47 0.00531289623639
102456.15 0.0052215047922
103075.92 0.00539219941658
103695.61 0.00788863435056
104315.28 0.00603110585256
104935.05 0.00930077284573
105554.72 0.00699420702386
106174.51 0.00867687253058
106794.18 0.00750483196862
107413.86 0.00992842469109
108033.63 0.00978670021663
108653.32 0.00551276942905
109273.08 0.00922918114429
109892.76 0.012228946381
110512.53 0.0141318058689
111132.22 0.0170871779982
111751.89 0.0306364545934
112371.67 0.0372370635731
112991.34 0.0304749303762
113611.12 0.0242505165088
114230.79 0.0176446970705
114850.57 0.0149415111385
115470.24 0.010696029455
116089.92 0.0113983992769
116709.7 0.00983349013503
117329.38 0.0109617628446
117949.14 0.00967675953974
118568.82 0.0108721429563
119188.6 0.0110670141087
119808.28 0.0112785587287
120427.95 0.00894521114951
121047.74 0.00678724760748
121667.41 0.0100123130749
122287.18 0.00706069247586
122906.85 0.00979222330276
123526.54 0.0102826316681
124146.31 0.00901617759591
124765.99 0.00886059330152
125385.76 0.0120257384948
126005.44 0.01396923956
126625.21 0.0131032613374
127244.89 0.0157918579853
127864.57 0.0170444522375
128484.34 0.0155125774032
129104.02 0.0110201199811
129723.8 0.00767583922052
130343.47 0.00521066703827
130963.14 0.00645169407236
131582.92 0.00958359653962
132202.6 0.00755839548323
132822.38 0.00490439628059
133442.05 0.00535426727783
134061.82 0.00557873383518
134681.5 0.00654204342483
135301.19 0.00732173645271
135920.96 0.00477580216185
136540.63 0.00546545846478
137160.41 0.00657955872689
137780.09 0.00573223394612
138399.86 0.00635029854761
139019.53 0.0069378298616
139639.21 0.0040737449674
140258.99 0.00248736873598
140878.67 0.00161336640707
141498.43 0.00360438685492
142118.11 0.00556654136201
142737.89 0.00553715437539
143357.57 0.00545170285402
143977.24 0.00609509028441
144597.03 0.0045154876492
145130.27 0.00367076809773
146045.36 0.00311658371892
146960.55 0.00294265861019
147875.65 0.00222663738664
148790.73 0.00325903765759
149705.83 0.00282208859772
150621.02 0.00190786152827
151536.12 0.00268745034698
152451.21 0.00177051383905
153366.4 0.00206167426673
154281.5 0.00435323396777
155196.58 0.00785591267043
156111.68 0.00778379992313
157026.87 0.00449964785499
157941.97 0.00189275119827
158857.05 0.00287273425551
159772.25 0.00235314732193
160687.35 0.0021648413474
161602.43 0.00414658717891
162517.62 0.00364242320284
163432.72 0.00433676891853
164347.8 0.00615990838964
165262.9 0.00575922412177
166178.11 0.00557237707566
167093.18 0.00394275403769
168008.28 0.00501423274829
168923.38 0.00460302335401
169838.57 0.00478789042585
170753.67 0.0055658118978
171668.77 0.00505153963201
172583.96 0.00555632886311
173499.04 0.00564709505227
174414.14 0.00443420449473
175329.33 0.00345901505942
176244.42 0.00366180610891
177159.52 0.00287450581144
178074.6 0.00332218841606
178989.79 0.00329655295965
179904.89 0.00361272358871
180819.97 0.00277311028669
181735.17 0.00194433473861
182650.27 0.00319234378725
183565.35 0.00135242663939
184480.54 0.0018133438089
185395.64 0.00378967076344
186310.74 0.00571149632081
187225.82 0.00830818047864
188141.02 0.00495618823927
189056.11 0.00390805238329
189971.2 0.002342309568
190886.41 0.00275654102828
191801.5 0.0024544386375
192716.57 0.00235721147965
193631.67 0.00233334757917
194546.88 0.00249424654136
195461.96 0.00150478044943
196377.06 0.00286179229241
197292.25 0.00258261591955
198207.34 0.000800316023103
199122.44 0.00183043411318
200037.54 0.003490798857
200952.73 0.00309042721665
201867.81 0.00372047587297
202782.91 0.00244318404688
204796.03 0.0034587024319
206557.86 0.00342796072605
208320.77 0.00410000567884
210084.58 0.0034065978457
211849.49 0.00441294582356
213615.41 0.00446577987396
215382.42 0.00470035472103
217150.32 0.00376184691441
218919.32 0.00486594309597
220689.34 0.00434177095881
222460.44 0.0037350651571
224232.55 0.00376622369965
226005.64 0.0045962497578
227779.82 0.00439606393763
229555.02 0.00421974201793
231331.21 0.00406436614188
233108.5 0.00384094167626
234886.8 0.00438533039287
236666.18 0.00505341539712
238446.66 0.00434468881563
240228.14 0.00475641925578
242010.62 0.00495399984665
243794.21 0.00471661135192
245578.78 0.00401059420893
247364.56 0.00427122134909
249151.24 0.00415534074939
250938.99 0.00488345023693
252727.86 0.00488741018549
254517.83 0.00482926146729
256308.79 0.00495764716768
258100.84 0.00520347660537
259894.01 0.00574182118998
261688.26 0.00447265767934
263483.53 0.00478934935426
265279.85 0.00465127220083
267077.33 0.00482425942701
268875.75 0.00492513390589
270675.42 0.00486635993266
272476.05 0.00482519730956
274277.8 0.00459885498711
276080.65 0.00478330522226
277884.58 0.00508811705153
279689.61 0.00541793908217
281495.73 0.00506154371256
283302.98 0.00466898776014
285111.31 0.00478591045157
286920.74 0.00519211780558
288731.26 0.00502131897202
290542.87 0.00550568320533
292355.6 0.00528799024419
294169.42 0.00517336015455
295984.34 0.00516835811427
297800.44 0.00528173769384
299617.66 0.00559269786428
301435.85 0.0053645839859
303255.26 0.00546035221533
305075.76 0.0055276713407
306897.47 0.00575245052557
308720.18 0.00574734427612
310544.08 0.00610842905848
312369.16 0.00578965320011
314195.28 0.00574046647074
316022.57 0.00548244455988
317851.03 0.00595940994195
319680.51 0.00585530497872
321511.2 0.00603819207628
323343.12 0.00614146336613
325176.06 0.00600067677422
327010.12 0.00617929129571
328845.44 0.00617543555633
330681.9 0.00671013281991
332519.46 0.00787925552504
334358.14 0.0110763929342
336198.01 0.0100680649821
338039.09 0.00772158704721
339881.33 0.00647660006456
341724.69 0.00615428109433
343569.17 0.00638562545706
345414.9 0.00755495658054
347261.78 0.0108137858198
349109.82 0.0123623341216
