102.05 1.01123001169e-15
103.95 1.65027196318e-15
105.88 2.73066188325e-15
108.1 4.59121735163e-15
110.11 8.72195505893e-15
113.98 2.07512710781e-14
117.98 4.50226605453e-14
121.01 2.5643042658e-13
124.97 4.94735239652e-13
127.0 6.5927314886e-13
127.88 7.74338083864e-13
130.86 1.15207872811e-12
132.07 1.50760903612e-12
133.91 1.93202437211e-12
137.03 3.26244550307e-12
139.9 4.6462484075e-12
143.16 1.6619268921e-11
147.17 5.21189729248e-11
150.94 7.75217701141e-11
155.17 1.14493183774e-10
159.15 1.67556095989e-10
162.11 2.18628874115e-10
165.89 3.134241285e-10
170.14 4.3399216909e-10
172.91 5.54708645097e-10
176.93 7.54106886501e-10
179.81 9.39706131877e-10
181.89 1.08561264764e-09
186.13 1.43888893638e-09
190.9 2.01509322868e-09
194.0 2.47062502583e-09
198.07 3.1635985116e-09
202.21 4.0415115298e-09
205.03 4.8317926768e-09
209.8 6.14302715591e-09
216.18 8.87918664713e-09
220.2 1.10095097391e-08
222.75 1.26576926112e-08
226.89 1.55494344082e-08
230.04 2.43351617197e-08
233.78 4.21353168346e-08
239.78 6.49707310976e-08
245.93 7.56415881852e-08
252.24 9.90284125285e-08
256.93 9.8638082362e-08
259.9 1.25191528901e-07
264.13 1.48561860421e-07
269.04 1.72635885761e-07
274.04 1.98771514094e-07
279.13 2.27271113858e-07
284.32 2.61658651768e-07
290.28 2.92274830604e-07
295.67 3.44304192518e-07
301.17 3.80253051094e-07
308.19 4.53899007583e-07
318.28 5.74609985981e-07
327.95 7.06002816683e-07
337.92 8.47676174306e-07
348.19 1.00364331267e-06
357.12 1.17802743777e-06
366.28 1.3985914699e-06
374.81 1.59705511794e-06
385.31 1.76858048689e-06
395.2 2.12823400089e-06
405.33 2.48530363914e-06
413.82 2.76056887065e-06
421.51 2.98360682637e-06
430.34 3.23820105188e-06
441.38 3.72820285106e-06
450.62 4.12078703685e-06
460.06 4.43024739e-06
469.69 4.896004738e-06
479.53 5.49815773995e-06
489.57 5.89618455764e-06
499.82 6.71202958175e-06
505.61 8.78792635468e-06
511.46 2.81779896972e-05
519.77 3.20274148042e-05
529.43 3.71456878328e-05
540.52 3.85519759538e-05
550.57 6.41735779407e-05
559.52 8.41079044731e-05
569.92 0.000104734929611
580.51 0.000106241274197
589.95 0.000148144042214
599.53 0.000168672110408
610.68 0.000219860338302
620.6 0.00026695834586
630.68 0.000313836449098
639.46 0.000332808694234
649.85 0.00041247453146
657.37 0.000472167558898
664.99 0.000517335906054
674.24 0.000545961950802
685.19 0.000571806205912
694.72 0.000804629903829
704.39 0.000808863061973
715.83 0.00102772283562
725.79 0.00112492054469
734.2 0.00122074385177
744.41 0.00146830113907
754.77 0.00164807291999
765.27 0.00183697073015
774.13 0.00209656777893
784.9 0.00236364157456
795.82 0.00256221517476
805.03 0.00277942566602
814.35 0.00298723524763
825.68 0.00342935288132
835.24 0.00286068031195
844.91 0.00386102505984
854.7 0.00411067143817
864.59 0.00459297658618
874.61 0.00510799250167
884.73 0.00578623239806
894.98 0.0063019080265
905.34 0.0064349501396
915.82 0.0108044489614
924.3 0.0855097945078
935.0 0.197243179076
945.83 0.395338487389
954.58 0.587914197291
965.63 0.664111043882
974.57 0.0976210248858
985.85 0.55641290357
994.98 0.626122572746
1004.18 0.981487952518
1015.81 0.974176133906
1025.21 0.420561512797
1034.7 0.677635159511
1044.27 1.40650802539
1053.93 1.40689285795
1066.14 1.09363915529
1076.0 1.35812907517
1085.96 1.05680518183
1096.0 1.48594846069
1106.15 1.45213817161
1113.81 1.40112036957
1124.12 1.26890289767
1134.52 1.69964048284
1145.02 1.54972071324
1155.61 1.69480258781
1166.31 1.77814632478
1174.39 1.20875906638
1185.26 1.77468283175
1196.22 1.17192509292
1204.52 0.816944545702
1215.66 0.579337928843
1224.09 1.24790203519
1235.41 1.99453217484
1243.98 2.23395300233
1255.49 2.1363704607
1264.19 1.81910350422
1275.89 2.45143837398
1284.73 2.60949460339
1293.64 2.00299849112
1305.61 2.00519753432
1314.66 2.60757044059
1323.77 2.50778885577
1336.02 2.19118161225
1345.28 2.71449891579
1354.6 2.64660345724
1363.99 2.34780846358
1373.45 2.5096030664
1386.16 2.56358957676
1395.77 2.23224874386
1405.44 2.34764353534
1415.18 2.40707267759
1424.99 2.50795378401
1434.87 2.50685426241
1441.49 2.67706020545
1448.15 2.73011212245
1454.83 2.65880814696
1464.92 2.44583081385
1475.07 2.46116914011
1485.29 2.52834990961
1495.59 2.59717996151
1505.96 2.44423650753
1512.91 2.16050495973
1516.4 2.34291559248
1523.4 2.27589975121
1533.95 1.96215126384
1544.59 2.1891474973
1555.29 2.078700553
1566.07 2.12949845073
1573.3 2.28343147414
1584.21 2.4212015301
1595.19 2.46859091088
1606.25 2.44247727298
1613.66 2.48354440458
1624.85 2.3518217174
1636.11 2.52175278004
1643.66 2.5697468977
1655.06 2.3831031068
1666.53 2.61433249841
1670.37 2.34654401374
1678.08 2.60943962731
1685.83 2.74567035303
1693.61 2.59267192297
1705.35 2.48227995475
1713.22 2.32757726621
1725.09 2.32246449079
1733.06 2.4943746923
1745.07 2.43758440188
1753.12 2.61174862266
1765.28 2.39805660051
1773.42 2.4478649288
1785.72 2.5098779468
1793.96 2.68250283735
1806.39 2.67508106658
1814.73 2.43884885171
1823.11 2.52356699067
1835.75 2.41944229555
1844.22 2.2207037671
1857.0 2.19849343086
1865.57 2.2691376934
1874.19 2.50943813816
1882.84 2.28172721567
1895.89 2.16154950524
1904.64 2.33565874994
1913.43 2.22345257109
1926.69 2.17985653981
1935.59 2.29613094857
1944.52 2.35797903834
1953.5 2.18810295178
1967.04 2.41718827627
1976.12 2.49904765908
1985.24 2.34005683633
1994.4 2.27326089938
2003.61 2.36617047423
2012.85 2.27205142562
2026.81 2.40674282111
2036.16 2.23741649536
2045.56 2.32290429943
2055.0 2.22482697308
2064.49 2.24142974918
2074.02 2.38634669551
2078.8 2.2198791259
2083.59 2.32229956255
2093.21 2.18810295178
2102.87 2.22433218837
2112.58 2.24027525151
2127.22 2.26930262164
2137.04 2.12284634507
2146.9 2.14247280556
2156.81 2.23296343289
2166.77 2.17177505609
2176.77 2.1464310833
2186.82 2.08254887858
2196.91 2.17485371655
2207.05 2.11465490918
2217.24 2.02773772703
2227.47 1.94422906183
2232.61 2.06094327923
2242.91 1.96979293893
2253.27 1.90706523189
2263.67 1.96929815421
2274.12 2.01954629114
2284.61 2.06627595897
2295.16 1.96847351302
2305.75 1.96369059407
2316.39 1.88370039798
2327.09 1.49606405937
2332.45 1.79436426832
2343.22 1.77770651614
2354.03 1.87407958401
2364.9 1.77308852544
2375.81 1.8099224989
2386.78 1.72822804433
2392.28 1.83889489295
2403.33 1.76396249619
2414.42 1.80893292946
2425.56 1.8765535076
2436.76 1.8042049866
2442.38 1.90657044717
2453.65 1.87578384249
2464.98 1.87979709631
2476.35 1.8240513514
2487.78 1.90530599734
2493.52 1.79035101449
2505.03 1.95368494755
2510.8 1.81058221185
2516.59 1.89139704915
2522.39 1.80612914939
2534.03 1.82251202117
2545.73 1.78479843043
2557.48 1.87721322056
2563.38 1.85984077935
2575.21 1.9516508326
2587.1 1.94230489904
2593.06 1.93763193225
2605.03 1.88447006309
2617.05 1.87979709631
2623.09 1.92339312759
2635.19 1.94082054488
2647.36 2.04126184266
2653.46 2.03636897156
2665.71 1.9309798266
2678.01 1.9984354765
2684.19 1.98447155224
2696.58 1.93444331962
2702.79 1.9611616944
2715.27 1.91613628505
2727.8 1.92454762526
2734.09 2.00118428049
2746.71 1.83312240457
2753.04 1.84565695076
2765.75 1.88820843652
2772.12 1.95434466051
2784.92 1.93603762594
2797.77 1.68193818514
2804.22 1.78551311947
2817.17 1.97089246053
2823.66 1.98436160008
2836.69 1.90332685846
2843.23 1.88567953685
2856.36 1.88958283852
2862.94 1.96028207713
2876.16 1.93290398939
2882.79 1.94609824854
2896.09 1.92333815151
2909.46 1.99964495026
2929.63 1.96693418278
2949.94 1.94813236349
2970.38 1.960886814
2990.97 1.96011714889
3011.71 1.97292657548
3032.58 1.97671992498
3046.58 1.9625360964
3067.7 1.9527503542
3088.96 1.95643375154
3110.37 1.93763193225
3131.93 1.92790116613
3146.39 1.93180446779
3168.2 1.91762063921
3190.16 1.86880188035
3212.27 1.8983240352
3227.1 1.87600374681
3249.47 1.88809848436
3272.0 1.89156197739
3287.1 1.88655915413
3309.88 1.88562456077
3325.16 1.91564150034
3332.83 1.90211738471
3340.51 1.83301245241
3348.21 1.90145767175
3355.93 1.84081905574
3363.66 1.8363110172
3371.42 1.78595292811
3379.19 1.85692704712
3386.98 1.91740073489
3394.79 1.89947853288
3402.61 1.87309001458
3410.46 1.81338599192
3418.32 1.86385403317
3426.2 1.88941791028
3434.1 1.88474494349
3442.01 1.85852135343
3449.95 1.85390336273
3457.9 1.79854245038
3465.87 1.80151115869
3473.86 1.83383709361
3481.87 1.81580493943
3489.9 1.8526389129
3497.94 1.84290814677
3506.01 1.80805331218
3514.09 1.7944192444
3522.19 1.83075843314
3530.31 1.81695943711
3538.45 1.83675082584
3546.6 1.84824082651
3554.78 1.85978580327
3562.97 1.85857632951
3568.73 1.31486290037
3571.4 1.08390838917
3574.07 1.76044402708
3576.74 2.61411259409
3579.4 1.79101072745
3582.07 0.452425648644
3587.41 1.13674040185
3590.07 1.02277498844
3592.74 3.25810239277
3595.41 3.25326449774
3598.08 2.19222615777
3600.75 0.646903530907
3603.41 0.389862869842
3606.08 1.05878432071
3608.75 1.51442607002
3611.42 2.6578735536
3614.08 0.502239474544
3616.75 0.871975601574
3619.42 0.511838298075
3622.09 0.885939525841
3624.76 1.2878696452
3630.09 1.56516899167
3632.76 0.666200134914
3640.76 2.12383591451
3643.43 3.23600200869
3646.1 1.51343650058
3648.76 0.940860629552
3651.43 0.674501522962
3654.1 1.61778110003
3656.77 2.65089159147
3659.44 2.26017659239
3662.1 1.87056111491
3664.77 0.777856552971
3667.44 2.90927916649
3670.11 2.61499221136
3672.77 1.38017448317
3675.44 1.94785748309
3678.11 2.58810890835
3680.78 2.85870117308
3683.45 0.695172528964
3686.11 1.87578384249
3688.78 1.5403198036
3691.45 1.16318389623
3694.12 2.05846935563
3696.78 2.5629298638
3699.45 1.07665154664
3702.12 1.51865922816
3704.79 1.3512570652
3707.46 1.24592289632
3710.12 1.57913291593
3712.79 2.07397261014
3715.46 2.45242794342
3718.13 1.13805982776
3720.79 1.99882030906
3723.46 3.22379731898
3726.13 3.63760227157
3728.8 5.32305892582
3731.47 4.64261998624
3734.13 3.98928425399
3736.8 2.29030348412
3739.47 1.65741885356
3742.14 1.81223149425
3744.8 1.92839595085
3747.47 2.53043900065
3750.14 2.51279167903
3752.81 1.86660283716
3755.47 1.41640371975
3758.14 2.42219109954
3760.81 2.67568580345
3763.48 2.34901793733
3766.15 2.48469890226
3768.81 1.70876651208
3771.48 1.1711554278
3774.15 1.98518624127
3776.82 2.42180626698
3779.48 1.65752880571
3782.15 2.30822568613
3784.82 2.68156824399
3787.49 2.26787324356
3790.16 1.84620671156
3792.82 0.54126149598
3795.49 1.85973082719
3798.16 2.76161341617
3800.83 1.35862385989
3803.49 1.04157680773
3806.16 2.38948033206
3808.83 2.66458063534
3811.5 2.82043782155
3814.17 2.95133586753
3816.83 2.49206569695
3819.5 2.86799213057
3822.17 3.22819540536
3824.84 1.41568903071
3827.5 1.96869341734
3830.17 1.87149570826
3832.84 2.1883228561
3835.51 1.74549053338
3838.18 1.54647712454
3840.84 2.23070941362
3843.51 2.70196436959
3846.18 1.0168925479
3848.85 1.95648872762
3851.51 3.04430041846
3854.18 3.47080484548
3856.85 2.88415509802
3859.52 2.08177921347
3862.18 2.79102561886
3864.85 2.29865984824
3867.52 3.47140958236
3870.19 3.321654741
3872.86 3.11686884378
3875.52 3.2071395668
3878.19 2.17776744878
3880.86 3.23176885055
3883.53 2.9582078775
3886.19 2.97420591672
3888.86 2.00640700807
3891.53 0.860155744418
3894.2 0.749928704436
3896.87 2.96453012668
3899.53 2.56936206514
3902.2 2.78069011586
3904.87 1.30815581864
3907.54 2.29272243163
3910.2 2.4636430637
3912.87 3.62561748617
3915.54 3.22858023792
3918.21 3.11148118796
3920.88 2.92527720571
3923.54 2.6679341762
3926.21 3.34232574701
3928.88 3.69659160518
3931.55 1.90448135614
3934.21 1.28666017144
3936.88 2.95611878647
3939.55 1.43811927127
3942.22 1.92476752958
3944.89 2.19964792854
3947.55 2.12449562746
3950.22 3.30329273035
3952.89 3.0158777852
3955.56 3.21714521332
3958.22 2.24472831397
3960.89 3.19751875284
3963.56 3.11868305441
3966.23 2.14230787732
3968.9 2.3945381314
3971.56 1.17890705505
3974.23 1.76957005633
3976.9 1.81910350422
3979.57 1.54037477968
3982.23 2.99922003303
3984.9 2.84754102888
3987.57 2.21399668536
3990.24 2.4639179441
3992.9 3.20510545185
3995.57 2.99394232937
3998.24 4.70677707135
4000.91 2.82621030992
4003.58 2.71191504004
4006.24 2.72021642809
4008.91 3.04358572942
4011.58 2.72142590184
4014.25 3.81885840664
4016.91 3.53534676315
4019.58 2.95881261438
4022.25 3.59329155125
4024.92 3.77102921722
4027.59 2.99223807089
4030.25 2.58744919539
4032.92 2.84622160297
4035.59 3.59131241238
4038.26 3.07525195138
4040.92 2.97821917055
4043.59 3.43380594378
4046.26 3.19949789171
4048.93 3.0376483128
4051.6 2.8700812216
4054.26 1.9141021701
4056.93 2.15511730391
4059.6 3.20944856215
4062.27 3.35183660881
4064.93 3.42385527334
4067.6 4.20819900372
4070.27 2.80751844279
4072.94 2.50773387969
4075.6 2.23026960498
4078.27 3.09487841186
4080.94 3.51462078107
4083.61 2.86826701096
4086.28 2.80845303615
4088.94 3.4176979524
4091.61 2.84633155513
4094.28 2.82961882687
4096.95 3.06381692678
4099.61 3.00279347821
4102.28 2.63912671039
4104.95 2.40520349088
4107.62 2.03241069381
4110.29 1.8722103973
4112.95 2.42653420984
4115.62 2.53087880928
4118.29 3.00851099051
4120.96 3.5393050409
4123.62 3.39658713776
4126.29 2.65331053898
4128.96 2.70196436959
4131.63 2.77744652715
4134.3 3.46442762022
4136.96 3.39339852513
4139.63 3.07646142513
4142.3 2.26336520502
4144.97 3.02192515398
4147.63 2.81059710326
4150.3 3.2068646864
4152.97 3.56360446817
4155.64 3.2378711954
4158.31 2.84171356442
4160.97 2.58821886051
4163.64 2.87871246612
4166.31 3.23919062132
4168.98 3.14902985046
4171.64 2.44462134009
4174.31 2.42658918592
4176.98 2.5109774684
4179.65 2.77843609658
4182.31 2.90636543426
4184.98 3.53661121299
4187.65 3.22967975951
4190.32 2.47150464311
4192.99 2.32587300774
4195.65 2.51746464581
4198.32 2.72532920351
4200.99 3.12253138
4203.66 3.13237209828
4206.32 2.90174744356
4208.99 3.06134300319
4211.66 3.06936951084
4214.33 3.12973324645
4217.0 3.32121493237
4219.66 2.99889017655
4222.33 2.78129485273
4225.0 2.90828959705
4227.67 3.2909231124
4230.33 2.94528849875
4233.0 2.53929014949
4235.67 2.73582963475
4238.34 2.90345170203
4241.01 2.93170940704
4243.67 2.80378006937
4246.34 2.87711815981
4249.01 1.96264604856
4251.68 2.38689645631
4254.34 2.4309872723
4257.01 3.19086664718
4259.68 2.57216584521
4262.35 3.11214090092
4265.02 3.22594138609
4267.68 3.89423061203
4270.35 3.00587213868
4273.02 3.10367458463
4275.69 2.95161074793
4278.35 2.58310608509
4281.02 2.66941853036
4283.69 2.20311142157
4286.36 2.7479243723
4289.02 3.34732857027
4291.69 2.27249123426
4294.36 2.62334857549
4297.03 2.57964259206
4299.7 2.83720552588
4302.36 2.67519101874
4305.03 2.94996146553
4307.7 2.25456903225
4310.37 2.14934481553
4313.03 2.3466539659
4315.7 2.71977661945
4318.37 3.02802749884
4321.04 2.97343625161
4323.71 2.73363059155
4326.37 2.6314850353
4329.04 2.74297652512
4331.71 2.48392923714
4334.38 2.51609024382
4337.04 2.21355687673
4339.71 2.4742534471
4342.38 2.80570423216
4345.05 2.39767176795
4347.72 2.15665663414
4350.38 1.9353229369
4353.05 3.37465168192
4355.72 2.66991331508
4358.39 3.14160807969
4361.05 3.74502553148
4363.72 3.09251444043
4366.39 2.44231234474
4369.06 2.0680901696
4371.73 2.58002742462
4374.39 2.99080869282
4377.06 3.03055639851
4379.73 3.10977692949
4382.4 2.19937304814
4385.06 2.99267787953
4387.73 2.53923517341
4390.4 2.52285230163
4393.07 2.46941555208
4395.73 2.61697135024
4398.4 3.29686052902
4401.07 3.21027320335
4403.74 2.77277356037
4406.41 2.30091386752
4409.07 3.81149161195
4411.74 3.16420324848
4414.41 2.71856714569
4417.08 2.61631163728
4419.74 3.2063149256
4422.41 3.73963787566
4425.08 3.03517438921
4427.75 2.75809494706
4430.42 3.53166336581
4433.08 2.23202883954
4435.75 2.796633179
4438.42 2.77007973246
4441.09 2.86265945083
4443.75 3.48339436775
4446.42 2.25467898441
4449.09 3.4329263265
4451.76 2.404598754
4454.43 2.52615086642
4457.09 3.01604271344
4459.76 3.06546620918
4462.43 2.76161341617
4465.1 3.1649729136
4467.76 2.97860400311
4470.43 2.78305408729
4473.1 2.3945381314
4475.77 2.70537288654
4478.44 1.52283741023
4481.1 3.5129165226
4483.77 2.19695410063
4486.44 3.16101463585
4489.11 3.02945687691
4491.77 3.47388350595
4494.44 2.98239735261
4497.11 2.56677818939
4499.78 3.56580351136
4502.44 2.76221815305
4505.11 2.81691935244
4507.78 3.1173636285
4510.45 2.95435955192
4513.12 3.04045209287
4515.78 2.91587629606
4518.45 3.28998851904
4521.12 3.28652502602
4523.79 3.04347577726
4526.45 2.54297354684
4529.12 2.51543053086
4531.79 2.81906341955
4534.46 3.06326716598
4537.13 1.8923316425
4539.79 2.92978524425
4542.46 3.20988837079
4545.13 3.02170524966
4547.8 2.65039680675
4550.46 3.5080236515
4553.13 2.87337978638
4555.8 2.16039500757
4558.47 2.93962596253
4561.14 3.05936386432
4563.8 3.38212842878
4566.47 2.99449209017
4569.14 3.44386656638
4571.81 3.48234982224
4574.47 2.82983873119
4577.14 2.56897723258
4579.81 3.16051985114
4582.48 3.19295573821
4585.15 2.84539696177
4587.81 2.92021940637
4590.48 2.74594523343
4593.15 2.69580704866
4595.82 2.64418450973
4598.48 3.27421038414
4601.15 3.05727477329
4603.82 3.5243515472
4606.49 3.33490397623
4609.15 3.1334166438
4611.82 2.59338661201
4614.49 3.14913980262
4617.16 3.33699306727
4619.83 3.35106694369
4622.49 3.20642487776
4625.16 3.25243985655
4627.83 3.09581300522
4630.5 3.33462909584
4633.16 3.16238903785
4635.83 3.19345052293
4638.5 2.67112278883
4641.17 3.27794875757
4643.84 2.94693778115
4646.5 3.18262023521
4649.17 3.04397056198
4651.84 2.69377293371
4654.51 3.42957278564
4657.17 3.46415273982
4659.84 3.2552986127
4662.51 2.6437447011
4665.18 2.57678383591
4667.85 2.98102295062
4670.51 3.04693927029
4673.18 3.08652204774
4675.85 3.05205204571
4678.52 2.50427038666
4681.18 2.40036559586
4683.85 2.80334026073
4686.52 3.14314740992
4689.19 2.27688932065
4691.86 2.92852079442
4694.52 3.42435005806
4697.19 3.71737256334
4699.86 2.522412493
4702.53 2.74979355901
4705.19 2.89460055318
4707.86 2.50668933418
4710.53 2.80746346671
4713.2 2.99735084631
4715.86 2.75237743476
4718.53 3.38333790253
4721.2 2.83962447339
4723.87 3.33726794767
4726.54 3.51445585283
4729.2 3.23033947247
4731.87 3.11203094876
4734.54 2.99998969814
4737.21 3.18003635946
4739.87 3.65393016726
4742.54 2.66738441541
4745.21 3.05128238059
4747.88 3.0172521872
4750.55 3.03467960449
4753.21 2.99306271209
4755.88 2.92797103362
4758.55 2.97893385958
4761.22 2.91791041102
4763.88 3.47206929531
4766.55 2.6254926426
4769.22 2.66403087454
4771.89 2.81697432852
4774.56 3.09493338794
4777.22 2.87992193988
4779.89 2.39552770084
4782.56 3.04776391148
4785.23 3.51852408274
4787.89 2.92131892796
4790.56 2.65501479745
4793.23 2.6807436028
4795.9 2.99454706625
4798.57 2.63533336089
4801.23 2.70872642741
4803.9 3.03127108755
4806.57 2.73725901282
4809.24 2.65248589778
4811.9 2.81724920892
4814.57 2.64511910309
4817.24 2.40987645766
4819.91 2.50328081723
4822.57 2.93412835455
4825.24 3.10614850822
4827.91 3.04567482045
4830.58 3.06178281183
4833.25 2.86524332658
4835.91 2.4946495727
4838.58 2.72532920351
4841.25 3.02571850349
4843.92 2.53555177607
4846.58 2.49162588831
4849.25 2.53703613022
4851.92 2.12460557962
4854.59 2.37007377589
4857.26 2.62774666188
4859.92 2.52867976609
4862.59 3.04660941381
4865.26 3.40675771252
4867.93 3.2909231124
4870.59 2.80658384944
4873.26 2.67788484665
4875.93 1.85021996538
4878.6 2.04516514433
4881.27 2.50756895145
4883.93 2.3888206191
4886.6 2.60141311966
4889.27 2.66727446325
4891.94 2.86947648472
4894.6 2.39739688755
4897.27 2.521038091
4899.94 2.29849492
4902.61 2.61147374226
4905.28 2.86337413986
4907.94 2.66447068318
4910.61 2.92852079442
4913.28 2.33857248217
4915.95 2.3567145885
4918.61 2.5471517289
4921.28 2.82285676906
4923.95 2.69190374699
4926.62 2.51455091359
4929.28 2.65441006057
4931.95 2.91719572198
4934.62 2.94622309211
4937.29 2.60377709109
4939.96 2.53362761327
4942.62 2.954414528
4945.29 2.70037006328
4947.96 2.69773121145
4950.63 2.73236614172
4953.29 2.91516160703
4955.96 3.11263568564
4958.63 3.30274296956
4961.3 3.47261905611
4963.97 3.27811368581
4966.63 3.418797474
4969.3 2.88651906945
4971.97 2.73566470651
4974.64 2.6690336978
4977.3 2.61988508247
4979.97 3.20417085849
4982.64 3.24886641136
4985.31 3.19279080997
4987.98 2.91461184623
4990.64 2.71422403539
4993.31 2.65457498881
4995.98 2.68321752639
4998.65 2.68107345927
5001.31 3.12374085376
5003.98 3.22550157745
5006.65 3.62325351474
5009.32 3.74354117733
5011.99 3.82666500997
5014.65 3.57597408612
5017.32 3.45029876772
5019.99 3.16777669367
5022.66 2.68860518221
5025.32 2.41861765435
5027.99 2.46270847034
5030.66 2.95743821239
5033.33 2.89080720368
5036.0 2.86134002491
5038.66 2.23142410266
5041.33 2.19178634913
5044.0 2.32647774462
5046.67 2.33285496987
5049.33 2.13884438429
5052.0 2.35951836857
5054.67 2.65331053898
5057.34 2.51422105711
5060.0 2.64253522734
5062.67 2.93533782831
5065.34 2.72082116496
5068.01 2.5691971369
5070.68 2.39838645699
5073.34 2.67760996625
5076.01 3.03341515466
5078.68 3.24633751169
5081.35 2.88954275384
5084.01 2.60614106252
5086.68 2.78453844144
5089.35 2.60207283261
5092.02 2.50938316208
5094.69 2.5890435017
5097.35 2.89135696448
5100.02 2.68486680878
5102.69 2.17166510393
5105.36 2.50493009962
5108.02 2.73176140484
5110.69 2.61361780937
5113.36 2.73747891714
5116.03 2.64303001206
5118.7 2.637477428
5121.36 2.72895762477
5124.03 2.33038104628
5126.7 2.48101550491
5129.37 2.86931155648
5132.03 3.13281190692
5134.7 2.63357412633
5137.37 2.33802272137
5140.04 2.63033053763
5142.71 2.62587747516
5145.37 2.57540943391
5148.04 2.79454408796
5150.71 2.63621297816
5153.38 2.58079708973
5156.04 2.62466800141
5158.71 2.40179497393
5161.38 2.76320772248
5164.05 2.66760431972
5166.71 2.43527540653
5169.38 2.63632293032
5172.05 2.87926222692
5174.72 3.08624716734
5177.39 2.69179379483
5180.05 2.48728277801
5182.72 2.79393935109
5185.39 2.79630332252
5188.06 2.17677787935
5190.72 2.111081464
5193.39 2.59882924391
5196.06 2.77667686203
5198.73 2.66727446325
5201.4 2.55864172958
5204.06 2.75639068859
5206.73 2.9756352948
5209.4 2.53907024517
5212.07 2.48123540923
5214.73 2.72945240949
5217.4 2.67332183202
5220.07 2.36968894333
5222.74 2.37216286693
5225.41 2.50465521922
5228.07 2.51548550694
5230.74 2.5436332598
5233.41 2.32741233797
5236.08 2.47326387766
5238.74 2.93990084293
5241.41 2.85441303886
5244.08 2.74440590319
5246.75 2.42614937728
5249.42 2.48260981123
5252.08 2.60575622996
5254.75 2.62026991502
5257.42 2.65539963001
5260.09 2.54979058073
5262.75 2.20140716309
5265.42 2.30888539909
5268.09 2.34269568816
5270.76 2.34077152536
5273.42 2.41867263043
5276.09 2.13779983877
5278.76 2.50652440594
5281.43 2.59036292762
5284.1 2.51620019598
5286.76 2.49992727636
5289.43 2.63324426986
5292.1 2.67607063601
5294.77 2.85963576644
5297.43 2.88646409338
5300.1 2.51466086574
5302.77 2.19689912455
5305.44 2.48849225176
5308.11 2.75347695636
5310.77 2.36199229216
5313.44 2.50850354481
5316.11 2.71416905931
5318.78 2.43555028692
5321.44 2.84847562224
5324.11 2.97107228017
5326.78 2.61763106319
5329.45 2.41460440052
5332.12 2.50476517138
5334.78 2.33609855858
5337.45 2.28018788543
5340.12 2.68635116293
5342.79 3.13781473018
5345.45 2.35687951674
5348.12 2.38799597791
5350.79 2.5058097169
5353.46 2.70350369983
5356.13 2.79674313116
5358.79 2.76590155039
5361.46 2.30487214526
5364.13 2.62175426918
5366.8 2.57672885983
5369.46 2.85897605348
5372.13 2.62450307317
5374.8 2.28359640238
5377.47 2.70251413039
5380.13 2.81999801291
5382.8 2.36650033071
5385.47 2.40690774935
5388.14 2.33461420443
5390.81 2.88250581563
5393.47 3.11181104444
5396.14 2.75210255436
5398.81 2.7384135105
5401.48 2.53346268503
5404.14 2.99779065495
5406.81 2.70663733638
5409.48 2.75611580819
5412.15 2.5273053641
5414.82 2.82236198434
5417.48 2.58843876483
5420.15 2.6312101549
5422.82 2.79916207867
5425.49 2.52791010097
5428.15 3.01609768952
5430.82 3.03099620715
5433.49 2.45825540788
5436.16 3.10708310158
5438.83 2.63005565723
5441.49 2.82906906607
5444.16 2.54572235083
5446.83 2.58068713757
5449.5 2.56716302195
5452.16 2.7906407863
5454.83 2.1837048654
5457.5 2.57722364455
5460.17 2.58299613293
5462.84 2.75116796101
5465.5 2.83984437771
5468.17 2.63214474826
5470.84 2.5373659867
5473.51 2.79547868132
5476.17 3.20917368175
5478.84 2.09706256365
5481.51 2.22185826478
5484.18 2.24362879237
5486.84 2.79240002085
5489.51 2.59734488975
5492.18 2.52587598602
5494.85 2.45853028828
5497.52 2.54940574817
5500.18 2.67629054033
5502.85 2.73313580684
5505.52 2.15170878696
5508.19 2.38519219784
5510.85 2.29074329275
5513.52 2.65204608914
5516.19 2.76727595239
5518.86 2.91571136782
5521.53 2.38997511678
5524.19 2.49888273084
5526.86 2.2884342974
5529.53 2.72989221813
5532.2 2.01877662603
5534.86 2.69899566129
5537.53 1.96011714889
5540.2 3.20549028441
5542.87 1.54433305742
5545.54 3.30857043401
5548.2 1.60134325217
5550.87 3.0795400856
5553.54 1.93928121465
5556.21 3.04435539454
5558.87 2.01894155426
5561.54 3.08267372215
5564.21 1.57957272457
5566.88 3.25628818213
5569.55 2.93550275655
5572.21 2.41509918524
5574.88 2.56859240002
5577.55 3.41604867001
5580.22 2.40355420849
5582.88 2.85589739301
5585.55 3.01543797657
5588.22 3.36415125068
5590.89 2.07567686861
5593.55 2.56161043789
5596.22 2.77387308196
5598.89 2.52318215811
5601.56 2.21454644616
5604.23 2.44077301451
5606.89 2.42862330087
5609.56 2.60839508179
5612.23 2.3270824815
5614.9 2.32455358183
5617.56 3.37492656232
5620.23 2.341211334
5622.9 2.52994421593
5625.57 1.94307456415
5628.24 2.40267459121
5630.9 1.87314499066
5633.57 2.45094358927
5636.24 2.29189779043
5638.91 2.72395480151
5641.57 3.18943726911
5644.24 2.76606647863
5646.91 2.53846550829
5649.58 2.44082799058
5652.25 2.69003456028
5654.91 3.02918199651
5657.58 3.23198875486
5660.25 2.81603973516
5662.92 2.73819360618
5665.58 2.37227281908
5668.25 2.37952966162
5670.92 2.32389386887
5673.59 2.24923635251
5676.26 2.6731019277
5678.92 2.92362792331
5681.59 2.84330787074
5684.26 2.99190821442
5686.93 2.57859804654
5689.59 2.55968627509
5692.26 2.35407573667
5694.93 1.93570776946
5697.6 2.45242794342
5700.26 2.62582249908
5702.93 3.19636425516
5705.6 2.86386892458
5708.27 3.18910741263
5710.94 4.48148509637
5713.6 4.14684569868
5716.27 3.15799095147
5718.94 2.07023423671
5721.61 1.00001489141
5724.27 0.240531344304
5726.94 1.1665374371
5729.61 2.38651162375
5732.28 2.69184877091
5734.95 2.31080956188
5737.61 2.35440559315
5740.28 2.20866400563
5742.95 2.52054330628
5745.62 2.71702781546
5748.28 2.42411526233
5750.95 2.62587747516
5753.62 2.99438213801
5756.29 3.00565223436
5758.96 2.79641327468
5761.62 2.25594343425
5764.29 2.17056558233
5766.96 2.37771545098
5769.63 2.89196170135
5772.29 3.34227077093
5774.96 3.24716215289
5777.63 2.65985269247
5780.3 2.07006930847
5782.97 2.19931807206
5785.63 2.61510216352
5788.3 2.46985536071
5790.97 2.43604507164
5793.64 2.46408287234
5796.3 2.6274168054
5798.97 2.6059211582
5801.64 2.4731539255
5804.31 2.41344990285
5806.97 2.36017808153
5809.64 2.46127909227
5812.31 2.76733092847
5814.98 2.70773685797
5817.65 2.50135665444
5820.31 2.78800193447
5822.98 2.806968682
5825.65 2.55264933688
5828.32 2.23428285881
5830.98 2.33945209945
5833.65 2.47623258597
5836.32 2.58404067844
5838.99 2.29805511137
5841.66 2.60069843062
5844.32 2.38898554734
5846.99 2.56276493556
5849.66 2.76326269856
5852.33 2.60449178012
5854.99 2.40097033274
5857.66 2.53038402457
5860.33 2.39211918389
5863.0 2.58942833426
5865.67 2.32114506488
5868.33 2.49888273084
5871.0 2.6260424034
5873.67 2.67728010977
5876.34 2.3376928649
5879.0 2.56710804587
5881.67 2.74715470718
5884.34 2.88234088739
5887.01 2.54297354684
5889.68 2.35297621508
5892.34 1.99398241404
5895.01 2.42548966432
5897.68 2.01756715227
5900.35 2.90411141499
5903.01 2.49558416606
5905.68 2.70597762342
5908.35 2.57387010368
5911.02 1.95181576084
5913.68 2.16209926604
5916.35 2.70196436959
5919.02 2.31460291138
5921.69 2.77535743612
5924.36 2.28365137846
5927.02 2.38238841777
5929.69 3.22852526184
5932.36 2.96398036588
5935.03 2.67645546857
5937.69 2.45231799126
5940.36 3.16607243519
5943.03 2.67178250179
5945.7 2.94078046021
5948.37 2.69965537424
5951.03 3.01169960314
5953.7 2.320540328
5956.37 2.52406177539
5959.04 2.73489504139
5961.7 2.45242794342
5964.37 2.20772941227
5967.04 2.65430010842
5969.71 2.60779034491
5972.38 2.46848095872
5975.04 2.76304279424
5977.71 2.2457178834
5980.38 1.96369059407
5983.05 2.90339672595
5985.71 2.5112523488
5988.38 2.89097213192
5991.05 2.3113043466
5993.72 2.56281991164
5996.39 2.22488194916
5999.05 1.95500437347
6001.72 2.41504420916
6004.39 2.60790029707
6007.06 1.96462518743
6009.72 2.2421994143
6012.39 1.81256135073
6015.06 2.33846253001
6017.73 2.34159616656
6020.39 2.54412804451
6023.06 2.42153138658
6025.73 2.16605754379
6028.4 2.54979058073
6031.07 2.58838378875
6033.73 2.66892374564
6036.4 2.59443115752
6039.07 2.6165315416
6041.74 2.69355302939
6044.4 2.56342464852
6047.07 3.10389448895
6049.74 3.0066418038
6052.41 2.98800491275
6055.08 2.3798595181
6057.74 2.50234622387
6060.41 2.68948479948
6063.08 2.39299880117
6065.75 2.89223658175
6068.41 3.37074838026
6071.08 3.44062297767
6073.75 2.02262495161
6076.42 2.04010734498
6079.09 2.08188916563
6081.75 2.07710624668
6084.42 2.4315370331
6087.09 2.23136912658
6089.76 2.51883904781
6092.42 2.9813528071
6095.09 2.17380917104
6097.76 3.23198875486
6100.43 2.24461836181
6103.1 1.65197622166
6105.76 2.73819360618
6108.43 6.50586928253
6111.1 9.00288282666
6113.77 3.42693393381
6121.77 1.05735494263
6124.44 1.37500673167
6127.1 2.97777936191
6129.77 2.90185739572
6132.44 2.2840911871
6135.11 2.26655381765
6137.78 2.55237445648
6140.44 2.93000514857
6143.11 2.24874156779
6145.78 2.47656244245
6148.45 2.42724889888
6151.11 2.03559930644
6153.78 2.65320058682
6156.45 2.73401542411
6159.12 2.48491880658
6161.79 2.4636430637
6164.45 2.61235335953
6167.12 2.51570541126
6169.79 1.96369059407
6172.46 2.44555593345
6175.12 2.55869670566
6177.79 2.74187700352
6180.46 2.76991480422
6183.13 2.32977630941
6185.8 2.47595770557
6188.46 3.01598773736
6191.13 2.47111981055
6193.8 3.06326716598
6196.47 1.7508781892
6199.13 2.70878140349
6201.8 2.4832145481
6204.47 2.48310459594
6207.14 1.9772147097
6209.81 2.41828779787
6212.47 2.71961169121
6215.14 2.19107166009
6217.81 2.53027407241
6220.48 2.15682156238
6223.14 2.06622098289
6225.81 2.17760252054
6228.48 2.39107463837
6231.15 1.88804350828
6233.82 1.92421776878
6236.48 1.92295331895
6239.15 2.29536128346
6241.82 2.19926309598
6244.49 2.36825956526
6247.15 2.48365435674
6249.82 1.90684532757
6252.49 2.25506381697
6255.16 2.14214294908
6257.82 2.12026246932
6260.49 1.72547924034
6263.16 2.05758973836
6265.83 2.4304375115
6268.5 2.95556902567
6271.16 2.63643288248
6273.83 2.93231414392
6276.5 2.32983128549
6279.17 2.28238692863
6281.83 2.63011063331
6284.5 2.79899715043
6287.17 2.61174862266
6289.84 2.32669764894
6292.51 2.39052487758
6295.17 2.13988892981
6297.84 2.27177654523
6300.51 3.18492923056
6303.18 3.25513368446
6305.84 2.65858824264
6308.51 1.98177772433
6311.18 1.78100508093
6313.85 2.32532324694
6316.52 2.30536692998
6319.18 2.01894155426
6321.85 2.12988328328
6324.52 2.52340206243
6327.19 2.43175693742
6329.85 2.02658322936
6332.52 2.56606350035
6335.19 2.81911839563
6337.86 2.15792108398
6340.53 1.93114475484
6343.19 1.76110374004
6345.86 2.15220357168
6348.53 3.09542817266
6351.2 2.68321752639
6353.86 1.909209299
6356.53 2.71471882011
6359.2 2.66804412836
6361.87 2.4413227753
6364.53 2.52994421593
6367.2 2.57645397943
6369.87 2.51779450229
6372.54 1.95258542596
6375.21 2.70015015896
6377.87 2.61944527383
6380.54 2.80020662418
6383.21 2.5836008698
6385.88 2.04126184266
6388.54 2.28777458445
6391.21 2.29679066153
6393.88 2.08573749121
6396.55 3.31192397488
6399.22 2.88261576779
6401.88 2.00998045326
6404.55 3.15260329565
6407.22 2.13906428861
6409.89 2.06825509784
6412.55 1.61860574122
6415.22 2.87893237044
6417.89 2.11701888061
6420.56 2.72873772045
6423.23 2.38942535598
6425.89 2.56106067709
6428.56 2.07017926063
6431.23 2.09013557759
6433.9 1.89722451361
6436.56 2.35539516259
6439.23 1.9527503542
6441.9 1.99717102667
6444.57 2.17886697038
6447.24 1.9459333203
6449.9 2.34137626224
6452.57 2.8488604548
6455.24 2.06193284866
6457.91 1.9568185841
6460.57 2.56084077277
6463.24 2.44374172281
6465.91 2.2038261106
6468.58 2.60377709109
6471.24 2.2993195612
6473.91 2.4748032079
6476.58 2.30349774327
6479.25 2.35116200444
6481.92 2.49442966838
6484.58 2.79212514045
6487.25 2.42675411416
6489.92 2.7000402068
6492.59 2.77068446933
6495.25 2.70179944136
6497.92 2.56501895483
6500.59 2.35072219581
6503.26 1.94400915751
6505.93 1.94378925319
6508.59 2.12988328328
6511.26 2.1638585006
6513.93 2.49530928566
6516.6 2.7650769092
6519.26 2.31933085425
6521.93 2.10734309057
6524.6 2.12158189524
6527.27 2.41312004637
6529.94 2.77618207731
6532.6 2.67925924864
6535.27 2.13697519758
6537.94 2.1684764913
6540.61 2.14362730323
6543.27 2.10113079355
6545.94 2.59432120536
6548.61 2.99949491343
6551.28 3.06370697462
6553.95 2.81642456772
6556.61 3.45585135178
6559.28 3.58295604825
6561.95 4.39253379926
6564.62 5.89123671046
6567.28 7.01879610699
6569.95 6.37502621263
6572.62 4.73706889132
6575.29 3.07849554009
6577.95 2.69668666593
6580.62 2.94792735058
6583.29 3.75547098664
6585.96 4.29665551611
6588.63 5.23927538021
6591.29 4.31628197659
6593.96 3.98037812907
6596.63 2.77788633579
6599.3 2.68415211974
6601.96 2.5161452199
6604.63 2.7786560009
6607.3 2.16347366804
6609.97 2.99355749681
6612.64 2.43813416268
6615.3 2.32955640509
6617.97 1.8724852777
6620.64 3.0594188404
6623.31 3.5447476728
6634.57 2.43758440188
6649.86 2.40283951945
6665.19 2.41262526165
6680.56 2.42241100385
6695.95 2.39893621778
6711.39 2.38112396793
6726.86 2.36342167024
6742.37 2.3784851161
6757.91 2.31773654793
6773.49 2.3325251134
6789.11 2.33120568748
6804.75 2.34604922902
6820.44 2.34478477919
6836.17 2.34885300909
6851.92 2.3583638709
6867.72 2.28755468013
6883.55 2.29684563761
6899.42 2.3167469785
6915.32 2.31542755258
6931.27 2.32482846222
6947.24 2.35039233933
6963.26 2.33290994595
6979.31 2.36941406294
6995.4 2.33560377386
7011.52 2.29690061369
7027.69 2.35990320113
7043.89 2.3423108556
7060.13 2.28238692863
7076.4 2.24978611331
7092.72 2.22785065747
7109.07 2.2111929053
7125.45 2.22521180564
7141.88 2.17331438632
7158.34 2.19717400495
7174.84 2.17573333383
7191.38 2.08612232377
7207.96 2.08969576896
7224.58 2.22752080099
7241.23 2.16055993581
7257.93 2.1842546262
7274.66 2.25968180767
7291.43 2.22730089667
7308.24 2.22081371926
7325.08 2.2092687425
7341.97 2.26457467877
7358.9 2.26320027678
7375.86 2.2827167851
7392.86 2.25000601763
7409.9 2.30630152333
7426.99 2.27326089938
7444.11 2.31410812667
7461.26 2.32867678781
7478.47 2.25858228608
7495.71 2.2938769293
7512.98 2.27661444025
7530.31 2.28046276583
7547.66 2.29481152266
7565.06 2.26710357844
7582.5 2.28134238311
7599.98 2.21267725945
7617.5 2.20619008203
7635.06 2.25094061098
7652.66 2.21861467607
7670.3 2.10767294705
7687.98 2.14049366668
7705.71 2.13911926469
7723.47 2.11811840221
7741.27 2.13631548462
7759.12 2.09596304205
7777.01 2.08496782609
7794.94 2.09321423806
7812.9 2.13565577166
7830.92 2.16391347667
7848.97 2.14758558098
7867.06 2.18606883683
7885.2 2.13977897765
7903.37 2.07050911711
7921.59 2.04076705794
7939.86 2.05824945132
7958.16 2.05209213038
7976.5 2.09849194172
7994.89 2.06831007392
8013.32 2.09563318557
8031.79 2.0942038075
8050.31 2.11212600951
8068.87 2.11553452646
8087.47 2.07072902143
8106.11 2.03153107654
8124.8 2.03944763203
8143.53 2.05214710646
8162.3 2.01333399413
8181.12 2.09706256365
8199.98 2.06682571976
8218.88 2.07012428455
8237.82 1.80173106301
8256.82 2.10558385602
8275.85 2.10409950186
8294.93 2.02191026257
8314.05 1.94736269838
8333.21 2.03768839747
8352.42 2.03620404332
8371.68 1.99761083531
8390.98 1.94175513824
8410.32 2.01316906589
8429.71 2.02097566922
8449.14 1.94197504256
8468.62 1.99035399277
8488.14 2.01190461605
8507.71 1.56775286742
8527.32 1.96319580936
8546.98 1.70860158384
8566.68 1.96929815421
8586.43 2.0136638506
8606.22 1.84362283581
8626.06 1.98766016486
8645.95 2.00453782136
8665.88 1.82256699725
8685.85 1.82960393546
8705.88 1.94994657413
8725.95 1.99387246188
8746.06 1.90266714551
8766.23 1.84939532419
8786.43 1.98012844193
8806.69 1.98315212632
8826.99 1.99073882533
8847.34 1.89095724051
8867.73 1.80030168493
8888.17 1.82811958131
8908.66 1.91278274419
8929.2 1.89810413088
8949.78 1.9097590598
8970.42 1.84769106571
8991.09 1.85472800393
9011.82 1.7255891925
9032.6 1.67721024228
9053.42 1.97353131236
9074.29 1.93592767378
9095.2 1.83037360058
9116.17 1.79964197198
9137.19 1.87864259864
9158.25 1.8556076212
9179.36 1.77066957793
9200.52 1.85681709496
9221.73 1.74345641843
9242.99 1.69067938183
9264.3 1.81844379126
9285.65 1.86781231092
9307.06 1.67099794526
9328.52 1.84340293149
9350.02 1.83757546703
9371.57 1.81503527432
9393.18 1.83026364842
9414.83 1.79123063177
9436.53 1.8314181461
9458.29 1.8047547474
9480.09 1.82828450955
9501.94 1.7892514929
9523.85 1.76726106098
9545.8 1.66313636585
9567.81 1.76011417061
9589.86 1.80788838394
9611.97 1.78974627761
9634.13 1.79233015336
9656.34 1.78248943508
9678.6 1.77275866896
9700.91 1.79172541649
9723.27 1.7614885726
9745.69 1.75186775864
9768.15 1.75434168223
9790.68 1.73669436061
9813.24 1.76335775931
9835.87 1.74961373937
9858.54 1.75208766296
9881.26 1.74246684899
9904.04 1.73290101111
9926.88 1.73927823636
9949.76 1.73768393005
9972.7 1.73608962374
9995.68 1.72652378585
10018.72 1.6934831619
10064.97 1.65950794459
10134.74 1.70904139248
10181.52 1.69799120044
10228.51 1.70260919114
10275.73 1.69936560244
10299.41 1.69381301838
10490.89 1.64230043161
10710.57 1.58287128936
10909.7 1.50123181087
11112.52 1.44691544403
11293.08 1.43036764402
11503.03 1.4336662088
11689.94 1.40749759482
11907.28 1.36599065458
12100.76 1.35037744792
12297.38 1.33185050903
12497.2 1.30150371298
12700.26 1.27484031429
12906.62 1.25158543253
13086.17 1.23437791956
13298.8 1.2035363388
13514.89 1.18429471087
13702.9 1.16263413543
13893.53 1.13096791347
14086.81 1.08506288685
14315.7 1.06279757453
14514.86 1.06527149812
14716.78 1.04102704693
14887.18 1.05306680841
15094.28 1.05306680841
15304.27 1.06769044563
15517.17 1.06769044563
15696.85 1.04339101836
15915.22 1.00105943692
16099.5 1.00567742763
16285.93 1.00567742763
16512.49 0.989569436248
16703.7 0.989569436248
16897.12 0.978244363811
17092.76 0.967029243533
17290.7 0.934208523898
17490.92 0.91507684813
17693.46 0.886049478
17898.32 0.857901725147
18105.58 0.823101866639
18315.24 0.80435502343
18484.71 0.78066033304
18698.74 0.748939135
18915.27 0.733600808738
19090.3 0.726838750924
19311.33 0.708696644593
19490.03 0.684617121644
19715.72 0.667519560829
19898.13 0.650806832572
20082.26 0.641900707646
20314.8 0.622933960118
20502.76 0.61721644782
20692.48 0.604571949468
20883.95 0.593521757429
21077.18 0.58538529762
21321.24 0.574719938141
21518.54 0.564219506901
21717.63 0.548848194991
21918.59 0.541316472059
22121.39 0.53021680155
22274.74 0.518144054427
22480.83 0.507687604051
22688.85 0.496065660783
22898.8 0.450265088709
23110.66 0.449149074289
23324.51 0.400214865666
23486.18 0.37710841933
23703.5 0.383133797675
23922.84 0.356629829608
24088.65 0.346228355311
24311.55 0.345310254779
24480.06 0.326085119676
24706.58 0.323710153029
24776.03 0.299036888418
24869.84 0.269129901012
24963.74 0.264627360077
25057.65 0.28178539458
25151.46 0.29865205586
25245.36 0.299696601376
25339.17 0.297316137121
25433.07 0.284220834914
25526.98 0.294979653729
25620.78 0.293742691934
25714.69 0.287167552791
25808.59 0.266188680743
25902.4 0.300895079915
25996.31 0.322495181665
26090.12 0.341764297632
26184.02 0.359571049877
26277.93 0.325134033495
26371.73 0.29285757705
26465.64 0.275727030586
26559.54 0.267837963136
26653.35 0.252988923985
26747.26 0.258239139605
26841.06 0.243269153078
26934.97 0.236485104831
27028.87 0.255242943256
27122.68 0.269443264666
27216.58 0.247909134212
27310.49 0.230619157118
27404.3 0.257458479272
27498.2 0.26317599157
27592.01 0.247326387766
27685.92 0.238425760448
27779.82 0.245033885239
27873.63 0.245187818262
27967.53 0.252224756476
28061.44 0.237590124035
28155.24 0.230729109277
28249.15 0.231520764826
28342.96 0.21888726169
28436.86 0.205445610181
28530.77 0.223400797841
28624.58 0.230954511204
28718.48 0.21203174454
28812.38 0.215781113182
28906.19 0.215885567733
29000.1 0.201426858748
29093.91 0.193389355883
29187.81 0.202724294231
29281.72 0.207903040948
29375.52 0.191844528041
29469.43 0.198672557151
29563.33 0.18455469986
29657.14 0.17709994344
29751.04 0.17032689041
29844.85 0.209552323341
29938.76 0.175665067758
30032.66 0.174142230348
30126.47 0.167121784958
30220.38 0.179353962712
30314.28 0.188381035014
30408.09 0.188468996741
30501.99 0.175098814136
30595.8 0.15775935857
30689.71 0.171508876126
30783.61 0.16921087599
30877.42 0.165571459508
30971.32 0.162300382761
31065.23 0.151200712251
31159.04 0.159188736644
31252.94 0.186995637803
31346.75 0.185214412818
31440.65 0.176011417061
31534.56 0.18662180046
31628.37 0.176627149154
31722.27 0.171190014863
31816.18 0.171107550743
31909.98 0.174356637059
32003.89 0.189530035081
32097.7 0.220338630197
32191.6 0.214109840356
32285.5 0.253065890496
32379.31 0.286073528803
32473.22 0.343028747467
32567.12 0.426421962903
32660.93 0.488253559845
32754.83 0.543575988939
32848.65 0.545808017778
32942.55 0.510106551562
33036.45 0.437158791286
33130.26 0.35499154243
33224.17 0.302033084767
33318.07 0.268404216758
33411.88 0.260168800005
33505.78 0.228964377116
33599.59 0.238189363305
33693.5 0.23363184629
33787.4 0.240426889752
33881.21 0.253659632158
33975.11 0.276799064142
34069.02 0.265364039546
34162.83 0.258085206581
34256.73 0.249019651024
34350.54 0.251114239664
34444.45 0.226726850668
34538.35 0.234500468351
34632.15 0.230949013596
34726.06 0.234390516191
34819.97 0.199051892101
34913.77 0.196182140736
35007.68 0.19731464798
35101.49 0.215847084478
35195.39 0.199332270108
35289.3 0.201960126722
35383.1 0.186632795676
35477.01 0.192597700334
35570.91 0.177545249687
35664.72 0.169139407087
35758.63 0.18515393913
35852.43 0.183977451022
35946.34 0.175291230415
36040.25 0.180629407763
36134.05 0.172152096259
36227.95 0.16869410084
36321.86 0.169771632004
36415.67 0.173108680048
36509.57 0.177990555933
36603.38 0.176456723307
36697.29 0.171541861774
36791.19 0.174450096395
36885.0 0.163147014389
36978.9 0.166995339975
37072.81 0.172426976658
37166.62 0.176500704171
37260.52 0.181261632681
37354.33 0.195412475619
37448.23 0.175505637127
37542.14 0.165818851867
37635.95 0.156324482887
37729.85 0.163647296715
37823.75 0.164768808743
37917.56 0.172300531675
38011.47 0.170535799513
38105.28 0.172377498186
38199.18 0.173218632207
38293.09 0.156747798702
38386.9 0.160139822825
38480.8 0.155752731657
38574.7 0.158957837109
38668.51 0.157616420762
38762.42 0.151442607002
38856.23 0.151354645274
38950.13 0.136500108514
39044.03 0.163405401964
39137.84 0.165912311203
39231.74 0.179084579921
39325.65 0.171745273269
39419.46 0.171948684764
39513.37 0.154174918167
39607.17 0.161800100434
39701.08 0.162223416249
39794.98 0.157171114516
39888.79 0.161569200899
39982.7 0.154471788998
40076.6 0.167545100773
40170.41 0.170893144032
40264.31 0.219926309598
40358.12 0.279196021221
40452.02 0.285661208205
40545.92 0.271763255234
40639.74 0.221762510663
40733.64 0.178485340651
40827.55 0.158078219833
40921.35 0.160051861097
41015.26 0.143619510847
41109.07 0.138952041673
41202.97 0.140364926924
41296.88 0.152663075973
41390.68 0.145521683208
41484.59 0.154108946872
41578.49 0.148550865205
41672.3 0.139875639814
41766.2 0.139628247455
41860.02 0.147577788592
41953.92 0.14143696048
42047.83 0.141041132705
42141.63 0.135889874029
42235.54 0.139424835959
42329.44 0.130111888043
42423.25 0.118358002183
42517.15 0.119078188828
42610.96 0.115224365635
42704.87 0.121475145907
42798.77 0.124212954681
42892.58 0.143058754834
42986.48 0.142448520348
43080.39 0.120485576471
43174.2 0.124174471425
43268.1 0.131585246981
43361.91 0.156742301094
43455.81 0.145972487062
43549.72 0.121134294213
43643.52 0.12035363388
43737.43 0.119424538131
43831.34 0.126466973952
43925.14 0.135136701736
44019.05 0.129353218142
44112.86 0.122217322985
44206.76 0.122860543118
44300.67 0.110216044766
44394.48 0.105724499047
44488.38 0.114861523508
44582.28 0.10906154709
44676.09 0.111672910881
44769.99 0.108258896326
44863.8 0.105889427286
44957.71 0.123679686707
45051.62 0.110754810348
45145.42 0.10234347014
45239.33 0.110441446693
45333.23 0.104619479843
45427.04 0.105152747817
45520.94 0.110540403637
45614.75 0.11863838019
45708.66 0.104053226221
45802.56 0.121898461722
45896.37 0.100094948476
45990.27 0.123146418733
46084.18 0.11243707839
46177.99 0.123745658003
46271.89 0.135906366853
46365.7 0.155708750794
46459.6 0.146890587595
46553.51 0.13825384546
46647.32 0.156989693453
46741.22 0.12968307462
46835.12 0.119485011819
46928.93 0.126230576809
47022.84 0.113602571281
47116.74 0.108385341309
47210.55 0.125092571958
47304.45 0.128940897543
47398.27 0.105889427286
47492.17 0.113206743507
47586.08 0.0936902351807
47679.88 0.113371671746
47773.79 0.109941164367
47867.59 0.114729580917
47962.47 0.100215895852
48442.09 0.109726757656
48926.51 0.119336576403
49415.78 0.129034356879
49909.94 0.138836591906
50409.04 0.148732286268
50913.13 0.158732435182
51422.26 0.168826043432
51761.86 0.175560613206
52062.44 0.193752198009
52363.04 0.211608428726
52663.62 0.227408554058
52964.2 0.209129007527
53264.79 0.22266961598
53565.38 0.205703997756
53865.96 0.163081043094
54166.55 0.151013793579
54467.13 0.164037626882
54767.73 0.175153790216
55068.31 0.204544002472
55368.9 0.20038781084
55669.49 0.185549766904
55970.07 0.22884342974
56270.65 0.27479243723
56571.24 0.292197864092
56871.83 0.29636505094
57172.41 0.280999236639
57473.0 0.287343476246
57773.59 0.260196288045
58074.18 0.249250550559
58374.76 0.24894818212
58675.35 0.267953412904
58975.93 0.260350221069
59276.52 0.258288618077
59577.11 0.278091002018
59877.69 0.324573277481
60178.27 0.369868069622
60478.86 0.385442793026
60779.45 0.409285918832
61080.03 0.479495870334
61380.62 0.670378316978
61681.21 0.955869099336
61981.8 1.16213935071
62282.38 1.1921013142
62582.96 1.00996556185
62883.56 0.835251580273
63184.14 0.667464584749
63484.72 0.576918981332
63785.32 0.513031279007
64085.89 0.464855740285
64386.48 0.413315665481
64687.08 0.384931515484
64987.65 0.347822661625
65288.24 0.341890742616
65588.83 0.346343805079
65889.42 0.357322528213
66190.01 0.375063309162
66490.59 0.375728519727
66791.18 0.36383169606
67091.77 0.363188475927
67392.34 0.357877786619
67692.94 0.358372571337
67993.52 0.351967858041
68294.1 0.352534111663
68594.7 0.360978437519
68895.28 0.423596192402
69195.86 0.444855442457
69496.46 0.501579761586
69797.03 0.584945488982
70097.63 0.552234721506
70398.21 0.471035051654
70698.79 0.469897046802
70999.39 0.470776664079
71299.97 0.498671526965
71600.55 0.48162894223
71901.15 0.488478961772
72201.73 0.511931757411
72502.31 0.525131514169
72802.9 0.554433764698
73083.82 0.480683353657
73103.49 0.599294245808
73404.08 0.639701664454
73686.17 0.576039364056
73704.66 0.665155589398
74288.55 0.70952128579
74890.91 0.793249855312
75493.29 0.999959915328
76095.65 1.11535470681
76698.03 1.04471044428
77300.4 0.989184603689
77902.77 0.963180917948
78505.15 0.924147901296
79107.51 0.811172057324
79709.88 0.698636021991
80312.25 0.601548265079
80914.62 0.532976600755
81517.0 0.482475573859
82119.37 0.467071276301
82721.74 0.469154869725
83324.1 0.474646980096
83926.49 0.476246784018
84528.84 0.491997430878
85131.22 0.519122628648
85733.59 0.535203131987
86335.96 0.519512958814
86938.32 0.442859810761
87540.7 0.37232000278
88143.06 0.310273999127
88745.44 0.266743939149
89347.81 0.243857397131
89950.18 0.231361334195
90552.56 0.198689049975
91154.92 0.180739359923
91757.29 0.167495622301
92359.65 0.158644473454
92962.04 0.150887348596
93564.4 0.143350128056
94166.77 0.149804319824
94769.15 0.139754692438
95371.52 0.130183356946
95973.89 0.136533094162
96576.26 0.140623314499
97178.59 0.127571993156
97781.01 0.116862652813
98383.34 0.11491100198
98985.77 0.113448638258
99588.1 0.118303026103
100190.52 0.116043509224
100792.86 0.116224930287
101395.19 0.110062111743
101997.61 0.116219432679
102599.94 0.126236074417
103202.37 0.125862237075
103804.7 0.127918342459
104407.03 0.142871836162
105009.45 0.169309832934
105611.79 0.148072573311
106214.21 0.155697755578
106816.54 0.158072722225
107418.96 0.158292626544
108021.3 0.169249359246
108623.63 0.165417526485
109226.05 0.178644771283
109828.38 0.205412624533
110430.81 0.227128176051
111033.14 0.242318066897
111635.56 0.42572376669
112237.89 0.53541204109
112840.22 0.523146877688
113442.65 0.449099595817
114044.98 0.384238816879
114647.4 0.337701565335
115249.73 0.312231147568
115852.16 0.296145146621
116454.49 0.285732677109
117056.82 0.261295809641
117659.25 0.275595087995
118261.58 0.29527652456
118864.0 0.301879151743
119466.33 0.309103008628
120068.67 0.323039444855
120671.09 0.321840966316
121273.42 0.317486860796
121875.84 0.320065238938
122478.18 0.338262321349
123080.6 0.350565968007
123682.93 0.353859035186
124285.26 0.371121524241
124887.69 0.386734730902
125490.02 0.40564650235
126092.44 0.430710097127
126694.77 0.455278907186
127297.1 0.564769267698
127899.53 0.70930138147
128501.86 0.649377454498
129104.29 0.481387047479
129706.61 0.335953325998
130309.04 0.327849851837
130911.37 0.321461631365
131513.71 0.319922301131
132116.13 0.315716631027
132718.45 0.31551871714
133320.88 0.320790923192
133923.22 0.318663348904
134525.64 0.320505047577
135127.96 0.333182531577
135730.3 0.326871277617
136332.73 0.318828277143
136935.06 0.292357294723
137537.47 0.31587056405
138139.81 0.291422701367
138742.24 0.292291323428
139344.57 0.282912404215
139946.89 0.273742394106
140549.33 0.267458628186
141067.65 0.29266516077
141957.12 0.327217626919
142846.69 0.397345114301
143736.17 0.317244966045
144625.64 0.314276257736
145515.12 0.314193793617
146404.7 0.310328975207
147294.18 0.309592295738
148183.65 0.313061286373
149073.22 0.26173561828
149962.7 0.298481630012
150852.17 0.304430041846
151741.65 0.253307785248
152631.23 0.297574524696
153520.71 0.303770328888
154410.18 0.33078007689
155299.75 0.417471857113
156189.23 0.397114214766
157078.7 0.377581213616
157968.27 0.311148118796
158857.76 0.309482343578
159747.22 0.306711549157
160636.71 0.411177095977
161526.3 0.329614583998
162415.75 0.313165740925
163305.23 0.333897220614
164194.71 0.356085566418
165084.29 0.434734346168
165973.77 0.342182115839
166863.25 0.346701149597
167752.83 0.349983221561
168642.29 0.369252337528
169531.78 0.364057097988
170421.35 0.383282233091
171310.82 0.366888366097
172200.3 0.323847593228
173089.77 0.358240628746
173979.34 0.358685934992
174868.82 0.351758948938
175758.29 0.340373402813
176647.86 0.336415125068
177537.35 0.338267818957
178426.81 0.337360713641
179316.39 0.336711995899
180205.87 0.330637139082
181095.35 0.326931751304
181984.82 0.325920191436
182874.39 0.327157153231
183763.88 0.330868038617
184653.34 0.343616991521
185542.93 0.341786288064
186432.41 0.400066430251
187321.87 0.453129342466
188211.35 0.380445467373
189100.94 0.308784147365
189990.41 0.345777551457
190879.89 0.337113321282
191769.46 0.345491675842
192658.93 0.308993056468
193548.41 0.357295040173
194437.89 0.422232785623
195327.47 0.359120246022
196216.94 0.368284758524
197106.42 0.362913595528
197995.99 0.324067497547
199404.56 0.337151804538
201107.06 0.37863125674
202810.54 0.368862007361
204515.0 0.356206513793
206220.32 0.397471559285
207926.51 0.391358219212
209633.67 0.367383150815
211341.73 0.389318606652
213050.73 0.411100129465
214760.71 0.396553458752
216471.56 0.392127884329
218183.39 0.405393612383
219896.09 0.40972572747
221609.74 0.408824119762
223324.37 0.392188358017
225039.89 0.40129239683
226756.37 0.351297149868
228473.83 0.426713336126
230192.15 0.420094216119
231911.54 0.483443152863
233631.71 0.475026315047
235352.93 0.435993298395
237075.14 0.439748164645
238798.22 0.505158704381
240522.26 0.501926110889
242247.27 0.451743945255
243973.16 0.466076209257
245700.12 0.457032644131
247427.95 0.489226636457
249156.85 0.463459347859
250886.6 0.462238878887
252617.37 0.466076209257
254349.07 0.457890270976
256081.74 0.469666147267
257815.39 0.47466347292
259550.03 0.485543239111
261285.62 0.48851194742
263022.17 0.478742698041
264759.69 0.485559731935
266498.19 0.483047325088
268237.77 0.412705430995
269978.21 0.486538306155
271719.61 0.503130087036
273462.08 0.513663503924
275205.54 0.506296709232
276949.86 0.50902352279
278695.23 0.505933867106
280441.61 0.510249489369
282189.05 0.504680412486
283937.43 0.531464758561
285686.71 0.517616284061
287437.12 0.513141231166
289188.44 0.510612331496
290940.79 0.522580624066
292694.13 0.516461786386
294448.45 0.508847599335
296203.83 0.523163370512
297960.18 0.52695122241
299717.5 0.530805045603
301475.88 0.529062303874
303235.36 0.5338342276
304995.77 0.525543834767
306757.18 0.574774914221
308519.53 0.55130012815
310283.07 0.544208213856
312047.48 0.545291242628
313813.02 0.560920942113
315579.46 0.542421491263
317347.06 0.552344673666
319115.66 0.648387885061
320885.16 0.560701037794
322655.79 0.54958487446
324427.48 0.521596552238
326200.2 0.563284913544
327973.95 0.570431803917
329748.71 0.585055441142
331524.46 0.579447881003
333301.3 0.604791853787
335079.3 0.649102574099
336858.14 0.680878748218
338638.17 0.570046971358
