102.0 2.1666240718e-07
103.9 2.77190978484e-07
106.07 3.6039637298e-07
108.05 4.78373204709e-07
110.05 7.09211517065e-07
113.92 1.09591540999e-06
117.92 1.58774763071e-06
120.95 6.26283628054e-06
124.91 8.37095294598e-06
126.94 9.34915977954e-06
128.12 1.00641989118e-05
131.1 1.16889935247e-05
132.01 1.40533402544e-05
133.85 1.53381906485e-05
136.96 2.03601149033e-05
140.15 2.31088067293e-05
143.09 6.78870917404e-05
147.1 0.000183560627946
150.87 0.000206431704977
155.1 0.000234302505824
159.08 0.000267163780304
162.03 0.00029159351314
166.19 0.000331725431319
170.06 0.000367944522164
172.82 0.000399742025619
176.85 0.000440331827848
180.14 0.000472915596843
181.8 0.000495208537447
186.04 0.000541736957049
190.81 0.000603620680137
193.91 0.000646819033922
197.97 0.000697880043106
202.12 0.000756433700378
204.93 0.000801250836157
210.19 0.000837095294598
216.08 0.000970020421769
220.09 0.00104180184048
223.15 0.00108088386291
226.78 0.00116085169341
229.94 0.00179384170402
234.21 0.00299076911044
240.22 0.00379997510383
245.81 0.00368790913892
252.12 0.00403442098748
256.81 0.00348163006196
259.78 0.00406235653961
264.0 0.00433292438719
268.91 0.00440331827848
273.91 0.00446460073968
279.0 0.00452666946643
284.19 0.00460025467079
290.14 0.00446460073968
296.21 0.00461084613012
301.03 0.00460025467079
308.04 0.00472915596843
318.13 0.00492942242655
327.8 0.00500943650798
337.76 0.00503256196503
348.02 0.00504412469356
356.95 0.00507881287915
366.1 0.00514957677775
374.63 0.00513801404922
385.13 0.00496318559386
395.01 0.00511442608302
405.14 0.00514957677775
413.62 0.00510240084535
422.28 0.00503256196503
430.14 0.00497474832239
441.17 0.00497474832239
451.45 0.00489519675011
459.84 0.00480593248586
469.47 0.00475089389806
480.4 0.00473979367868
490.46 0.00460025467079
499.58 0.00462148384037
506.53 0.00455807383711
512.4 0.00504412469356
519.52 0.00502099923651
530.4 0.00494052264594
540.26 0.00475089389806
550.31 0.00494052264594
560.54 0.00519721521929
569.65 0.00540488182367
580.24 0.00525734140764
589.67 0.00558202282474
600.63 0.0054927585605
610.39 0.00537990633005
620.31 0.00621982293041
630.38 0.00635025050822
640.63 0.00649779092425
649.54 0.00685161041724
658.58 0.00699498825101
664.67 0.00735852043596
675.47 0.00751253597997
684.87 0.00729099410135
694.39 0.00868499665283
705.68 0.00818039917982
715.49 0.00965580334014
725.45 0.0100410734547
735.54 0.0104420688801
745.77 0.0112921606816
754.41 0.0119063728211
764.9 0.0120164499967
775.54 0.0134826039742
784.52 0.0139885889746
795.44 0.0149547705705
804.65 0.0157683241498
815.84 0.0164731880809
825.29 0.0178967912174
834.84 0.0149894587561
844.51 0.0190886772742
854.29 0.0197144521422
864.18 0.0213198213712
874.19 0.0227919879676
884.31 0.0245347224115
894.55 0.0259287249629
904.91 0.0262288933956
915.39 0.0353005476904
925.99 0.198966807439
934.56 0.426364051785
945.38 0.795746977377
954.13 1.12662601697
965.17 1.24387208425
974.1 0.205959945653
985.38 1.00410734547
994.5 1.08587896163
1006.02 1.63224101009
1015.33 1.59140145293
1024.72 0.714114113961
1034.2 1.10350055991
1046.18 2.14178733091
1055.86 2.09303886744
1065.63 1.624748362
1075.49 1.9533611068
1085.44 1.52327385643
1095.48 2.05959945653
1105.62 1.97597780381
1115.85 1.88703729596
1126.17 1.67793691324
1133.98 2.17661426924
1144.47 1.97144521422
1155.06 2.10270530849
1165.75 2.16162897307
1173.83 1.45473000171
1184.69 2.09303886744
1195.65 1.42818197701
1203.94 1.02043391816
1215.08 0.734140759774
1226.32 1.44469355335
1234.82 2.18665071761
1246.25 2.39760113689
1254.89 2.27919879676
1263.59 1.95784744547
1275.28 2.55143167725
1284.12 2.67783542553
1296.0 2.07865483315
1304.99 2.05959945653
1314.03 2.61086410189
1326.19 2.48760541577
1335.38 2.19169206725
1344.64 2.63500707905
1353.96 2.54555781115
1366.49 2.25829338357
1375.96 2.37563195269
1385.5 2.39760113689
1395.1 2.0454004259
1404.77 2.11727434643
1414.51 2.21199621854
1424.31 2.26869983925
1434.19 2.26351973687
1440.81 2.39209727811
1447.46 2.43659065749
1454.14 2.35930538001
1464.22 2.1666240718
1474.37 2.17161917052
1484.59 2.2170838191
1494.88 2.25829338357
1505.24 2.12707954023
1512.19 1.88703729596
1515.67 2.02199746335
1526.18 1.97597780381
1536.76 1.70915628027
1543.85 1.87838837502
1554.55 1.77330629815
1565.33 1.81877094672
1576.18 1.97144521422
1583.45 2.07865483315
1594.43 2.13688473402
1605.48 2.08822877237
1616.61 2.0834186773
1624.07 1.95784744547
1635.33 2.10270530849
1646.67 2.16162897307
1654.27 1.96238003506
1665.73 2.18160936797
1673.42 1.89138488189
1677.28 2.28442515005
1685.02 2.38659341933
1696.7 2.20182101744
1704.53 2.12217694333
1716.35 2.05011801914
1724.27 2.0454004259
1736.22 2.20690861799
1744.24 2.15168502654
1756.33 2.32692974012
1764.43 2.0834186773
1776.66 2.17661426924
1784.87 2.20182101744
1793.1 2.40870135628
1805.53 2.35930538001
1813.87 2.20690861799
1826.44 2.22217141965
1834.87 2.11727434643
1843.34 1.93097566437
1856.12 1.98051039339
1864.69 2.07384473808
1873.29 2.19673341689
1886.28 2.05011801914
1894.98 2.0080759382
1903.73 2.0834186773
1916.93 2.04068283266
1925.77 1.98966807439
1934.66 1.95784744547
1943.59 2.15168502654
1957.07 2.03601149033
1966.1 2.24275307643
1975.17 2.27919879676
1984.29 2.1666240718
1993.45 2.10756165447
2007.27 2.13198213712
2016.53 2.06431704977
2025.84 2.12217694333
2035.19 2.06908089392
2044.59 2.17161917052
2054.02 2.04068283266
2063.5 2.04068283266
2073.03 2.24793317881
2077.81 2.19673341689
2087.4 2.25311328119
2097.03 2.12707954023
2106.71 2.09789521342
2116.44 2.12707954023
2126.21 2.16162897307
2136.02 1.96238003506
2145.88 2.06431704977
2155.79 2.13198213712
2165.74 2.03601149033
2175.73 2.02666880568
2185.78 2.02199746335
2195.86 2.12707954023
2206.0 2.05959945653
2216.18 1.92653557662
2226.41 1.87436454549
2236.69 2.0483604844
2247.01 1.94512844409
2257.38 1.83865883979
2262.59 1.87404078909
2273.03 1.94235338924
2283.52 2.01783488108
2294.06 1.8812559317
2304.65 1.91867292122
2315.29 1.82626359481
2325.98 1.41296542626
2336.71 1.65462645252
2347.5 1.5605058423
2352.91 1.77233502895
2363.77 1.56355840263
2374.68 1.65078762665
2385.64 1.46980779971
2396.66 1.59158645658
2407.72 1.53608535964
2413.27 1.58381630301
2424.41 1.74291944757
2435.6 1.68214574642
2446.84 1.78833784524
2452.48 1.77312129449
2463.8 1.75522219073
2475.17 1.67460684742
2486.6 1.69629852614
2492.33 1.56966352329
2503.83 1.83398749747
2515.39 1.56309589349
2527.0 1.51559620469
2532.83 1.5519956741
2544.52 1.5398779346
2556.26 1.69467974415
2562.16 1.6270146568
2573.98 1.74578700425
2585.86 1.72030275057
2597.8 1.68348702293
2603.79 1.61628444472
2615.81 1.57442736745
2627.88 1.70901752753
2633.94 1.79495172595
2646.1 2.01219226956
2652.2 2.0843899465
2664.44 1.83061118074
2676.74 1.94184462919
2682.91 1.94771849528
2695.29 1.82455231099
2707.73 1.90447389058
2713.97 1.77455507283
2726.5 1.76900496313
2732.79 1.87515081103
2745.4 1.55120940856
2758.07 1.62294457635
2764.43 1.70855501838
2777.19 1.80827198922
2783.59 1.63524731951
2796.44 1.23087557739
2802.89 1.33517138872
2815.82 1.7790414115
2822.31 1.94313965478
2835.34 1.88000715701
2841.88 1.81335958977
2855.0 1.70661247999
2868.17 1.94438842946
2874.79 1.95932747472
2888.05 1.94429592764
2894.71 1.93236319179
2908.07 2.1564951216
2928.23 2.05465060872
2948.53 2.02176620878
2968.97 2.07842357857
2989.55 2.09285386378
3010.27 2.12689453657
3031.14 2.12694078748
3052.15 2.13688473402
3073.3 2.16671657362
3087.49 2.19021203799
3108.89 2.19539214038
3130.44 2.16047270022
3152.14 2.18567944841
3166.69 2.19932346808
3188.64 2.07171719603
3210.74 2.16463528249
3233.0 2.04382789482
3247.92 2.21384625511
3270.44 2.31319321863
3293.1 2.30297176661
3308.3 2.30144548645
3323.58 2.32655973281
3331.24 2.3285022712
3338.92 2.21023868381
3346.61 2.34852891702
3354.33 2.24987571721
3362.06 2.18535569201
3369.81 2.29025276523
3377.58 2.19405086387
3385.36 2.23156035522
3393.17 2.37669572371
3400.99 2.53126627869
3408.83 2.29460035116
3416.69 2.31245320401
3424.57 2.46286117671
3432.46 2.5456965639
3440.37 2.41642525894
3448.3 2.22605649644
3456.25 2.29039151797
3464.22 2.16907537024
3472.21 2.38585340471
3480.21 2.20297729029
3488.23 2.33016730411
3496.27 2.27906004401
3504.33 2.38848970681
3512.41 2.32003835392
3520.51 2.42031033573
3528.63 2.20417981406
3536.76 2.38571465197
3544.91 2.47169510131
3553.08 2.5024519592
3560.4 2.54218149442
3563.06 2.90793372326
3565.72 2.84202617064
3568.39 2.24224431638
3571.05 2.2590333982
3573.71 2.70752851239
3576.37 2.6685852427
3579.03 2.02199746335
3581.69 1.75818224923
3584.35 2.09641518417
3587.01 2.09752520611
3589.67 2.4624911694
3592.33 2.27337118158
3594.99 2.53635387924
3597.65 2.33937123602
3600.31 2.32568096544
3602.97 2.3805808005
3605.63 2.30223175199
3608.29 1.93930082891
3610.95 2.29543286761
3613.61 2.21093244752
3616.27 2.58098601137
3618.93 1.95151107024
3621.59 1.9812041571
3624.25 2.12236194699
3626.91 2.39709237684
3629.57 2.34973144078
3632.23 2.49791936961
3634.89 2.27656249465
3637.55 2.4081000944
3640.21 2.54093271974
3642.88 2.49310927454
3645.54 2.08651748855
3648.2 2.58107851319
3650.86 2.61807924449
3653.52 2.41980157567
3656.18 2.44408330558
3658.84 2.41508398243
3661.5 2.57002454472
3664.16 2.55924808173
3666.82 2.12684828566
3669.48 2.51540221515
3672.14 2.64458101828
3674.8 2.71594617876
3677.46 2.67131404664
3680.12 2.58801615031
3682.78 2.55628802323
3685.44 2.42475042348
3688.1 2.79082640871
3690.76 2.329149784
3693.42 2.46059488192
3696.08 2.42461167074
3698.74 2.37220938504
3701.4 2.17434797445
3704.06 2.21467877156
3706.72 2.4202178339
3709.38 2.30708809797
3712.04 2.56257814755
3714.7 2.8612203
3717.36 4.22182969148
3720.03 5.87109103797
3722.69 7.07592735071
3725.35 6.61156817298
3728.01 5.00804898055
3730.67 3.49490407431
3733.33 2.70960980353
3735.99 2.59777509319
3738.65 2.54269025448
3741.31 2.59079120516
3743.97 2.45074343721
3746.63 2.67103654115
3749.29 2.81987198278
3751.95 2.86788043163
3754.61 2.72676889266
3757.27 2.76270585293
3759.93 2.95880972879
3762.59 2.50925084357
3765.25 2.70540097034
3767.91 2.81432187309
3770.57 2.70119213716
3773.23 3.10130879518
3775.89 3.37465169761
3778.55 3.33737346083
3781.21 3.3854281606
3783.87 3.20810215587
3786.53 3.06847064616
3789.19 2.51771476086
3791.85 2.30366553032
3794.51 2.53973019597
3797.18 2.75234564817
3799.84 2.71201485106
3802.5 3.20347706446
3805.16 3.5990611329
3807.82 3.26378825647
3810.48 3.34458860343
3813.14 3.307125363
3815.8 3.26105945254
3818.46 3.39107077212
3821.12 3.19612316912
3823.78 2.62053054294
3826.44 2.58690612837
3829.1 2.4068050688
3831.76 2.26550852618
3834.42 2.42895925667
3837.08 2.99696673293
3839.74 3.06740687513
3842.4 3.0574629286
3845.06 3.67463512657
3847.72 3.51049063237
3850.38 3.49162025941
3853.04 3.37770425794
3855.7 3.65553349904
3858.36 3.53292232572
3861.02 3.63860566447
3863.68 3.44453682884
3866.34 3.83697583512
3869.0 3.50045418401
3871.66 3.17808531261
3874.33 3.12804182354
3876.99 3.0011293152
3879.65 2.85668771042
3882.31 2.60758028698
3884.97 2.44362079644
3887.63 2.53690889021
3890.29 3.16670758774
3892.95 3.25652686295
3895.61 3.54490131247
3898.27 3.80663523546
3900.93 3.82573686299
3903.59 3.79262120848
3906.25 3.51520822561
3908.91 3.70007312933
3911.57 3.87693662492
3914.23 3.52519842306
3916.89 3.60525875539
3919.55 3.51858454234
3922.21 3.61529520376
3924.87 3.05417911369
3927.53 2.67034277744
3930.19 2.97106622103
3932.85 2.95645093217
3935.51 2.91237381101
3938.17 3.12165919739
3940.83 3.70381945338
3943.49 3.93091144169
3946.15 3.91463111992
3948.81 3.82855816875
3951.48 3.73712011154
3954.14 3.62621041949
3956.8 3.0751770287
3959.46 2.65979756902
3962.12 2.58385356804
3964.78 2.49255426358
3967.44 2.36166417663
3970.1 2.52788996196
3972.76 2.89798977672
3975.42 3.33876098825
3978.08 3.41475124015
3980.74 3.47348990108
3983.4 3.71820348767
3986.06 3.95186310578
3988.72 3.83794710432
3991.38 3.71431841088
3994.04 3.88183922181
3996.7 3.93891284983
3999.36 3.90621345355
4002.02 3.8981657945
4004.68 3.70899955576
4007.34 3.82365557185
4010.0 4.16942740579
4012.66 4.03492974754
4015.32 3.9827124655
4017.98 3.95070683293
4020.64 4.03733479507
4023.3 4.02165573519
4025.97 3.73735136611
4028.63 3.76963450417
4031.29 3.73323503476
4033.95 3.96000326667
4036.61 3.96361083797
4039.27 3.95449940789
4041.93 3.89289319029
4044.59 4.12604404835
4047.25 4.11628510547
4049.91 3.93105019443
4052.57 3.77416709375
4055.23 3.7799022071
4057.89 3.80279640959
4060.55 4.02567956471
4063.21 3.97064097692
4065.87 3.73591758777
4068.53 3.67949147255
4071.19 3.94252042113
4073.85 3.81662543291
4076.51 3.80880902842
4079.17 3.5836595785
4081.83 3.51576323658
4084.49 3.3965746309
4087.15 3.35999015783
4089.81 3.20014699865
4092.47 3.26115195437
4095.13 3.13178814758
4097.79 3.06282803463
4100.45 2.91538012043
4103.12 3.00404312279
4105.78 3.42654522325
4108.44 3.34935244759
4111.1 3.30421155541
4113.76 3.60058741307
4116.42 3.63620061694
4119.08 3.78882863352
4121.74 3.73161625276
4124.4 3.54823137829
4127.06 3.53662239885
4129.72 3.78642358599
4132.38 3.71834224041
4135.04 3.86301509977
4137.7 4.00038031469
4140.36 3.94497171958
4143.02 3.91611114917
4145.68 4.017446902
4148.34 3.90454842064
4151.0 3.67597640308
4153.66 3.88100670536
4156.32 4.10370485683
4158.98 3.9135673489
4161.64 3.91176356325
4164.3 3.9174986766
4166.96 3.93345524197
4169.62 3.94543422872
4172.28 3.69817684185
4174.94 3.98322122556
4177.6 3.76528691824
4180.27 3.74743406539
4182.93 3.94811678174
4185.59 3.83040820531
4188.25 3.698639351
4190.91 3.67061129704
4193.57 3.68564284413
4196.23 3.78933739358
4198.89 3.79391623408
4201.55 3.87157151888
4204.21 3.91315109067
4206.87 3.98553377126
4209.53 4.0679066493
4212.19 3.7835097784
4214.85 3.85570745534
4217.51 3.7091383085
4220.17 3.58361332759
4222.83 3.57501065756
4225.49 3.77185454804
4228.15 3.8922919284
4230.81 3.78216850189
4233.47 3.69031418645
4236.13 3.65405346979
4238.79 3.91611114917
4241.45 3.83221199096
4244.11 3.86579015461
4246.77 3.71385590174
4249.43 3.58449209496
4252.09 3.66584745289
4254.75 3.70400445703
4257.42 3.6354143514
4260.08 3.77620213397
4262.74 3.59018095739
4265.4 3.59355727412
4268.06 3.64429452691
4270.72 3.63906817361
4273.38 3.54818512737
4276.04 3.92836764141
4278.7 3.63435058037
4281.36 3.53625239153
4284.02 3.46844855144
4286.68 3.44264054136
4289.34 3.55896159036
4292.0 3.42719273605
4294.66 3.39694463821
4297.32 3.21827735698
4299.98 3.32053812809
4302.64 3.42890401987
4305.3 3.47742122878
4307.96 3.43024529638
4310.62 3.61881027323
4313.28 3.47052984257
4315.94 3.54679759995
4318.6 3.44379681421
4321.26 3.44712688003
4323.92 3.36859282786
4326.58 3.32664324876
4329.24 3.46821729687
4331.9 3.54906389474
4334.57 3.68647536058
4337.23 3.76292812162
4339.89 3.44199302856
4342.55 3.27456471946
4345.21 3.28085484378
4347.87 3.5063280501
4350.53 3.36655778764
4353.19 3.69942561654
4355.85 3.66788249311
4358.51 3.66741998397
4361.17 3.56608423114
4363.83 3.66802124585
4366.49 3.6786589561
4369.15 3.72370734645
4371.81 3.65826230297
4374.47 3.71894350229
4377.13 3.49985292212
4379.79 3.64438702874
4382.45 3.57057056981
4385.11 3.73032122717
4387.77 3.70206191864
4390.43 3.69239547759
4393.09 3.86708518021
4395.75 3.64212073395
4398.41 3.62218658996
4401.07 3.85751124099
4403.73 3.56409544183
4406.39 3.57325312283
4409.05 3.8218517862
4411.72 3.81704169113
4414.38 3.67260008635
4417.04 3.67685517045
4419.7 3.75099538578
4422.36 3.86204383057
4425.02 3.89455822319
4427.68 3.67509763571
4430.34 3.6144626873
4433.0 3.66459867821
4435.66 3.8863718114
4438.32 3.7094620649
4440.98 3.64827210552
4443.64 3.6465608217
4446.3 3.74299397763
4448.96 3.89256943389
4451.62 3.80691274094
4454.28 3.77800591962
4456.94 3.72925745614
4459.6 3.71903600412
4462.26 4.01610562549
4464.92 4.00292411497
4467.58 3.90482592613
4470.24 3.8290669288
4472.9 4.02581831746
4475.56 4.14801323255
4478.22 3.95227936401
4480.88 3.77666464311
4483.54 3.98266621459
4486.21 3.95708945908
4488.87 3.78411104028
4491.53 3.94714551254
4494.19 4.18635524036
4496.85 4.20231180573
4499.51 3.84821480725
4502.17 4.06841540936
4504.83 3.86333885617
4507.49 3.77675714494
4510.15 3.75941305215
4512.81 4.03460599114
4515.47 3.6845790731
4518.13 3.53865743907
4520.79 3.51964831336
4523.45 3.57958949806
4526.11 3.70021188208
4528.77 3.67463512657
4531.43 3.71195961426
4534.09 3.573160621
4536.75 3.60673878465
4539.41 3.60456499168
4542.07 3.6196890406
4544.73 3.68078649815
4547.39 3.67287759183
4550.05 3.62371287013
4552.71 3.77842217785
4555.37 3.66145361605
4558.03 3.71681596024
4560.69 3.77338082821
4563.36 3.73059873265
4566.02 3.87550284658
4568.68 3.98585752766
4571.34 3.89492823051
4574.0 3.76001431403
4576.66 3.72319858639
4579.32 3.76107808505
4581.98 3.58185579285
4584.64 3.72366109553
4587.3 3.88794434248
4589.96 3.72652865221
4592.62 3.78577607319
4595.28 3.68920416452
4597.94 3.74993161475
4600.6 3.69452301964
4603.26 3.57533441396
4605.92 3.58578712055
4608.58 3.64309200314
4611.24 3.6383744099
4613.9 3.6930892413
4616.56 3.86250633971
4619.22 3.92878389964
4621.88 3.5767681923
4624.54 3.90588969715
4627.2 3.70677951188
4629.86 3.66168487062
4632.52 3.8470585344
4635.18 3.61714524032
4637.84 3.67495888297
4640.51 3.78133598544
4643.17 3.71977601875
4645.83 3.66242488524
4648.49 3.84155467562
4651.15 3.72079353886
4653.81 3.85533744802
4656.47 3.830038198
4659.13 3.76366813624
4661.79 3.70349569698
4664.45 3.66311864895
4667.11 3.77282581724
4669.77 3.70788953382
4672.43 3.79141868471
4675.09 3.76940324959
4677.75 3.70529948263
4680.41 3.89340195034
4683.07 3.7556667281
4685.73 3.5961010744
4688.39 3.64776334547
4691.05 3.65234218597
4693.71 3.73957140999
4696.37 3.8257831139
4699.03 3.72786992872
4701.69 3.56839677684
4704.35 3.64494203971
4707.01 3.7674607112
4709.67 3.79974384926
4712.33 3.84423722864
4714.99 4.02646583025
4717.66 3.84798355268
4720.32 3.77865343242
4722.98 3.76413064539
4725.64 3.6308355109
4728.3 3.68735412795
4730.96 3.64993713843
4733.62 3.8107053159
4736.28 3.91467737083
4738.94 3.76047682317
4741.6 3.55577027729
4744.26 3.67236883178
4746.92 3.73573258412
4749.58 3.62029030248
4752.24 3.71172835969
4754.9 3.75594423359
4757.56 3.7520591568
4760.22 3.70479072257
4762.88 3.94737676712
4765.54 3.75654549547
4768.2 3.65650476824
4770.86 3.73670385331
4773.52 3.64225948669
4776.18 3.67838145061
4778.84 3.56127413607
4781.5 3.49925166024
4784.16 3.40059846043
4786.82 3.62764419783
4789.48 3.6966968126
4792.14 3.58749840437
4794.81 3.35753885939
4797.47 3.47353615199
4800.13 3.4470343782
4802.79 3.62750544508
4805.45 3.67093505344
4808.11 3.68559659322
4810.77 3.67870520701
4813.43 3.56141288881
4816.09 3.49851164561
4818.75 3.56386418726
4821.41 3.42987528906
4824.07 3.57598192676
4826.73 3.52464341209
4829.39 3.39079326664
4832.05 3.44587810535
4834.71 3.47011358435
4837.37 3.45522079
4840.03 3.43759919172
4842.69 3.38820321544
4845.35 3.33223960936
4848.01 3.42270639738
4850.67 3.92517632834
4853.33 4.82027026924
4855.99 5.37805629349
4858.65 4.84478325372
4861.31 3.79960509651
4863.97 3.20611336657
4866.63 3.23099635836
4869.29 3.38972949561
4871.96 3.39023825567
4874.62 3.27687726517
4877.28 3.39458584159
4879.94 3.5165032512
4882.6 3.46026213964
4885.26 3.46400846368
4887.92 3.51002812323
4890.58 3.64577455616
4893.24 3.49014023016
4895.9 3.48856769908
4898.56 3.58601837512
4901.22 3.60905133035
4903.88 3.55137644045
4906.54 3.54133999209
4909.2 3.39157953218
4911.86 3.19963823859
4914.52 3.37312541744
4917.18 3.45512828817
4919.84 3.50743807204
4922.5 3.48098254916
4925.16 3.5014254532
4927.82 3.50373799891
4930.48 3.43727543532
4933.14 3.39093201938
4935.8 3.37798176343
4938.46 3.52427340478
4941.12 3.6979918382
4943.78 3.60845006847
4946.44 3.65437722619
4949.11 3.74193020661
4951.77 3.97471105736
4954.43 3.92822888867
4957.09 3.97258351531
4959.75 3.75196665497
4962.41 3.55697280106
4965.07 3.50429300988
4967.73 3.36928659157
4970.39 3.1970481874
4973.05 3.24736918196
4975.71 3.34444985069
4978.37 3.27946731636
4981.03 3.37793551251
4983.69 3.51687325852
4986.35 3.51705826217
4989.01 3.52103584079
4991.67 3.59295601224
4994.33 3.76278936888
4996.99 4.28343590909
4999.65 4.78558208365
5002.31 4.79575728476
5004.97 4.39883193981
5007.63 3.80571021718
5010.29 3.49134275393
5012.95 3.48116755282
5015.61 3.53195105652
5018.27 3.54101623569
5020.93 3.45966087776
5023.59 3.47321239559
5026.26 3.39675963456
5028.92 3.39097827029
5031.58 3.35323752437
5034.24 3.2674883296
5036.9 3.2743797158
5039.56 3.33422839867
5042.22 3.45813459759
5044.88 3.49300778683
5047.54 3.39352207057
5050.2 3.45660831742
5052.86 3.53972121009
5055.52 3.4820925711
5058.18 3.43010654363
5060.84 3.42270639738
5063.5 3.46951232246
5066.16 3.30633909746
5068.82 3.26906086068
5071.48 3.24144906495
5074.14 3.3022227661
5076.8 3.35110998232
5079.46 3.2953313799
5082.12 3.4057323119
5084.78 3.47927126534
5087.44 3.49786413282
5090.1 3.43056905278
5092.76 3.42145762269
5095.42 3.43926422463
5098.08 3.38491940054
5100.75 3.35814012127
5103.41 3.37192289368
5106.07 3.38709319351
5108.73 3.33080583103
5111.39 3.24242033415
5114.05 3.32923329995
5116.71 3.24149531587
5119.37 3.29570138721
5122.03 3.37946179268
5124.69 3.45272324064
5127.35 3.37539171223
5130.01 3.36586402393
5132.67 3.40920113045
5135.33 3.39088576846
5137.99 3.35749260847
5140.65 3.30407280267
5143.31 3.29787518018
5145.97 3.30009522405
5148.63 3.3156355312
5151.29 3.3234981866
5153.95 3.31669930222
5156.61 3.28436991325
5159.27 3.13664449356
5161.93 2.97365627222
5164.59 3.07503827596
5167.25 3.10163255158
5169.91 3.19529065266
5172.57 3.21291225094
5175.23 3.1043151046
5177.9 3.20338456263
5180.56 3.23835025371
5183.22 3.34232230864
5185.88 3.42955153267
5188.54 3.49661535813
5191.2 3.56710175125
5193.86 3.39805466015
5196.52 3.34532861806
5199.18 3.29454511436
5201.84 3.20898092324
5204.5 3.26836709697
5207.16 3.32872453989
5209.82 3.29070628849
5212.48 3.20837966136
5215.14 3.20685338119
5217.8 3.19487439444
5220.46 3.20856466502
5223.12 3.16832636973
5225.78 3.19566065998
5228.44 3.34740990919
5231.1 3.33274836942
5233.76 3.43547164967
5236.42 3.37150663545
5239.08 3.305506581
5241.74 3.32530197225
5244.4 3.32368319025
5247.06 3.38940573921
5249.72 3.37062786808
5252.38 3.32673575058
5255.05 3.28705246627
5257.71 3.14816097118
5260.37 3.17359897394
5263.03 3.05172781525
5265.69 3.10949520698
5268.35 3.12198295379
5271.01 3.20504959554
5273.67 3.31216671264
5276.33 3.35411629174
5278.99 3.54790762189
5281.65 3.39194953949
5284.31 3.28797748455
5286.97 3.50281298063
5289.63 3.39500209982
5292.29 3.51562448384
5294.95 3.38732444808
5297.61 3.45494328452
5300.27 3.34209105407
5302.93 3.45535954274
5305.59 3.56885928598
5308.25 3.49897415475
5310.91 3.53102603824
5313.57 3.44555434895
5316.23 3.45438827355
5318.89 3.49467281974
5321.55 3.35129498598
5324.21 3.27350094844
5326.87 3.19829696208
5329.53 3.24649041459
5332.2 3.29079879032
5334.86 3.26637830766
5337.52 3.32335943385
5340.18 3.41350246547
5342.84 3.4748774285
5345.5 3.50170295869
5348.16 3.44985568396
5350.82 3.48218507293
5353.48 3.45748708479
5356.14 3.59984739844
5358.8 3.55151519319
5361.46 3.42501894308
5364.12 3.3736341775
5366.78 3.22928507454
5369.44 3.49652285631
5372.1 3.23377141321
5374.76 3.53551237691
5377.42 3.55674154649
5380.08 3.23557519886
5382.74 3.35892638681
5385.4 3.44097550845
5388.06 3.34810367291
5390.72 3.48172256379
5393.38 3.50392300256
5396.04 3.4080448576
5398.7 3.27391720666
5401.36 3.39079326664
5404.02 3.3487511857
5406.68 3.22174617554
5409.35 3.32659699784
5412.01 3.50803933392
5414.67 3.24903421487
5417.33 3.40619482104
5419.99 3.46359220546
5422.65 3.39810091107
5425.31 3.44055925022
5427.97 3.3117042035
5430.63 3.51049063237
5433.29 3.48181506562
5435.95 3.29098379397
5438.61 3.28140985475
5441.27 3.41271619993
5443.93 3.37136788271
5446.59 3.10958770881
5449.25 3.18793675732
5451.91 3.1829416586
5454.57 3.33126834017
5457.23 3.40628732286
5459.89 3.40776735212
5462.55 3.36461524925
5465.21 3.25463057548
5467.87 3.31341548732
5470.53 3.28580369159
5473.19 3.1944118853
5475.85 3.29209381591
5478.51 3.27248342832
5481.17 3.32067688083
5483.83 3.2763222542
5486.5 3.25796064129
5489.16 3.11495281484
5491.82 3.22965508185
5494.48 3.32668949967
5497.14 3.46229717986
5499.8 3.15546861561
5502.46 3.33852973368
5505.12 3.41243869444
5507.78 3.36036016515
5510.44 3.30231526793
5513.1 3.35610508105
5515.76 3.38801821179
5518.42 3.4018009842
5521.08 3.35032371678
5523.74 3.20245954435
5526.4 3.13275941678
5529.06 3.22086740817
5531.72 3.30495157003
5534.38 3.26031943791
5537.04 3.3176243205
5539.7 3.44296429776
5542.36 3.59975489661
5545.02 3.43778419538
5547.68 3.36179394348
5550.34 3.1882142628
5553.0 3.43385286768
5555.66 3.24329910152
5558.32 3.38343937129
5560.98 3.29671890732
5563.65 3.1904805576
5566.31 3.17637402879
5568.97 3.20629837022
5571.63 3.17544901051
5574.29 3.38746320082
5576.95 3.353977539
5579.61 3.33899224282
5582.27 3.17327521754
5584.93 3.13562697345
5587.59 3.20726963942
5590.25 3.10912519966
5592.91 3.2835373968
5595.57 3.06259678006
5598.23 3.2989389512
5600.89 3.44282554502
5603.55 3.34190605041
5606.21 3.27017088262
5608.87 3.14533966542
5611.53 3.29186256134
5614.19 3.23747148634
5616.85 3.15042726597
5619.51 3.22738878706
5622.17 3.2999102204
5624.83 3.25648061204
5627.49 3.32049187718
5630.15 3.25102300417
5632.81 3.32622699053
5635.47 3.23256888944
5638.13 3.39842466746
5640.8 3.39315206326
5643.46 3.14002081029
5646.12 3.04529893818
5648.78 3.17332146846
5651.44 3.22132991731
5654.1 3.21355976374
5656.76 3.07462201773
5659.42 3.09774747479
5662.08 3.27313094112
5664.74 3.35818637218
5667.4 3.36239520537
5670.06 3.40698108658
5672.72 3.41465873832
5675.38 3.32969580909
5678.04 3.19052680851
5680.7 3.15944619422
5683.36 3.26795083874
5686.02 3.39477084525
5688.68 3.41012614874
5691.34 3.54286627225
5694.0 3.67593015216
5696.66 3.47506243216
5699.32 3.05834169596
5701.98 2.80622796311
5704.64 2.68555932818
5707.3 2.81589440417
5709.96 2.98864156839
5712.62 3.14279586514
5715.29 3.16915888619
5717.95 3.29741267103
5720.61 3.16508880575
5723.27 3.08026462926
5725.93 3.19052680851
5728.59 3.21712108413
5731.25 3.29704266372
5733.91 3.27165091187
5736.57 3.17808531261
5739.23 3.21369851648
5741.89 3.29089129214
5744.55 3.32567197956
5747.21 3.36928659157
5749.87 3.32789202344
5752.53 3.25171676789
5755.19 3.26531453664
5757.85 3.25120800783
5760.51 3.19612316912
5763.17 3.21235723997
5765.83 3.20477209006
5768.49 3.30250027159
5771.15 3.26050444157
5773.81 3.1629612637
5776.47 3.1508435242
5779.13 3.04363390528
5781.79 2.97041870823
5784.45 3.05491912832
5787.11 2.99164787781
5789.77 3.04492893087
5792.44 3.18469919333
5795.1 3.14122333406
5797.76 3.08424220787
5800.42 3.27433346489
5803.08 3.25564809559
5805.74 3.25264178617
5808.4 3.30263902433
5811.06 3.20435583183
5813.72 3.22600125964
5816.38 3.23321640224
5819.04 3.1826179022
5821.7 3.1157853313
5824.36 3.10283507535
5827.02 3.20805590496
5829.68 3.36595652575
5832.34 3.35753885939
5835.0 3.09464866355
5837.66 3.10255756986
5840.32 3.35531881551
5842.98 3.23335515498
5845.64 3.11573908038
5848.3 3.15662488846
5850.96 3.20694588302
5853.62 3.17873282541
5856.28 3.18913928109
5858.94 3.29755142378
5861.6 3.37483670127
5864.26 3.24732293105
5866.92 3.19431938347
5869.59 3.41563000752
5872.25 3.29426760887
5874.91 3.17512525411
5877.57 3.08451971335
5880.23 3.07610204699
5882.89 2.89114464143
5885.55 2.92116148469
5888.21 2.94206689788
5890.87 2.66090759096
5893.53 2.74938558967
5896.19 2.8654753841
5898.85 2.85747397596
5901.51 2.84207242156
5904.17 2.94229815245
5906.83 3.11083648349
5909.49 2.86214531828
5912.15 3.11439780387
5914.81 3.23710147903
5917.47 2.99275789975
5920.13 3.11296402554
5922.79 3.27696976699
5925.45 3.03974882849
5928.11 3.12619178697
5930.77 3.00519939564
5933.43 3.00954698157
5936.09 3.10894019601
5938.75 3.12730180891
5941.41 3.00085180972
5944.07 3.00025054783
5946.74 3.07314198848
5949.4 3.30731036665
5952.06 3.15630113206
5954.72 3.15130603334
5957.38 3.22729628523
5960.04 3.13146439118
5962.7 3.18423668419
5965.36 3.02730733259
5968.02 3.1112064908
5970.68 3.2216074228
5973.34 3.19075806308
5976.0 3.0162071132
5978.66 3.00117556612
5981.32 3.19061931034
5983.98 3.24736918196
5986.64 3.25106925509
5989.3 3.08308593502
5991.96 3.00136056977
5994.62 2.93776556286
5997.28 3.15667113938
5999.94 2.97106622103
6002.6 3.04978527685
6005.26 3.03646501359
6007.92 2.95899473244
6010.58 3.00034304966
6013.24 3.0961286928
6015.9 3.10385259546
6018.56 2.90418739921
6021.22 2.99590296191
6023.89 3.10921770149
6026.55 3.213421011
6029.21 3.39046951024
6031.87 3.2206361536
6034.53 2.97860512003
6037.19 2.93087417666
6039.85 3.16120372896
6042.51 3.23326265315
6045.17 3.2055583556
6047.83 3.28515617879
6050.49 3.24376161066
6053.15 3.30754162123
6055.81 3.18927803383
6058.47 2.97226874479
6061.13 3.03942507209
6063.79 3.09682245651
6066.45 3.09834873668
6069.11 3.25643436113
6071.77 3.18960179023
6074.43 3.10699765762
6077.09 2.87181175933
6079.75 3.08280842953
6082.41 3.18210914214
6085.07 2.95127082978
6087.73 3.00265559537
6090.39 3.5852783605
6093.05 4.08529699301
6095.71 2.96907743172
6098.37 2.60253893735
6101.04 2.2865526921
6103.7 2.78439753165
6106.36 2.74526925831
6109.02 2.72709264906
6111.68 3.24584290179
6114.34 3.17859407267
6117.0 3.25624935747
6119.66 3.31517302205
6122.32 3.07032068272
6124.98 2.84100865053
6127.64 2.78837511027
6130.3 3.08909855385
6132.96 3.04775023663
6135.62 3.22651001969
6138.28 3.16809511516
6140.94 3.07166195923
6143.6 3.22197743011
6146.26 3.27091089725
6148.92 3.32562572865
6151.58 3.37844427257
6154.24 3.26105945254
6156.9 3.25740563032
6159.56 3.19931448219
6162.22 3.20074826053
6164.88 3.27017088262
6167.54 3.31346173823
6170.2 3.22572375415
6172.86 3.30980791602
6175.52 3.10907894875
6178.19 3.34343233058
6180.85 3.26304824185
6183.51 3.34833492748
6186.17 2.83115720582
6188.83 2.82033449192
6191.49 2.95839347056
6194.15 2.96778240612
6196.81 3.05334659724
6199.47 3.15852117594
6202.13 3.05676916488
6204.79 3.14640343644
6207.45 3.18289540768
6210.11 2.95987349981
6212.77 2.95968849615
6215.43 2.93253920957
6218.09 2.95418463737
6220.75 2.79508149281
6223.41 2.89003461949
6226.07 3.02702982711
6228.73 2.95996600164
6231.39 3.00482938833
6234.05 2.93295546779
6236.71 2.8808769385
6239.37 2.799290326
6242.03 2.86348659479
6244.69 2.81834570261
6247.35 2.81261058926
6250.01 2.90168984985
6252.67 2.92319652492
6255.34 2.99044535404
6258.0 2.74563926562
6260.66 2.75188313903
6263.32 2.89109839052
6265.98 3.15278606259
6268.64 2.99298915432
6271.3 2.94155813782
6273.96 3.00288684994
6276.62 2.88790707744
6279.28 2.89997856603
6281.94 3.02023094273
6284.6 3.09321488521
6287.26 3.17942658912
6289.92 3.10602638842
6292.58 3.06453931846
6295.24 3.24801669476
6297.9 3.16911263527
6300.56 3.1662450786
6303.22 2.95899473244
6305.88 3.03059114749
6308.54 2.83448727164
6311.2 2.9067774504
6313.86 2.9280528709
6316.52 3.08438096061
6319.18 3.17063891544
6321.84 2.91903394265
6324.5 2.89058963046
6327.16 3.14321212337
6329.83 2.91843268076
6332.49 2.80053910068
6335.15 2.92069897555
6337.81 2.95140958253
6340.47 2.96713489333
6343.13 2.90002481694
6345.79 2.93702554824
6348.45 2.89336468531
6351.11 2.8251908379
6353.77 2.93240045683
6356.43 3.07143070466
6359.09 2.81126931275
6361.75 3.08923730659
6364.41 2.8012791153
6367.07 2.71918374275
6369.73 2.94789451305
6372.39 2.89465971091
6375.05 2.94451819632
6377.71 2.73333652247
6380.37 3.1701764063
6383.03 3.06278178372
6385.69 3.26401951104
6388.35 2.96509985311
6391.01 2.86473536947
6393.67 2.74679553847
6396.33 2.79619151475
6398.99 2.96098352175
6401.65 3.11245526548
6404.31 3.23034884556
6406.98 3.08364094599
6409.64 3.09178110687
6412.3 3.01435707664
6414.96 2.92953290015
6417.62 2.82001073552
6420.28 2.96417483482
6422.94 2.98383147332
6425.6 2.92819162364
6428.26 2.93249295865
6430.92 2.98290645504
6433.58 2.93457424979
6436.24 3.00829820689
6438.9 2.95501715383
6441.56 2.81654191696
6444.22 2.98850281565
6446.88 2.94715449843
6449.54 2.97606131975
6452.2 2.91644389145
6454.86 2.82556084522
6457.52 2.87611309435
6460.18 3.03479998068
6462.84 2.88180195678
6465.5 2.94155813782
6468.16 2.83166596588
6470.82 2.66849274088
6473.48 2.7046147048
6476.14 2.78467503714
6478.8 2.94239065427
6481.46 2.80548794849
6484.13 2.76492589681
6486.79 2.73694409377
6489.45 2.78458253531
6492.11 2.91353008387
6494.77 2.99766049664
6497.43 3.00732693769
6500.09 2.9981692567
6502.75 3.05237532804
6505.41 2.96509985311
6508.07 2.73444654441
6510.73 2.88786082653
6513.39 3.10713641036
6516.05 3.06287428555
6518.71 2.89937730415
6521.37 2.90034857334
6524.03 2.87874939645
6526.69 2.8333772497
6529.35 3.02564229968
6532.01 2.9188951899
6534.67 2.98443273521
6537.33 3.5289447471
6539.99 3.9633795834
6542.65 4.26720183823
6545.31 3.70529948263
6547.97 4.02262700438
6550.63 6.77529640895
6553.29 11.8083208831
6555.95 14.3521211595
6558.61 11.3652371259
6561.28 6.41731433369
6563.94 4.67504239891
6566.6 3.32238816466
6569.26 3.32650449601
6571.92 4.4757934609
6574.58 6.25589864342
6577.24 6.46726532093
6579.9 5.19074009131
6582.56 3.71223711975
6585.22 3.07392825402
6587.88 2.93684054458
6590.54 2.80941927619
6593.2 2.71104358186
6595.86 2.77306605769
6598.52 2.73319776972
6601.18 3.08623099718
6603.84 3.01037949803
6606.5 2.97962264014
6616.15 2.78499879354
6631.4 2.83032468937
6646.69 2.85002757878
6662.01 2.84355245081
6677.37 2.84364495264
6692.76 2.82412706688
6708.19 2.81769818982
6723.66 2.69097068514
6739.15 2.79202893248
6754.69 2.73486280263
6770.26 2.7986428132
6785.87 2.81811444804
6801.51 2.7350940572
6817.19 2.76048580905
6832.91 2.77329731226
6848.66 2.65466371755
6864.45 2.66701271162
6880.27 2.69795457317
6896.13 2.71048857089
6912.03 2.71682494613
6927.96 2.68579058276
6943.93 2.72325382319
6959.94 2.6859293355
6975.98 2.7868488301
6992.06 2.76136457642
7008.18 2.69235821256
7024.34 2.6433322436
7040.53 2.71747245892
7056.76 2.80012284245
7073.03 2.60725653058
7089.34 2.63149200958
7105.68 2.60744153424
7122.06 2.55994184544
7138.48 2.48450660452
7154.93 2.49028796878
7171.42 2.45055843356
7187.96 2.43936571234
7204.53 2.47909524757
7221.13 2.55448423758
7237.78 2.58413107353
7254.47 2.62016053562
7271.19 2.53714014478
7287.95 2.54306026179
7304.75 2.62645065994
7321.59 2.61447167319
7338.47 2.60253893735
7355.39 2.65100989534
7372.34 2.59671132217
7389.34 2.651194899
7406.37 2.64518228016
7423.44 2.55545550677
7440.56 2.6453210329
7457.71 2.6698802683
7474.9 2.68227551328
7492.13 2.66391390038
7509.41 2.68246051694
7526.72 2.71358738214
7544.07 2.70743601056
7561.45 2.64592229479
7578.89 2.59171622344
7596.36 2.56211563841
7613.87 2.53288506069
7631.42 2.52714994733
7649.01 2.55059916079
7666.65 2.45277847744
7684.32 2.50420949393
7702.04 2.45860609261
7719.79 2.43612814835
7737.59 2.44181701079
7755.42 2.3212871286
7773.3 2.43635940292
7791.22 2.42525918354
7809.18 2.42535168536
7827.18 2.47618143998
7845.22 2.44227951993
7863.31 2.44801463328
7881.44 2.41452897146
7899.61 2.43691441389
7917.82 2.35972163823
7936.07 2.35976788915
7954.36 2.28498016102
7972.7 2.3599528928
7991.08 2.40944137091
8009.5 2.35468028859
8027.96 2.43751567578
8046.47 2.47719896009
8065.02 2.46586748613
8083.61 2.37678822554
8102.25 2.28035506961
8120.93 2.40999638188
8139.64 2.36610426438
8158.41 2.34987019353
8177.22 2.33377487541
8196.07 2.28599768113
8214.96 2.40486253041
8233.9 2.30731935254
8252.88 2.39949742437
8271.9 2.44981841893
8290.97 2.33428363547
8310.09 2.33974124333
8329.24 2.2760537346
8348.45 2.27614623642
8367.69 2.36161792571
8386.98 2.29205655088
8406.31 2.29742165692
8425.69 2.34561510943
8445.11 2.16408027152
8464.58 2.2557495833
8484.1 2.29774541332
8503.65 2.20963742192
8523.25 2.15446008138
8542.9 2.19455962392
8562.6 2.24062553438
8582.33 2.26143844573
8602.12 2.18974952885
8621.95 2.19488338032
8641.83 2.26166970031
8661.74 2.17994433506
8681.72 2.10117902832
8701.73 2.19016578708
8721.79 2.22582524186
8741.9 2.26731231183
8762.05 2.09664643874
8782.24 2.1804068442
8802.49 2.22614899826
8822.78 2.29390658744
8843.12 2.26250221676
8863.5 2.20598359971
8883.94 2.07310472345
8904.42 2.16093520936
8924.94 2.18100810609
8945.52 2.21139495666
8966.14 2.13642222488
8986.81 2.13156587889
9007.53 2.07356723259
9028.29 1.94864351356
9049.1 2.26333473321
9069.96 2.14174108
9090.87 2.06436330068
9111.83 2.19178456907
9132.83 2.24293808009
9153.89 2.1273107948
9174.99 2.14215733823
9196.14 2.14224984006
9217.34 2.0791635932
9238.59 1.94494344043
9259.88 2.09373263115
9281.23 2.16736408642
9302.63 2.08906128882
9324.07 2.12800455851
9345.56 2.12319446344
9367.11 2.08929254339
9388.7 2.1135742733
9410.34 2.06556582445
9432.04 2.12351821984
9453.78 2.09447264577
9475.57 2.13346216637
9497.42 2.12865207131
9519.31 2.07550977099
9541.25 1.96399881705
9563.25 2.05663939803
9585.3 2.10950419286
9607.39 2.09021756167
9629.54 2.09512015857
9651.74 2.07601853104
9673.99 2.0713009378
9696.29 2.09058756899
9718.64 2.06195825315
9741.04 2.0431341311
9763.5 2.03850903969
9786.01 2.01529108081
9808.57 2.04812922983
9831.18 2.02939760961
9853.84 2.03416145377
9876.55 2.02023992862
9899.33 2.01570733903
9922.15 2.02042493227
9945.02 2.0205174341
9967.94 2.02060993593
9990.92 2.00678091261
10013.95 1.98846555062
10083.37 1.95238983761
10129.91 2.00728967266
10176.66 1.99359940208
10223.64 1.99840949715
10270.83 2.00317334131
10294.5 1.99406191123
10510.06 1.92214173977
10705.47 1.83560627946
10904.49 1.74897831732
11107.22 1.67793691324
11287.7 1.64731880809
11497.55 1.63598733413
11711.32 1.58774763071
11901.61 1.51975878696
12094.99 1.49547705705
12291.52 1.46818901772
12491.24 1.4216143472
12694.21 1.38285608117
12900.47 1.34826039742
13110.08 1.3236549111
13292.46 1.2787452735
13508.45 1.24673964093
13696.37 1.22116288542
13886.91 1.16889935247
14112.55 1.11372201193
14308.88 1.09591540999
14507.94 1.09845921027
14709.76 1.0562783766
14914.4 1.06853486884
15087.08 1.07098616729
15296.97 1.08338141227
15509.77 1.07098616729
15689.37 1.04661193555
15907.63 1.00410734547
16091.84 1.00179479977
16315.7 0.99721595927
16504.61 0.981259393899
16695.73 0.978993099108
16889.07 0.963360290136
17084.63 0.947958735735
17282.45 0.909431724276
17482.58 0.882652445003
17685.02 0.846807986562
17889.81 0.812397306459
18096.95 0.77049397827
18306.5 0.751253597997
18518.49 0.725723093405
18689.83 0.689878634964
18906.25 0.672627043999
19081.19 0.661896831924
19302.15 0.640898916915
19480.74 0.614859652267
19706.32 0.59534176651
19888.67 0.57647139355
20118.95 0.565972436046
20305.12 0.547980830454
20493.01 0.540488182367
20682.61 0.528185439212
20922.11 0.516160201542
21115.71 0.507881287915
21311.08 0.496318559386
21508.28 0.48614335828
21707.28 0.468568010916
21908.14 0.462148384037
22110.86 0.448518239646
22315.44 0.437302392973
22521.93 0.426364051785
22678.03 0.414745822158
22887.88 0.374785032362
23099.64 0.370492947532
23313.39 0.32717434137
23475.01 0.308160590577
23692.2 0.311731161146
23911.43 0.288258822232
24077.17 0.277829241099
24299.96 0.273389153344
24524.79 0.255143167725
24694.8 0.249334052912
24923.28 0.211727434643
25096.06 0.20834186773
25328.28 0.208822877237
25503.84 0.207384473808
25680.61 0.210270530849
25918.24 0.206908089392
26097.91 0.205483561238
26278.8 0.200345084679
26521.96 0.198966807439
26705.79 0.194887476813
26890.89 0.192653557662
27077.31 0.190012630466
27327.87 0.186113678405
27517.28 0.183139744628
27708.01 0.179384170402
27900.09 0.177330629815
28093.47 0.174093065827
28288.22 0.171701893567
28484.29 0.168570706681
28681.75 0.164731880809
28880.55 0.162849468605
29080.75 0.16024554214
29282.32 0.157317859276
29485.31 0.154801809548
29689.68 0.152327385643
29895.46 0.149547705705
30102.7 0.147494165118
30311.35 0.144802361916
30521.48 0.143474960681
30733.03 0.14183305323
30874.91 0.139885889746
31088.91 0.138604739425
31304.42 0.137018333071
31521.4 0.135450427082
31666.88 0.133901021459
31886.41 0.133285884301
32107.42 0.132976003177
32329.99 0.133901021459
32479.21 0.138285608117
32704.33 0.152678892591
32931.05 0.193546200304
33083.04 0.191770165202
33312.38 0.146818901772
33466.13 0.129354556602
33698.09 0.121556652481
33931.7 0.116889935247
34088.31 0.113444242145
34324.62 0.110863441138
34483.04 0.108587896163
34722.05 0.106603731948
34882.34 0.104661193555
35124.12 0.102751030802
35286.23 0.100873243688
35530.84 0.0990324573066
35694.84 0.0974506760438
35859.58 0.0956700158503
36108.17 0.0941391105931
36274.83 0.0926359558843
36526.29 0.0909431724276
36694.88 0.0894908937243
36864.25 0.0876547324339
37119.8 0.0862533297362
37291.12 0.0848750524955
37463.24 0.0831360181247
37722.94 0.0821832492939
37897.05 0.080869723333
38071.96 0.0795746977377
38335.89 0.0783027975995
38512.82 0.077229776392
38690.62 0.0758191235115
38869.2 0.0746073495616
39138.61 0.0734140759774
39319.29 0.0722393027588
39500.77 0.0709211517065
39683.08 0.0699498825101
39866.24 0.0686733572804
40142.6 0.0675725855245
40327.88 0.0666475672421
40514.06 0.0654311682009
40701.04 0.0646819033922
40888.9 0.0637938858411
41077.62 0.0629197435643
41267.26 0.0620548514703
41457.72 0.0610650819082
41745.12 0.0602233152713
41937.79 0.059400049
42131.35 0.0585860329116
42325.81 0.0579153946569
42521.21 0.0571198789341
42717.46 0.0563336133941
42914.62 0.0546732055773
43112.74 0.0531839261428
43311.73 0.0529387962979
43511.63 0.0514957677775
43712.51 0.0505568742209
43914.26 0.0499787377945
44116.94 0.0487299631133
44320.56 0.0481703270525
44525.17 0.0476199411745
44730.67 0.0466440468867
44937.13 0.0464266675903
45144.58 0.0457911800304
45248.64 0.0450590280599
45457.49 0.0447486844262
45667.29 0.0443384388179
45878.12 0.0435290478209
46089.87 0.0434291458464
46302.59 0.0428329715634
46516.35 0.0424403013026
46731.05 0.0421484580345
46946.73 0.0417618003925
47054.95 0.0412840284497
47272.18 0.0411887515666
47490.36 0.0407174547518
47709.55 0.0404371742122
47929.8 0.040066241881
48151.02 0.0396078953221
48262.02 0.0396078953221
48484.77 0.0392628635028
48708.6 0.0391120855228
48933.41 0.0390514968253
49046.21 0.038886843571
49272.58 0.0388262548735
49500.04 0.0386768644209
49728.51 0.0387948042519
49843.14 0.0385418117517
50073.24 0.0385704873185
50304.35 0.0385987003761
50536.53 0.0384493099235
50653.02 0.0383743834426
50769.78 0.0383882587168
50886.86 0.0384909357462
51004.16 0.0384160092653
51121.73 0.0384298845395
51239.57 0.0383549580587
51357.68 0.0383688333329
51476.06 0.038382246098
51594.78 0.0384844606182
51713.71 0.0385871376475
51832.91 0.0386005504126
51952.39 0.0385251614226
52072.14 0.0385390366969
52192.17 0.038552449462
52312.48 0.038565862227
52433.12 0.0386680767472
52553.98 0.0387707537766
52675.12 0.0388734308059
52796.54 0.0389765703444
52918.24 0.0389002563361
53040.22 0.0389136691012
53162.48 0.0390168086397
53285.09 0.0391204106873
53407.91 0.0392235502258
53531.02 0.0393276147825
53654.41 0.0394316793393
53778.09 0.0395357438961
53902.05 0.0397318477719
54026.36 0.039836837347
54150.89 0.039941826922
54275.72 0.0400472790062
54400.83 0.0401531935995
54526.22 0.0404450368676
54651.91 0.0405514139701
54777.89 0.0407521429373
54904.21 0.0409537969229
55030.77 0.0411563759267
55157.62 0.0413598799488
55284.76 0.0416605108906
55412.2 0.0419629918689
55539.93 0.0420735315537
55668.01 0.0424763770156
55796.33 0.0427848706128
55924.95 0.0429962372903
56053.86 0.0434078704259
56183.06 0.0437228391511
56312.57 0.0441414099238
56442.38 0.0445641432788
56572.54 0.0449910392161
56702.94 0.0455266248016
56833.65 0.0459623084126
56964.65 0.0465099192357
57095.96 0.0471713073076
57227.57 0.0477309433684
57359.49 0.0484108318059
57491.77 0.0490999704263
57624.29 0.0499139865147
57757.12 0.0507418778774
57890.25 0.0515790194229
58023.69 0.0526797911789
58157.44 0.0536741858324
58291.56 0.0548165834111
58425.93 0.0559774813554
58560.61 0.0574343851501
58695.59 0.0589236645846
58830.89 0.0604545698419
58966.5 0.062309231498
59112.0 0.0608708280689
59411.76 0.0594740504626
59711.5 0.0734233261602
60011.25 0.0848103012157
60311.01 0.0994024646195
60610.76 0.0997308461098
60910.51 0.103065537018
61210.26 0.139585258804
61510.01 0.196182502409
61809.77 0.266548643146
62109.52 0.285890775429
62409.26 0.254023895603
62709.03 0.188033091341
63008.77 0.174967208103
63308.52 0.148229554653
63608.28 0.120294002526
63908.03 0.10395817966
64207.78 0.100734490946
64507.54 0.0919791929038
64807.28 0.089430767536
65107.03 0.0846530481077
65406.79 0.0812767313772
65706.54 0.0751438601654
66006.3 0.0801112083415
66306.05 0.0799909559648
66605.8 0.0772344014834
66905.56 0.0792925671616
67205.3 0.0723734304098
67505.06 0.0713142844765
67804.81 0.0762770075612
68104.56 0.0737979585646
68404.31 0.0788855591174
68704.06 0.0842691655206
69003.81 0.0863874573871
69303.57 0.096340654105
69603.31 0.110049425049
69903.08 0.109989298861
70202.82 0.100105478514
70502.57 0.0986161990796
70802.34 0.0901939076189
71102.08 0.0897128981121
71401.83 0.0999204748577
71701.59 0.0970760436395
72001.34 0.0988058278274
72301.09 0.109175282772
72600.84 0.117079563995
72880.97 0.134960167392
72900.59 0.121274521905
73200.35 0.126246495173
73481.66 0.164130618926
73500.09 0.129345306419
74082.36 0.193185443174
74683.06 0.251123963288
75283.76 0.299174037964
75884.45 0.335906513955
76485.16 0.328686746262
77085.86 0.313502571157
77686.55 0.300163807526
78287.26 0.277084601382
78887.95 0.252798246379
79488.65 0.212333321618
80089.35 0.186146054045
80690.04 0.163020596987
81290.75 0.146546021379
81891.45 0.141467671009
82492.15 0.130631081831
83092.84 0.1398026381
83693.55 0.142665569684
84294.24 0.147878047705
84894.94 0.156892350867
85495.64 0.169458724232
86096.33 0.162692215497
86697.03 0.148655063062
87297.73 0.113138986112
87898.42 0.090610165846
88499.13 0.0775257822424
89099.83 0.0613102117531
89700.53 0.0562503617487
90301.23 0.0484293321716
90901.93 0.0455298623656
91502.62 0.04292639841
92103.31 0.0388789809156
92704.02 0.0382333181545
93304.72 0.0360123492587
93905.41 0.0397827237775
94506.12 0.0421701959642
95106.82 0.0376445440178
95707.52 0.0380654273363
96308.22 0.0405588141163
96908.87 0.0394566548329
97509.62 0.0336896283517
98110.28 0.0340133847505
98711.04 0.0346650601304
99311.7 0.0308831228831
99912.44 0.0316342377284
100513.11 0.0316541256214
101113.77 0.0312249171384
101714.52 0.0283055594394
102315.17 0.0282537584156
102915.94 0.0279697778029
103516.59 0.0301287704739
104117.25 0.0337793551251
104718.0 0.0390302214048
105318.67 0.0428542469839
105919.41 0.0445766310256
106520.07 0.0421743585464
107120.83 0.0416600483814
107721.49 0.0420073927465
108322.15 0.04399803209
108922.9 0.0497058574012
109523.56 0.0611853342849
110124.31 0.0752456121764
110724.97 0.0828400122744
111325.72 0.122107038359
111926.38 0.190021880648
112527.03 0.202888884956
113127.8 0.162923470067
113728.45 0.126616502486
114329.2 0.100794617134
114929.86 0.0818224921638
115530.62 0.0736592058222
116131.27 0.0642656451651
116731.93 0.0601770643572
117332.69 0.0590670424184
117933.35 0.0584796558091
118534.1 0.06097258008
119134.75 0.0643488968105
119735.42 0.0655699209432
120336.17 0.0617680958028
120936.83 0.0585536572717
121537.58 0.0585536572717
122138.25 0.0614720899525
122738.99 0.065162912899
123339.66 0.0673367058625
123940.31 0.065477419115
124541.07 0.0694873733689
125141.72 0.0747322270297
125742.48 0.0803655883691
126343.13 0.0849583041409
126943.79 0.0875899811541
127544.55 0.110854190955
128145.21 0.121972910708
128745.96 0.0759671264366
129346.61 0.0521386554837
129947.37 0.048276704155
130548.03 0.0441178219576
131148.7 0.0435313603666
131749.45 0.0413876304973
132350.1 0.0418182265077
132950.85 0.0426660057635
133551.52 0.0401952819314
134152.27 0.040184181712
134752.92 0.0412521153189
135353.58 0.043185403529
135954.34 0.0398359123287
136555.0 0.0387522534109
137155.74 0.0355364273524
137756.41 0.0325902441232
138357.16 0.033900070011
138957.82 0.0333385839136
139558.47 0.0325486183005
140159.24 0.0323021009282
140676.12 0.032484792039
141563.12 0.0345290824429
142450.22 0.0345152071687
143337.24 0.0309733121657
144224.24 0.0310228006438
145111.25 0.027757023598
145998.36 0.0247650519638
146885.37 0.0217499548725
147772.37 0.0260845905435
148659.47 0.0182288727808
149546.49 0.0227693250196
150433.49 0.0235935163092
151320.5 0.0233252610073
152207.6 0.0231989960118
153094.62 0.0243677566115
153981.62 0.0240551004321
154868.72 0.0313123313661
155755.73 0.0353005476904
156642.73 0.0273921038856
157529.84 0.0271751870984
158416.85 0.0250823332346
159303.85 0.0253154378418
160190.86 0.0256058935824
161077.98 0.0266271137661
161964.97 0.0325439932091
162851.98 0.0335716885207
163739.0 0.0448078855962
164626.1 0.0462208510225
165513.11 0.0455243122559
166400.13 0.0378128973452
167287.23 0.0385478243705
168174.23 0.037713920389
169061.25 0.0359101347385
169948.35 0.0518472747248
170835.35 0.0501406159939
171722.36 0.0388877685893
172609.36 0.0412054018957
173496.47 0.0417571753011
174383.48 0.0378526731314
175270.48 0.0278444378257
176157.58 0.0279036389957
177044.6 0.0311712660781
177931.6 0.0273555656634
178818.7 0.0268542057544
179705.71 0.0247761521832
180592.73 0.0247858648751
181479.73 0.0227031862124
182366.83 0.0238862845956
183253.85 0.0229187154722
184140.84 0.0233234109708
185027.96 0.0215205503385
185914.98 0.0277320481044
186801.96 0.0455224622193
187688.98 0.0481842023267
188576.09 0.0239464107839
189463.09 0.0295987349981
190350.11 0.0213105711884
191237.21 0.0229631163498
192124.21 0.0241406646232
193011.22 0.022079261381
193898.24 0.0246475746419
194785.34 0.0245203846281
195672.34 0.0236656677352
196559.36 0.0213193588621
197446.46 0.0217818680032
198851.12 0.0189106112549
200548.89 0.0237285689784
202247.64 0.0219756593334
203947.38 0.0196788389384
205647.96 0.022239752053
207349.42 0.0226578603166
209051.84 0.0207541726916
210755.16 0.0215718888532
212459.41 0.0226573978075
214164.65 0.0221083994569
215870.75 0.0201852864479
217577.83 0.0218549444476
219285.77 0.0222633400192
220994.67 0.0218410691733
222704.54 0.0202310748529
224415.3 0.0212259320156
226127.02 0.0221144120757
227839.71 0.0224044053073
229553.26 0.0211186298948
231267.88 0.0211967939397
232983.28 0.0224155055266
234699.71 0.0232956604223
236417.15 0.0232346092157
238135.44 0.022518182556
239854.69 0.0224483436757
241574.93 0.0233238734799
243296.02 0.0235653032516
245018.18 0.0219802844248
246741.23 0.0214257359645
248465.33 0.022482106843
250190.28 0.0231004815647
251916.24 0.0226643354446
253643.13 0.0233395987907
255371.0 0.0227128989044
257099.83 0.023946873293
258829.66 0.0261363915673
260560.43 0.0245143720093
262292.16 0.0232498720173
264024.86 0.022636122387
265758.53 0.0227087363221
267493.29 0.0223419665732
269228.89 0.0226930110113
270965.46 0.022701798685
272703.09 0.0228868023415
274441.72 0.0223877549782
276181.19 0.0231134318207
277921.73 0.0231212944761
279663.25 0.0235514279773
281405.84 0.0253145128235
283149.37 0.0241328019678
284893.8 0.0257099581392
286639.35 0.0228650644119
288385.8 0.0251271966213
290133.29 0.0229890168617
291881.77 0.0227924504767
293631.22 0.0238159832061
295381.73 0.0233594866838
297133.2 0.0231203694578
298885.65 0.023301210532
300639.15 0.0239658361678
302393.74 0.0237997953862
304149.26 0.0231758705547
305905.79 0.0242007908115
307663.25 0.0252058231753
309421.89 0.0252978624944
311181.41 0.0241910781196
312942.04 0.0249953815161
314703.58 0.0263731962476
316466.27 0.0253496635182
318229.96 0.0247872524025
319994.56 0.0249930689704
321760.27 0.0256664822799
323527.04 0.0268875064126
325294.84 0.0284493997823
327063.67 0.0256132937287
328833.5 0.0368615160418
330604.32 0.0351562448384
332376.23 0.0326105945254
334149.29 0.0430979893013
335923.2 0.0339315206326
337698.29 0.0280817050151
