100.05 3.85382781863e-22
101.91 8.84191756603e-22
104.05 1.79527068403e-21
105.98 3.67068332169e-21
107.95 7.55730829315e-21
109.96 1.74175612181e-20
114.09 6.0281816334e-20
118.1 1.85950114768e-19
121.12 1.35458735637e-18
125.09 3.60606318891e-18
127.13 5.5800621196e-18
128.01 7.0705465894e-18
130.99 1.30880123214e-17
131.9 1.84375201984e-17
134.04 2.70570016289e-17
136.85 5.58136101674e-17
140.03 9.66282055941e-17
142.97 4.13536377404e-16
146.97 1.68168212901e-15
151.09 3.14726024612e-15
154.96 5.78333952224e-15
158.94 1.04564467128e-14
161.89 1.59147372254e-14
166.05 2.7668132734e-14
169.92 4.61563099209e-14
173.07 6.75458985974e-14
177.11 1.09091123666e-13
179.98 1.54247282788e-13
182.07 1.9311028526e-13
185.88 2.99951069629e-13
191.09 5.08161034158e-13
194.19 6.94065687525e-13
197.8 1.02489478945e-12
201.94 1.50262915807e-12
205.23 1.98240928969e-12
210.01 2.95963455404e-12
215.89 5.1410348858e-12
219.9 7.16569080501e-12
222.96 8.98739404587e-12
227.11 1.23255596994e-11
229.74 2.10996098897e-11
234.01 4.0032009899e-11
240.01 7.26440698776e-11
246.17 9.77160319501e-11
251.9 1.47502759381e-10
257.18 1.6395653892e-10
260.15 2.23423297298e-10
263.77 2.89995023039e-10
269.3 3.74342156161e-10
274.3 4.75623660765e-10
278.76 6.00252841485e-10
283.94 7.60829000595e-10
289.89 9.48552109961e-10
295.96 1.24112869107e-09
300.77 1.48879590351e-09
307.77 2.00166543981e-09
317.86 2.96697332289e-09
328.27 4.23797664821e-09
338.25 5.86257224786e-09
347.72 7.94535381415e-09
356.64 1.04775537914e-08
365.79 1.38783912319e-08
375.17 1.7634801765e-08
384.8 2.18448521246e-08
394.67 2.92592817322e-08
404.79 3.78563571871e-08
414.22 4.5932250164e-08
421.92 5.33911669986e-08
429.77 6.23470627888e-08
440.79 7.89664517135e-08
451.06 9.46766126391e-08
460.5 1.08944997738e-07
470.14 1.29756577186e-07
479.99 1.55594888572e-07
490.04 1.77341673963e-07
500.3 2.14077732365e-07
506.09 2.42832067834e-07
511.96 4.38540147377e-07
520.27 5.0721933373e-07
529.95 5.99895644771e-07
539.8 6.57501732994e-07
549.83 9.85538206063e-07
560.06 1.30435250943e-06
570.47 1.65986065704e-06
579.74 1.79059465432e-06
590.52 2.46933335558e-06
600.11 2.88017452142e-06
609.86 3.73432928162e-06
619.77 4.7750706162e-06
629.84 5.76353134083e-06
640.08 6.41720132726e-06
650.48 8.12752413824e-06
658.01 9.46733653963e-06
665.63 1.06775839512e-05
674.89 1.17309895329e-05
684.28 1.27399078875e-05
695.4 1.82212538243e-05
705.07 1.89811086521e-05
716.53 2.49251866955e-05
726.49 2.82032783562e-05
734.91 3.15002040255e-05
745.13 3.88954749002e-05
755.5 4.5023022165e-05
764.24 5.15629692721e-05
774.88 6.05058760909e-05
785.65 7.01826597945e-05
794.75 7.83494755713e-05
805.81 8.75716452755e-05
815.14 9.68490181082e-05
824.58 0.000113971729675
834.13 9.80537452069e-05
845.73 0.000135088549952
855.52 0.000147642390824
865.43 0.000168950798429
875.45 0.000192876483774
885.59 0.00022323170997
895.84 0.000249570096755
904.13 0.000261286148971
914.6 0.000446138695654
925.19 0.00356287485895
935.91 0.00839639584652
944.57 0.0172139590911
955.5 0.0260669172829
964.34 0.0301870190155
975.51 0.004559778415
984.54 0.0265221807309
995.94 0.0303146356596
1005.15 0.0483319626328
1014.45 0.0489586805035
1023.84 0.0215451316093
1035.7 0.0354176778041
1045.28 0.0745924155897
1054.95 0.0760536748738
1064.71 0.0604669091766
1074.56 0.076183564588
1084.51 0.0605610792194
1094.54 0.0863928961196
1104.67 0.0864448520053
1114.89 0.085496657092
1125.21 0.0792716925417
1135.62 0.106723883626
1146.12 0.0991675495056
1154.07 0.110195186236
1164.75 0.117540449571
1175.52 0.0816908884676
1183.67 0.119920678583
1194.63 0.0797620262126
1205.68 0.0565799594809
1214.04 0.0403924538557
1225.27 0.0879191002608
1233.76 0.143430716843
1245.18 0.164950195234
1253.81 0.161754908266
1265.41 0.13819291412
1274.18 0.194948224715
1285.97 0.213038614652
1294.89 0.168590354472
1303.86 0.166025032618
1315.93 0.222627722799
1325.05 0.219205128831
1334.23 0.194129919516
1343.48 0.245640932902
1355.91 0.241283132993
1365.31 0.216604087306
1374.78 0.237009761397
1384.31 0.244247865718
1393.9 0.220731332972
1403.56 0.233272184873
1416.55 0.237578028897
1426.37 0.252768630966
1436.26 0.252115935152
1442.89 0.273213271972
1446.21 0.284081793803
1456.24 0.278129597652
1466.33 0.257639495246
1476.5 0.260458102043
1483.31 0.2738594733
1493.59 0.285884013587
1503.94 0.275298001884
1510.89 0.243513988833
1517.86 0.266825945279
1524.87 0.255804803034
1535.44 0.222533552756
1546.08 0.260519799657
1553.22 0.24628713423
1563.98 0.249924046226
1574.82 0.271726034745
1585.74 0.292686987365
1596.73 0.304526434809
1604.1 0.301357125784
1615.22 0.306351385293
1626.42 0.288608450341
1633.92 0.31381354937
1645.25 0.324094320245
1656.65 0.29621998759
1664.3 0.333329478921
1671.98 0.28782261757
1675.84 0.336316942346
1683.57 0.360541374034
1695.24 0.338590012343
1703.07 0.326445324071
1714.87 0.310803355245
1726.76 0.311228744059
1734.73 0.337356060059
1746.75 0.332355306064
1754.82 0.362717026745
1766.98 0.328036473069
1775.14 0.34420774248
1783.33 0.353722164041
1795.69 0.383596798294
1803.98 0.382525208152
1816.49 0.354598919612
1824.87 0.364275703315
1833.29 0.350799645473
1846.0 0.322103760376
1854.52 0.326997355356
1863.08 0.339694074914
1876.0 0.371387165165
1884.66 0.344564939194
1893.35 0.333913982634
1906.48 0.351708873472
1915.28 0.343136152338
1924.12 0.340992972055
1933.0 0.352325849614
1946.4 0.36661371817
1955.38 0.346188560621
1968.94 0.380544390012
1978.03 0.39210457457
1982.58 0.371874251593
1996.33 0.35995687032
2005.54 0.372491227735
2014.8 0.358040997036
2024.1 0.378173902729
2033.44 0.359242476892
2042.83 0.376745115873
2056.99 0.358430666179
2066.48 0.359697090892
2076.02 0.385837395863
2085.6 0.380024831155
2095.23 0.359859453034
2104.9 0.361775326318
2114.62 0.364470537886
2124.38 0.371354692736
2134.18 0.341122861769
2144.04 0.352325849614
2153.93 0.366353938741
2163.87 0.353819581327
2173.86 0.349630638046
2183.9 0.343038735053
2193.98 0.360606318891
2204.1 0.348851299761
2214.28 0.330536850066
2224.5 0.318496073565
2234.77 0.344889663479
2245.08 0.331153826209
2255.44 0.323873507731
2265.85 0.337096280631
2276.31 0.351643928615
2286.82 0.364308175744
2297.38 0.349825472617
2302.67 0.350377503902
2313.3 0.338784846915
2323.98 0.267501371793
2334.7 0.324886647501
2345.48 0.319239692179
2356.31 0.349565693188
2367.18 0.3257958755
2372.64 0.3393368782
2383.59 0.319197478022
2394.59 0.347130261048
2405.65 0.335667493775
2416.75 0.347812182048
2422.32 0.369893433452
2433.5 0.358495611036
2444.74 0.384538498722
2456.02 0.380544390012
2467.36 0.384441081436
2473.04 0.37460193559
2484.46 0.395416762281
2495.93 0.377134785015
2507.45 0.419738611254
2513.23 0.38434366415
2519.02 0.39944334342
2524.83 0.381226311011
2536.48 0.387883158861
2542.33 0.384083884722
2554.06 0.412984346119
2565.85 0.411555559263
2577.7 0.439449375376
2583.64 0.440228713661
2595.57 0.439741627233
2607.55 0.430227205672
2613.56 0.429999898672
2625.62 0.451853843076
2637.74 0.461855351065
2643.82 0.499198643882
2656.02 0.504459177304
2662.15 0.472701142196
2674.43 0.49789974674
2686.78 0.497380187884
2692.97 0.485820003325
2705.4 0.500042927024
2717.89 0.487053955609
2724.15 0.493580913745
2736.73 0.522319012999
2743.04 0.467440608774
2755.7 0.476760195763
2762.05 0.494425196887
2774.8 0.522026761142
2787.61 0.511992780725
2794.04 0.417887682828
2806.93 0.455685589644
2813.4 0.542581808406
2826.39 0.559857140387
2832.91 0.540633462693
2845.98 0.536412046984
2852.54 0.5349507877
2865.71 0.568787058234
2872.31 0.56333169024
2885.57 0.5733007258
2892.22 0.567812885378
2912.27 0.611877970901
2932.46 0.605545847337
2952.79 0.610416711617
2973.25 0.625386501172
2986.98 0.63652454416
3007.68 0.652143782286
3028.53 0.660489196419
3049.52 0.667438296126
3070.66 0.674484813118
3091.95 0.68951954753
3113.38 0.692019924528
3127.75 0.69640370238
3149.43 0.710334374222
3171.26 0.717932922499
3193.24 0.704229557657
3207.98 0.728583879059
3230.22 0.724654715206
3252.61 0.747807556752
3267.62 0.764855581733
3290.27 0.77492203458
3313.08 0.785150849568
3320.72 0.79775015184
3328.37 0.801224701694
3336.04 0.812200382539
3343.73 0.788073368137
3351.44 0.808141328972
3359.17 0.793204011845
3366.91 0.796711034127
3374.68 0.773071106153
3382.45 0.787294029852
3390.25 0.826131054381
3398.07 0.829767966377
3405.9 0.81262252411
3413.75 0.819961292959
3421.62 0.848634447356
3429.51 0.846036653073
3437.41 0.856427830205
3445.34 0.816584160391
3453.28 0.865585055052
3461.24 0.819636568673
3469.22 0.833567240515
3477.22 0.818922175246
3485.23 0.836684593655
3493.27 0.843081662076
3501.32 0.849543675355
3509.39 0.834638830657
3517.48 0.825676440381
3525.59 0.851394603781
3533.72 0.871852233759
3534.23 1.41829826116
3536.87 0.267985210978
3539.52 0.575184126656
3544.81 1.67307693545
3547.45 1.37562949006
3550.1 1.47704088438
3552.75 1.53088017089
3555.39 0.583497068361
3558.04 0.897927593873
3560.68 1.51776130977
3563.33 0.542094721978
3565.98 0.0257016024618
3568.62 1.12539695577
3571.27 0.393630778712
3573.91 1.86281333539
3576.56 1.34439101381
3579.2 0.91750846828
3581.85 1.30419014729
3584.5 1.06710894655
3587.14 1.3205887237
3589.79 1.58202424584
3592.43 0.801841677836
3595.08 0.430811709385
3597.73 0.0805576007117
3600.37 0.0598564275201
3603.02 1.45398546012
3605.66 0.51874704586
3608.31 0.924879709558
3610.95 0.619021905179
3613.6 0.364405593029
3616.25 0.609215231761
3618.89 0.436234604951
3621.54 0.635388009161
3624.18 1.05996501227
3626.83 1.14936160803
3629.48 0.637596134301
3632.12 0.742547023329
3634.77 0.99891684662
3637.41 1.14848485246
3640.06 0.910884092859
3642.71 1.35241170366
3645.35 0.927022889841
3648.0 1.02603132445
3650.64 0.898609514873
3653.29 0.854284649921
3655.93 0.618924487893
3658.58 0.550375191254
3661.23 0.856785026918
3663.87 1.69087182629
3666.52 1.60969075495
3669.16 0.110588102622
3671.81 0.837561349225
3674.46 0.81794800239
3677.1 1.15303099245
3679.75 0.781319103001
3682.39 1.67970131087
3685.04 1.14075641446
3687.68 1.16754616801
3690.33 0.451009559934
3692.98 0.508518230871
3695.62 0.801809205407
3698.27 0.844185724647
3700.91 0.373530345448
3703.56 0.908481133148
3706.21 0.816649105248
3708.85 1.43339794043
3711.5 0.978556633928
3714.14 1.63070041621
3716.79 0.956377965238
3719.43 0.757289505885
3722.08 1.3261739814
3724.73 1.60170253753
3727.37 1.56374226857
3730.02 2.30278226962
3732.66 1.11899988735
3735.31 1.36932983893
3737.96 1.08149423239
3740.6 1.10929063121
3743.25 0.7953147197
3745.89 0.632400545736
3748.54 1.56939247114
3751.18 0.398858839706
3753.83 1.39521036447
3756.48 1.31068463299
3759.12 0.925529158129
3761.77 0.95566357181
3764.41 0.888445644741
3767.06 0.871689871616
3769.71 0.474519598194
3772.35 0.701112204518
3775.0 0.991967746913
3777.64 0.948974251532
3780.29 1.32422563569
3782.93 1.66411454518
3785.58 1.35841910294
3788.23 1.51818345134
3790.87 1.27467270975
3793.52 1.18043772214
3796.16 0.469778623628
3798.81 0.444742381227
3801.46 0.701534346089
3804.1 0.853018225208
3806.75 1.20482451597
3809.39 0.660878865562
3812.04 1.30253405343
3814.69 1.29603956772
3817.33 1.48908815537
3819.98 1.6124833838
3822.62 1.6312524475
3825.27 0.966639252655
3827.91 1.08107209082
3830.56 1.31182116799
3833.21 1.12211724048
3835.85 1.09724336023
3838.5 1.47291688596
3841.14 1.42011671716
3843.79 1.29295468701
3846.44 1.52425579547
3849.08 1.42950124901
3851.73 1.58189435612
3854.37 1.24629180721
3857.02 1.56072233272
3859.66 1.49490072008
3862.31 1.568093574
3864.96 1.4437241727
3867.6 1.51321516977
3870.25 1.49626456207
3872.89 0.922736529275
3875.54 1.18215876085
3878.19 1.2519744822
3880.83 0.973685769648
3883.48 1.18326282342
3886.12 1.55286400501
3888.77 2.01092008194
3891.41 1.79829061989
3894.06 1.36910253193
3896.71 1.38800148534
3899.35 1.51013028906
3902.0 1.67034925146
3904.64 1.76276578307
3907.29 1.99409936396
3909.94 1.39784063118
3912.58 1.69934713014
3915.23 1.95373613529
3917.87 1.78708763204
3920.52 1.31993927513
3923.16 1.24103127378
3925.81 1.68840392172
3928.46 1.59514310697
3931.1 1.27593913446
3933.75 1.50019372593
3936.39 1.53279604418
3939.04 1.39595723033
3941.69 1.70860177227
3944.33 1.55932601829
3946.98 1.19657651912
3949.62 1.64914475562
3952.27 1.88544661808
3954.91 1.16267530373
3957.56 1.67671384745
3960.21 1.95987342428
3962.85 1.12974826119
3965.5 0.688025815818
3968.14 0.961248829518
3970.79 1.17267681172
3973.44 1.34364414796
3976.08 1.48369773223
3978.73 1.54503814974
3981.37 2.05254973532
3984.02 1.93899365273
3986.67 1.74477605766
3989.31 2.17279513819
3991.96 2.12074183525
3994.6 1.85148045783
3997.25 1.78163226405
3999.89 1.67330424245
4002.54 2.07592988387
4005.19 2.16428736191
4007.83 1.50545425935
4010.48 1.78611345919
4013.12 2.00845217737
4015.77 1.76494143578
4018.42 1.91457438647
4021.06 2.14292050394
4023.71 1.77442338491
4026.35 1.63813660235
4029.0 1.63738973649
4031.64 1.70356854585
4034.29 1.87667906237
4036.94 1.96789411413
4039.58 1.97045943598
4042.23 1.77481305406
4044.87 1.94711175987
4047.52 1.86995726967
4050.17 1.82644421543
4052.81 1.69976927171
4055.46 1.80433049159
4058.1 1.60709296067
4060.75 1.51457901177
4063.39 1.7246756244
4066.04 1.48080768609
4068.69 1.8997020142
4071.33 1.78150237433
4073.98 1.66469904889
4076.62 1.7722477322
4079.27 1.95191767929
4081.92 1.6544702339
4084.56 1.9407796363
4087.21 1.69434637614
4089.85 1.58225155284
4092.5 1.52870451818
4095.14 1.21966441581
4097.79 1.26580773676
4100.44 1.17241703229
4103.08 0.928191897269
4105.73 1.06753108812
4108.37 1.50769485692
4111.02 1.19466064583
4113.67 1.48746453394
4116.31 1.73899596538
4118.96 1.81024047359
4121.6 1.95396344229
4124.25 1.5951755794
4126.89 1.41138163388
4129.54 1.54747358188
4132.19 1.75243955079
4134.83 1.67086881031
4137.48 1.83264644928
4140.12 1.82728849857
4142.77 1.77773557262
4145.42 1.76403220778
4148.06 1.87015210424
4150.71 1.83040585171
4153.35 2.07320219987
4156.0 2.00475032052
4158.65 1.88713518436
4161.29 1.61115201423
4163.94 1.79017251275
4166.58 1.8798938328
4169.23 1.50194723707
4171.87 1.86849601038
4174.52 1.81813127372
4177.17 1.50074575721
4179.81 1.78945811933
4182.46 1.8541756694
4185.1 1.63557128049
4187.75 1.91282087533
4190.4 2.13002894981
4193.04 2.14801867522
4195.69 1.78159979162
4198.33 1.58962279412
4200.98 1.81572831401
4203.62 2.08573655729
4206.27 1.74399671937
4208.92 2.05293940447
4211.56 1.74854285937
4214.21 1.58247885984
4216.85 1.43947028457
4219.5 1.99111190053
4222.15 1.52506760619
4224.79 1.58877851097
4227.44 1.7169471864
4230.08 1.63738973649
4232.73 1.69905487828
4235.37 1.66593300117
4238.02 1.68090279073
4240.67 1.78169720891
4243.31 1.8103703633
4245.96 1.3325385774
4248.6 1.88953814407
4251.25 1.51435170477
4253.9 1.73211181053
4256.54 1.9177891569
4259.19 1.65132040833
4261.83 1.97406387555
4264.48 1.97893473983
4267.12 1.77098130749
4269.77 1.92291980061
4272.42 1.87706873151
4275.06 1.73805426495
4277.71 1.89291527664
4280.35 1.690774409
4283.0 1.6425203802
4285.65 1.64794327577
4288.29 1.74393177452
4290.94 1.77439091248
4293.58 2.01195919965
4296.23 1.74094431109
4298.87 1.38718967462
4301.52 1.38212397577
4304.17 1.42398093615
4306.81 1.73165719653
4309.46 1.69746372928
4312.1 1.24804531835
4314.75 1.82410620057
4317.4 1.91012566376
4320.04 1.78163226405
4322.69 1.75812222579
4325.33 1.89109682064
4327.98 2.01790165407
4330.63 1.66229608918
4333.27 1.42612411644
4335.92 1.71766157983
4338.56 1.31941971627
4341.21 1.34883973652
4343.85 1.47700841195
4346.5 1.50464244864
4349.15 1.43713226971
4351.79 1.8080972933
4354.44 1.68989765343
4357.08 1.60478741824
4359.73 2.21939307314
4362.38 1.91817882604
4365.02 1.81816374615
4367.67 1.68343564016
4370.31 2.03865153591
4372.96 2.12405402296
4375.6 1.91873085733
4378.25 1.81770913215
4380.9 1.82676893971
4383.54 1.95441805629
4386.19 1.79760869889
4388.83 1.87995877765
4391.48 1.86229377653
4394.13 1.67304446302
4396.77 2.06144718074
4399.42 1.70493238785
4402.06 1.53523147632
4404.71 1.89038242721
4407.35 1.93733755888
4410.0 1.87223033966
4412.65 1.91457438647
4415.29 1.94681950801
4417.94 1.80829212788
4420.58 1.83196452828
4423.23 1.65911379118
4425.88 1.61621771309
4428.52 1.70457519113
4431.17 1.82342427957
4433.81 1.73451477024
4436.46 1.8532664414
4439.1 1.86330042182
4441.75 1.827548278
4444.4 1.90139058049
4447.04 2.00088610152
4449.69 1.81910544658
4452.33 1.84271290212
4454.98 1.75565432122
4457.63 1.75230966108
4460.27 1.67869466559
4462.92 1.75338125122
4465.56 1.70973830727
4468.21 1.63690265006
4470.85 1.94818335001
4473.5 1.65820456318
4476.15 1.74337974323
4478.79 2.24186399369
4481.44 1.98055836126
4484.08 1.87690636937
4486.73 1.80520724717
4489.38 1.9471442323
4492.02 1.79085443375
4494.67 1.99432667096
4497.31 2.08274909386
4499.96 1.81644270744
4502.61 1.88882375064
4505.25 1.99890528338
4507.9 1.89853300678
4510.54 2.12918466667
4513.19 2.1404850718
4515.83 2.13876403309
4518.48 2.02524042292
4521.13 1.89859795163
4523.77 1.73220922782
4526.42 1.8000116586
4529.06 2.09249082242
4531.71 2.23085584041
4534.36 1.89444148078
4537.0 1.78056067391
4539.65 1.81767665972
4542.29 1.91178175762
4544.94 2.10245985798
4547.58 1.86781408938
4550.23 1.95117081343
4552.88 1.75097829151
4555.52 1.90717067277
4558.17 2.24839095182
4560.81 1.94824829487
4563.46 1.99910011795
4566.11 2.05157556247
4568.75 2.08826940671
4571.4 1.99621007181
4574.04 1.91493158319
4576.69 1.96747197256
4579.33 1.97292734055
4581.98 1.98451999754
4584.63 1.98835174411
4587.27 1.97247272655
4589.92 2.11077279969
4592.56 1.89856547921
4595.21 1.952956797
4597.86 2.06712985574
4600.5 2.25183302925
4603.15 1.91720465319
4605.79 1.86070262753
4608.44 2.05852466217
4611.08 1.98961816882
4613.73 2.01611567051
4616.38 1.8681712861
4619.02 1.81063014273
4621.67 1.97140113641
4624.31 2.07557268715
4626.96 2.10492776255
4629.61 2.22241300899
4632.25 2.21237902858
4634.9 1.90931385305
4637.54 1.76805878892
4640.19 1.85592918054
4642.83 1.99724918953
4645.48 1.94315012359
4648.13 2.15733826221
4650.77 1.85225979611
4653.42 1.94386451701
4656.06 2.25309945396
4658.71 2.10914917826
4661.36 1.99523589896
4664.0 1.98961816882
4666.65 2.12704148638
4669.29 2.26426996938
4671.94 2.26469211095
4674.59 1.9823118724
4677.23 2.10836983998
4679.88 2.37613748568
4682.52 2.05443313618
4685.17 2.22273773328
4687.81 2.24650755097
4690.46 2.25647658653
4693.11 2.1391212298
4695.75 2.18230955975
4698.4 2.24140937969
4701.04 2.09057494914
4703.69 2.06102503917
4706.34 1.81887813958
4708.98 1.79432898361
4711.63 2.08047602386
4714.27 2.01221897908
4716.92 1.85128562326
4719.56 2.04069729891
4722.21 2.29239109249
4724.86 2.03384561649
4727.5 2.07920959915
4730.15 1.97977902297
4732.79 2.05569956089
4735.44 2.08781479271
4738.09 1.88047833651
4740.73 2.01751198493
4743.38 2.2578079561
4746.02 2.01309573465
4748.67 2.219912632
4751.31 1.99120931782
4753.96 1.93665563788
4756.61 2.04641244633
4759.25 2.06008333874
4761.9 1.93756486588
4764.54 1.86586574367
4767.19 1.82699624671
4769.84 1.85609154268
4772.48 1.99897022824
4775.13 2.02809799664
4777.77 1.80712312045
4780.42 1.89772119606
4783.06 2.04936743733
4785.71 2.12272265339
4788.36 1.79997918617
4791.0 2.27576520908
4793.65 2.14249836237
4796.29 2.10830489512
4798.94 2.2543983511
4801.59 1.87927685666
4804.23 1.78124259491
4806.88 1.84238817784
4809.52 2.06436969931
4812.17 2.21146980058
4814.81 2.14915521022
4817.46 2.05553719875
4820.11 1.91100241933
4822.75 1.85401330725
4825.4 1.94386451701
4828.04 2.01608319808
4830.69 1.95240476572
4833.34 1.85904653368
4835.98 1.80812976573
4838.63 1.79663452603
4841.27 1.93038845917
4843.92 1.95548964643
4846.57 1.79692677789
4849.21 1.73558636038
4851.86 1.73315092824
4854.5 1.93272647403
4857.15 1.63534397349
4859.79 1.5924478954
4862.44 1.53104253304
4865.09 1.42540972301
4867.73 1.59631211439
4870.38 1.6317070615
4873.02 1.82978887557
4875.67 1.54386914231
4878.32 1.86667755438
4880.96 1.82105379229
4883.61 1.80634378216
4886.25 1.93915601488
4888.9 2.11817651339
4891.54 1.92123123432
4894.19 1.93672058274
4896.84 1.9049300752
4899.48 1.96675757913
4902.13 1.91863344004
4904.77 1.86424212224
4907.42 1.71395972298
4910.07 1.81225376416
4912.71 1.70032130299
4915.36 1.93675305516
4918.0 1.77689128948
4920.65 1.87005468695
4923.29 1.89781861335
4925.94 1.90671605877
4928.59 1.74685429309
4931.23 1.77799535205
4933.88 1.78491197933
4936.52 1.8997020142
4939.17 1.82738591586
4941.82 1.70775748913
4944.46 1.8404073597
4947.11 1.9829937934
4949.75 1.97666166983
4952.4 1.95471030814
4955.04 2.18451768489
4957.69 2.05595934032
4960.34 2.09333510556
4962.98 1.98757240582
4965.63 2.05602428518
4968.27 1.91119725391
4970.92 1.95464536329
4973.57 1.91791904661
4976.21 2.05745307203
4978.86 1.67885702773
4981.5 1.8945713705
4984.15 1.70035377542
4986.79 1.83901104527
4989.44 1.56345001672
4992.09 1.74159375966
4994.73 1.88840160907
4997.38 1.79065959918
5000.02 1.79387436961
5002.67 2.44608309675
5005.32 2.18091324532
5007.96 2.10914917826
5010.61 2.34298313615
5013.25 2.2002343403
5015.9 2.00562707609
5018.55 1.83342578756
5021.19 1.62615427622
5023.84 1.76844845806
5026.48 1.77273481863
5029.13 1.8475837664
5031.77 1.68905337029
5034.42 1.62034171151
5037.07 1.74795835566
5039.71 1.86024801353
5042.36 1.69934713014
5045.0 1.69392423457
5047.65 1.83638077856
5050.3 1.88528425593
5052.94 1.95350882829
5055.59 1.71551839955
5058.23 1.98406538354
5060.88 2.0050750448
5063.52 1.85443544883
5066.17 1.8936621425
5068.82 1.74208084609
5071.46 1.94279292687
5074.11 1.80036885531
5076.75 1.75795986365
5079.4 1.697366312
5082.05 1.8913890725
5084.69 1.94688445287
5087.34 1.88440750036
5089.98 1.76555841192
5092.63 1.85329891383
5095.27 1.90044888006
5097.92 2.01147211322
5100.57 1.82965898585
5103.21 1.76201891721
5105.86 1.74428897123
5108.5 1.86365761853
5111.15 1.77231267706
5113.8 1.77637173063
5116.44 1.75932370564
5119.09 1.89311011121
5121.73 1.91840613304
5124.38 2.05365379789
5127.02 1.86940523838
5129.67 1.88937578193
5132.32 1.94379957216
5134.96 1.84144647741
5137.61 1.81699473872
5140.25 1.83638077856
5142.9 1.87615950352
5145.55 1.71649257241
5148.19 1.67739576845
5150.84 1.68713749701
5153.48 1.95032653029
5156.13 1.90246217063
5158.77 1.82887964757
5161.42 1.98179231354
5164.07 1.74536056137
5166.71 1.58689511012
5169.36 1.55270164287
5172.0 1.63479194221
5174.65 1.55549427172
5177.3 1.65999054675
5179.94 1.66908282674
5182.59 1.84910997055
5185.23 1.82917189942
5187.88 1.71905789426
5190.53 1.74016497281
5193.17 1.72100623997
5195.82 1.81647517987
5198.46 2.09154912199
5201.11 2.20565723587
5203.75 1.90421568177
5206.4 1.83504940899
5209.05 1.77231267706
5211.69 1.79744633675
5214.34 1.75133548822
5216.98 1.70541947427
5219.63 1.7442564988
5222.28 1.63255134464
5224.92 1.69798328814
5227.57 1.69567774571
5230.21 1.75669343893
5232.86 1.86141702096
5235.5 1.98029858183
5238.15 1.97870743283
5240.8 1.86628788524
5243.44 1.84910997055
5246.09 1.97783067726
5248.73 1.80403823974
5251.38 1.98081814069
5254.03 2.13204224038
5256.67 2.04459399033
5259.32 1.92369913889
5261.96 1.74074947652
5264.61 1.78757471847
5267.25 1.74435391609
5269.9 1.95779518886
5272.55 1.65161266019
5275.19 1.69051462958
5277.84 1.86960007295
5280.48 1.82917189942
5283.13 1.82452834214
5285.78 1.77896952491
5288.42 1.74026239009
5291.07 1.91629542519
5293.71 2.09814102499
5296.36 1.92639435046
5299.0 1.7830610509
5301.65 1.88229679251
5304.3 1.91746443261
5306.94 1.94107188816
5309.59 2.02767585506
5312.23 1.85300666197
5314.88 1.7323066451
5317.53 1.85466275583
5320.17 1.89957212449
5322.82 1.79894006846
5325.46 1.93146004931
5328.11 2.10440820369
5330.75 1.81865083258
5333.4 1.68713749701
5336.05 1.84686937298
5338.69 2.10492776255
5341.34 2.01734962279
5343.98 1.72766308782
5346.63 2.08346348729
5349.28 1.83936824198
5351.92 2.20471553544
5354.57 2.09648493113
5357.21 1.97825281883
5359.86 2.14662236079
5362.51 1.69223566829
5365.15 1.8656709091
5367.8 2.03780725277
5370.44 1.88437502794
5373.09 1.98880635811
5375.73 1.55994299443
5378.38 1.77965144591
5381.03 1.8751203858
5383.67 1.85907900611
5386.32 1.94967708172
5388.96 1.82722355371
5391.61 1.77734590348
5394.26 1.84800590798
5396.9 2.00617910737
5399.55 1.89976695906
5402.19 1.87278237095
5404.84 1.823456752
5407.48 1.93743497616
5410.13 1.98614361897
5412.78 2.06472689602
5415.42 2.11190933469
5418.07 1.89817581006
5420.71 2.0705069883
5423.36 1.90294925706
5426.01 1.76672741935
5428.65 1.84186861898
5431.3 1.9297390106
5433.94 1.74896500094
5436.59 1.73487196696
5439.23 1.97513546569
5441.88 1.90707325548
5444.53 1.85654615668
5447.17 1.57286702099
5449.82 1.81085744973
5452.46 1.86356020124
5455.11 1.92668660232
5457.76 2.00400345466
5460.4 1.97179080555
5463.05 2.00205510895
5465.69 1.92106887218
5468.34 2.00189274681
5470.98 1.87947169123
5473.63 1.87115874952
5476.28 1.95263207272
5478.92 1.7318520311
5481.57 1.82394383843
5484.21 2.09430927842
5486.86 1.95987342428
5489.51 2.03400797863
5492.15 2.17130140648
5494.8 2.0711889093
5497.44 1.88330343779
5500.09 1.76851340292
5502.73 1.85385094511
5505.38 2.16746965991
5508.03 1.91223637162
5510.67 1.97247272655
5513.32 1.91074263991
5515.96 1.96643285485
5518.61 2.00673113866
5521.26 1.63716242949
5523.9 1.82894459242
5526.55 1.74393177452
5529.19 1.91684745647
5531.84 1.99991192867
5534.49 1.64339713577
5537.13 1.78108023276
5539.78 2.03050095635
5542.42 2.00819239794
5545.07 2.09911519784
5547.71 2.03257919177
5550.36 1.98737757125
5553.01 1.82693130186
5555.65 1.9396431013
5558.3 1.70012646842
5560.94 1.73665795053
5563.59 1.89697433021
5566.24 2.05319918389
5568.88 1.90486513034
5571.53 1.8746657718
5574.17 1.98974805853
5576.82 2.08008635472
5579.46 1.80887663159
5582.11 1.71353758141
5584.76 2.17971176547
5587.4 1.8690805141
5590.05 1.94519588658
5592.69 2.10294694441
5595.34 1.97130371913
5597.99 1.96753691742
5600.63 1.76084990979
5603.28 2.0626486606
5605.92 2.20783288858
5608.57 2.07959926829
5611.21 2.03644341077
5613.86 1.7772484862
5616.51 1.7463022618
5619.15 1.7977385886
5621.8 1.8018301146
5624.44 1.91791904661
5627.09 2.05060138961
5629.74 1.74000261067
5632.38 1.97260261627
5635.03 1.9730897027
5637.67 1.80208989403
5640.32 2.04287295162
5642.96 1.91356774119
5645.61 1.7984205096
5648.26 1.58770692083
5650.9 1.82725602614
5653.55 1.92168584832
5656.19 1.94162391944
5658.84 1.93460987488
5661.49 1.72655902525
5664.13 1.74292512923
5666.78 1.80738289988
5669.42 1.9125610959
5672.07 1.69814565028
5674.71 1.94626747672
5677.36 1.93775970045
5680.01 1.88154992665
5682.65 1.92278991089
5685.3 1.71418702998
5687.94 2.00796509094
5690.59 1.67690868202
5693.24 1.78916586747
5695.88 1.58900581797
5698.53 1.61323024966
5701.17 1.79475112518
5703.82 1.86934029352
5706.47 1.85914395096
5709.11 1.71626526541
5711.76 1.82180065815
5714.4 1.78426253076
5717.05 1.88983039593
5719.69 1.80858437973
5722.34 1.82735344343
5724.99 2.02140867636
5727.63 1.84761623883
5730.28 1.72529260054
5732.92 1.95464536329
5735.57 1.95328152129
5738.22 1.92233529689
5740.86 1.83914093499
5743.51 2.06768188702
5746.15 2.07787822958
5748.8 1.95276196243
5751.44 1.99685952038
5754.09 1.97185575041
5756.74 1.98857905111
5759.38 1.93253163945
5762.03 1.96276347042
5764.67 1.88473222465
5767.32 1.93149252174
5769.97 1.82602207386
5772.61 2.00877690166
5775.26 1.9387338733
5777.9 1.83638077856
5780.55 1.69720394985
5783.19 1.79689430546
5785.84 1.7821518229
5788.49 1.68528656858
5791.13 1.73428746324
5793.78 2.00945882266
5796.42 2.04199619605
5799.07 1.84949963969
5801.72 1.77409866063
5804.36 1.85021403312
5807.01 1.82543757014
5809.65 1.66223114432
5812.3 1.88223184765
5814.94 1.85398083483
5817.59 1.77130603177
5820.24 1.70025635814
5822.88 1.82810030928
5825.53 1.95610662257
5828.17 1.98237681726
5830.82 1.8913890725
5833.47 2.07336456201
5836.11 2.10801264326
5838.76 1.75123807094
5841.4 1.75078345694
5844.05 1.90155294263
5846.69 1.66726437074
5849.34 1.76526616007
5851.99 1.87576983437
5854.63 1.74454875066
5857.28 1.90733303491
5859.92 1.96993987713
5862.57 1.85034392283
5865.22 1.78039831176
5867.86 1.80988327687
5870.51 1.92272496604
5873.15 2.02374669121
5875.8 1.8342700707
5878.45 1.76490896335
5881.09 1.76776653706
5883.74 1.52695100704
5886.38 1.40829675317
5889.03 1.67414852559
5891.67 1.43414480629
5894.32 1.51039006849
5896.97 1.57630909842
5899.61 1.54828539259
5902.26 1.73045571668
5904.9 1.69204083372
5907.55 1.83391287399
5910.2 1.55994299443
5912.84 1.72107118483
5915.49 2.07638449787
5918.13 2.00799756337
5920.78 2.09239340514
5923.42 1.95607415014
5926.07 1.70152278285
5928.72 1.68119504259
5931.36 1.94591028001
5934.01 1.7830610509
5936.65 1.84011510784
5939.3 1.83511435385
5941.95 1.55955332529
5944.59 1.79809578532
5947.24 1.72879962282
5949.88 1.85631884968
5952.53 1.89574037792
5955.17 2.09216609814
5957.82 1.66096471961
5960.47 1.76977982763
5963.11 1.91675003919
5965.76 1.86456684653
5968.4 1.96438709185
5971.05 1.69499582471
5973.7 1.80098583146
5976.34 1.87521780309
5978.99 1.66677728432
5981.63 1.91632789761
5984.28 1.70645859199
5986.92 1.94854054672
5989.57 1.7846521999
5992.22 1.81436447201
5994.86 1.92405633561
5997.51 2.09521850642
6000.15 1.96175682514
6002.8 1.86849601038
6005.45 1.83504940899
6008.09 1.81563089673
6010.74 1.8918436865
6013.38 1.73506680153
6016.03 1.90671605877
6018.67 2.12791824195
6021.32 1.93009620731
6023.97 1.76880565478
6026.61 1.83888115556
6029.26 1.74828307994
6031.9 1.76841598563
6034.55 1.90564446863
6037.2 1.86070262753
6039.84 2.1099934614
6042.49 1.64125395549
6045.13 1.66252339618
6047.78 1.99081964868
6050.43 1.83777709299
6053.07 1.88541414565
6055.72 1.99127426268
6058.36 1.94766379115
6061.01 2.04537332862
6063.65 1.92662165746
6066.3 2.01130975108
6068.95 2.01368023837
6071.59 2.01400496265
6074.24 2.00673113866
6076.88 1.76227869664
6079.53 1.74717901737
6082.18 1.99273552196
6084.82 1.7641620975
6087.47 1.77507283348
6090.11 1.88060822623
6092.76 1.74308749138
6095.4 1.88531672836
6098.05 1.66667986703
6100.7 1.77728095862
6103.34 1.71931767369
6105.99 1.76289567278
6108.63 1.78013853234
6111.28 1.87713367637
6113.93 1.99419678124
6116.57 2.06550623431
6119.22 1.77081894535
6121.86 1.56052749815
6124.51 1.8884340815
6127.15 1.80955855259
6129.8 1.82274235857
6132.45 1.83982285598
6135.09 1.82719108128
6137.74 1.85148045783
6140.38 1.9913067351
6143.03 1.66219867189
6145.68 1.75406317222
6148.32 2.04790617804
6150.97 1.87664658994
6153.61 1.68716996944
6156.26 1.71103720441
6158.9 1.8679439791
6161.55 1.53708240474
6164.2 1.54127134803
6166.84 1.92779066489
6169.49 1.7449384198
6172.13 1.74256793252
6174.78 2.06881842202
6177.43 1.73646311595
6180.07 1.53795916032
6182.72 1.72642913554
6185.36 1.89668207835
6188.01 1.86661260953
6190.65 1.83556896785
6193.3 1.85719560525
6195.95 1.88421266579
6198.59 1.89859795163
6201.24 1.87576983437
6203.88 1.83618594399
6206.53 1.97442107227
6209.18 2.00020418052
6211.82 2.12246287396
6214.47 2.06391508531
6217.11 1.75799233607
6219.76 1.74717901737
6222.41 1.62011440451
6225.05 1.72678633225
6227.7 1.75828458793
6230.34 1.58319325327
6232.99 1.54731121973
6235.63 1.86995726967
6238.28 1.61962731808
6240.93 1.68963787401
6243.57 1.79666699846
6246.22 1.7313974171
6248.86 2.08414540829
6251.51 2.26433491423
6254.16 2.10781780869
6256.8 1.52341151233
6259.45 1.56539836243
6262.09 1.64378680491
6264.74 1.76526616007
6267.38 1.93392795388
6270.03 1.61219113195
6272.68 1.67947400387
6275.32 1.88677798765
6277.97 1.73922327238
6280.61 1.60095567167
6283.26 1.53295840632
6285.91 1.72733836354
6288.55 1.88346579994
6291.2 1.87547758252
6293.84 2.0452434389
6296.49 2.08385315643
6299.13 1.88849902636
6301.78 1.91548361447
6304.43 1.99111190053
6307.07 1.75455025865
6309.72 1.80803234845
6312.36 2.03365078191
6315.01 1.8686259001
6317.66 1.56023524629
6320.3 1.696229777
6322.95 1.42060380359
6325.59 1.72337672725
6328.24 2.00380862009
6330.88 1.69515818686
6333.53 1.4861656368
6336.18 1.65762005947
6338.82 1.62017934937
6341.47 1.87028199395
6344.11 1.68934562215
6346.76 1.7607524925
6349.41 1.76815620621
6352.05 1.79091937861
6354.7 1.81689732144
6357.34 1.6292066845
6359.99 1.67957142116
6362.63 1.48122982766
6365.28 1.88668057036
6367.93 1.8498568364
6370.57 1.68226663273
6373.22 1.98705284697
6375.86 1.57952386884
6378.51 1.74143139752
6381.16 1.83271139413
6383.8 1.77741084834
6386.45 1.70684826113
6389.09 1.55507213015
6391.74 1.73467713239
6394.39 1.78130753976
6397.03 1.65732780761
6399.68 1.71191395998
6402.32 1.55179241487
6404.97 1.68671535544
6407.61 1.44226291342
6410.26 1.67262232145
6412.91 1.54581748802
6415.55 1.79186107904
6418.2 1.70762759941
6420.84 1.564683969
6423.49 1.70473755328
6426.14 1.83336084271
6428.78 1.89768872364
6431.43 1.75731041507
6434.07 1.68012345244
6436.72 1.93577888231
6439.36 2.02368174635
6442.01 1.74847791451
6444.66 1.6422930732
6447.3 1.87982888794
6449.95 1.79085443375
6452.59 1.80842201759
6455.24 1.7961474396
6457.89 1.67002452717
6460.53 1.71168665298
6463.18 1.89843558949
6465.82 1.94681950801
6468.47 2.13629612852
6471.11 1.8002389656
6473.76 1.88528425593
6476.41 1.84576531041
6479.05 1.89505845692
6481.7 1.76409715264
6484.34 1.77750826562
6486.99 1.78728246661
6489.64 1.78036583934
6492.28 2.05238737318
6494.93 1.75545948665
6497.57 1.94909257801
6500.22 1.63196684093
6502.86 1.78484703447
6505.51 1.71366747112
6508.16 1.85638379454
6510.8 1.84933727755
6513.45 1.87395137838
6516.09 1.68944303943
6518.74 1.96802400384
6521.39 1.58874603855
6524.03 1.70009399599
6526.68 1.58452462284
6529.32 1.81416963744
6531.97 1.72022690169
6534.61 1.96071770742
6537.26 1.74753621409
6539.91 1.92145854132
6542.55 2.2817076635
6545.2 2.00572449337
6547.84 2.32746131531
6550.49 2.25413857167
6553.14 2.62338255655
6555.78 2.82078244962
6558.43 3.08725119819
6561.07 3.03276246311
6563.72 3.12378268029
6566.37 3.16602930982
6569.01 2.91686836566
6580.09 1.77630678577
6595.26 1.77442338491
6610.46 1.77250751163
6625.7 1.77062411077
6640.98 1.76870823749
6656.28 1.76679236421
6671.63 1.76487649092
6687.01 1.76292814521
6702.42 1.76094732707
6717.88 1.75899898136
6733.36 1.75701816322
6748.88 1.75503734508
6764.44 1.75305652694
6780.04 1.7510757088
6795.66 1.74909489066
6811.33 1.74708160009
6827.03 1.74506830952
6842.77 1.74302254652
6858.54 1.74100925595
6874.36 1.73896349295
6890.2 1.73691772995
6906.08 1.73487196696
6922.01 1.73282620396
6937.96 1.73074796853
6953.95 1.72870220553
6969.98 1.72662397011
6986.05 1.72451326225
7002.16 1.72243502683
7018.3 1.7203567914
7034.48 1.71824608355
7050.69 1.71613537569
7066.95 1.71402466784
7083.24 1.71191395998
7099.57 1.70980325213
7115.93 1.70766007184
7132.34 1.70554936399
7148.78 1.70340618371
7165.26 1.70126300342
7181.78 1.69911982314
7198.33 1.69694417043
7214.93 1.69480099014
7231.56 1.69265780986
7248.23 1.69048215715
7264.94 1.68830650444
7281.68 1.68616332415
7298.47 1.68398767144
7315.3 1.68181201873
7332.16 1.67960389359
7349.06 1.67742824088
7366.0 1.67522011574
7382.98 1.67304446302
7400.0 1.67083633788
7417.06 1.66866068517
7434.16 1.66645256003
7451.3 1.66424443489
7468.48 1.66203630975
7485.69 1.65982818461
7502.95 1.65762005947
7520.24 1.6553794619
7537.58 1.65317133676
7554.96 1.65096321162
7572.37 1.64875508648
7589.83 1.64651448891
7607.32 1.64430636377
7624.86 1.6420657662
7642.44 1.63982516863
7660.06 1.63758457106
7677.71 1.63534397349
7695.41 1.63313584835
7713.15 1.63089525078
7730.93 1.62865465322
7748.75 1.62641405565
7766.62 1.62417345808
7784.52 1.62193286051
7802.46 1.61969226294
7820.45 1.61741919294
7838.48 1.6152110678
7856.55 1.61297047023
7874.66 1.61072987266
7892.81 1.60848927509
7911.01 1.6062162051
7929.24 1.60397560753
7947.53 1.60170253753
7965.85 1.59946193996
7984.21 1.59718886996
8002.62 1.59498074482
8021.06 1.59274014725
8039.55 1.59049954969
8058.09 1.58822647969
8076.66 1.58598588212
8095.28 1.58371281212
8113.94 1.58147221455
8132.65 1.57919914456
8151.39 1.57695854699
8170.18 1.57471794942
8189.02 1.57247735185
8207.9 1.57023675428
8226.82 1.56799615671
8245.78 1.56575555914
8264.79 1.56348248914
8283.84 1.56120941915
8302.94 1.55896882158
8322.08 1.55672822401
8341.26 1.55452009887
8360.49 1.5522795013
8379.77 1.55003890373
8399.08 1.54779830616
8418.44 1.54555770859
8437.85 1.54328463859
8457.3 1.54104404103
8476.8 1.53880344346
8496.34 1.53659531832
8515.93 1.53438719318
8535.56 1.53214659561
8555.23 1.52993847047
8574.96 1.5276978729
8594.72 1.52545727533
8614.53 1.52321667776
8634.4 1.52094360776
8654.3 1.51876795505
8674.25 1.51655982991
8694.25 1.51435170477
8714.29 1.51214357963
8734.38 1.50993545449
8754.51 1.50769485692
8774.69 1.50548673178
8794.92 1.50324613421
8815.19 1.50103800907
8835.52 1.49886235636
8855.88 1.49665423122
8876.3 1.49447857851
8896.76 1.49227045337
8917.27 1.49006232822
8937.82 1.48785420308
8958.43 1.48564607794
8979.08 1.4834379528
8999.78 1.48126230009
9020.52 1.47908664738
9041.32 1.4769434671
9062.16 1.47476781438
9083.05 1.47255968924
9103.99 1.47038403653
9124.98 1.46820838382
9146.01 1.46600025868
9167.1 1.46382460597
9188.23 1.46168142568
9209.41 1.4595382454
9230.64 1.45739506512
9251.92 1.45521941241
9273.25 1.45307623212
9294.62 1.45090057941
9316.05 1.4487249267
9337.53 1.44654927399
9359.05 1.44443856613
9380.63 1.44229538585
9402.25 1.44018467799
9423.93 1.43804149771
9445.65 1.43593078986
9467.43 1.43378760957
9489.25 1.43164442929
9511.12 1.42946877658
9533.05 1.42732559629
9555.03 1.42524736087
9577.05 1.42313665301
9599.13 1.42102594516
9621.26 1.41894770973
9643.44 1.41680452945
9665.67 1.41469382159
9687.95 1.41258311374
9710.29 1.41043993345
9732.67 1.40836169803
9755.11 1.4062834626
9777.59 1.40420522718
9800.13 1.40212699175
9822.72 1.40004875632
9845.37 1.3979705209
9868.07 1.39585981304
9890.81 1.39374910519
9913.61 1.39167086976
9936.46 1.38962510676
9959.37 1.38757934377
9982.33 1.38550110834
10028.41 1.38140958234
10074.69 1.37725311149
10121.19 1.37312911307
10167.92 1.3690700595
10214.85 1.36501100593
10285.65 1.35890618937
10309.37 1.35682795394
10501.03 1.34075410182
10696.26 1.32487508426
10895.11 1.30915842885
11097.67 1.29360413558
11304.0 1.27821220446
11487.67 1.26486603633
11701.24 1.24976635706
11891.37 1.23664749593
12112.44 1.22174265123
12309.26 1.20881862468
12509.26 1.1959920154
12712.52 1.18323035099
12889.37 1.17228714257
13098.81 1.15955795059
13311.64 1.14689370346
13496.83 1.13604791233
13684.59 1.12516964877
13906.95 1.11250540164
14100.41 1.10162713808
14296.57 1.09074887452
14495.46 1.0798056661
14697.11 1.06882998526
14901.57 1.05782183198
15108.87 1.04674873385
15283.83 1.03746161929
15496.43 1.02625863145
15712.01 1.01499069875
15893.95 1.00550874961
16115.06 0.994045982339
16301.67 0.984434143493
16490.44 0.974724887361
16681.37 0.964950686371
16913.44 0.953098249956
17109.29 0.943129214395
17307.41 0.933062761549
17507.82 0.922898891417
17710.54 0.912637604
17915.62 0.902246426869
18081.4 0.893901012735
18290.76 0.883315001032
18502.56 0.872664044472
18716.81 0.86185072577
18890.01 0.853148114922
19108.73 0.842139961649
19285.55 0.83324251623
19508.87 0.822039528385
19689.37 0.812979720824
19917.37 0.801549425979
20101.67 0.792327256275
20287.65 0.783007669285
20522.58 0.771252650155
20712.48 0.761770701023
20904.12 0.752223807033
21097.55 0.709425146223
21292.75 0.699683417662
21489.78 0.690104051244
21688.63 0.669743838552
21889.29 0.663606549559
22091.84 0.650000602002
22296.24 0.677537221401
22502.56 0.716439190786
22710.78 0.752418641604
22920.91 0.729460634629
23079.8 0.762809818736
23293.34 0.72014104764
23508.88 0.719751378497
23726.41 0.772324240297
23890.87 0.744495369041
24111.94 0.756412750314
24279.06 0.77735746672
24503.72 0.75871829274
24544.7 0.687181532676
24637.74 0.692377121241
24730.87 0.676011017259
24823.91 0.645519406864
24917.04 0.625971004886
25010.17 0.619606408893
25103.21 0.62941308231
25196.35 0.633959222305
25289.48 0.658735685278
25382.52 0.678251614828
25475.65 0.685135769678
25568.69 0.685947580391
25661.82 0.67156229455
25754.96 0.650098019288
25847.99 0.634706088162
25941.13 0.628568799168
26034.26 0.646038965721
26127.3 0.646428634863
26220.43 0.660521668848
26313.47 0.659450078706
26406.61 0.676855300401
26499.74 0.666171871413
26592.78 0.650390271145
26685.91 0.635517898875
26779.04 0.631166593451
26872.08 0.62964038931
26965.21 0.613534064756
27058.25 0.595446922062
27151.39 0.576840220511
27244.52 0.545699161545
27337.56 0.525696145567
27430.69 0.500497541023
27523.82 0.487443624752
27616.86 0.45156159122
27710.0 0.425453758677
27803.03 0.397494997707
27896.17 0.379083130728
27989.3 0.352325849614
28082.34 0.345636529336
28175.47 0.336251997489
28268.6 0.338232815629
28361.64 0.315560566026
28454.78 0.31045590026
28547.81 0.299502950115
28640.95 0.292920788851
28734.08 0.284335078746
28827.12 0.27817181181
28920.26 0.270144627475
29013.39 0.269076284577
29106.42 0.250277995697
29199.56 0.242117674406
29292.6 0.230430847376
29385.73 0.228885159778
29478.87 0.222877760499
29571.9 0.213756255323
29665.04 0.210463551069
29758.17 0.211418240468
29851.21 0.210830489512
29944.34 0.209378971956
30037.38 0.213421789309
30130.51 0.219438930317
30223.65 0.224205882826
30316.68 0.224718947197
30409.82 0.223329127255
30502.95 0.219809116002
30595.99 0.20969070727
30689.12 0.204985452375
30782.16 0.20174795125
30875.29 0.206391508531
30968.43 0.206365530588
31061.46 0.209956981184
31154.6 0.217344458676
31247.73 0.224134443483
31340.77 0.226501683523
31433.9 0.227794086179
31526.94 0.23205122156
31620.08 0.245533773888
31713.21 0.249725964412
31806.25 0.257087463961
31899.38 0.25319401978
31992.52 0.264757451581
32085.55 0.279766208051
32178.69 0.286351616558
32271.72 0.306572197807
32364.86 0.33511546249
32457.99 0.343525821481
32551.03 0.352358322043
32644.16 0.368172394739
32737.3 0.383661743151
32830.33 0.364892679457
32923.47 0.333199589206
33016.5 0.310650734831
33109.64 0.302142958555
33202.77 0.293502045321
33295.81 0.257555066932
33388.94 0.230336677333
33482.08 0.220711849515
33575.12 0.208187233829
33668.25 0.202929947649
33761.29 0.20050750448
33854.42 0.206190179474
33947.55 0.200906915351
34040.59 0.192223787961
34133.72 0.190275442249
34226.86 0.204806854018
34319.9 0.214038765451
34413.03 0.227222571437
34506.07 0.221458715372
34599.21 0.224868320368
34692.34 0.221069046229
34785.37 0.230122359305
34878.51 0.241815680821
34971.64 0.262948737312
35064.68 0.27126492626
35157.81 0.286351616558
35250.85 0.304347836452
35343.98 0.326607686214
35437.12 0.340538358055
35530.16 0.355865344324
35623.29 0.367815198026
35716.42 0.379505272299
35809.46 0.383077239437
35902.59 0.386811568719
35995.63 0.390708260143
36088.77 0.401066964846
36181.9 0.400742240561
36274.94 0.400514933561
36368.07 0.395741486566
36461.2 0.402690586273
36554.24 0.399540760705
36647.38 0.404866238985
36740.41 0.410808693407
36833.55 0.421946736395
36926.68 0.426298041819
37019.72 0.436851581093
37112.85 0.447957151652
37205.98 0.464583035062
37299.02 0.458802942783
37392.16 0.462504799636
37485.2 0.449483355793
37578.33 0.4431187598
37671.47 0.434805818095
37764.5 0.42470689282
37857.63 0.428506166959
37950.77 0.447502537653
38043.8 0.455620644787
38136.94 0.452308457076
38229.98 0.442599200944
38323.11 0.440131296375
38416.24 0.43802058852
38509.28 0.434058952239
38602.42 0.429934953815
38695.55 0.438799926805
38788.59 0.453704771503
38881.72 0.458348328784
38974.76 0.454289275217
39067.89 0.458478218498
39161.03 0.453185212646
39254.06 0.456172676072
39347.2 0.458575635783
39440.33 0.460459036638
39533.37 0.460621398781
39626.5 0.460069367496
39719.54 0.47218158334
39812.67 0.470752796484
39905.81 0.46464797992
39998.85 0.463478972492
40091.98 0.467050939631
40185.11 0.470655379199
40278.15 0.466921049917
40371.28 0.46396605892
40464.32 0.463349082778
40557.46 0.460491509067
40650.59 0.448736489937
40743.62 0.438734981948
40836.76 0.436624274093
40929.89 0.442534256087
41022.93 0.447827261938
41116.06 0.465492263061
41209.1 0.477149864906
41302.24 0.481793422186
41395.37 0.479455407332
41488.41 0.466498908346
41581.54 0.475558715908
41674.68 0.496048818314
41767.71 0.494457669315
41860.85 0.473220701053
41953.88 0.438702509519
42047.02 0.427921663245
42140.15 0.413081763405
42233.19 0.397527470136
42326.32 0.379570217156
42419.46 0.375770943017
42512.5 0.376258029445
42605.63 0.391877267571
42698.67 0.406392443126
42791.8 0.416101699258
42884.94 0.416458895972
42977.97 0.404866238985
43071.1 0.413698739547
43164.24 0.416491368401
43257.28 0.423992499393
43350.41 0.43314972424
43443.45 0.429058198244
43536.58 0.435682573666
43629.72 0.428311332388
43722.76 0.423050798965
43815.89 0.402171027417
43909.02 0.410256662122
44002.06 0.406392443126
44095.19 0.406684694983
44188.23 0.393728195997
44281.36 0.380674279726
44374.5 0.354436557469
44467.54 0.338979681486
44560.67 0.325828347929
44653.8 0.320239842978
44746.84 0.308140616105
44839.98 0.300285535642
44933.01 0.292924036093
45026.15 0.283968140303
45119.28 0.267313031707
45212.32 0.250596225497
45305.45 0.235460826556
45398.59 0.233509233601
45491.62 0.223527209069
45584.76 0.216519658991
45677.8 0.209249082242
45770.93 0.210398606212
45864.06 0.216980767477
45957.1 0.22695305028
46050.23 0.23825345541
46143.37 0.259656033058
46236.41 0.275528556127
46329.54 0.294193708049
46422.58 0.298710622858
46515.71 0.305718172936
46608.84 0.301551960355
46701.88 0.295473121733
46795.01 0.28979044674
46888.15 0.289111772983
46981.19 0.284448732246
47074.32 0.276057856712
47167.36 0.270060199161
47260.49 0.272537845459
47353.62 0.278847238323
47446.66 0.274443977014
47540.76 0.267212367179
48016.17 0.282961495019
48496.33 0.298866490515
48981.29 0.314933848155
49471.11 0.331153826209
49965.81 0.347552402619
50196.51 0.355183423325
50487.46 0.370283102594
50778.41 0.374212266447
51069.35 0.378206375157
51360.3 0.386941458433
51651.35 0.385155474864
51942.3 0.395936321138
52233.24 0.420453004682
52524.18 0.409834520551
52815.13 0.392461771284
53106.17 0.392266936713
53397.12 0.390935567143
53688.07 0.370185685309
53979.02 0.357943579751
54269.96 0.363366475316
54561.0 0.363204113174
54851.95 0.369763543738
55142.9 0.369471291881
55433.85 0.356060178896
55724.8 0.354436557469
56015.84 0.367620363454
56306.78 0.371062440879
56597.73 0.356644682609
56888.67 0.34576641905
57179.62 0.321853722676
57470.67 0.293430605979
57761.61 0.258925403416
58052.56 0.226683529123
58343.51 0.207713136372
58634.46 0.19671797207
58925.5 0.185859191968
59216.44 0.17253575454
59507.39 0.169694417043
59798.34 0.179400425932
60089.28 0.189950717963
60380.33 0.191662014947
60671.28 0.19139249379
60962.23 0.204553569076
61253.17 0.235464073799
61544.11 0.303961414553
61835.16 0.373400455734
62126.11 0.391812322714
62417.05 0.367652835883
62708.0 0.32097047262
62998.95 0.280636469135
63289.99 0.242991182734
63580.93 0.232349967903
63871.88 0.214558324308
64162.83 0.194000029802
64453.78 0.18404073597
64744.82 0.17846521999
65035.77 0.170791985127
65326.72 0.171038775584
65617.66 0.174360705023
65908.61 0.174130150781
66199.65 0.182267741372
66490.6 0.183780956542
66781.54 0.18126434333
67072.5 0.178526917604
67363.44 0.177351415691
67654.48 0.169752867414
67945.43 0.165498979276
68236.38 0.167603192645
68527.32 0.175468014836
68818.27 0.187089897009
69109.31 0.201277101037
69400.26 0.20506988069
69691.21 0.236337582127
69982.15 0.238997074024
70273.1 0.209953733941
70564.14 0.206089514946
70855.09 0.206086267703
71146.04 0.211707245082
71436.98 0.209213362571
71727.93 0.208232695229
72018.97 0.213931606437
72309.92 0.207612471844
72600.86 0.228450029235
72891.81 0.235821270513
73473.71 0.268959383834
74055.7 0.30756585412
74637.59 0.360379011891
75219.48 0.415484723116
75801.47 0.464842814491
76383.37 0.481014083902
76965.36 0.463706279492
77547.25 0.45510108593
78129.15 0.449743135222
78711.13 0.425778482962
79293.03 0.388467662574
79874.93 0.349111079189
80456.91 0.313001738657
81038.81 0.282870572219
81620.7 0.263309181269
82202.69 0.255038453721
82784.58 0.246254661802
83366.58 0.240666156851
83948.47 0.232077199503
84530.37 0.226300354466
85112.36 0.225650905896
85694.25 0.222848535313
86276.15 0.205173792461
86858.13 0.179273783461
87440.02 0.149564758593
88021.92 0.125012355377
88603.9 0.102554423802
89185.8 0.0892115029165
89767.79 0.0825351716096
90349.68 0.0727609706203
90931.58 0.0635745205875
91513.56 0.0576612913511
92095.46 0.0527287294565
92677.36 0.0493645858602
93259.35 0.0455555699929
93841.24 0.0429415394958
94423.13 0.0401261799418
95005.12 0.0380382027869
95587.02 0.0374796770161
96169.01 0.0385252892149
96750.9 0.0395286872567
97332.8 0.0360411484319
97914.79 0.0329075590782
98496.68 0.0334433541491
99078.58 0.0317742713223
99660.56 0.031431362477
100242.46 0.032180176679
100824.35 0.0330309543067
101406.33 0.0332355306064
101988.23 0.0333037227064
102570.23 0.0336641666631
103152.11 0.0356547265324
103734.01 0.0376128139731
104316.01 0.0387266182719
104897.9 0.0440326130946
105479.79 0.0455620644787
106061.78 0.0468544671344
106643.67 0.0484683468326
107225.57 0.0493191244603
107807.55 0.0499425950881
108389.45 0.050744664073
108971.44 0.0547744924543
109553.33 0.0610806380759
110135.23 0.0680946826397
110717.22 0.0761673283737
111299.11 0.100950285832
111881.01 0.149814796293
112462.99 0.17251302384
113044.89 0.158696005498
113626.78 0.137345383735
114208.77 0.119495289769
114790.66 0.110912826907
115372.66 0.103869557158
115954.55 0.0988395779774
116536.44 0.0978491689071
117118.44 0.0976023784502
117700.33 0.099735817005
118282.23 0.103879298886
118864.21 0.109763302937
119446.11 0.117011148986
120028.0 0.120859131768
120609.98 0.122869175094
121191.88 0.123833606221
121773.87 0.124739586978
122355.76 0.131094441242
122937.66 0.138917049276
123519.65 0.143174184657
124101.54 0.148467190509
124683.44 0.153448461046
125265.43 0.161111954181
125847.32 0.168639063115
126429.21 0.173623580895
127011.2 0.186683991653
127593.09 0.225456071324
128174.99 0.248358875171
128756.98 0.183709517199
129338.87 0.140975801246
129920.87 0.133734449682
130502.76 0.131701675656
131084.65 0.130899606671
131666.65 0.131162633342
132248.54 0.13139968207
132830.43 0.128697976016
133412.42 0.127522474103
133994.31 0.127899154274
134576.2 0.126558042976
135158.2 0.127444540275
135740.09 0.127087343561
136322.09 0.125259145834
136903.98 0.119569976355
137485.87 0.116157124116
138067.86 0.110201680722
138649.76 0.10520417397
139231.65 0.103333762087
140253.03 0.117894399042
141067.77 0.120725994811
141882.5 0.122687329494
142697.22 0.128360262759
143511.86 0.127970593617
144326.58 0.119858980969
145141.31 0.116472106672
145955.94 0.115286863031
146770.67 0.114572469603
147585.39 0.114033427289
148400.03 0.112318883063
149214.75 0.110062049279
150029.5 0.109740572237
150844.13 0.107714292696
151658.86 0.106811559183
152473.58 0.106931707169
153288.2 0.106957685111
154102.94 0.106123143698
154917.67 0.123148437979
155732.39 0.132828468926
156547.03 0.106766097783
157361.77 0.104275462514
158176.48 0.10308697163
158991.13 0.101820546917
159805.84 0.0999533822762
160620.56 0.0983330080923
161435.21 0.0981154428211
162249.92 0.0992812030055
163064.66 0.104116347615
163879.28 0.110341312165
164694.02 0.111744121078
165508.75 0.106184841312
166323.37 0.103960479958
167138.11 0.103937749258
167952.83 0.102862911873
168767.56 0.104408599471
169582.19 0.109321677909
170396.93 0.113536599133
171211.64 0.107334365282
172026.29 0.0995767021052
172841.02 0.100826890604
173655.74 0.0976543343359
174470.38 0.0971932258507
175285.09 0.0933192651263
176099.83 0.0914975618855
176914.47 0.0898934239158
177729.19 0.0911403651716
178543.92 0.0887438999456
179358.54 0.0886075157458
180173.28 0.0868572518477
180988.02 0.0873800579471
181802.74 0.0878541554037
182617.36 0.0854544429349
183432.1 0.0852725973351
184246.81 0.0860259576772
185061.46 0.0875261838755
185876.19 0.0898739404587
186690.91 0.0994403179053
187505.55 0.100080024747
188320.29 0.0930724746695
189135.0 0.092705536227
189949.63 0.0927412558984
190764.36 0.0933614792834
191579.08 0.0949071668817
192393.73 0.0962223002374
193208.44 0.0963976513515
194023.18 0.0988006110632
194837.91 0.0985051119635
195652.53 0.0988915338631
196467.27 0.100248881376
198096.63 0.100898329947
199726.08 0.104158561772
201355.46 0.108532597895
202984.8 0.106736872597
204614.25 0.108561823081
206243.61 0.112120801249
207873.08 0.113004051305
209502.44 0.113984718647
211131.8 0.117842443157
212761.26 0.119121856841
214390.62 0.119456322855
216019.97 0.120703264111
217649.42 0.122800982994
219278.79 0.123560837822
220908.24 0.124447335121
222537.6 0.125921583376
224166.96 0.128097236088
225796.43 0.130302113986
227425.79 0.131646472527
229055.15 0.132110828255
230684.59 0.133081753868
232313.96 0.135039841309
233943.41 0.137933134692
235572.77 0.138478671491
237202.13 0.139722365504
238831.6 0.143511897914
240460.96 0.145804451369
242090.32 0.148476932237
243719.78 0.150473986592
245349.14 0.152188530819
246978.58 0.152380118147
248607.94 0.15226971189
250237.3 0.154481084274
251866.76 0.157393861113
253496.13 0.159338959583
255125.49 0.160179995482
256754.94 0.163790929535
258384.3 0.169522313171
260013.75 0.169632719428
261643.11 0.167992861787
263272.5 0.170041872028
264901.95 0.173240406239
266531.28 0.171805124897
268160.64 0.171201137727
269790.12 0.171805124897
271419.48 0.17630255625
273048.93 0.178075550848
274678.29 0.180510982988
276307.65 0.181566336915
277937.1 0.181192903987
279566.46 0.183060068628
281195.82 0.186541112967
282825.27 0.188577134236
284454.63 0.18932075285
286084.08 0.191353526876
287713.47 0.193730508645
289342.83 0.196454945399
290972.28 0.198805949225
292601.64 0.198890377539
294231.0 0.198490966668
295860.45 0.200143813281
297489.81 0.202212306978
299119.26 0.203491720663
300748.62 0.206044053546
302377.98 0.20617394326
304007.43 0.2089276052
305636.83 0.210512259712
307266.19 0.211655289197
308895.64 0.212259276367
310524.97 0.214431681836
312154.45 0.217243794148
313783.81 0.218688817218
315413.17 0.217373683862
317042.62 0.218506971618
318671.98 0.223270676884
320301.34 0.226855632994
321930.82 0.226423749695
323560.18 0.223137539927
325189.6 0.231262141547
326818.96 0.239279584152
328448.35 0.232642219759
330077.77 0.231849892503
331707.13 0.232184358517
333336.49 0.241708521807
334965.97 0.24906352687
336595.3 0.24341981879
