102.07 1.64858831336e-06
103.97 2.01431716123e-06
105.9 2.51251349707e-06
108.12 3.19232603553e-06
109.87 4.62497205988e-06
114.0 6.66987064354e-06
118.0 9.05974639556e-06
121.03 3.24428324813e-05
125.0 4.13161258166e-05
127.03 4.54056109286e-05
127.91 4.8318647443e-05
130.89 5.47157817273e-05
132.1 6.4581411015e-05
133.94 6.95196866271e-05
137.06 8.87391744598e-05
139.93 9.88809727154e-05
142.86 0.000260675420702
146.86 0.000635500681462
150.97 0.000700018121134
154.84 0.000778234789835
159.18 0.00086718616192
162.14 0.000933497919745
165.92 0.00104018963739
170.18 0.00113530410226
172.94 0.00121650089938
176.97 0.00131860540366
179.84 0.00139994262567
181.93 0.00145918633025
186.16 0.00157073050829
190.94 0.00172238939913
194.04 0.00182864423932
198.11 0.00195034581838
201.79 0.00208499769369
205.07 0.00218828800823
209.84 0.0022652096473
216.22 0.00257695292291
220.24 0.00273594511403
222.79 0.00281910785972
226.93 0.00299307870672
230.09 0.00460375229738
233.83 0.00778234789835
239.83 0.00968526130643
245.98 0.00933497919745
252.29 0.0100257136725
256.98 0.00857262802396
259.95 0.00988809727154
264.18 0.0104499528949
269.09 0.0105223497317
274.09 0.0105708743356
279.19 0.0106197109949
283.72 0.0106687036819
290.33 0.01025913106
295.73 0.0104981654435
301.23 0.0103780241411
308.25 0.0105465340198
318.34 0.0108170859918
328.02 0.0108170859918
337.98 0.0107180084242
348.25 0.0105952146515
357.19 0.0105465340198
366.35 0.0105223497317
374.88 0.0104018963739
385.39 0.00995659341668
395.27 0.0101183941058
405.41 0.010048805767
413.9 0.00986531723238
421.6 0.00966294935027
430.42 0.00948663808828
441.47 0.00935651101528
450.71 0.00914353325191
460.15 0.00893539234618
469.78 0.00875205983925
479.62 0.0086320745645
489.66 0.0083582460116
499.92 0.00830067180304
505.7 0.00826260105267
511.56 0.00955232573545
519.87 0.00950848196145
529.54 0.00939973067862
539.38 0.00901808700888
549.41 0.00973004124642
559.62 0.0103065634703
570.03 0.0107674691941
580.63 0.0103780241411
590.06 0.0113009277824
599.65 0.0112748711622
609.39 0.011564146454
619.29 0.0131253592747
629.36 0.0136179386146
639.58 0.0137440089683
649.98 0.014829025354
657.5 0.0153501577567
665.12 0.0161098564599
674.37 0.0162970896584
685.33 0.0159990768174
694.86 0.0193692743915
704.53 0.0184549522719
715.97 0.0216831646705
725.93 0.0224960688076
734.34 0.0233401784778
744.56 0.0256509482034
754.91 0.0271722179417
765.41 0.0279976042921
774.28 0.0309106408064
785.05 0.0326675123196
794.14 0.0344446674293
805.19 0.0362343047523
814.51 0.0376806812112
825.84 0.0411257720648
835.4 0.0346833897575
845.08 0.0437641998879
854.86 0.0451965338569
864.76 0.0487648865662
874.78 0.0521335238637
884.91 0.0563790366412
895.15 0.0594449802677
905.52 0.0601330622724
916.0 0.0853315302459
924.48 0.5261564935
935.18 1.1564146454
946.01 2.22386231595
954.77 3.15581556181
965.82 3.57365764994
974.76 0.590361877842
986.05 3.04862455563
995.17 3.20714866375
1004.38 4.65711375897
1016.01 4.44741257658
1025.41 1.88855886286
1034.9 3.09106408064
1044.47 5.93076759221
1054.14 5.80922204081
1063.89 4.58253253487
1076.21 5.44645771859
1086.17 4.29653382407
1096.22 5.69001690439
1103.82 5.44645771859
1114.03 5.21335238637
1124.34 4.67848954914
1134.74 5.93076759221
1145.24 5.37172046683
1155.84 5.69001690439
1163.85 5.86289555773
1174.62 4.05609519158
1185.49 5.65085396035
1193.71 3.89148600451
1204.75 2.80615756349
1215.9 1.85407674879
1224.33 3.78538719198
1235.65 5.71622955219
1244.22 6.28214189485
1255.73 5.98568933045
1264.44 5.1535937905
1276.14 6.62384248223
1284.98 6.92013901896
1293.89 5.47157817273
1305.86 5.39652886564
1314.91 6.71605483252
1324.03 6.4138292445
1336.28 5.69001690439
1345.54 6.7315015714
1354.87 6.50292104149
1364.26 5.80922204081
1373.72 6.08289456604
1386.43 6.13922055328
1396.04 5.29807540872
1405.71 5.47157817273
1415.46 5.65085396035
1425.27 5.78238528234
1435.15 5.74259822765
1441.77 6.0410791517
1448.43 6.12502203572
1455.11 5.94449802677
1465.2 5.48421641363
1475.36 5.47157817273
1485.58 5.56051394205
1495.88 5.63790366412
1506.25 5.33474191011
1513.2 4.75463104989
1516.69 5.07121118313
1523.69 4.92173667961
1534.25 4.28654805348
1544.89 4.6357379688
1555.6 4.38640575938
1566.38 4.49890170618
1573.61 4.7875528873
1584.52 5.00162284433
1595.5 5.09461533295
1606.56 4.97868677751
1613.98 4.97868677751
1625.16 4.72186524014
1636.43 5.01316889157
1643.98 5.07121118313
1655.38 4.70017739464
1666.85 5.10631740786
1670.69 4.57207868129
1678.41 5.12987758535
1686.15 5.32241572454
1693.94 5.00162284433
1705.68 4.79863085155
1713.55 4.55101494645
1725.43 4.51980941336
1733.39 4.79863085155
1745.41 4.67848954914
1753.46 4.95575071068
1765.62 4.5616248277
1773.77 4.65711375897
1786.06 4.73278717672
1794.31 5.01316889157
1806.75 4.96714073026
1815.08 4.59314241613
1823.46 4.67848954914
1836.1 4.49890170618
1844.58 4.14113026926
1853.09 4.16016564445
1865.94 4.26688856763
1874.55 4.58253253487
1883.2 4.22772562359
1896.26 4.04673353165
1905.01 4.28654805348
1913.8 4.12209489407
1927.07 4.02816623946
1935.96 4.15064795685
1944.9 4.31634933758
1953.88 4.02816623946
1967.42 4.38640575938
1976.5 4.49890170618
1985.62 4.2570588247
1994.79 4.13161258166
2004.0 4.24722908178
2013.25 4.11257720648
2027.2 4.27671831055
2036.56 4.05609519158
2045.96 4.18903076256
2055.4 3.95467720902
2064.89 3.99134371041
2074.42 4.28654805348
2079.2 4.08418017136
2084.0 4.21805190834
2093.62 4.00054934267
2103.28 4.02816623946
2112.99 4.0654568515
2122.74 4.11257720648
2137.46 3.84686209218
2147.32 3.91847879063
2157.23 4.04673353165
2167.19 3.91847879063
2177.19 3.89148600451
2187.24 3.82049341672
2197.34 3.98213807814
2207.48 3.87354282298
2212.57 3.69925992065
2222.78 3.59846604875
2233.04 3.79412474125
2243.35 3.64855092937
2253.7 3.50843808577
2264.11 3.57365764994
2274.56 3.64855092937
2285.06 3.71626693618
2295.6 3.51717563504
2306.2 3.5263812673
2316.85 3.39204144733
2327.54 2.76434214914
2332.9 3.18156012661
2343.67 3.08872366566
2354.49 3.2878149668
2365.36 3.06235499019
2376.28 3.12741852669
2387.25 2.9262988659
2392.75 3.08591516768
2403.79 2.9751355252
2414.89 3.03146151243
2426.04 3.17531901999
2437.23 3.0614188242
2442.85 3.20621249776
2454.13 3.15597158948
2465.46 3.12804263736
2476.83 3.02272396316
2482.54 3.07234076078
2494.0 2.84844106083
2505.52 3.17500696466
2511.29 2.87621398529
2517.08 2.95048315405
2522.88 2.84422831387
2534.53 2.87137712766
2546.23 2.82644116
2552.1 2.99448295571
2563.88 2.92052584228
2575.71 3.05205716427
2587.6 3.01819916087
2593.56 2.97731991251
2605.54 2.88370331323
2617.56 2.84516447986
2623.6 2.94564629642
2635.71 3.02225588017
2647.87 3.22462376228
2653.98 3.28516249649
2666.23 3.01086586059
2672.37 3.11727672844
2684.71 3.1183689221
2697.1 2.97903621683
2703.32 3.04191536602
2715.8 2.90601526939
2722.06 2.88651181121
2734.62 2.9958872047
2747.24 2.67103760519
2753.58 2.72112248581
2766.29 2.8047533145
2772.66 2.90383088208
2785.46 2.7613776235
2791.88 2.32387604952
2804.77 2.4568116205
2817.71 2.85452613979
2824.21 2.96218522896
2837.25 2.85593038878
2843.79 2.78509382865
2856.91 2.68523612275
2863.5 2.90445499274
2876.72 2.91225637601
2883.35 2.89275291783
2896.66 2.88713592187
2910.03 3.08061022705
2930.2 2.96390153328
2950.51 2.90476704807
2970.96 2.94002930046
2991.55 2.92832722555
3012.29 2.93675271949
3033.17 2.93160380653
3047.17 2.91927762096
3068.29 2.92770311489
3089.56 2.9227102296
3110.98 2.92442653392
3132.54 2.86607218703
3147.0 2.86732040836
3168.82 2.86903671268
3190.78 2.7351649757
3212.9 2.80709372948
3227.73 2.68180351411
3250.1 2.82940568565
3272.63 2.90383088208
3287.74 2.8783983726
3310.53 2.84719283951
3325.81 2.86810054668
3333.47 2.90866773971
3341.16 2.77183147709
3348.86 2.96390153328
3356.58 2.84422831387
3364.32 2.59442802145
3372.07 2.6009811834
3379.85 2.83939145624
3387.64 2.8531218908
3395.45 2.78883849262
3403.27 2.89415716682
3411.12 2.72642742644
3418.98 2.77136339409
3426.86 2.81707950007
3434.77 2.92333434026
3442.68 2.7225267348
3450.62 2.78010094336
3458.57 2.74265430364
3466.55 2.70551971926
3474.54 2.80771784015
3482.55 2.70676794059
3490.58 2.81536319575
3498.62 2.64622920638
3506.69 2.79086685227
3514.77 2.66588869223
3522.87 2.79851220788
3530.99 2.65481072798
3539.14 2.80615756349
3547.29 2.87215726598
3555.47 2.826909243
3563.67 2.78868246496
3571.88 2.63327891015
3580.12 2.59770460242
3588.37 2.39159205634
3596.64 2.62298108423
3604.93 2.74093799932
3613.24 2.57632881225
3617.03 2.75997337451
3619.77 2.90336279908
3622.51 2.81817169373
3625.24 2.42685430873
3627.98 2.65465470032
3630.72 3.40639599256
3633.45 2.68898078672
3636.19 2.75388829556
3638.93 2.24133741449
3641.66 2.37084037683
3644.4 2.50658444579
3647.14 2.63249877182
3649.87 3.14146101659
3652.61 3.2701838406
3655.35 2.79273918426
3658.08 2.64981784269
3660.82 2.9656178376
3663.56 2.83627090293
3666.29 2.85046942048
3669.03 2.8915046965
3671.77 2.83767515192
3674.5 2.56447070968
3677.24 2.71784590483
3679.98 2.87168918299
3682.71 2.77510805806
3685.45 2.3433795077
3688.19 2.6226690289
3690.92 2.37739353878
3693.66 2.46788958475
3696.4 2.66588869223
3699.13 2.42763444706
3701.87 2.53326517658
3704.61 2.7875902713
3707.34 2.75029965925
3710.08 2.89290894549
3712.82 2.79929234621
3715.55 2.70052683397
3718.29 2.94049738346
3721.03 3.61516100896
3723.76 5.79954832555
3726.5 7.50742715179
3729.24 7.77907131737
3731.98 6.14405741091
3734.71 4.20478955677
3737.45 3.31433966993
3740.19 3.13007099701
3742.92 2.55682535407
3745.66 2.62095272458
3748.4 2.57180400995
3751.13 2.85124955881
3753.87 2.64232851475
3756.61 3.1400567676
3759.34 2.69959066797
3762.08 2.57866922723
3764.82 2.70099491696
3767.55 3.09246832963
3770.29 2.84688078418
3773.03 2.76418612148
3775.76 3.26316259565
3778.5 3.37628265312
3781.24 2.88432742389
3783.97 2.70926438323
3786.71 3.16283680676
3789.45 3.36957346351
3792.18 3.1612765301
3794.92 3.06344718385
3797.66 2.85858285909
3800.39 3.16392900042
3803.13 3.14582979122
3805.87 3.58426753119
3808.6 3.01024174993
3811.34 3.48550201895
3814.08 3.19575864417
3816.81 3.28531852415
3819.55 3.65822464463
3822.29 2.74483869096
3825.02 2.97810005084
3827.76 2.44245707528
3830.5 2.68039926512
3833.23 2.38067011975
3835.97 2.4224855341
3838.71 2.30156409336
3841.44 2.73142031173
3844.18 3.18312040327
3846.92 3.45429648586
3849.65 3.27283631091
3852.39 3.00166022833
3855.13 3.40265132859
3857.86 3.29842484805
3860.6 3.5046934218
3863.34 3.16564530474
3866.07 3.65151545501
3868.81 3.28485044115
3871.55 3.52825359929
3874.28 3.58177108855
3877.02 3.09309244029
3879.76 3.2137018257
3882.49 2.84656872885
3885.23 2.55947782438
3887.97 3.11868097743
3890.7 3.17625518599
3893.44 3.11914906043
3896.18 3.12944688635
3898.91 3.0392628957
3901.65 3.51311891574
3904.39 3.42387109109
3907.12 3.04035508936
3909.86 3.13834046328
3912.6 3.47301980571
3915.34 3.25645340604
3918.07 3.3619281079
3920.81 3.57615409259
3923.55 3.23148897956
3926.28 2.9525115137
3929.02 2.89322100082
3931.76 2.57695292291
3934.49 2.4260741704
3937.23 2.74405855263
3939.97 2.99604323237
3942.7 3.1143122028
3945.44 3.18140409895
3948.18 3.12055330941
3950.91 3.06500746051
3953.65 3.15113473185
3956.39 3.25458107405
3959.12 3.22009895998
3961.86 2.90991596103
3964.6 2.69740628066
3967.33 2.60784640068
3970.07 2.76324995549
3972.81 2.85686655477
3975.54 2.81505114042
3978.28 2.93441230451
3981.02 3.3876726727
3983.75 3.55446624709
3986.49 3.45913334349
3989.23 3.61656525795
3991.96 3.80691900982
3994.7 3.97761327584
3997.44 3.88883353419
4000.17 3.60735962568
4002.91 3.83796851525
4005.65 3.80317434585
4008.38 3.60595537669
4011.12 3.73077750907
4013.86 3.77727375338
4016.59 3.90864904771
4019.33 4.01646416455
4022.07 3.84686209218
4024.8 3.81035161846
4027.54 3.88930161719
4030.28 3.69364292469
4033.01 3.64277790574
4035.75 3.77025250843
4038.49 3.91161357335
4041.22 3.67273521752
4043.96 3.64855092937
4046.7 3.95358501536
4049.43 3.80286229052
4052.17 3.8354720726
4054.91 3.83531604494
4057.64 3.58504766952
4060.38 3.6483949017
4063.12 3.77914608537
4065.85 3.83874865358
4068.59 3.74762849694
4071.33 3.6660260279
4074.06 3.55805488339
4076.8 3.45710498383
4079.54 3.49938848118
4082.27 3.52965784828
4085.01 3.7749333384
4087.75 3.8576280011
4090.48 3.68334509877
4093.22 3.5480691128
4095.96 3.48534599128
4098.69 3.75262138224
4101.43 3.77368511707
4104.17 3.72500448545
4106.9 3.48643818494
4109.64 3.40951654587
4112.38 3.56757257099
4115.12 3.53355853992
4117.85 3.6231184199
4120.59 3.69660745033
4123.33 3.60595537669
4126.06 3.54526061483
4128.8 3.60517523837
4131.54 3.71002582956
4134.27 3.62530280721
4137.01 3.51233877741
4139.75 3.61672128561
4142.48 3.61609717495
4145.22 3.59674974443
4147.96 3.64215379508
4150.69 3.63185596916
4153.43 3.66524588957
4156.17 3.72282009813
4158.9 3.8187771124
4161.64 3.75823837819
4164.38 3.84015290257
4167.11 3.9050604114
4169.85 3.75839440586
4172.59 3.4698992524
4175.32 3.68802592873
4178.06 3.8137842271
4180.8 3.62530280721
4183.53 3.47021130773
4186.27 3.50453739414
4189.01 3.59659371677
4191.74 3.6922386757
4194.48 3.63450843947
4197.22 3.55992721538
4199.95 3.54182800619
4202.69 3.73951505834
4205.43 3.77430922774
4208.16 3.93205319753
4210.9 3.64574243139
4213.64 3.63887721411
4216.37 3.54822514047
4219.11 3.58567178018
4221.85 3.46740280976
4224.58 3.70596911026
4227.32 3.53309045692
4230.06 3.54151595085
4232.79 3.7143946042
4235.53 3.67117494086
4238.27 3.64262187808
4241.0 3.71064994022
4243.74 3.65557217431
4246.48 3.58582780785
4249.21 3.4093605182
4251.95 3.45101990488
4254.69 3.51967207769
4257.42 3.61531703662
4260.16 3.65276367633
4262.9 3.9448474661
4265.63 3.76884825945
4268.37 3.84733017518
4271.11 3.51389905407
4273.84 3.62202622624
4276.58 3.54260814451
4279.32 3.43775755332
4282.05 3.49189915323
4284.79 3.44290646628
4287.53 3.36442455055
4290.26 3.54588472549
4293.0 3.41466545883
4295.74 3.40249530092
4298.48 3.20184372312
4301.21 3.29390004575
4303.95 3.27158808959
4306.69 3.07015637347
4309.42 3.09231230196
4312.16 3.32682188317
4314.9 3.27626891955
4317.63 3.66992671954
4320.37 3.43494905534
4323.11 3.50297711748
4325.84 3.36801318685
4328.58 3.3352473771
4331.32 3.55961516005
4334.05 3.69520320134
4336.79 4.0266059628
4339.53 4.69549656468
4342.26 4.43352611435
4345.0 3.9439113001
4347.74 3.47348788871
4350.47 3.34195656672
4353.21 3.4093605182
4355.95 3.44181427262
4358.68 3.55571446841
4361.42 3.81518847609
4364.16 3.65011120602
4366.89 3.8056707885
4369.63 3.57787039691
4372.37 3.64589845905
4375.1 3.48035310599
4377.84 3.75386960356
4380.58 3.65900478295
4383.31 3.60533126603
4386.05 3.41638176315
4388.79 3.46615458843
4391.52 3.65401189766
4394.26 3.75230932691
4397.0 3.57162929029
4399.73 3.5354308719
4402.47 3.68989826072
4405.21 3.51623946905
4407.94 3.74716041394
4410.68 3.71501871486
4413.42 3.78866377296
4416.15 3.67289124518
4418.89 3.72859312175
4421.63 3.83937276424
4424.36 3.7577702952
4427.1 3.84202523455
4429.84 3.70721733158
4432.57 3.72968531541
4435.31 3.65182751034
4438.05 3.70378472294
4440.78 3.72125982148
4443.52 3.59206891447
4446.26 3.67616782616
4448.99 3.5530619981
4451.73 3.83297562995
4454.47 3.7789900577
4457.2 3.56226763036
4459.94 3.7744652554
4462.68 3.41248107151
4465.41 3.59331713579
4468.15 3.71891940649
4470.89 3.84155715155
4473.62 3.87198254632
4476.36 3.90396821774
4479.1 3.83937276424
4481.84 3.96637928393
4484.57 3.91098946269
4487.31 3.77836594704
4490.05 3.67788413048
4492.78 3.95062048972
4495.52 3.83157138096
4498.26 3.8011459862
4500.99 3.87837968061
4503.73 3.98541465912
4506.47 3.85013867316
4509.2 3.72547256844
4511.94 4.09322977596
4514.68 4.13301683065
4517.41 4.06561287917
4520.15 3.97340052888
4522.89 4.10181129756
4525.62 4.00335784065
4528.36 3.696295395
4531.1 3.59612563377
4533.83 3.85419539246
4536.57 3.85809608409
4539.31 3.94469143843
4542.04 3.84280537288
4544.78 3.92347167593
4547.52 3.95140062805
4550.25 3.89491861315
4552.99 3.94734390874
4555.73 3.69801169932
4558.46 3.62343047523
4561.2 3.89913136011
4563.94 4.10539993387
4566.67 3.88508887022
4569.41 4.09744252293
4572.15 4.03456337374
4574.88 3.74575616496
4577.62 3.86371308005
4580.36 3.74076327966
4583.09 3.81113175679
4585.83 3.83437987894
4588.57 3.87510309963
4591.3 3.76276318049
4594.04 3.88493284256
4596.78 3.75714618453
4599.51 3.89585477914
4602.25 3.77477731073
4604.99 3.65369984233
4607.72 3.88399667656
4610.46 3.86714568869
4613.2 3.92643620157
4615.93 3.99477631905
4618.67 3.99852098302
4621.41 3.95670556867
4624.14 3.92643620157
4626.88 3.74123136266
4629.62 3.92924469955
4632.35 4.02442157549
4635.09 4.05141436161
4637.83 4.03331515242
4640.56 3.89913136011
4643.3 3.93376950185
4646.04 4.01178333458
4648.77 3.86246485873
4651.51 3.83219549163
4654.25 3.86059252674
4656.98 3.91598234798
4659.72 3.9484361024
4662.46 3.92784045056
4665.19 3.92019509495
4667.93 3.8187771124
4670.67 3.80348640118
4673.41 3.9353297785
4676.14 3.89023778318
4678.88 3.86823788235
4681.62 3.82611041267
4684.35 3.87213857399
4687.09 3.91254973934
4689.83 3.88680517454
4692.56 3.86698966103
4695.3 3.82891891065
4698.04 3.78101841735
4700.77 3.74481999896
4703.51 3.71143007855
4706.25 3.71720310217
4708.98 3.66181328093
4711.72 3.85216703281
4714.46 3.73436614538
4717.19 3.81581258675
4719.93 3.86184074807
4722.67 3.98479054846
4725.4 3.70830952524
4728.14 3.75870646119
4730.88 3.70815349758
4733.61 3.57802642457
4736.35 3.61609717495
4739.09 3.80832325881
4741.82 3.92487592492
4744.56 3.80738709282
4747.3 3.94547157676
4750.03 3.80504667783
4752.77 3.90396821774
4755.51 3.78211061101
4758.24 3.88399667656
4760.98 3.80645092682
4763.72 3.68381318176
4766.45 3.70097622497
4769.19 3.71064994022
4771.93 3.85107483915
4774.66 3.88571298088
4777.4 3.88852147886
4780.14 3.96903175424
4782.87 3.7785219747
4785.61 3.68147276678
4788.35 3.84561387086
4791.08 3.83640823859
4793.82 3.85856416709
4796.56 4.08995319498
4799.29 3.90396821774
4802.03 3.98806712943
4804.77 3.94094677446
4807.5 3.67117494086
4810.24 3.84124509622
4812.98 3.87120240799
4815.71 4.09775457826
4818.45 3.92846456122
4821.19 3.74481999896
4823.92 3.82517424668
4826.66 3.74216752865
4829.4 3.77462128307
4832.13 3.72094776615
4834.87 3.85950033308
4837.61 3.59362919112
4840.34 3.5092182241
4843.08 3.71969954482
4845.82 3.68693373507
4848.55 3.66290547459
4851.29 3.47707652501
4854.03 3.83859262591
4856.77 4.9009850001
4859.5 6.38106343476
4862.24 6.92575601491
4864.98 6.18805721257
4867.71 4.54929864213
4870.45 3.68053660079
4873.19 3.58676397384
4875.92 3.55415419176
4878.66 3.4748921377
4881.4 3.54697691915
4884.13 3.54526061483
4886.87 3.50500547713
4889.61 3.65635231264
4892.34 3.63825310345
4895.08 3.65572820198
4897.82 3.71611090852
4900.55 3.64355804407
4903.29 3.73405409005
4906.03 3.80083393087
4908.76 3.64293393341
4911.5 3.61157237265
4914.24 3.64901901236
4916.97 3.56320379635
4919.71 3.41326120984
4922.45 3.34492109236
4925.18 3.53792731455
4927.92 3.6569764233
4930.66 3.73140161973
4933.39 3.5349627889
4936.13 3.64137365676
4938.87 3.58551575252
4941.6 3.7487206906
4944.34 3.79178432627
4947.08 3.82439410835
4949.81 3.77243689575
4952.55 3.85825211176
4955.29 4.00569825563
4958.02 4.0790312584
4960.76 4.07185398579
4963.5 4.01505991556
4966.23 3.84639400918
4968.97 3.72594065144
4971.71 3.76338729115
4974.44 3.79303254759
4977.18 3.87541515496
4979.92 3.61640923028
4982.65 3.56866476465
4985.39 3.63482049481
4988.13 3.70784144225
4990.86 3.60642345969
4993.6 3.77649361505
4996.34 3.59815399342
4999.07 3.70721733158
5001.81 4.10430774021
5004.55 4.62372383856
5007.28 4.85402067279
5010.02 4.75759557553
5012.76 4.22382493196
5015.49 3.65198353801
5018.23 3.49345942989
5020.97 3.41466545883
5023.7 3.54463650416
5026.44 3.60330290638
5029.18 3.64714668038
5031.91 3.60704757035
5034.65 3.63013966484
5037.39 3.48472188062
5040.13 3.46053759247
5042.86 3.51015439009
5045.6 3.51452316473
5048.34 3.66228136393
5051.07 3.7532454929
5053.81 3.6221822539
5056.55 3.74263561165
5059.28 3.80270626285
5062.02 3.82408205302
5064.76 3.78585527498
5067.49 3.53075004194
5070.23 3.57287751161
5072.97 3.64449421006
5075.7 3.52388482466
5078.44 3.55181377678
5081.18 3.57084915196
5083.91 3.49736012153
5086.65 3.56882079231
5089.39 3.62389855822
5092.12 3.61469292596
5094.86 3.61640923028
5097.6 3.52778551629
5100.33 3.62873541585
5103.07 3.52404085232
5105.81 3.4305802807
5108.54 3.51436713706
5111.28 3.61968581126
5114.02 3.65401189766
5116.75 3.50890616877
5119.49 3.49642395553
5122.23 3.57038106897
5124.96 3.54260814451
5127.7 3.51015439009
5130.44 3.6443381824
5133.17 3.58972849948
5135.91 3.56148749203
5138.65 3.43260864036
5141.38 3.36473660588
5144.12 3.46459431178
5146.86 3.4653744501
5149.59 3.40826832454
5152.33 3.3790911511
5155.07 3.59503344011
5157.8 3.5137430264
5160.54 3.53309045692
5163.28 3.45023976655
5166.01 3.35755933326
5168.75 3.17797149031
5171.49 3.2656590383
5174.22 3.34913383933
5176.96 3.30700636965
5179.7 3.24319105447
5182.43 3.18780123323
5185.17 3.24553146946
5187.91 3.29904895871
5190.64 3.36567277187
5193.38 3.36832524218
5196.12 3.55509035775
5198.85 3.55509035775
5201.59 3.50094875783
5204.33 3.50188492382
5207.06 3.3099708953
5209.8 3.31839638923
5212.54 3.39500597298
5215.27 3.45835320516
5218.01 3.5182678287
5220.75 3.59752988276
5223.49 3.55930310472
5226.22 3.36067988657
5228.96 3.33368710045
5231.7 3.41747395681
5234.43 3.46709075442
5237.17 3.5535300811
5239.91 3.59035261015
5242.64 3.61016812366
5245.38 3.58816822283
5248.12 3.52138838201
5250.85 3.48846654459
5253.59 3.37831101277
5256.33 3.56351585169
5259.06 3.58036683956
5261.8 3.44696318558
5264.54 3.39797049862
5267.27 3.22415567929
5270.01 3.18327643093
5272.75 3.39469391765
5275.48 3.51249480508
5278.22 3.49018284891
5280.96 3.49876437052
5283.69 3.51686357971
5286.43 3.59128877614
5289.17 3.73670656036
5291.9 3.81550053142
5294.64 3.70269252929
5297.38 3.52029618835
5300.11 3.58863630583
5302.85 3.58692000151
5305.59 3.61796950693
5308.32 3.62046594958
5311.06 3.7094017189
5313.8 3.76104687617
5316.53 3.66587000023
5319.27 3.63840913111
5322.01 3.58395547586
5324.74 3.50079273017
5327.48 3.54338828284
5330.22 3.435573166
5332.95 3.41466545883
5335.69 3.5752179266
5338.43 3.60002632541
5341.16 3.66134519794
5343.9 3.63544460547
5346.64 3.58036683956
5349.37 3.62842336052
5352.11 3.63388432881
5354.85 3.75308946523
5357.58 3.81347217177
5360.32 3.82798274466
5363.06 3.65026723369
5365.79 3.54151595085
5368.53 3.53480676124
5371.27 3.56913284764
5374.0 3.52575715664
5376.74 3.56133146437
5379.48 3.66118917027
5382.21 3.66665013856
5384.95 3.5394875912
5387.69 3.51358699874
5390.42 3.64059351843
5393.16 3.69847978232
5395.9 3.54135992319
5398.63 3.4265235614
5401.37 3.41076476719
5404.11 3.32120488721
5406.85 3.33041051947
5409.58 3.34398492637
5412.32 3.44134618962
5415.06 3.4925232639
5417.79 3.6221822539
5420.53 3.66493383424
5423.27 3.60018235307
5426.0 3.65760053396
5428.74 3.53808334221
5431.48 3.48987079358
5434.21 3.33602751543
5436.95 3.47676446968
5439.69 3.67429549417
5442.42 3.69598333967
5445.16 3.66290547459
5447.9 3.55821091106
5450.63 3.47364391637
5453.37 3.41060873952
5456.11 3.51592741372
5458.84 3.54994144479
5461.58 3.52045221602
5464.32 3.54650883615
5467.05 3.38002731709
5469.79 3.52310468633
5472.53 3.52965784828
5475.26 3.48362968696
5478.0 3.5394875912
5480.74 3.52201249267
5483.47 3.51296288807
5486.21 3.53605498256
5488.95 3.48316160397
5491.68 3.53293442925
5494.42 3.54572869782
5497.16 3.59097672081
5499.89 3.64589845905
5502.63 3.56554421134
5505.37 3.55493433008
5508.1 3.7094017189
5510.84 3.65853669996
5513.58 3.54838116813
5516.31 3.70300458462
5519.05 3.64262187808
5521.79 3.37753087444
5524.52 3.45164401554
5527.26 3.35194233731
5530.0 3.32682188317
5532.73 3.43042425304
5535.47 3.46740280976
5538.21 3.45944539882
5540.94 3.69863580998
5543.68 3.51889193936
5546.42 3.72718887276
5549.15 3.63544460547
5551.89 3.53075004194
5554.63 3.7089336359
5557.36 3.695827312
5560.1 3.37519045946
5562.84 3.70784144225
5565.57 3.60377098938
5568.31 3.56554421134
5571.05 3.32198502554
5573.78 3.51655152438
5576.52 3.60891990234
5579.26 3.68194084978
5581.99 3.61126031732
5584.73 3.4920551809
5587.47 3.56476407301
5590.2 3.46303403512
5592.94 3.42621150607
5595.68 3.32198502554
5598.42 3.66867849821
5601.15 3.49174312557
5603.89 3.4839417423
5606.63 3.57506189893
5609.36 3.54728897448
5612.1 3.52606921197
5614.84 3.42355903576
5617.57 3.45195607087
5620.31 3.47145952906
5623.05 3.56897681998
5625.78 3.60595537669
5628.52 3.6352885778
5631.26 3.65323175933
5633.99 3.71314638287
5636.73 3.66852247055
5639.47 3.58535972485
5642.2 3.71455063186
5644.94 3.67897632413
5647.68 3.6836571541
5650.41 3.69832375465
5653.15 3.63435241181
5655.89 3.67741604748
5658.62 3.53168620793
5661.36 3.50609767079
5664.1 3.46209786913
5666.83 3.55181377678
5669.57 3.43884974697
5672.31 3.48628215728
5675.04 3.50750191978
5677.78 3.69769964399
5680.52 3.55509035775
5683.25 3.58457958652
5685.99 3.33321901745
5688.73 3.54432444883
5691.46 3.58099095022
5694.2 3.50765794745
5696.94 3.56772859865
5699.67 3.55930310472
5702.41 3.2878149668
5705.15 3.37253798915
5707.88 3.28625469014
5710.62 3.28485044115
5713.36 3.65198353801
5716.09 3.47926091233
5718.83 3.49892039818
5721.57 3.61438087063
5724.3 3.5530619981
5727.04 3.55243788744
5729.78 3.60392701704
5732.51 3.42106259311
5735.25 3.56273571336
5737.99 3.58083492255
5740.72 3.52435290765
5743.46 3.56023927071
5746.2 3.42574342307
5748.93 3.41997039945
5751.67 3.51811180103
5754.41 3.55867899406
5757.14 3.58582780785
5759.88 3.50391328348
5762.62 3.59940221474
5765.35 3.54650883615
5768.09 3.65182751034
5770.83 3.42917603172
5773.56 3.43682138732
5776.3 3.565700239
5779.04 3.71907543416
5781.78 3.52591318431
5784.51 3.43042425304
5787.25 3.38345992573
5789.99 3.41450943116
5792.72 3.3740982658
5795.46 3.57396970527
5798.2 3.6615012256
5800.93 3.71813926817
5803.67 3.53215429093
5806.41 3.63263610749
5809.14 3.61656525795
5811.88 3.51998413302
5814.62 3.68412523709
5817.35 3.7613589315
5820.09 3.77103264676
5822.83 3.74185547332
5825.56 3.61578511962
5828.3 3.73639450503
5831.04 3.79896159888
5833.77 3.65916081062
5836.51 3.67850824114
5839.25 3.52762948863
5841.98 3.38860883869
5844.72 3.58099095022
5847.46 3.51046644543
5850.19 3.59472138478
5852.93 3.42168670377
5855.67 3.59815399342
5858.4 3.43120439137
5861.14 3.42449520175
5863.88 3.66774233222
5866.61 3.14068087826
5869.35 3.17360271567
5872.09 3.49299134689
5874.82 3.478480774
5877.56 3.30201348436
5880.3 3.29670854373
5883.03 3.99118768274
5885.77 3.93408155718
5888.51 3.71767118517
5891.24 3.65884875529
5893.98 3.5011047855
5896.72 3.3311906578
5899.45 3.46880705874
5902.19 3.47005528007
5904.93 3.435573166
5907.66 3.50375725581
5910.4 3.46319006279
5913.14 3.37815498511
5915.87 3.40702010322
5918.61 3.59316110813
5921.35 3.39656624963
5924.08 3.40249530092
5926.82 3.33774381975
5929.56 3.41232504384
5932.29 3.45538867951
5935.03 3.47660844202
5937.77 3.41123285019
5940.5 3.50375725581
5943.24 3.43136041903
5945.98 3.49564381721
5948.71 3.6402814631
5951.45 3.49439559588
5954.19 3.27377247691
5956.92 3.3352473771
5959.66 3.48378571463
5962.4 3.45507662418
5965.14 3.37269401681
5967.87 3.45694895617
5970.61 3.50750191978
5973.35 3.45819717749
5976.08 3.46709075442
5978.82 3.38174362141
5981.56 3.44493482593
5984.29 3.38252375974
5987.03 3.32588571717
5989.77 3.47614035902
5992.5 3.47192761205
5995.24 3.46006950948
5997.98 3.38985706002
6000.71 3.50843808577
6003.45 3.53106209727
6006.19 3.43697741499
6008.92 3.3655167442
6011.66 3.37784292978
6014.4 3.43666535966
6017.13 3.40280735625
6019.87 3.3352473771
6022.61 3.37160182316
6025.34 3.42589945074
6028.08 3.46319006279
6030.82 3.54011170187
6033.55 3.51202672208
6036.29 3.49845231518
6039.03 3.52435290765
6041.76 3.41856615046
6044.5 3.55181377678
6047.24 3.48019707832
6049.97 3.43947385764
6052.71 3.42231081443
6055.45 3.41029668419
6058.18 3.44836743457
6060.92 3.38548828538
6063.66 3.48206941031
6066.39 3.35677919494
6069.13 3.4961119002
6071.87 3.64074954609
6074.6 3.48004105066
6077.34 3.34273670504
6080.08 3.28360221983
6082.81 3.33415518344
6085.55 3.45117593255
6088.29 3.38642445138
6091.02 3.50687780912
6093.76 3.4310483637
6096.5 3.49751614919
6099.23 3.36036783124
6101.97 3.42995617004
6104.71 3.43026822537
6107.44 3.37082168483
6110.18 3.50547356013
6112.92 3.44555893659
6115.65 3.19451042285
6118.39 3.42589945074
6121.13 3.38658047904
6123.86 3.44758729624
6126.6 3.35412672462
6129.34 3.46880705874
6132.07 3.61141634499
6134.81 3.38970103235
6137.55 3.03676645306
6140.28 3.20636852542
6143.02 3.42964411471
6145.76 3.49189915323
6148.5 3.3176162509
6151.23 3.19997139114
6153.97 3.32338927453
6156.71 3.24147475015
6159.44 3.26253848499
6162.18 3.11103562182
6164.92 3.08279461437
6167.65 3.03988700637
6170.39 3.2530207974
6173.13 3.26550301064
6175.86 3.27143206192
6178.6 3.20418413811
6181.34 3.41528956949
6184.07 3.35069411598
6186.81 3.27985755586
6189.55 3.33103463013
6192.28 3.1874891779
6195.02 3.03224165076
6197.76 3.30029718004
6200.49 3.38876486636
6203.23 3.49470765121
6205.97 3.4305802807
6208.7 3.17656724132
6211.44 3.11275192614
6214.18 3.35553097361
6216.91 3.20902099574
6219.65 3.29499223941
6222.39 3.56413996235
6225.12 3.5535300811
6227.86 3.35833947159
6230.6 3.32416941285
6233.33 3.13209935666
6236.07 3.15378720216
6238.81 3.15378720216
6241.54 3.21042524473
6244.28 3.21073730006
6247.02 3.38205567674
6249.75 3.20480824877
6252.49 3.12429797339
6255.23 3.09605696594
6257.96 3.32448146818
6260.7 3.35553097361
6263.44 3.20761674675
6266.17 3.26487889997
6268.91 3.35381466929
6271.65 3.21713443434
6274.38 3.11571645178
6277.12 3.35615508428
6279.86 3.23195706256
6282.59 3.15659570014
6285.33 3.17656724132
6288.07 3.34414095403
6290.8 3.29577237774
6293.54 3.37768690211
6296.28 3.43744549799
6299.01 3.4134172375
6301.75 3.51467919239
6304.49 3.36489263354
6307.22 3.23180103489
6309.96 3.19076575888
6312.7 3.25785765503
6315.43 3.19965933581
6318.17 3.1228937244
6320.91 3.27346042158
6323.64 3.44961565589
6326.38 3.19185795253
6329.12 3.33946012407
6331.86 3.34211259438
6334.59 3.08778749967
6337.33 3.20824085741
6340.07 3.24194283315
6342.8 3.32697791083
6345.54 3.392197475
6348.28 3.16876585804
6351.01 3.2358577542
6353.75 3.28391427516
6356.49 3.09714915959
6359.22 3.19591467184
6361.96 3.15690775547
6364.7 3.14582979122
6367.43 3.27548878123
6370.17 3.31777227857
6372.91 3.25614135071
6375.64 3.15175884251
6378.38 3.35131822665
6381.12 2.97841210617
6383.85 3.19700686549
6386.59 3.36520468887
6389.33 3.32026872122
6392.06 3.09090805297
6394.8 3.25520518472
6397.54 3.19669481016
6400.27 3.23180103489
6403.01 3.30029718004
6405.75 3.22509184528
6408.48 3.26222642966
6411.22 3.32385735752
6413.96 3.21026921706
6416.69 3.16658147073
6419.43 3.218226628
6422.17 3.46896308641
6424.9 3.25910587635
6427.64 3.27704905788
6430.38 3.23570172653
6433.11 3.3872045897
6435.85 3.31324747627
6438.59 3.21011318939
6441.32 3.32760202149
6444.06 3.23663789252
6446.8 3.35989974825
6449.53 3.18265232027
6452.27 3.24787188444
6455.01 3.28921921579
6457.74 3.19263809086
6460.48 3.18187218194
6463.22 3.34070834539
6465.95 3.32807010449
6468.69 3.24241091615
6471.43 3.26550301064
6474.16 3.28625469014
6476.9 3.08482297402
6479.64 3.13412771631
6482.37 3.23117692423
6485.11 3.24677969078
6487.85 3.28984332645
6490.58 3.23024075824
6493.32 3.17329066034
6496.06 3.10666684719
6498.79 2.9963552877
6501.53 3.06001457521
6504.27 3.20324797211
6507.0 3.31231131028
6509.74 3.27907741753
6512.48 3.28875113279
6515.21 3.3099708953
6517.95 3.26846753628
6520.69 3.29436812875
6523.43 3.29904895871
6526.16 3.31059500596
6528.9 3.18982959288
6531.64 3.24147475015
6534.37 3.31621200191
6537.11 3.22446773462
6539.85 3.38408403639
6542.58 3.76900428711
6545.32 4.66709952956
6548.06 4.96308401096
6550.79 4.83124063364
6553.53 4.93499903117
6556.27 6.06963221448
6559.0 10.4730449894
6561.74 16.7183643552
6564.48 17.7777922037
6567.21 12.1590799425
6569.95 6.07150454646
6572.69 3.78413897066
6575.42 3.56195557503
6578.16 4.58939775216
6580.9 6.93293328753
6583.63 8.75518039256
6586.37 7.74209276066
6589.11 5.27186276092
6591.84 3.66165725327
6594.58 3.33821190275
6597.32 3.37347415514
6600.05 3.28547455182
6602.79 3.16892188571
6605.53 3.16845380271
6608.26 3.13475182697
6611.0 3.04940469396
6613.74 3.12148947541
6616.47 3.29452415641
6619.21 3.19700686549
6621.95 3.33649559843
6624.68 3.17656724132
6627.42 3.18982959288
6630.16 3.29702059906
6632.89 3.26066615301
6635.63 3.20527633176
6638.37 3.18499273525
6641.1 3.19404233985
6643.84 3.20184372312
6646.58 3.14146101659
6649.31 3.00961763926
6652.05 3.00134817299
6654.79 3.12866674802
6657.52 2.98449718512
6660.26 2.98465321279
6663.0 3.12882277568
6665.73 3.0618869072
6668.47 3.17251052202
6671.21 3.27002781294
6673.94 3.20948907873
6676.68 3.22462376228
6679.42 3.18124807128
6682.15 3.15160281484
6684.89 3.22072307065
6687.63 3.17235449435
6690.36 3.12944688635
6693.1 3.12741852669
6695.84 3.10807109618
6698.57 3.17126230069
6701.31 3.28921921579
6704.05 3.21697840668
6706.79 3.26191437433
6709.52 3.42137464844
6712.26 4.01693224754
6715.0 5.16061503544
6717.73 5.4884291606
6720.47 4.79332591093
6723.21 3.96856367125
6725.94 3.79537296258
6728.68 4.34146979172
6731.42 4.76305654382
6734.15 4.66429103158
6736.89 3.79552899024
6739.63 3.18249629261
6742.36 3.15113473185
6745.1 2.98168868715
6747.84 2.99307870672
6750.57 2.86092327407
6753.31 3.04503591933
6756.05 3.20215577846
6758.78 3.24833996743
6761.52 2.93175983419
6764.26 3.03832672971
6766.99 3.04581605765
6769.73 2.90819965671
6772.47 2.95578809468
6775.2 3.10573068119
6777.94 3.14099293359
6780.68 3.10323423855
6783.41 3.12866674802
6786.15 3.05205716427
6788.89 2.9873056831
6791.62 3.03848275738
6794.36 3.33384312811
6806.08 3.10292218322
6821.77 3.087631472
6837.49 3.11540439645
6853.26 3.1143122028
6869.06 2.99385884505
6884.89 3.02756082079
6900.76 3.04768838964
6916.67 3.04675222365
6932.61 3.03177356776
6948.6 3.07296487145
6964.61 3.06500746051
6980.67 3.08529105702
6996.76 3.04191536602
7012.89 2.97185894422
7029.06 3.04706427898
7045.26 2.99058226408
7061.5 2.96905044624
7077.78 2.96811428025
7094.09 2.89961813511
7110.45 2.89868196911
7126.84 2.87122109999
7143.27 2.87683809595
7159.74 2.88261111957
7176.24 2.8354907646
7192.78 2.65761922596
7209.36 2.7437464973
7225.99 2.89212880717
7242.64 2.81239867011
7259.34 2.77932080503
7276.07 2.93628463649
7292.85 2.86841260201
7309.66 2.84781695017
7326.51 2.90648335239
7343.4 2.95953275865
7360.33 2.91116418235
7377.29 2.957504399
7394.3 2.85608641644
7411.34 2.99666734303
7428.43 2.9005543011
7445.56 2.97404333154
7462.72 2.98668157244
7479.92 2.92442653392
7497.17 2.93706477482
7514.45 2.93597258116
7531.77 2.92832722555
7549.13 2.98168868715
7566.54 2.90617129706
7583.98 2.92520667224
7601.46 2.8576466931
7618.98 2.82394471735
7636.55 2.88214303658
7654.15 2.82846951965
7671.8 2.65106606401
7689.48 2.74951952092
7707.21 2.65527881098
7724.98 2.69740628066
7742.78 2.73407278204
7760.63 2.6832077631
7778.52 2.66370430492
7796.45 2.63234274416
7814.42 2.69272545069
7832.44 2.74811527194
7850.5 2.72814373076
7868.59 2.75248404657
7886.73 2.69506586568
7904.91 2.62064066925
7923.13 2.58974719148
7941.4 2.5828819742
7959.71 2.61783217127
7978.06 2.64108029342
7996.45 2.60987476033
8014.88 2.64513701273
8033.36 2.57211606528
8051.88 2.64934975969
8070.43 2.67290993718
8089.04 2.6050379027
8107.69 2.58022950389
8126.38 2.62110875224
8145.11 2.62017258625
8163.89 2.56556290333
8182.71 2.65465470032
8201.57 2.51672624404
8220.48 2.58631458284
8239.43 2.31482644492
8258.42 2.6750943245
8277.46 2.68024323746
8296.54 2.50049936683
8315.67 2.49379017722
8334.84 2.49285401123
8354.05 2.52655598697
8373.31 2.4965986752
8392.61 2.42763444706
8411.96 2.54699561114
8431.35 2.52265529533
8450.78 2.46414492078
8470.27 2.50908088843
8489.79 2.45665559284
8509.36 2.1436640959
8528.98 2.44901023723
8548.64 1.93115441553
8568.35 2.45837189716
8588.1 2.48583276628
8607.9 2.31903919189
8627.74 2.44979037556
8647.63 2.4658612251
8667.56 2.13196202099
8687.54 2.33136537746
8707.57 2.36288296589
8727.65 2.43371952601
8747.76 2.39923741194
8767.93 2.37084037683
8788.14 2.42513800441
8808.4 2.45213079054
8828.71 2.42310964476
8849.06 2.33994689906
8869.46 2.17783415464
8889.9 2.26895431128
8910.39 2.33698237342
8930.94 2.31997535788
8951.52 2.29251448876
8972.16 2.19842980648
8992.85 2.32777674116
9013.57 2.18142279095
9034.35 2.08234522337
9055.18 2.42872664072
9076.05 2.38893958602
9096.98 2.07017506547
9117.94 2.23275589289
9138.97 2.15599028147
9160.03 2.20529502376
9181.15 2.11963583542
9202.32 2.22370628829
9223.53 2.12759324636
9244.79 2.14147970859
9266.1 2.17533771199
9287.46 2.1346144913
9308.87 2.00979235893
9330.33 2.25397565539
9351.84 2.24789057644
9373.4 2.21606093268
9395.0 2.23556439086
9416.66 2.19374897652
9438.37 2.24383385713
9460.13 2.21216024104
9481.94 2.24180549748
9503.8 2.19484117018
9525.7 2.18376320593
9547.66 2.09420332595
9569.67 2.17190510335
9591.73 2.21637298801
9613.84 2.19000431255
9636.01 2.19406103185
9658.22 2.17284126935
9680.48 2.16191933276
9702.8 2.15599028147
9725.17 2.13523860197
9747.58 2.12447269305
9770.06 2.12837338469
9792.58 2.10294087521
9815.15 2.13617476796
9837.78 2.11557911612
9860.46 2.11947980775
9883.19 2.09904018358
9905.97 2.0835934447
9928.81 2.09233099396
9951.69 2.09607565793
9974.63 2.09030263431
9997.63 2.07969275306
10020.67 2.05488435425
10066.93 2.02009018485
10113.4 2.05566449258
10183.5 2.03382061941
10230.51 2.03194828743
10277.72 2.02991992777
10301.42 2.01494127189
10492.93 1.93879977114
10688.02 1.84549522719
10911.82 1.76248850916
11089.12 1.69477250234
11295.28 1.65233297733
11505.28 1.63345362981
11692.23 1.58165244488
11909.6 1.52445270272
12103.11 1.48975214991
12299.77 1.45918633025
12499.63 1.41290852467
12702.73 1.37756825844
12909.13 1.34002800213
13088.71 1.31253592747
13301.39 1.27090774633
13486.43 1.24198021715
13705.57 1.21370800416
13896.23 1.1698018191
14089.55 1.11973254125
14285.55 1.09929291707
14484.29 1.09929291707
14685.79 1.06197109949
14890.09 1.06687036819
15097.23 1.06687036819
15307.24 1.07674691941
15484.49 1.06442073384
15699.9 1.04259246344
15918.31 1.00257136725
16102.64 1.00257136725
16289.11 0.995659341668
16515.69 0.977497721407
16706.94 0.966294935027
16900.4 0.948663808828
17096.11 0.927069579927
17294.05 0.889435707016
17494.32 0.86320745645
17696.89 0.828163642785
17901.82 0.796365204563
18109.12 0.758778139951
18318.8 0.738088871509
18488.3 0.713030828435
18702.39 0.680951540414
18918.94 0.662384248223
19094.01 0.650292104149
19315.11 0.628214189485
19493.81 0.602719268947
19719.55 0.58359027716
19902.02 0.566380425659
20086.16 0.554771967348
20318.75 0.535939428125
20506.76 0.527373509291
20696.5 0.512987758535
20888.01 0.500162284433
21081.29 0.491034666003
21276.34 0.47875528873
21522.72 0.467848954914
21721.87 0.451980941336
21922.85 0.443727077832
22074.82 0.431634933758
22279.06 0.418903076256
22485.22 0.408418017136
22693.26 0.397293244588
22903.25 0.358192711621
23115.18 0.35490052788
23275.39 0.31269504437
23490.77 0.294517821343
23708.11 0.297934827216
23927.49 0.274234224831
24093.33 0.265527881098
24316.28 0.262485341621
24484.81 0.244963434789
24711.38 0.241047140386
24882.66 0.20659623185
25112.91 0.204224611335
25287.0 0.205176380094
25520.96 0.203288445342
25697.88 0.20564446309
25875.99 0.201431716123
26115.43 0.20049555013
26296.44 0.195034581838
26478.73 0.193240263685
26723.72 0.189277160983
26908.98 0.186250224272
27095.49 0.183706973325
27283.32 0.179931103821
27472.43 0.176654522846
27726.64 0.172629009077
27918.82 0.170647457725
28112.36 0.167152438019
28307.21 0.164484364939
28503.41 0.161098564599
28701.0 0.15743191446
28899.93 0.155278732676
29100.28 0.152445270272
29301.98 0.149318475855
29505.1 0.14659267254
29709.61 0.143916798077
29915.56 0.140964754646
30122.91 0.138711715157
30331.73 0.135865770539
30471.73 0.13431173499
30682.93 0.132469048261
30895.64 0.130350192564
31109.78 0.128265662954
31325.44 0.126505670887
31470.02 0.124770643247
31688.14 0.122775049406
31907.82 0.121650089938
32128.97 0.120258323162
32277.3 0.119980593917
32501.02 0.121091510895
32726.33 0.127090774633
32877.37 0.14659267254
33105.25 0.144915375136
33334.74 0.121370800416
33488.6 0.111715808477
33720.75 0.10693356053
33876.39 0.103541519083
34111.19 0.100951459836
34268.67 0.099108773107
34506.19 0.0970757326259
34665.45 0.0950848196145
34905.76 0.0933497919745
35066.87 0.0916459698675
35309.96 0.0897658364986
35472.93 0.0881275460112
35718.8 0.0865189007802
35883.7 0.0849399008056
36132.41 0.083582460116
36299.18 0.0820565095477
36466.76 0.0805586439592
36719.52 0.0790888633505
36888.99 0.0774661756296
37059.29 0.0760525649804
37316.16 0.0748371094664
37488.43 0.0731332873594
37661.46 0.0722954187959
37922.49 0.070975424746
38097.57 0.0696803951226
38273.4 0.0685663575911
38538.68 0.0674710433795
38716.6 0.0662384248223
38895.29 0.0650292104149
39074.81 0.0639900661628
39255.2 0.0629665246774
39527.29 0.0618181610595
39709.73 0.0608289456604
39893.05 0.0595822846133
40077.17 0.0586289555773
40262.15 0.0578238528234
40541.25 0.0567691058049
40728.37 0.0559905277542
40916.35 0.0550949289544
41105.24 0.0543397550535
41294.96 0.0534706809568
41485.55 0.05261564935
41677.08 0.0517746602331
41869.43 0.0510631740786
42062.68 0.0502471493882
42256.82 0.0496714073026
42451.9 0.0488772264854
42746.14 0.0482078678005
42943.48 0.0465711375897
43141.69 0.0449890170618
43340.8 0.0448860388026
43540.84 0.043361648511
43741.85 0.0424722908178
43943.74 0.0418903076256
44146.56 0.040654568515
44350.36 0.0401896060719
44452.59 0.0396388284128
44657.77 0.0386464924604
44863.88 0.0385575566911
45071.0 0.0379412474125
45279.02 0.0372484845778
45488.01 0.0369925992065
45698.0 0.0366540191724
45908.92 0.0357365764994
46120.81 0.0357365764994
46333.73 0.0352466496298
46547.58 0.0348425379763
46654.88 0.0346833897575
46870.21 0.0342855192105
47086.59 0.0338938897702
47303.91 0.0338158759375
47522.24 0.0332744599383
47741.63 0.03304509927
47851.68 0.032742405599
48072.54 0.0322930459225
48294.41 0.0322930459225
48517.37 0.0318499273525
48741.3 0.031486382892
48853.65 0.031269504437
49079.13 0.0309824135325
49305.71 0.0307686556308
49533.28 0.0304160331069
49647.46 0.0303473809341
49876.6 0.0300556091996
50106.86 0.029958872047
50338.12 0.0298621348944
50454.16 0.02957504399
50687.03 0.0295485192868
50803.92 0.029534476797
50921.02 0.0294533424109
51038.4 0.029439299921
51156.05 0.0292910736388
51273.97 0.0292785914256
51392.16 0.0291974570395
51510.68 0.0291834145496
51629.41 0.0291709323364
51748.42 0.0292255420193
51867.71 0.0291444076333
51987.26 0.0290648335239
52107.1 0.029050791034
52227.21 0.0289712169246
52347.65 0.0288916428152
52468.32 0.0289462524981
52589.26 0.0289322100082
52710.48 0.0289868196911
52831.99 0.0289743374779
52953.77 0.0288276714724
53075.89 0.0288151892591
53198.23 0.0288027070459
53320.86 0.0288557564522
53443.77 0.0288432742389
53566.96 0.0288978839218
53690.43 0.0288838414319
53814.19 0.0289384511149
53938.3 0.0289259689016
54062.63 0.0289805785845
54187.25 0.0289680963713
54312.15 0.0289540538814
54437.35 0.0290086635643
54562.83 0.0290632732472
54688.6 0.0291178829301
54814.72 0.0291054007169
54941.07 0.0291600103998
55067.72 0.0292146200827
55194.65 0.0293363216618
55321.88 0.0295266754137
55449.4 0.0295141932004
55577.27 0.02957036316
55705.38 0.0296936250157
55833.79 0.0298184471481
55962.49 0.0298746171077
56091.49 0.0300680914129
56220.78 0.0301944738219
56350.38 0.0302522040581
56480.33 0.0305190113661
56610.52 0.0307171665012
56741.01 0.0308466694636
56871.8 0.031047945152
57002.9 0.0312492208405
57134.29 0.0315253898084
57266.05 0.0318764520557
57398.06 0.0320855291274
57530.36 0.0323679392019
57662.98 0.0327299233858
57795.89 0.033095028123
57929.12 0.0335412672462
58062.65 0.0339937474761
58196.55 0.0343728947032
58330.69 0.0348378571463
58465.15 0.0353886348054
58599.92 0.0360330290638
58734.99 0.0366867849821
58870.38 0.0374403986064
59267.13 0.0315456734049
59575.48 0.0557299615528
59883.83 0.0419854845015
60192.2 0.0482094280771
60500.55 0.0758528495686
60808.9 0.0429715793473
61117.27 0.0649340335389
61425.62 0.0800063060234
61733.97 0.140232984895
62042.33 0.176607714546
62350.69 0.176810550511
62659.04 0.149861452131
62967.4 0.107972704782
63275.76 0.103527476593
63584.12 0.109774824319
63892.48 0.0820705520376
64200.83 0.0629415602509
64509.19 0.0632785800083
64817.54 0.0546876967475
65125.9 0.0656673635667
65434.26 0.0607166057413
65742.61 0.0467833352147
66050.97 0.0583652688226
66359.34 0.0601517855923
66667.68 0.0440887374321
66976.04 0.0461311395731
67284.4 0.0665270760034
67592.76 0.0575227194291
67901.12 0.0627777312021
68209.47 0.0487290002032
68517.83 0.0492438914992
68826.19 0.0494748124441
69134.54 0.0537265663282
69442.9 0.0795522655169
69751.26 0.0816726814906
70059.61 0.0800827595795
70367.97 0.0464993648636
70676.33 0.042882643578
70984.68 0.0714357063591
71293.05 0.072453006738
71601.39 0.063623401149
71909.76 0.0771712833418
72218.11 0.0884427218954
72526.46 0.0827789176388
72834.83 0.0774895797794
73143.18 0.0742488851675
73451.54 0.0741864741014
73759.9 0.0968557336176
74068.25 0.105568318457
74376.61 0.141982055025
74684.96 0.156589365066
74973.14 0.136157542273
74993.33 0.144136797085
75301.69 0.173034681007
75591.07 0.160536865003
75610.04 0.163204938082
76209.02 0.168369453809
76826.96 0.166075847127
77444.9 0.142297230909
78062.84 0.142470421618
78680.79 0.133601809113
79298.73 0.11615947639
79916.67 0.103285633712
80534.62 0.0749322863423
81152.56 0.0664553032773
81770.5 0.0648669416428
82388.45 0.0640899238688
83006.38 0.0677378506875
83624.34 0.0752334197367
84242.28 0.0683120324964
84860.22 0.0677113259843
85478.16 0.0776643307647
86096.11 0.0715168407452
86714.04 0.0689423842649
87331.99 0.0572715148877
87949.93 0.0436534202454
88567.87 0.0390849302004
89185.81 0.0315113473185
89803.76 0.0311197178781
90421.69 0.0289712169246
91039.65 0.0244261310294
91657.59 0.0260784640068
92275.53 0.0269147722937
92893.48 0.0264638523405
93511.42 0.0176654522846
94129.35 0.0173050283774
94747.29 0.0199731014569
95365.25 0.0268742051007
95983.18 0.0232606043684
96601.12 0.0266838513488
97219.08 0.0190228929742
97837.02 0.0210200470922
98454.96 0.020957636026
99072.9 0.0173159503139
99690.8 0.0151427969893
100308.8 0.0185407674879
100926.7 0.0207766439341
101544.7 0.0152295483713
102162.6 0.0157197872962
102780.6 0.0149725708062
103398.51 0.0163064513183
104016.41 0.0196922516591
104634.4 0.0204848721997
105252.3 0.0232122357921
105870.31 0.0250674047345
106488.21 0.0249956320084
107106.11 0.0221122407505
107724.11 0.0233745045642
108342.01 0.0287761823428
108960.01 0.0280553345283
109577.91 0.0347567227603
110195.91 0.0424254825181
110813.81 0.0398073382915
111431.71 0.062755887329
112049.71 0.0925852564137
112667.61 0.0992148719195
113285.61 0.0787939710627
113903.51 0.0636764505553
114521.51 0.0519681345383
115139.41 0.0415236426117
115757.31 0.0385669183511
116375.32 0.0394734390874
116993.22 0.0363263610749
117611.21 0.0328843907746
118229.11 0.0351296288807
118847.12 0.0375059302259
119465.02 0.0382969904898
120082.91 0.0394063471913
120700.92 0.0413613738396
121318.82 0.0391270576701
121936.81 0.0350828205811
122554.71 0.0364340201641
123172.63 0.0413176860933
123790.62 0.036610331426
124408.52 0.040966623846
125026.52 0.041142935108
125644.43 0.0432430674852
126262.42 0.0458955377982
126880.33 0.0515874270346
127498.23 0.0636218408723
128116.23 0.0928988720213
128734.12 0.0639869456095
129352.12 0.0319622672717
129970.02 0.0321885073866
130587.92 0.0295126329238
131205.92 0.0289493730514
131823.83 0.0288978839218
132441.83 0.0254996013679
133059.72 0.0241811675947
133677.72 0.0267743473948
134295.63 0.0264310865307
134913.54 0.0244074077096
135531.54 0.0265980361328
136149.43 0.0290991596103
136767.43 0.0277105133876
137385.33 0.0274686705061
138003.33 0.0260878256667
138621.23 0.0275154788058
139239.13 0.0262906616318
139857.13 0.0285343394613
140475.04 0.0270848424491
141093.03 0.0236413118721
141710.93 0.0230172012102
142328.93 0.0246679739109
142946.84 0.0246804561242
143564.73 0.022570962087
144182.75 0.0233276962645
144714.46 0.0226427348131
145626.92 0.0221543682202
146539.49 0.0215552219848
147451.97 0.0211713939277
148364.43 0.0202055826785
149276.91 0.0232044344088
150189.48 0.0204723899864
151101.96 0.0216566399673
152014.42 0.0209030263431
152926.99 0.0211620322678
153839.47 0.0203834542171
154751.93 0.025178184377
155664.4 0.0278993068628
156576.98 0.0246523711444
157489.45 0.0230078395503
158401.91 0.0239143602867
159314.48 0.0211916775242
160226.96 0.0247912357666
161139.42 0.0264295262541
162051.99 0.0242623019807
162964.47 0.0280007248454
163876.93 0.0332151694254
164789.41 0.0357006901364
165702.0 0.0313490785464
166614.44 0.0312133344774
167526.92 0.0332760202149
168439.4 0.0332089283188
169351.97 0.0339032514301
170264.44 0.0383578412793
171176.92 0.0375074905025
172089.49 0.0348737435094
173001.95 0.0339391377932
173914.43 0.0344930360056
174827.0 0.0317282257735
175739.46 0.0309948957458
176651.94 0.0300072406233
177564.4 0.0336317632922
178476.97 0.0312226961373
179389.45 0.0304862455563
180301.91 0.0303021329111
181214.48 0.0281941991506
182126.96 0.0288354728556
183039.42 0.0304394372567
183951.99 0.0304175933835
184864.46 0.0299760350902
185776.94 0.0330653828666
186689.4 0.0570000267498
187601.97 0.0639635414597
188514.45 0.0368381318176
189426.91 0.0315597158948
190339.5 0.0314567376356
191251.98 0.0301944738219
192164.42 0.030704684288
193076.9 0.029832489638
193989.48 0.030352061764
194901.95 0.0310869520684
195814.42 0.0308513502935
196726.99 0.0283315034962
197639.45 0.0303707850839
198551.93 0.0332120488721
199464.41 0.0324709174611
200376.98 0.0313459579931
201289.44 0.0316486516641
202201.92 0.0313022702467
203114.49 0.0338564431305
204209.27 0.0310089382356
205966.05 0.0340623996489
207723.91 0.0344072207896
209482.67 0.032268081496
211242.52 0.0346849500341
213003.38 0.0324365913747
214765.33 0.0309434066162
216528.16 0.0342106259311
218292.1 0.0349065093191
220057.05 0.0338580034071
221823.07 0.0321385785337
223590.1 0.033790911511
225358.11 0.0339500597298
227127.21 0.0339750241562
228897.32 0.0332760202149
230668.43 0.0347504816536
232440.62 0.0343806960865
234213.83 0.0352669332263
235988.11 0.0349065093191
237763.49 0.0331309144861
239539.87 0.033176162509
241317.24 0.0335896358225
243095.72 0.0341216901618
244875.17 0.0347255172272
246655.84 0.0340545982656
248437.4 0.0339812652629
250220.03 0.0347473611003
252003.77 0.0330825459098
253788.61 0.0335974372058
255574.44 0.0338439609173
257361.36 0.0335178630964
259149.39 0.0363903324177
260938.5 0.0355290597043
262728.62 0.0344353057694
264519.8 0.0341092079486
266312.13 0.034441546876
268105.4 0.0344290646628
269899.91 0.0344665113025
271695.38 0.0345523265185
273491.97 0.0341716190147
275289.65 0.0341060873952
277088.42 0.0340655202022
278888.28 0.0349501970654
280689.22 0.0352872168229
282491.29 0.0353402662291
284294.44 0.0348877859993
286098.68 0.0343838166398
287904.01 0.0344836743457
289710.43 0.0352263660333
291517.97 0.0351046644543
293326.6 0.035480691128
295136.31 0.0345460854119
296947.21 0.0345180004321
298759.23 0.0344399865994
300572.21 0.0350079273017
302386.4 0.0350672178145
304201.69 0.0351233877741
306018.18 0.0355602652374
307835.67 0.0346865103108
309654.34 0.0360408304471
311474.2 0.0353714717622
313295.08 0.0357381367761
315117.14 0.0357584203726
316940.35 0.0355431021942
318764.59 0.0359378521879
320590.04 0.0375137316091
322416.71 0.0385138689448
324244.4 0.0372328818113
326073.21 0.0378507513665
327903.26 0.037310895644
329734.47 0.0379225240927
331566.76 0.0399976920434
333400.18 0.0501488519589
335234.77 0.0648669416428
337070.58 0.0460827709968
338907.54 0.0405157038928
340745.61 0.0369286278636
342584.81 0.036610331426
344425.25 0.0406764123882
346266.85 0.0458612117118
348109.59 0.0602937707678
