102.06 2.64406684568e-10
103.96 3.7347127945e-10
105.89 5.33668818748e-10
108.11 7.74934064423e-10
110.12 1.25393870267e-09
113.98 2.29759122011e-09
117.99 3.9198873695e-09
121.02 1.70322928122e-08
124.98 2.63190130674e-08
127.01 3.15684969492e-08
127.89 3.51777862671e-08
130.87 4.52143558914e-08
132.08 5.61391175178e-08
133.92 6.55055059042e-08
137.04 9.51199804486e-08
139.91 1.1837715345e-07
142.84 3.8305298711e-07
146.84 1.17833472285e-06
150.96 1.46645882537e-06
154.83 1.83769616736e-06
159.17 2.29228898301e-06
162.12 2.68083261159e-06
165.9 3.32856681534e-06
170.16 4.02054912974e-06
172.92 4.6374388476e-06
176.95 5.52428510429e-06
179.82 6.27009723701e-06
181.91 6.84338480204e-06
186.14 8.04029081221e-06
190.92 9.75611627091e-06
194.02 1.10221935976e-05
198.08 1.26844583871e-05
202.23 1.46645882537e-05
205.04 1.62657561994e-05
209.82 1.82924488589e-05
216.2 2.30819569432e-05
220.22 2.61981651253e-05
222.77 2.82660375958e-05
226.91 3.20099014594e-05
230.06 5.19134767803e-05
233.8 9.38146073546e-05
239.8 0.000127137956381
245.95 0.000132518246721
252.26 0.000153912908009
256.95 0.000140369325722
259.92 0.000167599139315
264.15 0.000185467947504
269.06 0.000197821890807
274.06 0.000210025110618
279.16 0.000222981947886
283.69 0.00023619447679
290.3 0.000241141437093
295.7 0.000261378757288
301.19 0.000273078668298
308.21 0.000295310383261
318.31 0.000329815296799
327.98 0.000358318185595
337.95 0.000384829371114
348.22 0.000410452364631
357.15 0.000434783442508
366.31 0.000461617606937
374.84 0.000483364853535
385.34 0.000492354433193
395.23 0.000532430732926
405.37 0.000560099259539
413.85 0.000578455227583
421.55 0.000590566936704
430.38 0.000605720030559
441.42 0.000631343024075
450.66 0.000646065479384
460.1 0.000658069528867
469.73 0.000673411027086
479.57 0.000693866358045
489.61 0.000698657211875
499.86 0.000721561799566
505.65 0.000721561799566
511.5 0.000762553206211
519.81 0.000774934064423
529.48 0.000780317046254
540.56 0.000774934064423
550.61 0.000792993968467
559.56 0.000826556860184
569.96 0.000855598047164
580.56 0.000853633258796
589.99 0.000885662000691
599.58 0.000879579231222
609.32 0.000824645901634
620.65 0.000946839589203
629.29 0.00095779395723
639.51 0.000977845564551
649.9 0.00100524494207
657.43 0.00101455750064
665.04 0.00104777049854
674.29 0.0010623583793
685.25 0.00104537507162
694.78 0.00115416513443
704.45 0.00111756085798
715.89 0.00122820804952
725.85 0.00125972540814
734.26 0.00129202329913
744.47 0.00136229812694
754.83 0.00141340953942
765.33 0.00139403080483
774.19 0.00154623461611
784.96 0.00159320113259
795.88 0.00167214256114
805.1 0.00174290185731
814.42 0.00180413327564
825.75 0.00193319026505
835.31 0.00167986714007
844.98 0.00204303000931
854.77 0.00210509578983
864.66 0.00225046321418
874.68 0.00240032542836
884.81 0.00257793691388
895.05 0.00272432710478
905.42 0.00274316754119
915.9 0.00392903843861
924.37 0.0228176525353
935.08 0.049690305284
945.91 0.095779395723
954.66 0.140369325722
965.71 0.151450193821
974.65 0.0237284530611
985.93 0.11702333352
995.06 0.134671439454
1004.26 0.215413475431
1015.89 0.215413475431
1025.29 0.0966648962342
1034.78 0.14430159395
1044.35 0.300801024729
1054.02 0.298028789086
1066.22 0.225046321418
1076.09 0.279430586859
1086.04 0.211481207203
1096.09 0.302873472734
1106.24 0.293264850165
1113.9 0.279430586859
1124.21 0.249040962931
1134.61 0.337486045909
1145.11 0.304972835648
1155.71 0.333637213899
1163.72 0.345372114291
1174.49 0.227651684624
1185.35 0.339827643005
1196.32 0.218912413621
1204.61 0.150755789165
1215.76 0.116218577736
1224.19 0.238379967414
1235.51 0.37955404892
1244.08 0.42197194575
1255.59 0.399282677331
1264.29 0.338266578274
1275.99 0.46054101057
1284.84 0.490093580824
1293.74 0.368357446711
1305.71 0.364993083066
1314.76 0.483364853535
1323.88 0.462667288394
1336.13 0.399282677331
1345.39 0.501505502306
1354.71 0.48670230227
1364.1 0.427839395946
1373.56 0.45736505129
1386.27 0.464793566217
1395.88 0.400197784242
1405.55 0.417127262102
1415.3 0.431795887592
1425.11 0.451093877457
1434.99 0.450071110909
1441.61 0.481130916075
1448.26 0.492354433193
1454.95 0.476716870973
1465.03 0.436802060695
1475.19 0.43981653052
1485.41 0.454216006919
1495.71 0.46694675895
1506.08 0.43981653052
1513.03 0.385717563116
1516.52 0.42003407229
1523.52 0.404827148617
1534.08 0.345372114291
1544.71 0.387493947121
1555.42 0.367523084527
1566.2 0.377804579824
1573.43 0.406711192258
1584.34 0.434783442508
1595.32 0.444903448351
1606.38 0.43981653052
1613.79 0.443880681803
1624.98 0.419065135561
1636.24 0.452143558914
1643.79 0.462667288394
1655.19 0.425874607577
1666.66 0.471280059324
1670.51 0.411394386451
1678.22 0.477820382249
1685.96 0.504977525587
1693.74 0.47235665569
1705.48 0.454216006919
1713.36 0.427839395946
1725.23 0.427839395946
1733.2 0.462667288394
1745.21 0.453193240371
1753.27 0.490093580824
1765.42 0.445926214899
1773.57 0.458441647656
1785.86 0.471280059324
1794.1 0.50966071978
1806.54 0.507319122684
1814.88 0.464793566217
1823.26 0.478923893524
1835.89 0.459491329113
1844.37 0.42100300902
1852.88 0.423909819209
1865.73 0.440839297068
1874.34 0.483364853535
1882.99 0.442857915255
1896.04 0.427839395946
1904.79 0.456315369833
1913.59 0.438793763972
1926.85 0.431795887592
1935.74 0.445926214899
1944.68 0.470176548048
1953.65 0.43981653052
1967.2 0.488963154639
1976.28 0.503820184493
1985.4 0.477820382249
1994.56 0.464793566217
2003.77 0.481130916075
2013.02 0.464793566217
2026.97 0.488963154639
2036.33 0.46374388476
2045.73 0.48670230227
2055.17 0.458441647656
2064.66 0.462667288394
2074.19 0.504977525587
2078.97 0.48670230227
2083.76 0.510818060874
2093.38 0.483364853535
2103.04 0.485598790995
2112.75 0.494615285562
2127.39 0.500348161212
2137.21 0.464793566217
2147.08 0.482261342259
2156.99 0.5026628434
2166.94 0.485598790995
2176.95 0.483364853535
2186.99 0.480027404799
2197.09 0.503820184493
2207.23 0.490093580824
2217.42 0.462667288394
2222.53 0.451093877457
2232.79 0.488963154639
2243.1 0.468023355316
2253.45 0.442857915255
2263.85 0.454216006919
2274.3 0.470203462957
2284.8 0.489016984458
2295.34 0.457472710927
2305.94 0.464955055672
2316.58 0.439978019975
2327.27 0.343945624106
2332.64 0.403185339159
2343.41 0.388624373305
2354.22 0.430100248315
2365.09 0.387790011121
2376.01 0.403319913704
2386.97 0.369541702714
2392.48 0.397829272237
2403.52 0.382595433654
2414.61 0.396079803141
2425.76 0.430342482497
2436.96 0.415754601735
2442.57 0.443476958165
2453.85 0.441485254888
2465.17 0.433464611959
2476.55 0.41685811301
2482.26 0.41782704974
2493.72 0.389081926761
2505.23 0.45192823964
2511.01 0.387359372575
2516.79 0.396375867142
2522.6 0.382945327473
2534.24 0.397344803872
2545.94 0.391934907131
2557.69 0.436775145786
2563.58 0.416185240281
2575.42 0.445980044717
2587.3 0.436882805422
2593.27 0.427947055582
2605.24 0.411555875906
2617.27 0.40315842425
2623.3 0.431015355226
2635.41 0.468292504407
2647.57 0.52306434454
2653.68 0.561794898816
2665.92 0.477120594611
2672.07 0.508907102324
2684.4 0.518434980165
2696.79 0.478331765523
2703.01 0.506700079773
2715.49 0.464309097852
2728.02 0.45480813492
2734.31 0.485141237539
2746.93 0.401705019155
2753.26 0.421622051931
2765.97 0.449748131999
2772.35 0.473137188055
2785.14 0.426601310125
2798.0 0.335790406632
2804.45 0.361494144876
2817.4 0.463609310214
2823.89 0.514236254337
2836.92 0.497979649207
2843.46 0.472302825872
2856.59 0.430800035953
2863.17 0.521557109627
2876.39 0.546184251505
2883.02 0.531327221651
2896.33 0.545026910411
2909.7 0.622945572418
2929.87 0.58685267924
2950.17 0.572264798477
2970.62 0.593823640712
2991.22 0.596676621082
3011.95 0.609272798567
3032.83 0.616405249493
3046.83 0.622191954962
3067.95 0.638260155728
3089.21 0.64426218047
3110.63 0.663963893972
3132.19 0.64746505466
3146.64 0.650506439394
3168.46 0.667328257617
3190.42 0.617185781859
3212.53 0.656885272864
3227.36 0.601925028368
3249.73 0.689613802398
3272.26 0.742474683981
3287.36 0.732381593047
3310.15 0.725787440304
3325.43 0.725868185031
3333.1 0.758381395292
3340.78 0.694889124593
3348.48 0.796062268111
3356.2 0.760265438933
3363.94 0.622299614599
3371.69 0.651663780488
3379.46 0.763925866578
3387.25 0.753482881826
3395.06 0.716313392281
3402.89 0.820581750352
3410.73 0.716394137008
3418.6 0.709880728993
3426.48 0.748530538541
3434.38 0.807662593957
3442.29 0.705116790072
3450.23 0.738383617789
3458.18 0.752164051277
3466.15 0.730039995951
3474.14 0.775122468787
3482.15 0.741990215616
3490.18 0.777006512428
3498.22 0.700568170425
3506.29 0.798861418663
3514.37 0.730309145042
3522.47 0.797138864477
3530.59 0.720377543564
3538.73 0.80276408049
3546.89 0.823407815813
3555.07 0.827256647823
3563.26 0.797381098659
3571.48 0.712356900635
3579.71 0.728990314494
3587.96 0.636429941906
3596.23 0.756443521833
3604.52 0.812480362696
3612.83 0.702802107885
3617.78 0.77504172406
3620.5 0.709907643902
3623.21 0.691928484586
3625.92 0.760319268751
3628.63 0.784300452809
3631.34 0.783789069535
3634.05 0.778836726251
3636.76 0.857670495169
3639.48 0.815360257976
3642.19 0.765163952399
3644.9 0.751921817095
3647.61 0.847173680598
3650.32 0.850188150424
3653.03 0.79194428701
3655.74 0.80978887178
3658.45 0.846097084232
3661.17 0.806316848499
3663.88 0.867925075557
3666.59 0.860119751902
3669.3 0.87548816503
3672.01 0.79288630883
3674.72 0.708804132626
3677.43 0.735315318145
3680.15 0.783035452079
3682.86 0.786668964815
3685.57 0.641759093919
3688.28 0.668485598711
3690.99 0.876726250852
3693.7 0.851210916971
3696.41 0.710042218448
3699.12 0.780720769892
3701.84 0.789118221548
3704.55 0.829382925646
3707.26 0.850107405696
3709.97 0.870428162109
3712.68 0.861357837723
3715.39 0.964818748519
3718.1 0.852583577338
3720.82 0.980294821284
3723.53 1.08308285935
3726.24 1.29019308531
3728.95 1.49175883998
3731.66 1.25453083068
3734.37 1.12423575545
3737.08 0.961965768149
3739.79 0.937500115726
3742.51 0.77821768334
3745.22 0.847308255144
3747.93 0.701833171155
3750.64 0.754774797465
3753.35 0.732408507956
3756.06 0.918713509135
3758.77 0.863860924275
3761.48 0.906682544742
3764.2 0.846662297324
3766.91 0.928645110614
3769.62 0.91473010258
3772.33 0.901918605822
3775.04 0.972005029264
3777.75 1.05291124619
3780.46 1.01340015955
3783.18 1.12700799109
3785.89 1.02570027303
3788.6 1.05772901493
3791.31 0.959947149962
3794.02 0.901461052366
3796.73 0.845881764959
3799.44 0.836407716936
3802.15 0.958628319414
3804.87 0.987884825666
3807.58 1.0464785829
3810.29 1.15456885807
3813.0 1.09619042011
3815.71 1.03851176979
3818.42 1.05091954291
3821.13 1.04572496544
3823.85 0.908620418202
3826.56 0.918094466224
3829.27 0.838372505304
3831.98 0.802198867398
3834.69 0.743712769802
3837.4 0.747803835994
3840.11 0.807393444865
3842.82 0.906897864016
3845.54 0.998004831509
3848.25 1.07815743098
3850.96 1.09172254519
3853.67 1.09540988774
3856.38 1.10832904414
3859.09 1.11659192125
3861.8 1.13233714311
3864.51 1.16778407847
3867.23 1.21773814986
3869.94 1.13177193001
3872.65 1.11425032415
3875.36 1.03444761851
3878.07 0.99221812604
3880.78 0.970820773261
3883.49 0.921082021141
3886.21 0.946543525202
3888.92 0.956017573225
3891.63 0.923423618237
3894.34 1.02058644029
3897.05 1.00546026135
3899.76 1.00745196462
3902.47 1.12305149945
3905.18 1.09516765356
3907.9 1.16388141664
3910.61 1.16953354756
3913.32 1.22309421678
3916.03 1.2475329543
3918.74 1.2696031798
3921.45 1.16703046101
3924.16 1.06192774075
3926.88 0.982501843835
3929.59 0.956394381954
3932.3 0.857105282077
3935.01 0.835681014388
3937.72 0.888595725789
3940.43 0.935723731722
3943.14 1.04432539017
3945.85 1.10103510376
3948.57 1.11602670816
3951.28 1.12434341509
3953.99 1.14853991842
3956.7 1.12797692782
3959.41 1.12361671254
3962.12 1.05597954583
3964.83 0.902376159277
3967.54 0.796815885567
3970.26 0.769658742228
3972.97 0.807420359774
3975.68 0.887115405786
3978.39 1.07708083461
3981.1 1.20831793165
3983.81 1.24360337756
3986.52 1.30733788244
3989.24 1.32359448757
3991.95 1.36727738513
3994.66 1.31710799446
3997.37 1.36679291677
4000.08 1.40878017505
4002.79 1.37002270586
4005.5 1.40436612995
4008.21 1.40770357868
4010.93 1.45004073079
4013.64 1.45119807188
4016.35 1.5050548051
4019.06 1.50720799783
4021.77 1.50527012437
4024.48 1.45862658681
4027.19 1.39174303755
4029.91 1.45316286025
4032.62 1.462125525
4035.33 1.52273790042
4038.04 1.44783370824
4040.75 1.44242381149
4043.46 1.4509558377
4046.17 1.38985899391
4048.88 1.4189270958
4051.6 1.43359572129
4054.31 1.44767221878
4057.02 1.44581509005
4059.73 1.39720676411
4062.44 1.37505579388
4065.15 1.37115313205
4067.86 1.41233294306
4070.58 1.38961675973
4073.29 1.35349695164
4076.0 1.3451533298
4078.71 1.3301617254
4081.42 1.38950910009
4084.13 1.42592497218
4086.84 1.42880486746
4089.55 1.42724380273
4092.27 1.3686500455
4094.98 1.2957644715
4097.69 1.21068644366
4100.4 1.17383993303
4103.11 1.20137388509
4105.82 1.25410019213
4108.53 1.2584334925
4111.24 1.26422019797
4113.96 1.29231936313
4116.67 1.29086595804
4119.38 1.30130894279
4122.09 1.32321767884
4124.8 1.37152994078
4127.51 1.45803445881
4130.22 1.41515900852
4132.94 1.44958317733
4135.65 1.44611115405
4138.36 1.46417105809
4141.07 1.427163058
4143.78 1.41184847469
4146.49 1.40258974594
4149.2 1.40880708996
4151.91 1.39639931684
4154.63 1.44153561949
4157.34 1.43076965583
4160.05 1.45370115843
4162.76 1.44317742895
4165.47 1.44113189586
4168.18 1.43090423038
4170.89 1.45423945661
4173.61 1.41042198451
4176.32 1.38469133135
4179.03 1.4045276194
4181.74 1.39559186956
4184.45 1.41645092416
4187.16 1.42361028999
4189.87 1.4012709154
4192.58 1.38915920627
4195.3 1.39637240193
4198.01 1.40135166012
4200.72 1.35920291238
4203.43 1.39101633501
4206.14 1.4356681693
4208.85 1.42764752637
4211.56 1.46613584646
4214.27 1.47054989156
4216.99 1.45254381734
4219.7 1.41233294306
4222.41 1.36644302295
4225.12 1.40213219249
4227.83 1.39790655175
4230.54 1.35731886874
4233.25 1.37739739097
4235.97 1.44500764277
4238.68 1.45929945954
4241.39 1.50578150765
4244.1 1.48468021887
4246.81 1.48492245305
4249.52 1.462125525
4252.23 1.48250011123
4254.94 1.45458935043
4257.66 1.41970762817
4260.37 1.43259986965
4263.08 1.51689736513
4265.79 1.53393450263
4268.5 1.50559310328
4271.21 1.44352732277
4273.92 1.44099732131
4276.64 1.44062051258
4279.35 1.50796161529
4282.06 1.50365522983
4284.77 1.42880486746
4287.48 1.46691637883
4290.19 1.45106349733
4292.9 1.44885647478
4295.61 1.39273888919
4298.33 1.3110521399
4301.04 1.31920735738
4303.75 1.22904241171
4306.46 1.24602571938
4309.17 1.24333422847
4311.88 1.30782235081
4314.59 1.35672674074
4317.3 1.43809051112
4320.02 1.49280852144
4322.73 1.45994541736
4325.44 1.46468244137
4328.15 1.41036815469
4330.86 1.42649018527
4333.57 1.40888783469
4336.28 1.41330187979
4339.0 1.38014271171
4341.71 1.33285321632
4344.42 1.37790877425
4347.13 1.42234528926
4349.84 1.42770135619
4352.55 1.44635338823
4355.26 1.42977380419
4357.97 1.50362831492
4360.69 1.55923451723
4363.4 1.575302718
4366.11 1.58609559657
4368.82 1.58321570129
4371.53 1.52018098405
4374.24 1.51813545095
4376.95 1.51167587275
4379.67 1.53484960954
4382.38 1.45940711917
4385.09 1.46446712209
4387.8 1.43564125439
4390.51 1.43994763985
4393.22 1.49628054472
4395.93 1.55315174776
4398.64 1.53740652591
4401.36 1.5606071776
4404.07 1.57129239653
4406.78 1.56152228451
4409.49 1.57331101472
4412.2 1.56480590343
4414.91 1.61707465701
4417.62 1.61432933628
4420.33 1.60348262789
4423.05 1.61965848829
4425.76 1.6279213654
4428.47 1.61973923302
4431.18 1.60622794862
4433.89 1.61782827447
4436.6 1.58900240676
4439.31 1.60297124461
4442.03 1.66137659748
4444.74 1.69537012774
4447.45 1.69203267901
4450.16 1.67795618152
4452.87 1.61327965482
4455.58 1.67712181934
4458.29 1.62525678939
4461.0 1.6152713581
4463.72 1.58437304238
4466.43 1.61206848391
4469.14 1.64355892762
4471.85 1.65962712838
4474.56 1.69911130012
4477.27 1.69176352992
4479.98 1.71819397071
4482.7 1.7372766413
4485.41 1.69275938156
4488.12 1.6678900055
4490.83 1.68831842155
4493.54 1.69426661647
4496.25 1.72355003763
4498.96 1.71528716052
4501.67 1.75859324935
4504.39 1.80451008437
4507.1 1.78308581668
4509.81 1.79266752434
4512.52 1.79643561163
4515.23 1.82208552005
4517.94 1.78779592579
4520.65 1.78946465015
4523.37 1.77907549522
4526.08 1.73587706602
4528.79 1.6676208564
4531.5 1.64708478072
4534.21 1.66296457712
4536.92 1.65919648984
4539.63 1.67873671389
4542.34 1.73977972785
4545.06 1.74774654096
4547.77 1.71014641287
4550.48 1.70586694231
4553.19 1.72180056854
4555.9 1.72594546455
4558.61 1.71033481723
4561.32 1.77719145158
4564.03 1.76849793592
4566.75 1.8160565804
4569.46 1.82674179934
4572.17 1.81078125821
4574.88 1.80093040145
4577.59 1.79339422689
4580.3 1.76968219192
4583.01 1.78844188361
4585.73 1.77633017449
4588.44 1.76540272137
4591.15 1.77576496139
4593.86 1.78933007561
4596.57 1.79409401453
4599.28 1.7466699446
4601.99 1.71275715906
4604.7 1.77296581084
4607.42 1.79083731052
4610.13 1.8339819099
4612.84 1.83756159282
4615.55 1.81707934695
4618.26 1.84297148956
4620.97 1.84445180956
4623.68 1.82563828806
4626.4 1.85920117978
4629.11 1.83505850626
4631.82 1.81387647276
4634.53 1.79511678108
4637.24 1.8181021135
4639.95 1.80004220945
4642.66 1.76381474173
4645.37 1.74952292497
4648.09 1.71394141506
4650.8 1.71997035471
4653.51 1.75544420498
4656.22 1.77404240721
4658.93 1.77727219631
4661.64 1.78526592433
4664.35 1.76209218754
4667.06 1.73455823548
4669.78 1.73496195911
4672.49 1.72882535983
4675.2 1.7381648333
4677.91 1.71079237069
4680.62 1.74588941223
4683.33 1.77258900211
4686.04 1.76106942099
4688.76 1.74734281732
4691.47 1.7287446151
4694.18 1.72301173945
4696.89 1.71873226889
4699.6 1.72136992999
4702.31 1.74841941369
4705.02 1.72441131472
4707.73 1.70452119686
4710.45 1.72451897436
4713.16 1.71014641287
4715.87 1.74753122169
4718.58 1.79821199563
4721.29 1.81896339059
4724.0 1.80612497892
4726.71 1.80574817019
4729.43 1.78868411779
4732.14 1.7422828144
4734.85 1.75326409734
4737.56 1.80289518982
4740.27 1.82297371205
4742.98 1.78763443633
4745.69 1.8142801964
4748.4 1.77821421813
4751.12 1.84025308373
4753.83 1.82103583859
4756.54 1.80736306474
4759.25 1.79740454835
4761.96 1.77003208574
4764.67 1.75035728715
4767.38 1.74618547623
4770.09 1.7613923999
4772.81 1.76115016572
4775.52 1.79395943998
4778.23 1.79648944144
4780.94 1.81288062112
4783.65 1.85266085685
4786.36 1.81567977167
4789.07 1.83137116371
4791.79 1.85772085977
4794.5 1.8404414881
4797.21 1.85244553758
4799.92 1.82991775862
4802.63 1.81885573095
4805.34 1.81336508948
4808.05 1.79479380217
4810.76 1.83118275935
4813.48 1.80128029527
4816.19 1.81952860368
4818.9 1.85785543432
4821.61 1.84450563938
4824.32 1.78935699052
4827.03 1.83640425172
4829.74 1.80679785165
4832.46 1.77929081449
4835.17 1.76658697737
4837.88 1.75848558972
4840.59 1.76987059629
4843.3 1.75530963043
4846.01 1.68872214518
4848.72 1.69698502229
4851.43 1.7419867504
4854.15 1.67951724625
4856.86 1.68597682445
4859.57 1.75081484061
4862.28 1.80808976729
4864.99 1.7960588029
4867.7 1.76472984864
4870.41 1.69475108483
4873.13 1.6096999719
4875.84 1.61303742064
4878.55 1.65946563893
4881.26 1.67932884189
4883.97 1.67798309643
4886.68 1.69857300193
4889.39 1.67814458588
4892.1 1.72839472128
4894.82 1.77218527848
4897.53 1.79250603489
4900.24 1.82612275642
4902.95 1.84025308373
4905.66 1.8254767986
4908.37 1.83290531353
4911.08 1.77934464431
4913.79 1.79473997235
4916.51 1.73956440858
4919.22 1.75996590972
4921.93 1.67068915605
4924.64 1.73361621365
4927.35 1.75837793008
4930.06 1.79218305598
4932.77 1.79538593017
4935.49 1.81175019494
4938.2 1.76860559556
4940.91 1.81078125821
4943.62 1.82827594916
4946.33 1.8777724671
4949.04 1.8460397892
4951.75 1.84049531791
4954.46 1.89287173113
4957.18 1.86253862851
4959.89 1.82919105607
4962.6 1.79517061089
4965.31 1.77600719558
4968.02 1.79172550252
4970.73 1.81242306766
4973.44 1.80946242766
4976.16 1.75218750097
4978.87 1.75057260642
4981.58 1.74457058168
4984.29 1.71927056707
4987.0 1.71216503106
4989.71 1.7016951314
4992.42 1.74693909369
4995.13 1.69337842447
4997.85 1.76965527701
5000.56 1.77417698175
5003.27 1.76120399554
5005.98 1.80564051056
5008.69 1.798992528
5011.4 1.77794506904
5014.11 1.76421846537
5016.82 1.76012739917
5019.54 1.65122967673
5022.25 1.67593756333
5024.96 1.64269765053
5027.67 1.71496418161
5030.38 1.70764332632
5033.09 1.73154376565
5035.8 1.71181513724
5038.52 1.70207194012
5041.23 1.68091682153
5043.94 1.69609683029
5046.65 1.72782950819
5049.36 1.75829718535
5052.07 1.76674846683
5054.78 1.77345027921
5057.49 1.8245886066
5060.21 1.81923253968
5062.92 1.7940132698
5065.63 1.7731273003
5068.34 1.74274036786
5071.05 1.78838805379
5073.76 1.76731367992
5076.47 1.69547778738
5079.19 1.68158969426
5081.9 1.74599707187
5084.61 1.70374066449
5087.32 1.7093389656
5090.03 1.68325841862
5092.74 1.75409845952
5095.45 1.78844188361
5098.16 1.78593879705
5100.88 1.74570100787
5103.59 1.71512567106
5106.3 1.75808186608
5109.01 1.76429921009
5111.72 1.75649388644
5114.43 1.7502227126
5117.14 1.80596348947
5119.85 1.73229738311
5122.57 1.72217737726
5125.28 1.69927278957
5127.99 1.69265172192
5130.7 1.68783395318
5133.41 1.69353991392
5136.12 1.71797865144
5138.83 1.71159981797
5141.55 1.69254406228
5144.26 1.70508640995
5146.97 1.67405351969
5149.68 1.65087978291
5152.39 1.64363967235
5155.1 1.71168056269
5157.81 1.75337175698
5160.52 1.72987504128
5163.24 1.69458959538
5165.95 1.6041285857
5168.66 1.54677291429
5171.37 1.54564248811
5174.08 1.46454786682
5176.79 1.51931970695
5179.5 1.54919525612
5182.22 1.5667706918
5184.93 1.59129017404
5187.64 1.61462540028
5190.35 1.63004764322
5193.06 1.68010937425
5195.77 1.72290407981
5198.48 1.72621461364
5201.19 1.762253677
5203.91 1.75627856716
5206.62 1.71827471544
5209.33 1.74182526095
5212.04 1.69122523173
5214.75 1.69063310373
5217.46 1.73046716928
5220.17 1.73832632276
5222.89 1.77662623849
5225.6 1.72974046674
5228.31 1.72276950527
5231.02 1.73679217294
5233.73 1.75092250024
5236.44 1.76233442172
5239.15 1.85096521758
5241.86 1.87020937762
5244.58 1.85807075359
5247.29 1.84953872739
5250.0 1.82776456588
5252.71 1.80442933964
5255.42 1.81939402914
5258.13 1.80442933964
5260.84 1.74354781513
5263.55 1.75162228788
5266.27 1.70893524196
5268.98 1.66342213058
5271.69 1.66078446948
5274.4 1.72562248564
5277.11 1.77374634321
5279.82 1.79875029381
5282.53 1.89604769041
5285.25 1.91125461409
5287.96 1.9012960977
5290.67 1.90756727153
5293.38 1.88242874638
5296.09 1.89879301115
5298.8 1.91962515083
5301.51 1.93738899088
5304.22 1.9321674985
5306.94 1.95181538218
5309.65 1.96357719748
5312.36 1.97017135023
5315.07 1.95254208473
5317.78 1.96726454004
5320.49 1.89327545477
5323.2 1.86272703288
5325.92 1.77918315486
5328.63 1.81594892076
5331.34 1.81934019932
5334.05 1.85621362486
5336.76 1.83952638118
5339.47 1.85519085831
5342.18 1.87524246563
5344.89 1.87833768019
5347.61 1.9209978112
5350.32 1.86151586196
5353.03 1.93047185922
5355.74 1.98594348699
5358.45 1.98058742007
5361.16 1.99294136337
5363.87 1.92837249631
5366.58 1.88140597983
5369.3 1.85564841177
5372.01 1.86030469105
5374.72 1.85188032449
5377.43 1.88409747075
5380.14 1.91426908391
5382.85 1.92366238721
5385.56 1.91601855301
5388.28 1.86654894998
5390.99 1.86848682344
5393.7 1.87979108528
5396.41 1.8557291565
5399.12 1.84657808738
5401.83 1.82259690333
5404.54 1.83274382408
5407.25 1.81815594331
5409.97 1.82606892661
5412.68 1.82795297025
5415.39 1.87198576163
5418.1 1.93106398722
5420.81 1.911873657
5423.52 1.92177834357
5426.23 1.89986960751
5428.95 1.83530074045
5431.66 1.86700650343
5434.37 1.86536469397
5437.08 1.87952193619
5439.79 1.92861473049
5442.5 1.93534345778
5445.21 1.97560816188
5447.92 1.92586940976
5450.64 1.89451354059
5453.35 1.8913106664
5456.06 1.87306235799
5458.77 1.88754257912
5461.48 1.89222577331
5464.19 1.90904759153
5466.9 1.92708058067
5469.61 1.88915747367
5472.33 1.86356139506
5475.04 1.83831521027
5477.75 1.79584348362
5480.46 1.79883103854
5483.17 1.85177266485
5485.88 1.83998393464
5488.59 1.87080150562
5491.31 1.90137684243
5494.02 1.85018468521
5496.73 1.88608917402
5499.44 1.88294012965
5502.15 1.86264628815
5504.86 1.83462786772
5507.57 1.84038765828
5510.28 1.8137149833
5513.0 1.83710403936
5515.71 1.84119510555
5518.42 1.86420735288
5521.13 1.89168747513
5523.84 1.90048865042
5526.55 1.87903746783
5529.26 1.91932908683
5531.98 1.91973281047
5534.69 1.89238726277
5537.4 1.89343694422
5540.11 1.9271613254
5542.82 1.92761887885
5545.53 1.92880313486
5548.24 1.93316335014
5550.95 1.98500146517
5553.67 1.99275295901
5556.38 1.9771423117
5559.09 1.9433371858
5561.8 1.94826261418
5564.51 1.95975528038
5567.22 1.92172451375
5569.93 1.89569779659
5572.64 1.94688995381
5575.36 1.91857546938
5578.07 1.9080517399
5580.78 1.89580545623
5583.49 1.88826928167
5586.2 1.85702107214
5588.91 1.84889276957
5591.62 1.81915179495
5594.34 1.83497776154
5597.05 1.88506640748
5599.76 1.86186575578
5602.47 1.87917204237
5605.18 1.89577854132
5607.89 1.94080718434
5610.6 1.92167068393
5613.31 1.9168798301
5616.03 1.9324635625
5618.74 1.85761320014
5621.45 1.87494640163
5624.16 1.89324853986
5626.87 1.87871448892
5629.58 1.91612621264
5632.29 1.89295247586
5635.01 1.94479059089
5637.72 1.94812803963
5640.43 1.93609707524
5643.14 1.90140375733
5645.85 1.91908685265
5648.56 1.93321717996
5651.27 1.88557779075
5653.98 1.90239960897
5656.7 1.9415877167
5659.41 1.87034395217
5662.12 1.87276629399
5664.83 1.90770184608
5667.54 1.89416364677
5670.25 1.950684956
5672.96 2.02895351183
5675.68 1.98989997864
5678.39 1.97052124405
5681.1 1.91830632028
5683.81 1.91058174136
5686.52 1.89069162349
5689.23 1.87365448599
5691.94 1.95181538218
5694.65 1.94828952908
5697.37 1.93644696906
5700.08 1.89209119877
5702.79 1.89623609478
5705.5 1.89448662568
5708.21 1.86571458779
5710.92 1.87823002055
5713.63 1.86415352306
5716.34 1.89782407442
5719.06 2.00596817941
5721.77 1.99867423902
5724.48 1.95020048763
5727.19 1.97447773569
5729.9 1.99366806592
5732.61 1.98812359464
5735.32 1.99937402666
5738.04 2.0018501983
5740.75 1.97189390441
5743.46 1.94401005853
5746.17 1.97703465206
5748.88 1.9753928426
5751.59 1.96505751749
5754.3 1.99851274957
5757.01 1.97765369497
5759.73 1.9748007146
5762.44 1.91696057483
5765.15 1.93232898795
5767.86 1.97396635242
5770.57 1.97294358587
5773.28 1.93550494724
5775.99 1.93302877559
5778.71 1.94915080618
5781.42 1.92401228103
5784.13 1.88915747367
5786.84 1.88810779221
5789.55 1.85992788232
5792.26 1.90993578354
5794.97 1.90899376172
5797.68 1.98327891099
5800.4 1.96721071022
5803.11 1.98101805862
5805.82 2.00279222013
5808.53 2.00351892267
5811.24 1.96712996549
5813.95 2.02120201799
5816.66 1.94880091236
5819.37 1.99813594084
5822.09 1.96457304912
5824.8 2.02483553072
5827.51 2.01880659107
5830.22 2.01172796997
5832.93 2.05904438026
5835.64 1.99189168192
5838.35 1.94247590871
5841.07 1.98704699827
5843.78 1.91857546938
5846.49 2.01110892705
5849.2 1.98844657355
5851.91 1.96904092404
5854.62 1.90845546353
5857.33 1.89559013696
5860.04 1.95636400183
5862.76 1.9333517545
5865.47 1.875726934
5868.18 1.9374697356
5870.89 1.96761443386
5873.6 1.94546346362
5876.31 1.91574940391
5879.02 1.93671611815
5881.74 1.88030246856
5884.45 1.85048074921
5887.16 1.7731273003
5889.87 1.62391104393
5892.58 1.55342089685
5895.29 1.6041016708
5898.0 1.60606645916
5900.71 1.67066224114
5903.43 1.76319569882
5906.14 1.77953304868
5908.85 1.85860905178
5911.56 1.89031481476
5914.27 1.90665216462
5916.98 1.87688427509
5919.69 1.91620695737
5922.4 1.88662747221
5925.12 1.88129832019
5927.83 1.92401228103
5930.54 1.91577631882
5933.25 1.88829619658
5935.96 1.90369152461
5938.67 1.91561482937
5941.38 1.97515060842
5944.1 1.93903080033
5946.81 1.93962292834
5949.52 1.93313643523
5952.23 1.90716354789
5954.94 1.91537259519
5957.65 1.93757739524
5960.36 1.94366016471
5963.07 1.9830366768
5965.79 1.94484442071
5968.5 1.93523579814
5971.21 1.94255665343
5973.92 1.93590867087
5976.63 1.90896684681
5979.34 1.91448440318
5982.05 1.96018591893
5984.77 1.94610942144
5987.48 1.9171758941
5990.19 1.91413450937
5992.9 1.95160006291
5995.61 1.9268652614
5998.32 1.92298951448
6001.03 1.93437452105
6003.74 1.92734972976
6006.46 1.93017579522
6009.17 1.90032716097
6011.88 1.91378461555
6014.59 1.91117386936
6017.3 1.90993578354
6020.01 1.91181982718
6022.72 1.89809322351
6025.44 1.92831866649
6028.15 1.94177612107
6030.86 1.94056495016
6033.57 1.98268678299
6036.28 2.04192649804
6038.99 1.98177167607
6041.7 1.94444069707
6044.41 1.96581113494
6047.13 1.95321495746
6049.84 1.97437007606
6052.55 1.96734528477
6055.26 1.98249837862
6057.97 1.97886486589
6060.68 1.93884239597
6063.39 1.92156302429
6066.1 1.9545068731
6068.82 1.97138252114
6071.53 1.9415608018
6074.24 1.95991676984
6076.95 1.93434760614
6079.66 1.9630388993
6082.37 1.94193761052
6085.08 1.94508665489
6087.8 1.92263962066
6090.51 1.90745961189
6093.22 1.93289420105
6095.93 1.90939748535
6098.64 1.94067260979
6101.35 1.90266875806
6104.06 1.87002097326
6106.77 1.9448175058
6109.49 1.92829175158
6112.2 1.94732059235
6114.91 1.97353571387
6117.62 1.94061877997
6120.33 1.89241417768
6123.04 1.92767270867
6125.75 1.93483207451
6128.47 1.92425451521
6131.18 1.86358830997
6133.89 1.89472885986
6136.6 1.92578866503
6139.31 1.88178278856
6142.02 1.81866732659
6144.73 1.85796309396
6147.44 1.89655907369
6150.16 1.95698304474
6152.87 1.85850139214
6155.58 1.83188254698
6158.29 1.86525703434
6161.0 1.81995924223
6163.71 1.79810433599
6166.42 1.75030345733
6169.13 1.84135659501
6171.85 1.75425994898
6174.56 1.77439230103
6177.27 1.76736750974
6179.98 1.83433180372
6182.69 1.8295678648
6185.4 1.85502936886
6188.11 1.90460663152
6190.83 1.84111436082
6193.54 1.8704516118
6196.25 1.92019036393
6198.96 1.8666296947
6201.67 1.87082842053
6204.38 1.914834297
6207.09 1.92498121775
6209.8 1.92196674793
6212.52 1.86444958706
6215.23 1.84996936594
6217.94 1.84673957684
6220.65 1.84582446993
6223.36 1.84940415284
6226.07 1.82649956515
6228.78 1.83268999426
6231.5 1.80542519128
6234.21 1.83094052516
6236.92 1.75321026752
6239.63 1.79543975999
6242.34 1.76849793592
6245.05 1.76300729445
6247.76 1.7943093338
6250.47 1.79059507634
6253.19 1.75966984572
6255.9 1.78572347778
6258.61 1.7651874021
6261.32 1.79735071854
6264.03 1.83142499353
6266.74 1.83328212226
6269.45 1.85018468521
6272.16 1.84757393902
6274.88 1.86934810053
6277.59 1.85696724232
6280.3 1.84159882919
6283.01 1.84079138191
6285.72 1.8704516118
6288.43 1.86552618343
6291.14 1.85971256305
6293.86 1.9089399319
6296.57 1.93324409487
6299.28 1.94710527308
6301.99 1.92444291957
6304.7 1.91494195664
6307.41 1.90673290935
6310.12 1.84289074483
6312.83 1.85755937032
6315.55 1.83260924953
6318.26 1.85613288013
6320.97 1.86194650051
6323.68 1.87430044381
6326.39 1.85284926122
6329.1 1.88390906638
6331.81 1.91970589556
6334.53 1.86902512162
6337.24 1.88000640456
6339.95 1.84625510847
6342.66 1.84119510555
6345.37 1.86294235215
6348.08 1.87502714636
6350.79 1.90756727153
6353.5 1.90684056898
6356.22 1.88754257912
6358.93 1.8245886066
6361.64 1.85470638995
6364.35 1.88372066202
6367.06 1.84547457611
6369.77 1.94503282508
6372.48 1.95727910874
6375.19 1.84450563938
6377.91 1.88272481038
6380.62 1.87195884672
6383.33 1.89034172967
6386.04 1.89981577769
6388.75 1.92272036539
6391.46 1.87473108236
6394.17 1.92624621849
6396.89 1.86431501252
6399.6 1.90560248316
6402.31 1.84480170338
6405.02 1.90471429116
6407.73 1.95439921346
6410.44 1.8995466286
6413.15 1.77110868211
6415.86 1.84612053393
6418.58 1.90552173844
6421.29 1.90533333407
6424.0 1.90382609916
6426.71 1.91028567736
6429.42 1.91292333845
6432.13 1.838395955
6434.84 1.87933353183
6437.56 1.92966441195
6440.27 1.90783642062
6442.98 1.89529407296
6445.69 1.84851596084
6448.4 1.86619905616
6451.11 1.89397524241
6453.82 1.88315544893
6456.53 1.83939180664
6459.25 1.89416364677
6461.96 1.89295247586
6464.67 1.82598818188
6467.38 1.84959255721
6470.09 1.85586373104
6472.8 1.91914068247
6475.51 1.88767715366
6478.23 1.90369152461
6480.94 1.92102472611
6483.65 1.914242169
6486.36 1.88202502274
6489.07 1.8636690547
6491.78 1.85459873031
6494.49 1.84889276957
6497.2 1.83142499353
6499.92 1.82033605096
6502.63 1.80424093528
6505.34 1.84700872593
6508.05 1.89050321913
6510.76 1.9168798301
6513.47 1.93286728614
6516.18 1.8642611827
6518.89 1.87112448453
6521.61 1.91025876245
6524.32 1.93440143596
6527.03 1.9156955741
6529.74 1.9095320599
6532.45 1.93612399015
6535.16 1.9671568804
6537.87 1.93900388543
6540.59 1.99700551466
6543.3 2.0676840661
6546.01 2.10256578837
6548.72 2.16869572016
6551.43 2.26147141202
6554.14 2.41208724366
6556.85 2.60022245866
6559.56 2.93049530892
6562.28 3.2211763278
6564.99 3.38777961548
6567.7 3.41980835738
6570.41 3.24809123696
6573.12 2.75339520667
6575.83 2.40969181675
6578.54 2.35440859334
6581.26 2.57177339969
6583.97 2.66449526173
6586.68 2.78031011583
6589.39 2.73778455936
6592.1 2.50515899952
6594.81 2.19932488678
6597.52 2.01466169506
6600.23 1.92105164102
6602.95 1.92796877267
6605.66 1.89217194349
6608.37 1.88861917549
6611.08 1.90810556971
6613.79 1.94121090798
6616.5 1.93808877851
6619.21 1.87798778637
6621.92 1.92436217484
6624.64 1.9306871785
6627.35 1.87553852964
6630.06 1.92909919886
6632.77 1.90234577915
6635.48 1.90065013988
6638.19 1.89163364531
6640.9 1.9004348206
6643.62 1.88598151439
6646.33 1.90875152753
6649.04 1.90786333553
6651.75 1.90108077842
6654.46 1.89809322351
6657.17 1.86533777907
6659.88 1.86854065325
6662.59 1.89125683658
6665.31 1.87548469982
6668.02 1.9077556759
6670.73 1.87798778637
6673.44 1.84560915065
6676.15 1.86746405689
6678.86 1.86393820379
6681.57 1.84711638557
6684.29 1.89739343587
6687.0 1.90035407588
6689.71 1.88404364093
6692.42 1.87906438273
6695.13 1.87322384745
6697.84 1.90086545915
6700.55 1.86980565398
6703.26 1.85384511286
6705.98 1.89192970931
6708.69 1.93849250215
6711.4 1.99339891683
6714.11 2.08305247923
6716.82 2.12894239934
6719.53 2.12436686478
6722.24 2.10784111056
6724.95 2.15943699141
6727.67 2.18904339149
6730.38 2.13871251136
6733.09 2.12479750333
6742.92 1.85301075067
6758.46 1.80650178765
6774.04 1.81888264586
6789.66 1.83131733389
6805.31 1.8480853223
6820.99 1.84367127719
6836.72 1.85201489903
6852.48 1.86469182125
6868.27 1.79293667344
6884.11 1.82612275642
6899.98 1.84283691501
6915.88 1.83842286991
6931.82 1.85101904739
6947.81 1.88525481184
6963.82 1.87639980673
6979.87 1.90673290935
6995.97 1.88038321328
7012.09 1.83320137753
7028.26 1.8930601355
7044.46 1.86692575871
7060.7 1.84964638703
7076.97 1.79904635781
7093.29 1.78238602905
7109.64 1.76995134102
7126.03 1.77797198394
7142.46 1.74936143551
7158.92 1.75323718243
7175.43 1.75307569297
7191.97 1.6973080012
7208.55 1.68934118809
7225.16 1.79751220799
7241.82 1.76454144428
7258.52 1.75627856716
7275.25 1.8516111754
7292.02 1.80098423127
7308.83 1.8216548815
7325.68 1.83831521027
7342.56 1.90274950279
7359.49 1.86784086562
7376.46 1.90675982426
7393.46 1.85462564522
7410.5 1.93289420105
7427.59 1.88872683512
7444.71 1.94145314216
7461.87 1.9592169822
7479.07 1.91001652826
7496.31 1.94086101416
7513.59 1.92288185484
7530.91 1.91825249047
7548.28 1.9627428353
7565.68 1.91787568174
7583.11 1.93989207743
7600.6 1.86953650489
7618.12 1.86504171506
7635.68 1.91709514937
7653.28 1.89061087876
7670.93 1.72804482746
7688.61 1.81767147495
7706.33 1.7802059214
7724.1 1.77592645085
7741.9 1.80876264002
7759.75 1.75926612208
7777.64 1.79592422835
7795.57 1.75891622826
7813.54 1.80800902256
7831.55 1.84141042483
7849.6 1.82434637242
7867.7 1.85379128304
7885.84 1.81140030112
7904.01 1.75377548061
7922.23 1.73751887548
7940.5 1.74131387767
7958.8 1.76131165518
7977.15 1.80628646838
7995.54 1.76499899773
8013.97 1.81425328149
8032.44 1.78916858615
8050.96 1.84332138338
8069.52 1.85591756086
8088.12 1.81764456004
8106.77 1.76384165664
8125.45 1.78408166832
8144.19 1.8087088102
8162.96 1.77958687849
8181.78 1.86326533106
8200.64 1.79979997527
8219.54 1.83306680299
8238.49 1.61855497701
8257.49 1.87535012527
8276.52 1.88380140675
8295.6 1.76599484937
8314.72 1.70976960414
8333.89 1.79016443779
8353.1 1.79821199563
8372.35 1.7651874021
8391.66 1.70115683321
8411.0 1.79347497162
8430.39 1.78914167124
8449.83 1.74419377295
8469.3 1.76828261665
8488.83 1.74782728569
8508.4 1.39782580702
8528.01 1.7155293947
8547.67 1.46672797446
8567.37 1.74300951695
8587.12 1.77113559702
8606.92 1.68344682299
8626.76 1.74642771041
8646.65 1.76238825154
8666.58 1.61083039808
8686.56 1.67494171169
8706.58 1.70589385722
8726.65 1.7413946224
8746.77 1.70549013359
8766.93 1.70530172922
8787.14 1.76096176136
8807.4 1.76481059337
8827.7 1.76053112281
8848.05 1.68885671973
8868.45 1.67316532769
8888.89 1.64622350363
8909.39 1.68826459173
8929.92 1.66490245058
8950.51 1.67238479532
8971.14 1.64923797345
8991.82 1.6758299037
9012.55 1.59285123877
9033.32 1.53859078191
9054.15 1.78268209305
9075.02 1.75396388498
9095.94 1.5738493129
9116.91 1.60291741479
9137.93 1.64382807671
9158.99 1.65884659602
9180.11 1.56946218271
9201.27 1.65844287238
9222.48 1.57995899728
9243.74 1.6202775312
9265.05 1.60523209698
9286.41 1.65381350801
9307.81 1.50117905818
9329.27 1.70756258159
9350.78 1.70341768558
9372.33 1.67596447824
9393.94 1.70298704704
9415.59 1.66783617568
9437.3 1.71830163035
9459.06 1.69450885065
9480.86 1.73776110966
9502.71 1.6940782121
9524.62 1.70559779322
9546.58 1.65128350655
9568.58 1.69733491611
9590.64 1.73264727693
9612.75 1.70866609287
9634.91 1.72029333362
9657.12 1.69257097719
9679.39 1.69232874301
9701.7 1.68433501499
9724.06 1.66484862076
9746.48 1.66078446948
9768.95 1.67208873132
9791.47 1.64894190945
9814.03 1.69100991246
9836.66 1.67529160551
9859.34 1.68667661209
9882.06 1.67483405206
9904.84 1.65925031966
9927.67 1.67825224552
9950.57 1.68576150518
9973.5 1.6855461859
9996.5 1.6814282048
10019.54 1.68896437936
10065.78 1.66536000404
10135.56 1.70737417723
10182.34 1.69515480847
10229.34 1.71431822379
10276.56 1.72570323036
10300.25 1.72150450453
10491.74 1.66501011022
10711.43 1.58954070494
10910.58 1.55336706704
11087.86 1.46985010392
11294.0 1.46645882537
11503.97 1.47663266103
11690.89 1.44635338823
11908.24 1.37174526005
12101.74 1.36859621568
12298.38 1.35917599747
12498.21 1.31301692827
12701.29 1.28906265912
12907.67 1.26553902852
13087.23 1.24815199721
13299.88 1.20856016584
13484.9 1.17833472285
13704.02 1.15949428645
13894.66 1.10986319396
14087.95 1.05261518219
14283.92 1.04058421779
14516.03 1.05261518219
14684.11 1.01455750064
14888.39 1.03579336396
15095.51 1.04777049854
15305.51 1.07218232114
15482.74 1.0623583793
15698.13 1.04297964471
15916.51 1.00293025988
16100.8 1.00293025988
16287.25 1.0006155777
16513.82 0.991464508584
16705.05 0.993725360953
16898.49 0.986888974028
17094.15 0.973350774722
17292.1 0.938146073546
17492.34 0.906305736014
17694.89 0.865502733733
17899.77 0.824645901634
18107.05 0.780317046254
18316.72 0.760803737116
18486.19 0.733296699959
18700.26 0.697069232234
18916.8 0.679628371101
19091.85 0.673411027086
19312.9 0.655055059042
19491.61 0.629889618981
19717.32 0.607119605835
19899.75 0.589221191246
20083.89 0.58111980359
20316.45 0.562683090818
20504.42 0.558807343899
20694.16 0.548633508238
20885.65 0.538594247123
21078.88 0.532430732926
21322.97 0.522714450721
21520.28 0.514370828883
21719.39 0.498060393934
21920.37 0.491224007008
22123.18 0.477820382249
22276.54 0.464793566217
22482.65 0.455265688376
22690.69 0.442857915255
22900.65 0.397479378418
23112.53 0.392957673679
23326.4 0.343864879379
23488.08 0.323167314238
23705.43 0.326935401519
23924.78 0.300962514184
24090.61 0.288770060336
24313.52 0.282848780322
24482.04 0.260977725141
24708.58 0.253891029561
24879.84 0.213637091427
25110.07 0.209758653017
25195.54 0.21705797638
25290.97 0.210251195855
25386.41 0.221116744681
25481.75 0.209734429599
25577.19 0.205471107989
25672.63 0.216872263507
25767.97 0.213262974189
25863.41 0.209484120944
25958.75 0.220365818716
26054.19 0.216255912088
26149.62 0.217868115146
26244.96 0.19985934943
26340.4 0.19991856223
26435.84 0.191978664029
26531.18 0.193973058797
26626.62 0.197318582005
26721.96 0.185578298631
26817.4 0.181099657748
26912.84 0.191860238428
27008.17 0.18677870358
27103.61 0.184402117101
27199.05 0.18677870358
27294.39 0.187790704164
27389.83 0.178034049595
27485.17 0.187508097618
27580.61 0.170880066741
27676.05 0.182270456296
27771.39 0.177678772794
27866.82 0.168045926807
27962.26 0.154860312812
28057.6 0.17155293947
28153.04 0.167007011314
28248.38 0.173372387329
28343.82 0.167386511533
28439.26 0.162011604174
28630.04 0.156835867144
28725.47 0.153842929245
28820.81 0.152362609242
28916.25 0.148115436577
29011.59 0.144352732277
29107.03 0.133231491814
29202.47 0.138283420262
29297.81 0.13815961168
29393.25 0.135344312182
29488.69 0.129361127877
29584.03 0.126508147507
29679.46 0.131218256609
29774.8 0.123714379936
29870.24 0.119644845672
29965.68 0.127837744019
30061.02 0.120853325093
30156.46 0.124088497173
30251.9 0.125593040595
30347.24 0.116915673883
30442.67 0.12598868976
30538.01 0.123937773682
30633.45 0.131678501555
30728.89 0.114813619478
30824.23 0.115543013516
30919.67 0.116366609736
31015.11 0.118891228215
31110.45 0.113925427476
31205.89 0.124037358846
31301.22 0.121235516803
31396.66 0.121084793312
31492.1 0.10341246396
31587.44 0.114275321295
31682.88 0.116751492937
31778.32 0.11302646951
31873.66 0.105961305857
31969.1 0.107091732041
32064.44 0.113013012056
32159.87 0.111161266306
32255.31 0.117693514758
32350.65 0.13754056877
32446.09 0.146522073955
32541.53 0.160628177844
32636.87 0.174658919987
32732.31 0.188913055876
32827.65 0.177207761884
32923.09 0.169440119101
33018.52 0.16099960359
33113.87 0.144277370531
33209.3 0.132962342722
33304.74 0.13230831043
33400.08 0.127272530927
33495.52 0.113925427476
33590.86 0.104817422218
33686.3 0.114033087113
33781.74 0.114447576714
33877.07 0.119370313598
33972.51 0.124470688883
34067.95 0.121095559275
34163.29 0.118264110832
34258.73 0.105963997348
34354.07 0.113330607984
34449.51 0.120040494836
34544.95 0.107239764042
34640.29 0.108397105135
34735.73 0.112302458454
34831.17 0.11102669176
34926.5 0.102839176395
35021.94 0.103555112978
35117.28 0.0973216200176
35212.72 0.101288877627
35308.16 0.097469652018
35403.5 0.105541433274
35498.94 0.102039803593
35594.37 0.0977630245278
35689.71 0.0952922358672
35785.15 0.0907409247289
35880.49 0.100080398206
35975.93 0.0992890998769
36071.37 0.088380487196
36166.71 0.09418334161
36262.15 0.0965222472157
36357.59 0.0936531178996
36452.93 0.0903721904735
36548.37 0.0910935100389
36739.14 0.0922427766599
36834.58 0.0947620121569
36929.92 0.0872662099569
37025.36 0.0875138271211
37120.8 0.0891502535978
37216.14 0.0938792031366
37311.57 0.0912980633485
37406.92 0.0871585503203
37502.35 0.0895539772352
37597.79 0.0806666742318
37693.13 0.0908082120018
37788.57 0.079800014157
37884.01 0.0885016042872
37979.35 0.0788526093547
38074.79 0.0851022512607
38170.13 0.088792285306
38265.57 0.0845989424595
38361.0 0.0812238128513
38456.34 0.0777867789521
38551.78 0.0786884284088
38647.22 0.0820339516169
38742.56 0.0790437052097
38838.0 0.0771327466596
38933.34 0.0788445348819
39028.78 0.0769631827319
39219.56 0.0775230128424
39315.0 0.0743282131255
39410.43 0.0725437546485
39601.21 0.0771112147323
39696.65 0.0733404359595
39791.99 0.0756389692014
39887.43 0.0743497450529
39982.77 0.078012864189
40078.2 0.0712706794454
40173.64 0.0828010265279
40268.98 0.0864587626822
40364.42 0.0858747091535
40459.76 0.0852152938792
40555.2 0.0852449002793
40650.64 0.0777437150975
40745.98 0.0736230425057
40936.86 0.0615274823309
41032.19 0.061333694985
41127.63 0.0634949621902
41223.07 0.0587552466878
41318.41 0.0605746945468
41413.85 0.0613283120031
41509.19 0.062065780514
41604.63 0.0650587184122
41700.07 0.0653278675037
41795.4 0.0648891544845
41890.84 0.0638287070637
41986.19 0.0607604074199
42081.62 0.0601090666184
42177.06 0.0569896286472
42272.4 0.0568550541014
42367.83 0.0569896286472
42463.28 0.0580393101043
42558.61 0.0507265292865
42654.06 0.0534207116931
42749.49 0.0561956388271
42844.83 0.0546561060233
42940.27 0.057632894976
43035.61 0.0619419719319
43131.05 0.064011728446
43226.49 0.0611264501845
43321.83 0.0558026811534
43417.27 0.0597914706903
43512.61 0.0563921176639
43608.04 0.0562037132998
43703.48 0.0567500859557
43798.82 0.0581577357045
43894.26 0.056260234609
43989.7 0.0563948091548
44085.03 0.0503577950311
44180.48 0.0446249193808
44275.91 0.0494534540835
44371.26 0.0483634002626
44466.69 0.0397371718781
44562.03 0.0460621755298
44657.47 0.0485598790995
44752.91 0.0475801764062
44848.25 0.043919748761
44943.69 0.0455292603285
45039.03 0.0379823198011
45134.47 0.0386794159483
45229.91 0.0439116742882
45325.24 0.0467511972042
45420.69 0.0363162869244
45516.12 0.0415727686825
45611.46 0.0380469155831
45706.9 0.0429400460677
45802.33 0.0356218822681
45897.68 0.0371291171809
45993.11 0.0361224995784
46088.46 0.0424421202483
46183.9 0.0355061481588
46279.33 0.0412820876637
46374.67 0.041588917628
46470.11 0.0488074962637
46565.55 0.0447352705084
46660.89 0.0513994020154
46756.33 0.0483956981536
46851.66 0.0511706252876
46947.11 0.0479193042616
47042.54 0.0453354729826
47137.89 0.046630080113
47328.76 0.0411340556633
47424.1 0.041206725918
47519.54 0.0313101138213
47614.88 0.0400143954424
47710.32 0.0358452760141
47805.76 0.0447218130538
47901.1 0.0373121385631
47996.53 0.0384371817659
48091.87 0.0368572765984
48187.31 0.0414328111549
48282.75 0.0370672128898
48378.09 0.0418069283922
48473.53 0.0427139608308
48568.97 0.0436479081785
48664.31 0.029789421454
48760.73 0.0360175314327
49248.33 0.0377696920188
49740.82 0.0395380015503
50238.22 0.0413251515183
50740.61 0.0431311419227
51248.01 0.0449532812726
51760.49 0.0467942610588
52278.1 0.0486540812815
52607.18 0.0498356457935
52912.67 0.0514074764882
53218.18 0.0543089036952
53523.67 0.0573718203572
53829.16 0.0443773022166
54134.66 0.0292268998526
54440.15 0.043440663378
54745.64 0.038178798638
55051.14 0.0427328012672
55356.64 0.054569978314
55662.14 0.0378558197281
55967.63 0.043440663378
56273.13 0.0526132644184
56578.62 0.0566182029008
56884.11 0.0537625310394
57189.6 0.0529981476193
57495.11 0.0530762008559
57800.61 0.0435321740691
58106.1 0.0462102075301
58411.59 0.0441915893434
58717.09 0.0438928338518
59022.58 0.048893623973
59328.07 0.0526347963457
59633.58 0.0543842654409
59939.07 0.0592397150526
60244.56 0.0681916138379
60550.07 0.0670019748532
60855.56 0.0651313886669
61161.04 0.0794931841926
61466.55 0.107885721861
61772.04 0.151334459712
62077.53 0.17549059068
62383.03 0.169157512555
62688.53 0.140573879032
62994.03 0.11899350487
63299.52 0.106927551095
63605.0 0.0856647728621
63910.51 0.0792321095738
64216.0 0.0686168694026
64521.49 0.065031803503
64827.0 0.0602920880006
65132.48 0.0585614593419
65437.97 0.0582330974502
65743.48 0.0569842456653
66048.97 0.0570569159201
66354.46 0.0593366087256
66659.96 0.0493215710286
66965.46 0.0542739143133
67270.96 0.0592181831253
67576.45 0.0572426287932
67881.94 0.0563652027547
68187.44 0.0591993426889
68492.93 0.0591455128706
68798.43 0.0618047058952
69103.92 0.0671096344899
69409.42 0.073262382723
69714.92 0.0841736868949
70020.41 0.0921485744778
70325.9 0.0752271710914
70631.4 0.0770143210593
70936.89 0.0757735437472
71242.4 0.0744277982894
71547.88 0.0779967152435
71853.38 0.0815494832521
72158.88 0.084168303913
72464.37 0.0852179853701
72769.86 0.0868032735194
73075.36 0.0916129677856
73380.86 0.0891879344706
73686.35 0.0986512165299
73991.84 0.121270506185
74277.35 0.113815076348
74297.34 0.122287889751
74602.84 0.132507480757
74889.54 0.144961009224
74908.33 0.144823743187
75501.75 0.169410512701
76113.96 0.185217638849
76726.17 0.177802581376
77338.37 0.170484417577
77950.59 0.168979874155
78562.79 0.160835422644
79175.0 0.138286111753
79787.21 0.120352707783
80399.42 0.104567113562
81011.62 0.0916075848038
81623.83 0.0827714201278
82236.04 0.0805509401224
82848.25 0.0766967251313
83460.46 0.0757708522563
84072.67 0.0775176298605
84684.87 0.0800395568485
85297.09 0.0792509500102
85909.29 0.0841171655856
86521.5 0.0758596714565
87133.71 0.0625475573879
87745.91 0.0519377001986
88358.11 0.0422214179932
88970.32 0.0343057432104
89582.53 0.0317407523678
90194.75 0.0282364311957
90806.95 0.0255395572982
91419.16 0.0232832804637
92031.37 0.0211680377531
92643.57 0.0205118522679
93255.78 0.0188148672456
93867.98 0.0176440686973
94480.2 0.0176214601736
95092.4 0.0171531407543
95704.61 0.0185101904739
96316.82 0.0243666055572
96929.04 0.0216630029325
97541.24 0.0185066915357
98153.45 0.016940782121
98765.61 0.0180084965673
99377.87 0.0154367769974
99990.04 0.0149918735491
100602.31 0.0157503356891
101214.47 0.0164054445779
101826.73 0.0148220404723
102438.91 0.0138668303463
103051.08 0.0151137980875
103663.33 0.0168086299171
104275.5 0.0149837990763
104887.77 0.0177237368284
105499.93 0.0202203638017
106112.1 0.0199509455611
106724.36 0.0204491405295
107336.54 0.0207610843267
107948.79 0.020876818436
108560.96 0.022272894774
109173.22 0.0256808605713
109785.39 0.0306560815288
110397.56 0.0337297641545
111009.82 0.0394411078774
111621.99 0.0654812824859
112234.25 0.0918282870589
112846.42 0.0895324453078
113458.68 0.0739810107974
114070.85 0.0599314282179
114683.01 0.0490927943008
115295.29 0.0433949080324
115907.45 0.0377373941278
116519.71 0.0346394880839
117131.87 0.0333771788445
117744.14 0.0328954019706
118356.31 0.0347067753568
118968.47 0.0367361595072
119580.75 0.038049607074
120192.91 0.0375651387092
120805.17 0.0366042764523
121417.33 0.0353554246675
122029.51 0.0347363817569
122641.77 0.0395729909322
123253.93 0.0409967896266
123866.2 0.0406442043167
124478.37 0.0426359075942
125090.63 0.0448698450542
125702.8 0.0465278034582
126314.97 0.0487725068818
126927.23 0.0515205191066
127539.4 0.0650291120121
128151.66 0.0826206966365
128763.82 0.0534341691476
129375.99 0.033073040371
129988.25 0.0294179957076
130600.43 0.0262005874671
131212.69 0.0273993775209
131824.85 0.0273159413025
132437.11 0.0269956538836
133049.29 0.0265599015044
133661.46 0.0263844162967
134273.72 0.0265555951189
134885.88 0.0256235318148
135498.14 0.0253234305777
136110.32 0.0252615262867
136722.58 0.0240705415565
137334.74 0.0231374016561
137946.91 0.0225627683456
138559.18 0.0223280703377
139171.35 0.023343031562
139783.6 0.0227996195462
140395.77 0.0229527653792
141008.04 0.0227745886806
141620.21 0.0224397672107
142232.36 0.0217781987437
142844.64 0.0206854534319
143371.43 0.0209088471779
144275.42 0.0196503060258
145179.52 0.0178825347924
146083.53 0.0183702329463
146987.52 0.016770141597
147891.53 0.0171528716052
148795.63 0.0169066001864
149699.64 0.0170018789648
150603.63 0.0166056915021
151507.74 0.016831776739
152411.74 0.0156545186125
153315.74 0.0164611584399
154219.75 0.0171025407251
155123.85 0.0190745961189
156027.86 0.0206313544645
156931.85 0.0180814359711
157835.95 0.0179686625017
158739.96 0.0178701539342
159643.95 0.0177996368722
160548.05 0.0179142943852
161452.06 0.0180954317238
162356.06 0.0189585928605
163260.07 0.0218306828165
164164.18 0.0266742898683
165068.16 0.0267846409958
165972.17 0.0240600447419
166876.18 0.0240024468363
167780.28 0.0241063383857
168684.29 0.0242309544151
169588.3 0.0290761763614
170492.4 0.0341765516464
171396.39 0.0281449205046
172300.4 0.024809894111
173204.5 0.0249705761187
174108.49 0.0243706427936
175012.5 0.0216621954852
175916.5 0.0197652326879
176820.6 0.0192624621849
177724.61 0.0190487578062
178628.6 0.0199886264339
179532.7 0.0176421846537
180436.71 0.016661405364
181340.7 0.0165828138293
182244.8 0.016199814672
183148.81 0.0159481602714
184052.82 0.0162789445049
184956.81 0.0165561680692
185860.92 0.0172430365509
186764.92 0.0235696550971
187668.92 0.0239889893818
188573.03 0.0177735294103
189477.04 0.0171302630815
190381.02 0.0170508640995
191285.03 0.0165475552983
192189.15 0.01649668612
193093.14 0.0169660821357
193997.15 0.0162135412756
194901.25 0.0166323372621
195805.24 0.0164417797053
196709.25 0.0170497875031
197613.26 0.0169981108775
198517.36 0.0168543852627
199421.36 0.016802439488
200325.36 0.0172478812345
201229.47 0.0171108843469
202661.04 0.0158878708749
204391.34 0.0185018468521
206122.64 0.0175662846098
207854.94 0.0164148647961
209588.1 0.0181379572803
211322.16 0.018178329644
213057.2 0.0166745936695
214793.16 0.0178443156214
216530.06 0.0195073878582
218267.97 0.0183678106045
220006.76 0.0173870313149
221746.55 0.0183866510409
223487.21 0.0194729367745
225228.85 0.0185239170776
226971.49 0.0178034049595
228715.02 0.0188845768603
230459.53 0.0198632029572
232205.04 0.0195840953493
233951.42 0.0190603312171
235698.89 0.0190161907661
237447.15 0.0202125584781
239196.48 0.0208111460577
240946.82 0.0202521233945
242698.04 0.0197665784333
244450.23 0.020230053169
246203.42 0.0207417055921
247957.48 0.0210348089528
249712.65 0.0209629461453
251468.7 0.02100008872
253225.84 0.0213187612444
254983.83 0.0217122572162
256742.86 0.0222833915885
258502.85 0.0233500294384
260263.82 0.023131211227
262025.77 0.0224384214653
263788.74 0.0223469107741
265552.67 0.0223148820322
267317.59 0.0228367621208
269083.49 0.0229067408846
270850.37 0.0227428290878
272618.37 0.0228235738153
274387.22 0.0231836952998
276157.07 0.0235241689006
277927.99 0.0241940809895
279699.93 0.0240810383711
281472.73 0.0253788752906
283246.61 0.0249740750569
285021.5 0.0244104768591
286797.48 0.0243814087573
288574.41 0.0253441550578
290352.26 0.0251740528319
292131.26 0.0251985453992
293911.18 0.0253053975886
295692.14 0.025597693502
297474.12 0.025077428308
299257.09 0.0264498195259
301041.14 0.0262834853873
302826.17 0.0262990960346
304612.19 0.026523566377
306399.29 0.0272217391205
308187.5 0.0269364410834
309976.66 0.0266067334463
311766.84 0.0274908882121
313557.97 0.0286966761423
315350.3 0.0276927500307
317143.53 0.0282337397048
318937.9 0.0289550592702
320733.19 0.0281583779591
322529.66 0.0296279319991
324327.14 0.0291703785434
326125.54 0.0293776233439
327925.09 0.0297436661084
329725.71 0.0289389103247
331527.38 0.0306695389834
333330.1 0.0336355619724
335133.83 0.0368976489621
336938.58 0.0293910807985
338744.45 0.0293318679983
340551.48 0.029245740289
342359.37 0.0316034863311
344168.47 0.0313477946941
