100.09 7.23740496353e-05
101.95 9.02778059083e-05
104.09 0.000103176237768
106.02 0.000121220831108
107.99 0.000145074641849
110.0 0.000202568569929
114.13 0.000262767068223
117.87 0.000324024960378
120.89 0.0010176038903
125.14 0.00120664960916
126.88 0.00128697659084
128.06 0.00134455776312
131.04 0.00145735205081
131.95 0.00167334376415
134.09 0.00175622575455
136.9 0.00212115578147
140.09 0.00227819534224
143.02 0.00517108839376
147.03 0.0106801857469
151.15 0.0113391287292
155.02 0.0121501258895
159.0 0.0130791519894
161.96 0.013727251764
166.11 0.0147766748605
169.98 0.0156528559019
173.14 0.0163894462227
177.17 0.0172818297585
180.05 0.0179710589418
182.14 0.0184745826128
185.95 0.0193906467173
191.16 0.0205858922631
193.82 0.0214084804386
197.88 0.0223145737773
202.02 0.0233652432195
204.83 0.0241317458375
210.09 0.0243548417215
215.97 0.0267652743446
219.99 0.0278982026044
223.05 0.0283518724467
227.19 0.0295521033754
229.83 0.0444197614735
234.1 0.0740591090493
240.1 0.0928066413749
246.26 0.0876156114496
252.0 0.0923803911385
257.27 0.0757840515262
260.25 0.0888345375641
263.87 0.0932353843027
268.78 0.0923803911385
273.78 0.0915328760487
278.87 0.0902778059083
284.05 0.090069666173
290.0 0.0852276130494
296.07 0.0854232893275
300.88 0.0823335982867
307.89 0.0827137337314
317.98 0.0830963618676
327.64 0.0813913609221
338.37 0.0789908990647
347.85 0.0763100094202
356.78 0.0749165949049
365.93 0.0744006077766
375.32 0.0722070393088
384.94 0.0675432136232
394.82 0.0681676328291
404.95 0.0672328735389
414.38 0.0652499374978
422.08 0.0628893587034
429.93 0.0610347962715
440.96 0.0597834651683
451.23 0.0576210553435
459.62 0.0555371652991
470.32 0.0537748324505
480.17 0.052671816488
490.23 0.0501853567759
500.49 0.0494973739382
506.29 0.0480379030997
512.15 0.0498401190113
520.47 0.048370677407
530.15 0.0462992508198
540.0 0.0436096367553
550.04 0.0419357944528
560.27 0.0422261930057
569.37 0.0418385794866
579.96 0.0401398102698
589.38 0.0393172220943
600.34 0.0370326703889
610.09 0.032477276781
620.01 0.036105389173
630.08 0.0345599204797
640.32 0.0343231147929
650.72 0.0330805081097
658.26 0.0318117281664
664.35 0.0319575506156
675.15 0.0313742608185
684.54 0.0294162516918
695.66 0.0296194060443
705.34 0.0275791381
716.8 0.0281561961686
726.77 0.0275155744683
735.19 0.026950979857
745.41 0.0259763375037
755.78 0.0252684131345
764.53 0.0227283605564
775.17 0.0240208210684
784.15 0.0227819534224
795.06 0.0226772603819
804.26 0.0223656739518
815.45 0.0218559185522
824.89 0.0214084804386
834.44 0.0194791372634
844.11 0.0203042181303
855.85 0.0197047258388
865.76 0.0194342688175
875.78 0.0190803066329
885.93 0.018602956222
894.12 0.0182215744316
904.48 0.0177242824892
914.95 0.0190366845327
925.54 0.030240086213
934.11 0.0417426108662
944.92 0.0519489359702
955.87 0.0581544913118
964.71 0.061741474295
975.88 0.0338519961106
984.91 0.0536514442242
994.02 0.051829286781
1005.54 0.0600589075725
1014.84 0.0597834651683
1024.23 0.0388672912893
1036.09 0.0525509209531
1045.68 0.0676990068383
1055.35 0.0655515531621
1065.12 0.0572247174044
1074.97 0.0614585538165
1084.92 0.051472831905
1094.96 0.0618835577071
1105.09 0.0592350730514
1115.31 0.0576210553435
1125.63 0.0520685851593
1136.05 0.0590992213678
1143.92 0.0560506597358
1154.51 0.0563086533
1165.19 0.0556642925625
1175.97 0.0422261930057
1184.12 0.053036995784
1195.08 0.0456648608481
1206.14 0.0392262388568
1214.5 0.0288790766864
1225.74 0.0440122064229
1234.23 0.0513544290615
1245.65 0.052671816488
1254.29 0.0511188697204
1265.89 0.0484816021761
1274.67 0.0532812795452
1286.46 0.0537748324505
1295.38 0.0466208080156
1304.36 0.0465136222837
1316.43 0.0519489359702
1325.55 0.0498401190113
1334.74 0.0461933114336
1343.99 0.0500706929696
1356.43 0.0487059444058
1365.83 0.0452460886861
1375.3 0.0453507817266
1384.83 0.0450379489508
1394.43 0.0372034197526
1404.1 0.0369466725342
1413.83 0.0419357944528
1423.63 0.0411692918348
1433.5 0.0417426108662
1443.43 0.0423234079718
1446.76 0.0423234079718
1453.44 0.04107456956
1463.52 0.0388672912893
1473.66 0.0387775543974
1483.87 0.0388672912893
1494.16 0.0384223458671
1504.52 0.0366924180073
1511.46 0.0338519961106
1518.44 0.0349612438017
1525.45 0.0344814006994
1536.02 0.0306601047208
1546.67 0.0297565040735
1553.81 0.0290124356784
1564.58 0.0305903093604
1575.42 0.0319575506156
1586.34 0.0325520575243
1593.67 0.0327028653564
1604.71 0.0318117281664
1615.84 0.0314465488703
1623.29 0.030449472294
1634.55 0.0315923713196
1645.88 0.0315923713196
1653.47 0.0303098815733
1664.93 0.0316646593714
1672.62 0.0290784920016
1676.48 0.0333098357222
1684.21 0.0335416560262
1695.89 0.0316646593714
1703.72 0.0310153132511
1715.53 0.0305903093604
1723.44 0.0305903093604
1735.39 0.0325520575243
1743.4 0.0317381937689
1755.49 0.0338519961106
1763.59 0.030944271545
1775.81 0.0318840162181
1784.01 0.032477276781
1796.38 0.035610589922
1804.67 0.0344814006994
1813.0 0.0328536731886
1825.56 0.0331577815443
1833.99 0.0320310850131
1846.7 0.0286136050479
1855.23 0.0306601047208
1863.79 0.0332338086333
1876.71 0.0337734763302
1885.37 0.0324024960378
1894.08 0.0333871091569
1902.82 0.0337734763302
1916.01 0.0336962028955
1924.85 0.0313019727667
1933.74 0.0272638126328
1947.14 0.0356928487396
1956.13 0.0348802313299
1965.16 0.0392262388568
1974.23 0.0379823858278
1983.34 0.039046765073
1997.09 0.0388672912893
2006.31 0.037807897427
2015.57 0.0378951416274
2024.87 0.0353650598151
2034.22 0.0394069589862
2043.61 0.0425190842499
2053.04 0.0399553511032
2067.27 0.039046765073
2072.04 0.0443175611244
2076.81 0.062026887465
2086.4 0.0710529231718
2096.03 0.0660052230043
2105.7 0.0630351811527
2115.42 0.0689565696701
2125.19 0.0634714021548
2135.0 0.0588275180008
2144.85 0.072041275328
2154.75 0.072041275328
2164.7 0.0639113621941
2174.69 0.0645033764113
2184.73 0.0773706496283
2194.81 0.0780872984175
2204.94 0.0754363210703
2215.12 0.0606147777638
2225.34 0.0680105932684
2235.62 0.0878175194563
2245.94 0.0832870527628
2256.3 0.0655515531621
2266.72 0.062026887465
2277.18 0.0681676328291
2282.43 0.088019427463
2292.96 0.0737088859018
2303.55 0.0879895151657
2314.18 0.0759174105183
2324.86 0.0598756947516
2335.59 0.0556106996966
2346.37 0.0400924491324
2357.2 0.0704646479918
2362.64 0.0437442420931
2373.54 0.0554411966786
2384.5 0.0353775232723
2395.51 0.0433154991652
2406.56 0.0433055283995
2417.67 0.0499398266689
2423.25 0.0817328596495
2434.43 0.082091807217
2445.67 0.097320905574
2456.95 0.102827260967
2462.62 0.089343046618
2473.99 0.0788787279499
2485.41 0.0523440275635
2496.88 0.0610609695317
2502.63 0.0936940395278
2514.19 0.0445257008597
2519.98 0.0357738612114
2525.79 0.0393109903657
2537.45 0.0612927898357
2543.3 0.0652175325091
2555.04 0.116215506695
2566.83 0.0865287979814
2572.75 0.110944710643
2584.62 0.0984027336593
2596.55 0.0882886381386
2602.54 0.0763573705576
2614.55 0.068667417463
2626.62 0.0947634041558
2632.68 0.163533021968
2644.83 0.221562878708
2657.04 0.308582736903
2663.16 0.19423051706
2675.45 0.221936782424
2687.8 0.257108658652
2694.0 0.186228977536
2706.43 0.231708132871
2712.67 0.16668627664
2725.19 0.132673501932
2737.77 0.169303602653
2744.08 0.0941078263069
2756.75 0.128971855142
2763.1 0.170001556257
2775.86 0.182539794203
2782.26 0.108465729005
2795.1 0.0474446425368
2808.0 0.0579525833051
2814.47 0.161065257442
2827.47 0.237079882926
2833.98 0.223282835802
2847.06 0.161713357216
2853.63 0.0949889927312
2866.8 0.224155277806
2873.41 0.304444869111
2886.67 0.275666746428
2893.33 0.338320545791
2906.68 0.460474889843
2926.83 0.399977268577
2947.12 0.368856015939
2967.54 0.386977882713
2988.11 0.394007272576
3008.83 0.395664912384
3029.68 0.422797858716
3050.68 0.442539974927
3071.83 0.482809405151
3093.12 0.471617220583
3107.4 0.547594455696
3128.94 0.504981895517
3150.63 0.505916654807
3172.47 0.558325492348
3187.11 0.481687694003
3209.2 0.535268096521
3231.45 0.450167610735
3246.36 0.634227946718
3268.87 0.743096245391
3291.53 0.727529387343
3306.72 0.681888207064
3321.98 0.642067461299
3329.64 0.720300582165
3337.32 0.667492913994
3345.01 0.681364741861
3352.72 0.619882507476
3360.45 0.70508270092
3368.2 0.696906672994
3375.96 0.548417043871
3383.74 0.558524907663
3391.54 0.707899442248
3399.36 0.730969301532
3407.2 0.702801888251
3415.05 0.669524457518
3422.92 0.788301204668
3430.82 0.732190720337
3438.72 0.747408601583
3446.65 0.493727393662
3454.6 0.730159176813
3462.56 0.597510601796
3470.54 0.687496762806
3478.54 0.541013750292
3486.56 0.659379203354
3494.6 0.590281796618
3502.65 0.756818511772
3510.73 0.754948993191
3518.82 0.660463524131
3526.93 0.599479828034
3535.06 0.747657870727
3543.21 0.842629414618
3551.38 0.821416610458
3559.57 0.770004849493
3567.77 0.705369360435
3576.0 0.607219634957
3584.24 0.466955887589
3592.5 0.587764178263
3600.79 0.853347987813
3609.09 0.677725412358
3610.5 0.702689717137
3613.23 0.659989912757
3615.96 0.674622011514
3618.7 0.745501692631
3621.43 0.682598624125
3624.17 0.775837747464
3626.9 0.759523081985
3629.63 0.768758503773
3632.37 0.794183956468
3635.1 0.841719582242
3637.83 0.827411533373
3640.57 0.822488467777
3643.3 0.757977613292
3646.03 0.854133185617
3648.77 0.879471394112
3651.5 0.910779598607
3654.23 0.922657273322
3656.97 0.985884391716
3659.7 1.00239847251
3662.44 1.00619982696
3665.17 0.996764989855
3667.9 0.955199360081
3670.64 0.950749905859
3673.37 0.937675739253
3676.1 0.859592179872
3678.84 0.84654294018
3681.57 0.811258892837
3684.3 0.839550940689
3687.04 0.889130573445
3689.77 0.937962398768
3692.5 0.96345016875
3695.24 0.994185054213
3697.97 0.936716053048
3700.71 0.897954701145
3703.44 0.838865450543
3706.17 0.8769413123
3708.91 0.913459241906
3711.64 0.89846570289
3714.37 0.923579569155
3717.11 0.84360156428
3719.84 0.835226121039
3722.57 0.823984082642
3725.31 0.792862830004
3728.04 0.771001926069
3730.77 0.752331667178
3733.51 0.693117782004
3736.24 0.721222877998
3738.97 0.776111943523
3741.71 0.716748496862
3744.44 0.707762344219
3747.18 0.748106555186
3749.91 0.8212296586
3752.64 0.838279668054
3755.38 0.923417544212
3758.11 0.925972552938
3760.84 0.876542481669
3763.58 0.857672807463
3766.31 0.931219668421
3769.04 0.918295063301
3771.78 1.00008026947
3774.51 0.996104426623
3777.24 1.03955203843
3779.98 1.09749465097
3782.71 1.00268513203
3785.45 0.959873156532
3788.18 0.956345998143
3790.91 0.873987472942
3793.65 0.816717887092
3796.38 0.865275516357
3799.11 0.920052410767
3801.85 0.890626188309
3804.58 0.956370925058
3807.31 0.966890082938
3810.05 0.897456162857
3812.78 0.801587250047
3815.51 0.770902218412
3818.25 0.700084854581
3820.98 0.669387359489
3823.72 0.62298590832
3826.45 0.633617237315
3829.18 0.589434281528
3831.92 0.540253479403
3834.65 0.603156547909
3837.38 0.67954507711
3840.12 0.748318433959
3842.85 0.752045007663
3845.58 0.834179190634
3848.32 0.852450618895
3851.05 0.761853748482
3853.78 0.777831900617
3856.52 0.757292123145
3859.25 0.816244275718
3861.99 0.820419533881
3864.72 0.836273051444
3867.45 0.826165187652
3870.19 0.833543554317
3872.92 0.836634491703
3875.65 0.851279053917
3878.39 0.785409682597
3881.12 0.817652646382
3883.85 0.869089334261
3886.59 0.891785289829
3889.32 0.964048414695
3892.05 0.96973175118
3894.79 1.02907027093
3897.52 1.01305472842
3900.26 1.014051805
3902.99 1.04989670791
3905.72 1.08581639157
3908.46 1.08990440554
3911.19 1.0999624155
3913.92 1.0438145408
3916.66 0.99843509312
3919.39 0.931730670166
3922.12 0.802173032535
3924.86 0.701505688702
3927.59 0.552866498093
3930.32 0.517383035434
3933.06 0.523103762291
3935.79 0.631037301673
3938.53 0.757578782661
3941.26 0.875769747322
3943.99 0.939046719545
3946.73 1.04152126467
3949.46 1.06962636067
3952.19 1.07103473133
3954.93 0.983790530906
3957.66 0.858644957125
3960.39 0.703836355199
3963.13 0.628046071945
3965.86 0.609463057254
3968.59 0.680018688483
3971.33 0.843252587478
3974.06 1.0390659636
3976.8 1.16548281002
3979.53 1.24157221625
3982.26 1.33321601706
3985.0 1.348670704
3987.73 1.36487319836
3990.46 1.43167732897
3993.2 1.41734435319
3995.93 1.4462595739
3998.66 1.45037251478
4001.4 1.53026327545
4004.13 1.47455162175
4006.86 1.53288060147
4009.6 1.54708894268
4012.33 1.5701463385
4015.07 1.57700123997
4017.8 1.56727974335
4020.53 1.5701463385
4023.27 1.51842299111
4026.0 1.5050870919
4028.73 1.45909693482
4031.47 1.47604723662
4034.2 1.5407325795
4036.93 1.5336284089
4039.67 1.48838605925
4042.4 1.42918463753
4045.13 1.43940467244
4047.87 1.52565179629
4050.6 1.49536559528
4053.34 1.46483012513
4056.07 1.4587230311
4058.8 1.43080488697
4061.54 1.43491782785
4064.27 1.45186812964
4067.0 1.45959547311
4069.74 1.44214663302
4072.47 1.50172195846
4075.2 1.58211125742
4077.94 1.55917849617
4080.67 1.60304986552
4083.4 1.64530098544
4086.14 1.64791831145
4088.87 1.61763211045
4091.61 1.55170042184
4094.34 1.46034328054
4097.07 1.42083412121
4099.81 1.42881073382
4102.54 1.47953700463
4105.27 1.52029250969
4108.01 1.56316680247
4110.74 1.56416387905
4113.47 1.57425927938
4116.21 1.54908309583
4118.94 1.55793215044
4121.67 1.57376074109
4124.41 1.4979829213
4127.14 1.47592260205
4129.88 1.49474242242
4132.61 1.54098184865
4135.34 1.49312217299
4138.08 1.49224973098
4140.81 1.45947083854
4143.54 1.45647960881
4146.28 1.46358377941
4149.01 1.43105415611
4151.74 1.46258670284
4154.48 1.48776288639
4157.21 1.5010987856
4159.94 1.54621650067
4162.68 1.52540252714
4165.41 1.48352531094
4168.15 1.45448545566
4170.88 1.39914770567
4173.61 1.4146023926
4176.35 1.44987397649
4179.08 1.49947853616
4181.81 1.50870149449
4184.55 1.49150192355
4187.28 1.49461778785
4190.01 1.51181735879
4192.75 1.47143575745
4195.48 1.45623033966
4198.21 1.4787891972
4200.95 1.48975703954
4203.68 1.53275596689
4206.42 1.59569642577
4209.15 1.64654733116
4211.88 1.60516865325
4214.62 1.60105571237
4217.35 1.57176658794
4220.08 1.43915540329
4222.82 1.42070948663
4225.55 1.45149422593
4228.28 1.52091568255
4231.02 1.57587952882
4233.75 1.6049193841
4236.48 1.60192815437
4239.22 1.67895231989
4241.95 1.65178198319
4244.69 1.60566719153
4247.42 1.57027097308
4250.15 1.54285136723
4252.89 1.57313756823
4255.62 1.58236052656
4258.35 1.64779367688
4261.09 1.65763980807
4263.82 1.59195738861
4266.55 1.53661963863
4269.29 1.51293906994
4272.02 1.52490398886
4274.75 1.5946993492
4277.49 1.58098954627
4280.22 1.58360687228
4282.96 1.55182505642
4285.69 1.51904616397
4288.42 1.51381151194
4291.16 1.47355454518
4293.89 1.36562100579
4296.62 1.26578871359
4299.36 1.20936664283
4302.09 1.1913195568
4304.82 1.2269650444
4307.56 1.34144189882
4310.29 1.55930313074
4313.02 1.71434853835
4315.76 1.76819067347
4318.49 1.72768443756
4321.23 1.6784537816
4323.96 1.71285292349
4326.69 1.77816143923
4329.43 1.78227438011
4332.16 1.73067566729
4334.89 1.70076337
4337.63 1.65115881033
4340.36 1.72045563238
4343.09 1.79897541276
4345.83 1.78701049385
4348.56 1.77043409577
4351.29 1.77554411322
4354.03 1.78850610871
4356.76 1.83973091782
4359.5 1.89843380125
4362.23 1.89033255406
4364.96 1.84533947356
4367.7 1.7814019381
4370.43 1.72444393868
4373.16 1.71584415321
4375.9 1.64330683229
4378.63 1.5902125046
4381.36 1.59806448264
4384.1 1.584853218
4386.83 1.6521558869
4389.56 1.7163426915
4392.3 1.7814019381
4395.03 1.7952363756
4397.77 1.75809527313
4400.5 1.75759673485
4403.23 1.75211281368
4405.97 1.80794910195
4408.7 1.85194510588
4411.43 1.907532125
4414.17 1.93108805912
4416.9 1.96648427758
4419.63 1.93432855799
4422.37 1.93869076801
4425.1 1.91663044876
4427.83 1.91712898705
4430.57 1.91239287331
4433.3 1.93744442229
4436.04 1.9824375028
4438.77 1.99515022915
4441.5 2.03802452193
4444.24 2.04986480627
4446.97 2.02281910414
4449.7 1.95414545495
4452.44 1.90827993244
4455.17 1.86428392851
4457.9 1.89693818638
4460.64 1.93308221227
4463.37 1.99352997971
4466.1 2.06295143633
4468.84 2.10906622799
4471.57 2.14994636761
4474.31 2.1286338558
4477.04 2.1317497201
4479.77 2.15256369363
4482.51 2.15293759734
4485.24 2.111683554
4487.97 2.16091420995
4490.71 2.09984326966
4493.44 2.10158815366
4496.17 2.13075264352
4498.91 2.22559955284
4501.64 2.27358386307
4504.37 2.31508717556
4507.11 2.29950785406
4509.84 2.20353923359
4512.58 2.15879542223
4515.31 2.1744993783
4518.04 2.13835535241
4520.78 2.11766601346
4523.51 2.02668277587
4526.24 2.0042485529
4528.98 1.98181432994
4531.71 2.01446858781
4534.44 2.11056184285
4537.18 2.13399314239
4539.91 2.11579649488
4542.64 2.11891235918
4545.38 2.11517332202
4548.11 2.12314993463
4550.85 2.14284219701
4553.58 2.20017410014
4556.31 2.23220518516
4559.05 2.28916318458
4561.78 2.25114964011
4564.51 2.25152354382
4567.25 2.25625965756
4569.98 2.25900161815
4572.71 2.24566571894
4575.45 2.17823841547
4578.18 2.18820918123
4580.91 2.19793067785
4583.65 2.18172818348
4586.38 2.24342229664
4589.12 2.19219748753
4591.85 2.18883235409
4594.58 2.18571648979
4597.32 2.2346978766
4600.05 2.24417010407
4602.78 2.29938321948
4605.52 2.30461787151
4608.25 2.38687668905
4610.98 2.36892931068
4613.72 2.41616581348
4616.45 2.41292531461
4619.18 2.41541800605
4621.92 2.40968481574
4624.65 2.34574728028
4627.38 2.30399469865
4630.12 2.30760910124
4632.85 2.27246215192
4635.59 2.20540875217
4638.32 2.18422087492
4641.05 2.20914778933
4643.79 2.16776911142
4646.52 2.18060647233
4649.25 2.20279142616
4651.99 2.2609957713
4654.72 2.2618682133
4657.45 2.21650122908
4660.19 2.20491021388
4662.92 2.16876618799
4665.65 2.10806915141
4668.39 2.14172048586
4671.12 2.2052841176
4673.86 2.17811378089
4676.59 2.17749060803
4679.32 2.16141274824
4682.06 2.17387620544
4684.79 2.20004946557
4687.52 2.22223441939
4690.26 2.20191898415
4692.99 2.15779834565
4695.72 2.13972633271
4698.46 2.12003407033
4701.19 2.13312070039
4703.92 2.18883235409
4706.66 2.21039413505
4709.39 2.2386861829
4712.13 2.26859848019
4714.86 2.29153124145
4717.59 2.33378236137
4720.33 2.31496254099
4723.06 2.24641352637
4725.79 2.2168751328
4728.53 2.20902315476
4731.26 2.22510101455
4733.99 2.25837844528
4736.73 2.28617195485
4739.46 2.32468403761
4742.19 2.34263141598
4744.93 2.35509487318
4747.66 2.3639439278
4750.4 2.32256524988
4753.13 2.3229391536
4755.86 2.30711056295
4758.6 2.26149430959
4761.33 2.2409296052
4764.06 2.23681666432
4766.8 2.27221288278
4769.53 2.33253601565
4772.26 2.36905394525
4775.0 2.3786508073
4777.73 2.33079113164
4780.46 2.30125273807
4783.2 2.31409009898
4785.93 2.35135583602
4788.67 2.36855540696
4791.4 2.34325458884
4794.13 2.40357772171
4796.87 2.41367312204
4799.6 2.42077729265
4802.33 2.43000025098
4805.07 2.42725829039
4807.8 2.43535953758
4810.53 2.46140816313
4813.27 2.48583653925
4816.0 2.48558727011
4818.73 2.4080645663
4821.47 2.4142962949
4824.2 2.39747062768
4826.94 2.38351155561
4829.67 2.34823997172
4832.4 2.34948631744
4835.14 2.3229391536
4837.87 2.31695669414
4840.6 2.32879697848
4843.34 2.28442707084
4846.07 2.27308532479
4848.8 2.2378137409
4851.54 2.17649353146
4854.27 2.07765831583
4857.0 2.00512099491
4859.74 1.96386695156
4862.47 1.96411622071
4865.21 2.03877232936
4867.94 2.10046644252
4870.67 2.12152968519
4873.41 2.18920625781
4876.14 2.21812147852
4878.87 2.17911085747
4881.61 2.14633196502
4884.34 2.1450856193
4887.07 2.15879542223
4889.81 2.21749830566
4892.54 2.25900161815
4895.27 2.33527797623
4898.01 2.33440553423
4900.74 2.33266065022
4903.48 2.31882621272
4906.21 2.26585651961
4908.94 2.26672896161
4911.68 2.22460247626
4914.41 2.16951399542
4917.14 2.16664740027
4919.88 2.19855385071
4922.61 2.25451477355
4925.34 2.33353309222
4928.08 2.31770450157
4930.81 2.2975137009
4933.54 2.31708132871
4936.28 2.29140660687
4939.01 2.30947861982
4941.75 2.39634891653
4944.48 2.41467019862
4947.21 2.38961864964
4949.95 2.34786606801
4952.68 2.31795377072
4955.41 2.31072496554
4958.15 2.30835690867
4960.88 2.2988846812
4963.61 2.28043876454
4966.35 2.31969865473
4969.08 2.30050493063
4971.81 2.28006486082
4974.55 2.24641352637
4977.28 2.19955092728
4980.02 2.12925702866
4982.75 2.13860462156
4985.48 2.19306992954
4988.22 2.21787220937
4990.95 2.20179434958
4993.68 2.1843455095
4996.42 2.16278372853
4999.15 2.17113424486
5001.88 2.12925702866
5004.62 2.13860462156
5007.35 2.1170428406
5010.08 2.08139735299
5012.82 2.0622036289
5015.55 2.07229902924
5018.29 2.06606730063
5021.02 2.11130965028
5023.75 2.15754907651
5026.49 2.18721210465
5029.22 2.19232212211
5031.95 2.15567955793
5034.69 2.12788604836
5037.42 2.09597959792
5040.15 2.12913239408
5042.89 2.15904469137
5045.62 2.20054800386
5048.35 2.22011563167
5051.09 2.24329766207
5053.82 2.28617195485
5056.56 2.29053416487
5059.29 2.25962479101
5062.02 2.26523334675
5064.76 2.21961709338
5067.49 2.17163278315
5070.22 2.15206515534
5072.96 2.1526883282
5075.69 2.13000483609
5078.42 2.14346536987
5081.16 2.18721210465
5083.89 2.17911085747
5086.62 2.19830458156
5089.36 2.21612732536
5092.09 2.21051876962
5094.83 2.20902315476
5097.56 2.15617809622
5100.29 2.15792298022
5103.03 2.12875849037
5105.76 2.15543028878
5108.49 2.18571648979
5111.23 2.19120041096
5113.96 2.20166971501
5116.69 2.20117117672
5119.43 2.13972633271
5122.16 2.11355307258
5124.89 2.12265139634
5127.63 2.09834765479
5130.36 2.12364847291
5133.1 2.12402237663
5135.83 2.10806915141
5138.56 2.10433011425
5141.3 2.04562723082
5144.03 2.06594266606
5146.76 2.07279756752
5149.5 2.04762138397
5152.23 2.07765831583
5154.96 2.11641966774
5157.7 2.05086188285
5160.43 1.94928470664
5163.16 1.83661505352
5165.9 1.73080030186
5168.63 1.70300679229
5171.37 1.71758903722
5174.1 1.79050026186
5176.83 1.83287601636
5179.57 1.81181277368
5182.3 1.84135116725
5185.03 1.94629347691
5187.77 2.00624270606
5190.5 2.03864769479
5193.23 2.09286373362
5195.97 2.09635350164
5198.7 2.10532719083
5201.43 2.02992327474
5204.17 2.03478402305
5206.9 2.07653660468
5209.64 2.11517332202
5212.37 2.18247599092
5215.1 2.20142044586
5217.84 2.21425780678
5220.57 2.20964632762
5223.3 2.1905772381
5226.04 2.17238059058
5228.77 2.19967556186
5231.5 2.24304839292
5234.24 2.29427320203
5236.97 2.35596731519
5239.7 2.36219904379
5242.44 2.3608280635
5245.17 2.30399469865
5247.91 2.26610578875
5250.64 2.27233751735
5253.37 2.27807070767
5256.11 2.2525206204
5258.84 2.1589200568
5261.57 2.05136042113
5264.31 2.02456398815
5267.04 2.04363307767
5269.77 2.14122194757
5272.51 2.21164048077
5275.24 2.25725673414
5277.97 2.33004332421
5280.71 2.40258064513
5283.44 2.42302071494
5286.17 2.46477329658
5288.91 2.46639354601
5291.64 2.40357772171
5294.38 2.38288838275
5297.11 2.38126813331
5299.84 2.39173743736
5302.58 2.48982484555
5305.31 2.53269913834
5308.04 2.53431938777
5310.78 2.5341947532
5313.51 2.55139432414
5316.24 2.47486869691
5318.98 2.38887084221
5321.71 2.33104040078
5324.44 2.25588575384
5327.18 2.28542414742
5329.91 2.34711826057
5332.65 2.35384852746
5335.38 2.37478713557
5338.11 2.37416396271
5340.85 2.40644431686
5343.58 2.41329921833
5346.31 2.45168666651
5349.05 2.50328537933
5351.78 2.55388701558
5354.51 2.58155589057
5357.25 2.53942940523
5359.98 2.47561650434
5362.71 2.42725829039
5365.45 2.36830613782
5368.18 2.33527797623
5370.92 2.38114349874
5373.65 2.43099732755
5376.38 2.45181130108
5379.12 2.45928937541
5381.85 2.44844616764
5384.58 2.4321190387
5387.32 2.35846000663
5390.05 2.34624581857
5392.78 2.32331305732
5395.52 2.30524104437
5398.25 2.27495484337
5400.98 2.26373773188
5403.72 2.23694129889
5406.45 2.28018949539
5409.19 2.34038799368
5411.92 2.40071112655
5414.65 2.41840923578
5417.39 2.42476559895
5420.12 2.37628275043
5422.85 2.36207440922
5425.59 2.38139276788
5428.32 2.37042492554
5431.05 2.36469173523
5433.79 2.3808942296
5436.52 2.42302071494
5439.25 2.44981714793
5441.99 2.43884930559
5444.72 2.3987169734
5447.46 2.38338692104
5450.19 2.35048339402
5452.92 2.30474250608
5455.66 2.32817380562
5458.39 2.36057879435
5461.12 2.35472096947
5463.86 2.3501094903
5466.59 2.38862157306
5469.32 2.31994792387
5472.06 2.2904095303
5474.79 2.28854001172
5477.52 2.32007255844
5480.26 2.3251825759
5482.99 2.34350385799
5485.73 2.37092346383
5488.46 2.36843077239
5491.19 2.36992638726
5493.93 2.34325458884
5496.66 2.36282221665
5499.39 2.35696439177
5502.13 2.33253601565
5504.86 2.32418549932
5507.59 2.32468403761
5510.33 2.32181744245
5513.06 2.34001408997
5515.79 2.3826391136
5518.53 2.41778606292
5521.26 2.43373928814
5524.0 2.32991868963
5526.73 2.3020005455
5529.46 2.3260550179
5532.2 2.3679322341
5534.93 2.36070342893
5537.66 2.40544724029
5540.4 2.46265450885
5543.13 2.36581344638
5545.86 2.37715519243
5548.6 2.41853387035
5551.33 2.4405941896
5554.06 2.43311611528
5556.8 2.37179590584
5559.53 2.39098962993
5562.27 2.3608280635
5565.0 2.29464710575
5567.73 2.32842307477
5570.47 2.37441323185
5573.2 2.35285145089
5575.93 2.39198670651
5578.67 2.35571804604
5581.4 2.32406086475
5584.13 2.28330535969
5586.87 2.28442707084
5589.6 2.2997571232
5592.33 2.23843691376
5595.07 2.28143584111
5597.8 2.30087883435
5600.54 2.33477943794
5603.27 2.38849693849
5606.0 2.40569650943
5608.74 2.43648124872
5611.47 2.38625351619
5614.2 2.32667819076
5616.94 2.30848154324
5619.67 2.33864310968
5622.4 2.35073266316
5625.14 2.33290991936
5627.87 2.3701756564
5630.6 2.39472866709
5633.34 2.33914164796
5636.07 2.35883391035
5638.81 2.35783683377
5641.54 2.33415626508
5644.27 2.3670597921
5647.01 2.38575497791
5649.74 2.36207440922
5652.47 2.31832767443
5655.21 2.29701516262
5657.94 2.316707425
5660.67 2.27458093965
5663.41 2.39385622509
5666.14 2.36406856237
5668.87 2.39934014626
5671.61 2.38039569131
5674.34 2.37366542442
5677.08 2.41292531461
5679.81 2.39036645707
5682.54 2.38787376563
5685.28 2.38413472847
5688.01 2.38812303477
5690.74 2.47611504263
5693.48 2.43336538442
5696.21 2.36843077239
5698.94 2.31957402015
5701.68 2.30274835293
5704.41 2.2641116356
5707.14 2.32032182759
5709.88 2.316707425
5712.61 2.37977251845
5715.35 2.4250148681
5718.08 2.48409165524
5720.81 2.44707518735
5723.55 2.43411319186
5726.28 2.44296224647
5729.01 2.48608580839
5731.75 2.47711211921
5734.48 2.47100502518
5737.21 2.4428376119
5739.95 2.46203133599
5742.68 2.42439169524
5745.41 2.41180360346
5748.15 2.41928167778
5750.88 2.43997101674
5753.62 2.38064496045
5756.35 2.4374783253
5759.08 2.44944324422
5761.82 2.45019105165
5764.55 2.49281607528
5767.28 2.52447325658
5770.02 2.45891547169
5772.75 2.43012488555
5775.48 2.38774913106
5778.22 2.34425166542
5780.95 2.34113580112
5783.68 2.34574728028
5786.42 2.36606271552
5789.15 2.38014642216
5791.89 2.42962634726
5794.62 2.45953864455
5797.35 2.49917243846
5800.09 2.50041878418
5802.82 2.47661358092
5805.55 2.46502256572
5808.29 2.43548417215
5811.02 2.45006641708
5813.75 2.435234903
5816.49 2.45779376054
5819.22 2.47274990919
5821.95 2.49057265299
5824.69 2.48745678869
5827.42 2.50291147562
5830.16 2.55588116873
5832.89 2.47212673633
5835.62 2.51786762426
5838.36 2.48870313441
5841.09 2.54242063495
5843.82 2.45804302969
5846.56 2.45293301223
5849.29 2.36381929323
5852.02 2.40370235628
5854.76 2.39722135853
5857.49 2.35434706575
5860.22 2.39285914851
5862.96 2.30499177523
5865.69 2.37541030843
5868.43 2.37977251845
5871.16 2.37590884671
5873.89 2.34350385799
5876.63 2.28081266825
5879.36 2.21201438449
5882.09 2.15592882707
5884.83 2.05858922631
5887.56 1.94978324492
5890.29 1.93731978772
5893.03 1.97994481136
5895.76 2.05422701629
5898.49 2.1085676897
5901.23 2.23270372345
5903.96 2.25750600328
5906.7 2.29016026115
5909.43 2.29527027861
5912.16 2.31483790642
5914.9 2.29402393289
5917.63 2.32767526734
5920.36 2.35521950776
5923.1 2.3532253546
5925.83 2.37690592329
5928.56 2.34774143343
5931.3 2.34225751226
5934.03 2.3577121992
5936.76 2.34038799368
5939.5 2.35995562149
5942.23 2.37453786642
5944.97 2.38949401507
5947.7 2.34749216429
5950.43 2.35023412488
5953.17 2.33565187995
5955.9 2.34487483828
5958.63 2.38936938049
5961.37 2.3693032144
5964.1 2.37902471102
5966.83 2.39597501281
5969.57 2.35048339402
5972.3 2.39996331912
5975.03 2.3871259582
5977.77 2.32393623018
5980.5 2.3376460331
5983.23 2.34038799368
5985.97 2.35733829548
5988.7 2.33066649707
5991.44 2.36681052296
5994.17 2.37279298241
5996.9 2.37678128872
5999.64 2.34674435686
6002.37 2.34350385799
6005.1 2.34973558659
6007.84 2.29227904888
6010.57 2.288166108
6013.3 2.34063726283
6016.04 2.32742599819
6018.77 2.32555647961
6021.5 2.36855540696
6024.24 2.39036645707
6026.97 2.36830613782
6029.71 2.39834306968
6032.44 2.44321151561
6035.17 2.43623197958
6037.91 2.42476559895
6040.64 2.44296224647
6043.37 2.43685515244
6046.11 2.47337308205
6048.84 2.41865850492
6051.57 2.3987169734
6054.31 2.38849693849
6057.04 2.39522720538
6059.77 2.42401779152
6062.51 2.42065265808
6065.24 2.41304994918
6067.98 2.435234903
6070.71 2.47412088948
6073.44 2.43000025098
6076.18 2.43398855728
6078.91 2.41491946776
6081.64 2.38513180505
6084.38 2.41267604546
6087.11 2.36269758208
6089.84 2.37441323185
6092.58 2.36045415978
6095.31 2.37765373072
6098.04 2.35210364346
6100.78 2.38288838275
6103.51 2.36543954266
6106.25 2.39273451394
6108.98 2.41778606292
6111.71 2.37254371327
6114.45 2.38114349874
6117.18 2.38625351619
6119.91 2.33091576621
6122.65 2.36381929323
6125.38 2.37827690358
6128.11 2.29614272061
6130.85 2.31558571385
6133.58 2.27844461138
6136.31 2.2819343794
6139.05 2.28367926341
6141.78 2.37790299987
6144.52 2.33465480337
6147.25 2.36469173523
6149.98 2.31895084729
6152.72 2.2859226857
6155.45 2.20254215701
6158.18 2.17911085747
6160.92 2.13661046841
6163.65 2.16465324711
6166.38 2.20179434958
6169.12 2.22360539969
6171.85 2.25950015643
6174.58 2.24753523752
6177.32 2.26361309731
6180.05 2.30561494809
6182.79 2.27470557422
6185.52 2.24417010407
6188.25 2.2315820123
6190.99 2.24417010407
6193.72 2.2703433642
6196.45 2.26448553931
6199.19 2.26174357873
6201.92 2.29252831802
6204.65 2.29190514516
6207.39 2.27308532479
6210.12 2.25202208211
6212.85 2.21500561422
6215.59 2.22435320712
6218.32 2.22447784169
6221.06 2.1852179515
6223.79 2.18845845037
6226.52 2.18235135634
6229.26 2.1620359211
6231.99 2.15916932594
6234.72 2.24055570148
6237.46 2.17375157087
6240.19 2.21188974992
6242.92 2.19531335183
6245.66 2.20453631017
6248.39 2.19306992954
6251.12 2.18970479609
6253.86 2.17574572403
6256.59 2.24466864236
6259.33 2.23407470374
6262.06 2.25301915869
6264.79 2.29327612545
6267.53 2.19955092728
6270.26 2.27694899652
6272.99 2.27732290023
6275.73 2.19930165814
6278.46 2.29689052804
6281.19 2.30661202466
6283.93 2.30461787151
6286.66 2.29913395034
6289.39 2.28318072512
6292.13 2.26386236645
6294.86 2.21787220937
6297.6 2.25052646725
6300.33 2.21612732536
6303.06 2.27445630508
6305.8 2.2565089267
6308.53 2.23457324203
6311.26 2.22672126399
6314.0 2.2208634391
6316.73 2.36357002408
6319.46 2.2966412589
6322.2 2.33340845765
6324.93 2.38986791878
6327.66 2.29489637489
6330.4 2.35210364346
6333.13 2.35272681632
6335.87 2.34711826057
6338.6 2.34537337657
6341.33 2.32767526734
6344.07 2.27208824821
6346.8 2.31708132871
6349.53 2.3911142645
6352.27 2.30947861982
6355.0 2.23581958775
6357.73 2.21874465138
6360.47 2.25463940812
6363.2 2.27208824821
6365.93 2.28081266825
6368.67 2.31957402015
6371.4 2.32717672905
6374.14 2.32082036587
6376.87 2.32942015135
6379.6 2.34375312713
6382.34 2.34898777915
6385.07 2.34961095201
6387.8 2.30935398525
6390.54 2.28704439685
6393.27 2.2943978366
6396.0 2.29813687376
6398.74 2.30748446667
6401.47 2.31035106182
6404.2 2.31895084729
6406.94 2.34138507026
6409.67 2.29539491318
6412.41 2.31259448412
6415.14 2.29701516262
6417.87 2.29365002917
6420.61 2.32256524988
6423.34 2.26211748245
6426.07 2.30150200721
6428.81 2.28093730282
6431.54 2.27109117163
6434.27 2.26112040587
6437.01 2.29327612545
6439.74 2.33066649707
6442.47 2.31944938558
6445.21 2.32281451903
6447.94 2.29377466374
6450.68 2.28642122399
6453.41 2.29277758717
6456.14 2.31633352128
6458.88 2.33153893907
6461.61 2.36369465865
6464.34 2.34786606801
6467.08 2.33914164796
6469.81 2.35708902634
6472.54 2.37067419469
6475.28 2.38326228646
6478.01 2.3679322341
6480.74 2.3501094903
6483.48 2.34400239627
6486.21 2.34886314458
6488.95 2.32156817331
6491.68 2.25738136871
6494.41 2.24641352637
6497.15 2.27595191994
6499.88 2.29302685631
6502.61 2.34811533715
6505.35 2.37291761699
6508.08 2.3987169734
6510.81 2.41354848747
6513.55 2.38226520989
6516.28 2.35783683377
6519.01 2.36917857982
6521.75 2.37391469356
6524.48 2.35883391035
6527.22 2.38475790133
6529.95 2.41541800605
6532.68 2.3933576868
6535.42 2.37005102183
6538.15 2.35272681632
6540.88 2.30324689122
6543.62 2.30087883435
6546.35 2.26660432704
6549.08 2.26161894416
6551.82 2.20939705847
6554.55 2.11866309003
6557.28 2.06918316493
6560.02 2.10781988227
6562.75 2.13449168068
6565.49 2.14919856018
6568.22 2.19518871726
6570.95 2.22859078257
6573.69 2.25239598583
6576.42 2.26996946048
6579.15 2.29414856746
6581.89 2.34823997172
6584.62 2.29589345147
6587.35 2.30773373581
6590.09 2.26199284787
6592.82 2.21824611309
6595.55 2.25551185013
6598.29 2.29539491318
6601.02 2.35883391035
6603.76 2.31595961757
6606.49 2.29227904888
6609.22 2.29290222174
6611.96 2.28966172287
6614.69 2.30524104437
6617.42 2.37067419469
6620.16 2.34412703085
6622.89 2.34524874199
6625.62 2.31807840529
6628.36 2.28604732028
6631.09 2.27458093965
6633.82 2.29302685631
6636.56 2.32667819076
6639.29 2.33353309222
6642.02 2.31010179268
6644.76 2.29053416487
6647.49 2.30661202466
6650.23 2.31595961757
6652.96 2.30748446667
6655.69 2.25538721556
6658.43 2.25663356128
6661.16 2.24616425723
6663.89 2.24279912378
6666.63 2.2556364847
6669.36 2.25576111927
6672.09 2.27507947794
6674.83 2.21911855509
6677.56 2.24018179777
6680.29 2.26909701848
6683.03 2.28318072512
6685.76 2.2609957713
6688.5 2.24292375835
6691.23 2.23444860745
6693.96 2.24491791151
6696.7 2.20378850273
6699.43 2.20653046332
6702.16 2.22472711084
6704.9 2.20790144361
6707.63 2.21276219192
6710.36 2.21425780678
6713.1 2.20702900161
6715.83 2.1968089667
6718.56 2.1883338158
6721.3 2.21438244136
6724.03 2.1651517854
6726.77 2.19194821839
6729.5 2.19107577639
6732.23 2.18222672177
6734.97 2.17337766716
6737.7 2.20279142616
6740.43 2.15418394306
6743.17 2.16652276569
6745.9 2.18172818348
6748.63 2.19082650724
6751.37 2.21513024879
6754.1 2.2355703186
6756.83 2.18571648979
6759.57 2.19045260353
6762.3 2.23183128144
6765.04 2.21837074766
6767.77 2.23407470374
6770.5 2.21438244136
6773.24 2.24105423977
6775.97 2.22235905397
6778.7 2.18933089238
6781.44 2.20004946557
6784.17 2.19855385071
6786.9 2.1464565996
6798.25 2.21737367109
6813.92 2.22273295768
6829.63 2.25389160069
6845.38 2.18758600837
6861.16 2.18272526006
6876.97 2.16789374599
6892.83 2.1139269763
6908.71 2.17836305004
6924.64 2.17350230173
6940.61 2.23980789405
6956.6 2.2712158062
6972.64 2.2609957713
6988.71 2.24043106691
7004.83 2.25102500553
7020.97 2.23058493572
7037.16 2.27221288278
7053.38 2.33615041824
7069.64 2.16041567166
7085.94 2.23656739518
7102.27 2.111683554
7118.64 2.07803221955
7135.05 2.05921239917
7151.5 2.08812761988
7167.99 2.10757061312
7184.51 2.07890466155
7201.07 2.01309760752
7217.68 2.12776141379
7234.31 2.16253445939
7250.99 2.11841382089
7267.71 2.10881695884
7284.46 2.15318686649
7301.25 2.12389774206
7318.08 2.18359770206
7334.95 2.21924318967
7351.86 2.21438244136
7368.81 2.20441167559
7385.8 2.3514804706
7402.82 2.30885544696
7419.88 2.26685359618
7436.99 2.31458863727
7454.14 2.26211748245
7471.32 2.26236675159
7488.54 2.31533644471
7505.81 2.33153893907
7523.11 2.35883391035
7540.45 2.34288068513
7557.83 2.3376460331
7575.25 2.32717672905
7592.72 2.3113481384
7610.22 2.2904095303
7627.76 2.19257139125
7645.35 2.23881081748
7662.97 2.25451477355
7680.64 2.18322379835
7698.34 2.18347306749
7716.09 2.16864155342
7733.88 2.13910315985
7751.7 2.11978480118
7769.57 2.14944782933
7787.49 2.09111884961
7805.44 2.1009649808
7823.43 2.2052841176
7841.47 2.08700590874
7859.54 2.15056954047
7877.66 2.17574572403
7895.82 2.20117117672
7914.02 2.1611634791
7932.26 2.1170428406
7950.55 2.05958630289
7968.88 2.12738751008
7987.25 2.12265139634
8005.66 2.09859692394
8024.12 2.20790144361
8042.61 2.22348076511
8061.15 2.21350999935
8079.74 2.13361923868
8098.36 2.12900775951
8117.03 2.18883235409
8135.75 2.2092724239
8154.5 2.15929396052
8173.3 2.06706437721
8192.14 2.0483691914
8211.02 2.15505638507
8229.95 2.11592112945
8248.92 2.23120810858
8267.94 2.20092190758
8287.0 2.15106807876
8306.1 2.13150045095
8325.25 2.15642736536
8344.44 2.08825225446
8363.68 2.14707977246
8382.96 2.13249752753
8402.28 2.17238059058
8421.65 2.07491635525
8441.06 2.14309146615
8460.53 2.07529025896
8480.03 2.02830302531
8499.58 2.10470401796
8519.17 2.07130195266
8538.81 2.04313453938
8558.49 1.93794296058
8578.22 2.06245289804
8598.0 2.06743828093
8617.82 2.0582153226
8637.68 2.07753368126
8657.6 1.97969554221
8677.55 1.93931394087
8697.55 1.84371922412
8717.61 2.0452533271
8737.7 2.04076648251
8757.84 2.05036334456
8778.04 2.06968170322
8798.27 2.05559799658
8818.55 1.99066338455
8838.88 2.07990173813
8859.26 2.08501175558
8879.68 1.95501789695
8900.15 1.97333917904
8920.67 1.96897696902
8941.23 1.96473939357
8961.84 1.94691664977
8982.5 1.87250981026
9003.21 1.87263444483
9023.96 1.83449626579
9044.77 2.08239442957
9065.62 2.12626579893
9086.51 1.99377924885
9107.46 2.02169739299
9128.46 1.78975245443
9149.5 1.94018638288
9170.59 1.98106652251
9191.73 1.95863229954
9212.92 1.97695358163
9234.16 1.8794893463
9255.45 1.87973861544
9276.78 2.07092804894
9298.16 1.86303758279
9319.6 2.00574416777
9341.09 2.00138195775
9362.62 1.96960014188
9384.2 2.00188049604
9405.83 1.965487201
9427.52 2.01160199265
9449.25 1.98418238681
9471.03 2.02132348927
9492.87 2.02157275842
9514.75 1.98493019424
9536.68 1.99901390088
9558.67 1.96274524042
9580.7 1.98580263624
9602.78 1.98605190539
9624.92 1.99539949829
9647.11 1.9592554724
9669.35 1.96399158614
9691.64 1.9824375028
9713.98 1.95551643524
9736.37 1.93333148142
9758.82 1.93358075056
9781.32 1.91176970045
9803.86 1.95202666722
9826.46 1.93881540259
9849.12 1.94355151632
9871.82 1.93046488626
9894.58 1.92622731081
9917.39 1.9044162607
9940.25 1.91787679448
9963.16 1.92261290822
9986.13 1.91401312275
10032.23 1.91451166104
10078.53 1.88871230463
10125.05 1.90242210755
10171.79 1.88110959573
10218.74 1.88597034404
10265.9 1.88646888233
10289.57 1.87375615598
10505.03 1.81654888742
10700.33 1.74413620107
10899.27 1.68493477935
11101.9 1.61277136214
11308.31 1.57251439537
11492.05 1.55082797984
11705.7 1.5050870919
11895.9 1.45074641849
12089.19 1.4177182569
12313.94 1.39179426592
12514.03 1.35078949172
12688.12 1.3170135227
12894.28 1.28398536111
13103.8 1.25768746641
13286.09 1.22062114469
13501.97 1.19833648321
13689.8 1.17646311582
13912.24 1.13391287292
14105.78 1.08787286201
14302.02 1.07048633921
14500.98 1.07542186827
14702.71 1.03891640212
14907.25 1.04612028038
15114.63 1.04852572762
15289.63 1.06066513494
15502.33 1.04852572762
15718.0 1.03414289801
15900.01 1.00133907865
16084.12 1.00364481823
16307.88 0.994446786815
16496.7 0.978543415423
16687.73 0.962901776633
16880.97 0.943147196965
17115.8 0.917447548211
17314.0 0.882225818154
17514.47 0.852276130494
17717.29 0.819559555334
17881.23 0.789908990647
18088.29 0.754363210703
18297.73 0.733798506317
18509.61 0.708896518824
18680.88 0.678548000533
18897.18 0.658531688264
19116.01 0.645033764113
19292.89 0.621702172228
19516.3 0.596451207934
19696.87 0.577531679899
19879.13 0.557926661717
20109.33 0.54900282636
20295.38 0.529148539034
20483.18 0.519489359702
20720.35 0.505330872318
20912.08 0.492692926714
21105.59 0.482585062922
21300.86 0.470520436349
21497.96 0.459814326611
21696.89 0.444197614735
21897.64 0.435086827519
22100.26 0.421289780395
22304.74 0.40981093631
22511.13 0.399553511032
22719.43 0.388672912893
22876.9 0.348004652038
23088.59 0.344814006994
23302.21 0.301004954923
23517.84 0.284166824241
23680.84 0.288117740175
23899.97 0.263988487029
24121.12 0.255613043788
24288.31 0.252684131345
24513.06 0.235272681632
24682.96 0.232044646216
24911.36 0.195688741553
25084.02 0.193009098254
25316.14 0.193906467173
25491.61 0.192124192793
25727.49 0.194791372634
25905.81 0.191239287331
26085.4 0.190366845327
26326.74 0.185605804675
26509.25 0.183050795949
26692.99 0.179710589418
26878.03 0.176843994261
27126.71 0.173615958846
27314.76 0.170051410085
27504.08 0.167334376415
27694.75 0.163146654795
27886.71 0.160903232498
28080.03 0.157612879796
28274.65 0.154733821182
28470.63 0.151206662794
28668.0 0.14810326195
28933.27 0.145411155194
29066.81 0.142419925465
29268.28 0.139503476479
29471.17 0.136636881323
29675.44 0.134144189882
29881.16 0.13138976584
30088.27 0.128996782057
30296.85 0.12635452913
30506.84 0.124617123196
30718.29 0.122625462734
30931.24 0.120664960916
31074.0 0.118462668028
31289.41 0.116836186863
31506.29 0.114703689336
31724.7 0.112611074871
31871.12 0.110810105305
32092.02 0.109037801691
32314.49 0.107048633921
32463.64 0.105336154902
32688.69 0.103652341833
32915.26 0.101994702025
33067.17 0.100364481823
33296.41 0.0978543415423
33527.19 0.096068328125
33681.97 0.0940978555411
33915.42 0.0921672660203
34071.96 0.0902778059083
34308.16 0.0888345375641
34466.51 0.0870123801209
34705.44 0.0854232893275
34865.62 0.0836721735904
35107.27 0.0821441537372
35269.35 0.080460340669
35513.81 0.0789908990647
35677.72 0.0773706496283
35925.05 0.0759585399271
36090.86 0.0745726034861
36341.05 0.0730433372872
36508.78 0.0715452297313
36677.29 0.0700770344727
36931.54 0.0686399978572
37102.0 0.0672328735389
37273.24 0.0660052230043
37531.63 0.0645033764113
37704.86 0.0634714021548
37878.88 0.0623135469806
38141.47 0.0611756333379
38317.51 0.0600589075725
38494.36 0.0589633696843
38672.07 0.0577531679899
38940.11 0.0565691395555
39119.84 0.0556642925625
39300.44 0.0546485208004
39481.83 0.0534046677715
39664.06 0.0524300254182
39939.02 0.0512360262181
40123.35 0.0504171770798
40308.54 0.0496107913988
40494.63 0.048593773291
40681.53 0.0478172999072
40869.29 0.0469436115572
41057.97 0.0461933114336
41342.55 0.0454542284214
41533.36 0.0446254085173
41725.1 0.0438102984162
41917.68 0.0430113908095
42111.15 0.0422261930057
42305.56 0.0417426108662
42500.82 0.0408863713563
42696.98 0.0403255157821
42894.09 0.0385993269594
43092.07 0.0368619210252
43290.96 0.0368619210252
43490.77 0.0352840473433
43691.55 0.0344814006994
43893.2 0.0338519961106
44095.79 0.0327028653564
44299.36 0.0321058657564
44503.82 0.0315200832678
44709.23 0.0307311464268
44915.63 0.030449472294
45122.93 0.0298936021027
45331.2 0.0292804000083
45540.42 0.0290124356784
45750.66 0.0286136050479
45856.12 0.0277698289952
46067.77 0.0277062653635
46280.44 0.027200249001
46494.05 0.0268899089167
46708.64 0.0267042034043
46924.22 0.0262168822277
47140.85 0.0257981100656
47249.51 0.0256784608765
47467.59 0.0250939247336
47686.73 0.0248645971211
47906.82 0.0245804302969
48127.93 0.0240208210684
48350.07 0.0240756602801
48461.57 0.0235272681632
48685.24 0.0231521181013
48909.95 0.0227819534224
49135.69 0.0224691206466
49249.0 0.022262227257
49476.31 0.0218559185522
49704.67 0.02170511072
49934.13 0.0212526872235
50049.23 0.0209323763734
50280.23 0.0205896313003
50512.3 0.0201596420268
50745.49 0.0199203436484
50862.46 0.0197097112217
50979.71 0.0195476862781
51097.21 0.0193407928885
51215.0 0.0191376385361
51333.05 0.0190229747298
51451.44 0.0188223130688
51570.04 0.0186228977536
51688.91 0.0185543487389
51808.05 0.0183586724608
51927.47 0.0181642425285
52047.17 0.0180134346963
52167.14 0.0178638732099
52287.45 0.0176744286604
52407.98 0.0174874768023
52528.78 0.0173815374161
52649.86 0.0173167274386
52771.23 0.0171721513351
52892.87 0.0169503017968
53014.85 0.0167708280131
53137.05 0.0166312372924
53259.53 0.0164916465717
53382.3 0.0163533021968
53505.35 0.0162174505133
53628.68 0.0160815988298
53752.3 0.015946993492
53876.26 0.0158497785258
54000.45 0.0156802755078
54124.93 0.0155481628614
54249.69 0.0153823988806
54374.74 0.0152178812455
54500.08 0.0151244053165
54625.7 0.0149636267186
54751.68 0.0148364994551
54877.89 0.0146782135486
55004.38 0.0145211739879
55131.17 0.0143977857616
55258.25 0.0143429465499
55385.63 0.0142544560037
55513.36 0.0140363455026
55641.32 0.0139179426592
55769.58 0.0138319448045
55898.13 0.0136823833181
56026.98 0.0135353145231
56156.13 0.0134518093598
56285.57 0.0133059869105
56415.37 0.0131626571527
56545.41 0.0130803983351
56675.76 0.012969473566
56806.4 0.0128298828453
56937.34 0.0126902921247
57068.58 0.0126117723443
57200.19 0.0125320062182
57332.05 0.0124254436591
57464.2 0.0122907136867
57596.66 0.0121574793292
57729.42 0.012053284827
57862.49 0.0119775070072
57995.87 0.0119021030911
58129.62 0.0117727324053
58263.61 0.0116447326999
58397.91 0.0115711983024
58532.52 0.0114714906447
58667.44 0.0113726554291
58802.68 0.0112486440299
58938.22 0.0111515536983
59198.96 0.0121852728388
59506.96 0.0117094180427
59814.96 0.0120095380922
60122.97 0.0130666885322
60430.97 0.0114135355687
60738.97 0.0104897441208
61046.98 0.00902678351425
61354.98 0.0105944371613
61662.97 0.0102720075235
61970.98 0.0106902811472
62278.98 0.00740167332948
62586.98 0.00891523557228
62894.99 0.0104349049091
63202.99 0.00927119191001
63511.0 0.0100775775911
63818.99 0.00901843299792
64126.99 0.00941676509015
64435.0 0.00829143953924
64743.0 0.00835886684271
65051.0 0.00777420606529
65359.01 0.00863854682236
65667.0 0.00997662358773
65975.0 0.00767001156307
66283.02 0.00691061311566
66591.01 0.00697716797712
66899.01 0.00752954840039
67207.02 0.00743607247136
67515.02 0.00893455393094
67823.03 0.00893766979524
68131.03 0.00691547386397
68439.03 0.00723017615836
68747.04 0.00792189803315
69055.03 0.00630862813273
69363.04 0.00764284122637
69671.04 0.00779514467339
69979.04 0.00579313954279
70287.04 0.00665885128015
70595.04 0.00571860806871
70903.04 0.0046953582323
71211.05 0.00640559382977
71519.04 0.00666857277676
71827.06 0.00699748341237
72135.05 0.00685053925194
72443.05 0.00569068992457
72751.07 0.00419968653931
73059.06 0.00563510290545
73367.06 0.00433665993398
73675.07 0.00265434248064
73983.07 0.00393384099716
74291.07 0.00326741994049
74599.07 0.00631760182191
74886.92 0.00480703080884
74907.08 0.00301939714213
75215.09 0.00471243316867
75504.14 0.00371934489869
75523.08 0.007478697495
76121.37 0.0051388080396
76738.6 0.00320560119276
77355.83 0.00330156981322
77973.06 0.00576484749493
78590.3 0.00322666443543
79207.53 0.00363309777484
79824.76 0.00419918800102
80442.0 0.00287407323114
81059.23 0.00456187460565
81676.46 0.00336899711669
82293.69 0.00331939255702
82910.92 0.0036461844049
83528.16 0.00268263452849
84145.39 0.00339068353223
84762.62 0.00343218684472
85379.85 0.00343742149674
85997.09 0.00338906328279
86614.31 0.00283568578295
87231.55 0.00308832006047
87848.78 0.00329309466232
88466.01 0.00354660138184
89083.24 0.00273847081677
89700.47 0.00238101886417
90317.7 0.00242775682868
90934.94 0.00280215908308
91552.17 0.00283419016809
92169.41 0.00282185134546
92786.64 0.00245492716539
93403.87 0.00350709222251
94021.1 0.0029714128319
94638.32 0.00247748602292
95255.57 0.00314216219559
95872.79 0.00289027572551
96490.02 0.00266992180215
97107.26 0.00270868315405
97724.5 0.00200038488117
98341.73 0.00232742599819
98958.96 0.0024499417825
99576.15 0.00210208669195
100193.43 0.00226311455902
100810.62 0.0023082322741
101427.92 0.00239485330166
102045.11 0.00223046030115
102662.39 0.00234063726283
103279.59 0.0021673952077
103896.78 0.00221762294023
104514.06 0.00204413161596
105131.25 0.00207902929613
105748.55 0.0021170428406
106365.74 0.00195688741553
106982.93 0.00187363152141
107600.22 0.00184022945611
108217.41 0.00197844919649
108834.69 0.00207192512552
109451.88 0.00206594266606
110069.17 0.00216415470883
110686.37 0.00196436548985
111303.56 0.00192510559966
111920.85 0.00171709049893
112538.03 0.00165078490661
113155.32 0.00142818756096
113772.51 0.00177541947865
114389.8 0.00163059410594
115006.99 0.00165103417576
115624.18 0.00186764906195
116241.48 0.00159445008005
116858.66 0.00166050640323
117475.95 0.001319256945
118093.13 0.00142108339035
118710.43 0.00150321757332
119327.62 0.00133122186391
119944.81 0.00118840310782
120562.11 0.00108980469788
121179.29 0.00137434542584
121796.58 0.000870846681727
122413.76 0.00115613521712
123030.97 0.00103973899029
123648.25 0.00113593195299
124265.44 0.00111738632867
124882.73 0.00114849511785
125499.92 0.00115748127049
126117.21 0.000998883777579
126734.4 0.00090216734968
127351.59 0.00101081130612
127968.88 0.000945066569374
128586.07 0.000984176898079
129203.36 0.00115557436154
129820.55 0.000916350763977
130437.74 0.00117195134431
131055.03 0.00128772439827
131672.22 0.00106239755549
132289.51 0.00109779377395
132906.69 0.000900310294556
133523.98 0.000657397513659
134141.18 0.0010477156029
134758.37 0.00069728057671
135375.66 0.000828221658091
135992.84 0.00100447986986
136610.13 0.00079283790309
137227.33 0.000914506172311
137844.62 0.000709469837855
138461.8 0.00084569542509
139079.0 0.000903426158857
139696.29 0.000786556320659
140313.48 0.00068890513347
140930.76 0.000759610326185
141547.95 0.000756619096456
142165.24 0.000989124890589
142782.44 0.000981771450839
143399.62 0.000707226415559
144016.92 0.000820095483994
144548.03 0.000616853887376
145459.44 0.000567087302762
146370.96 0.000627248410684
147282.39 0.000639051304655
148193.8 0.000605412433663
149105.23 0.000527752631828
150016.75 0.000533361187569
150928.18 0.000523602300579
151839.59 0.000560481670444
152751.11 0.000565504443697
153662.54 0.000511712162407
154573.95 0.000625665551619
155485.38 0.000669923288148
156396.9 0.000593472441662
157308.33 0.00053246381865
158219.74 0.000496020669787
159131.26 0.000432382257306
160042.69 0.000409511813337
160954.1 0.000496693696476
161865.62 0.0005044335034
162777.05 0.000454816480272
163688.46 0.000434924802575
164599.89 0.000476565213092
165511.42 0.000474159765852
166422.82 0.000448559824756
167334.25 0.000420205459618
168245.68 0.000473125298904
169157.2 0.000389694916384
170068.62 0.000360679988014
170980.05 0.000402008812101
171891.57 0.000415569053538
172802.98 0.000466781399188
173714.41 0.000424829402241
174625.93 0.000474247010053
175537.35 0.000445830327629
176448.77 0.000376533505577
177360.18 0.000322928176144
178271.71 0.000345860937399
179183.13 0.000390766773703
180094.55 0.000272588272499
181006.07 0.000303572427107
181917.49 0.000318079891292
182828.91 0.000362811239196
183740.43 0.000285138973903
184651.85 0.000301790152727
185563.28 0.000370127288574
186474.69 0.000381830474888
187386.22 0.000394767543466
188297.64 0.000303622280936
189209.05 0.000286273148509
190120.59 0.000296480719958
191032.02 0.000327115897765
191943.42 0.000320609973104
192854.84 0.000321631976595
193766.38 0.000362761385367
194677.79 0.000324486108295
195589.22 0.000256111582076
196500.74 0.000256323460848
197412.15 0.000322217759084
198323.58 0.000222958785914
199235.01 0.000289999722212
200146.53 0.000268799381509
201057.94 0.000251138662652
201969.37 0.000265745834494
202880.89 0.000366799545501
203974.41 0.000266057420924
205729.17 0.000315612126766
207485.01 0.000287669055715
209241.75 0.000290510723958
210999.57 0.000271965099639
212758.41 0.000268724600766
214518.33 0.000261034647671
216279.13 0.000253693671378
218041.04 0.000271740757409
219803.96 0.000228791683886
221567.95 0.000218733673922
223332.95 0.000205833995717
225098.93 0.000268014183705
226866.0 0.000219306992954
228634.07 0.000225937552186
230403.14 0.000245978791369
232173.3 0.000226984482591
233944.46 0.000226136967501
235716.7 0.000220441167559
237490.04 0.00022106434042
239264.38 0.00022649840776
241039.7 0.000172743516841
242816.14 0.000215368540477
244593.55 0.000196997404559
246372.17 0.000182739209519
248151.67 0.000155942776531
249932.25 0.000161264672757
251713.95 0.000172980322528
253496.73 0.000188297911431
255280.51 0.000191675508334
257065.37 0.00016388199877
258851.34 0.000180171737335
260638.4 0.000198418238681
262426.46 0.0001553694575
264215.58 0.000149673657558
266005.85 0.000155381920957
267797.05 0.00016396924297
269589.5 0.000138469009532
271382.9 0.000137122956154
273177.43 0.000126591334817
274973.04 0.000141161116288
276769.74 0.000145286520622
278567.53 0.000154310063637
280366.41 0.000134879533857
282166.4 0.000142768902267
283967.48 0.000129420539602
285769.64 0.000130779056437
287572.9 0.000135315754859
289377.24 9.97724676059e-05
291182.7 0.000101391470697
292989.25 0.000109629815908
294796.88 0.000109945141375
296605.7 0.000140961700972
298415.63 0.000125806137013
300226.53 0.000103855496186
302038.63 0.000146420695227
303851.83 0.000131863377214
305666.23 0.000117235017494
307481.63 0.000124579732824
309298.21 0.000138606107561
311115.98 0.000134842143485
312934.76 0.000118141110833
314754.73 0.000113139525457
316575.84 0.000130031249005
318397.98 0.000112569945463
320221.34 0.000111817152647
322045.9 0.000114218860851
323871.49 0.000112470237805
325698.2 0.000113504704753
327526.15 0.00011828444059
329355.25 9.71364464074e-05
331185.43 0.000120166422628
333016.74 0.000101057450044
334849.22 0.000165028636832
336682.92 0.00013820727693
338517.76 0.000134692581999
340353.73 9.62478019088e-05
342190.81 0.000132798136504
344029.13 0.000100024229441
345868.61 0.000100180022656
347709.23 0.000140363455026
