102.03 2.47181787962e-07
103.93 3.17693415316e-07
106.1 4.14017129421e-07
108.08 5.5083039137e-07
110.09 8.16612065374e-07
113.95 1.26771393975e-06
117.96 1.85354708513e-06
120.98 7.19471658685e-06
124.95 9.66089813737e-06
126.98 1.08396961098e-05
127.86 1.16683515152e-05
131.14 1.36146104627e-05
132.05 1.64063187757e-05
133.88 1.79890920096e-05
137.0 2.3878480787e-05
139.87 2.72901853014e-05
143.13 8.14737123244e-05
147.14 0.000225430158709
150.91 0.000253519782526
155.14 0.000287751854794
159.12 0.000327355693779
162.08 0.000357285751589
165.86 0.000407391567047
170.11 0.000452919302947
172.87 0.000492051530721
176.9 0.000542019313629
180.19 0.000582129271963
181.86 0.000612369903009
186.09 0.000669906470713
190.87 0.000748193931687
193.97 0.000803556486736
198.03 0.00086699394593
202.18 0.000941922614867
204.99 0.00100003431819
209.76 0.00104716093113
216.14 0.00121618178795
220.16 0.00130624802648
223.22 0.00135524958154
226.85 0.00145888902077
230.0 0.00228041274436
233.74 0.00394474020959
239.73 0.00497756876099
245.88 0.00485310941222
252.19 0.00529676903164
256.88 0.00458153037114
259.85 0.00532126980917
264.08 0.00566255528774
268.99 0.00576792013383
273.99 0.00583463586607
279.08 0.00592941821671
284.27 0.00602581094709
290.22 0.00583463586607
296.3 0.00603972922916
301.11 0.00605364751123
308.13 0.00622319749283
318.22 0.00645681758281
327.89 0.0065617223204
337.85 0.00660715803461
348.12 0.00662245664217
357.05 0.00665293883018
366.21 0.00671447834182
374.74 0.00669906470713
385.24 0.00647165608188
395.12 0.00665293883018
405.26 0.00666835246487
413.74 0.00660715803461
422.41 0.00651651666045
430.26 0.00645681758281
441.3 0.00642714058467
450.54 0.00632430633532
459.97 0.0062375758834
469.6 0.00615199570273
480.54 0.00610966572089
489.47 0.00594310644453
499.72 0.00592941821671
505.51 0.00584809403965
512.54 0.00619467076594
519.67 0.00613784736641
530.55 0.00603972922916
540.42 0.00583463586607
550.47 0.00591584501601
559.41 0.0060675657933
569.81 0.00619467076594
580.4 0.00602581094709
589.83 0.0062375758834
599.42 0.00612369903009
610.56 0.00580783454605
620.48 0.0065617223204
630.57 0.00662245664217
639.34 0.00668365107244
649.73 0.00691853646078
657.25 0.0069987103666
664.86 0.0072446383589
675.66 0.00731169917252
685.06 0.00711235716566
694.59 0.00810987238983
704.26 0.0077270621193
715.7 0.00877035813904
725.65 0.00903687598664
735.75 0.00928993566067
744.27 0.00993155696145
754.62 0.0103756766894
765.12 0.0103756766894
775.77 0.011508463812
784.75 0.0119133592905
795.67 0.0125897187829
804.88 0.013213165798
814.2 0.0137411402997
825.52 0.0148258460843
835.08 0.012618475564
844.75 0.0157403117245
854.54 0.0162188245627
864.43 0.0174185574718
874.44 0.0185791811586
884.57 0.0199537552971
894.81 0.0210384610816
905.17 0.0212328569221
915.65 0.0290408981371
924.12 0.164442777268
934.82 0.357285751589
945.65 0.680788036696
954.4 0.979524981885
965.45 1.08147352238
974.38 0.175393359526
985.67 0.877035813904
994.79 0.955024204354
1003.99 1.44554587432
1015.62 1.40931233008
1025.02 0.615199570273
1034.5 0.961649766729
1044.07 1.90553934543
1056.16 1.86643012308
1065.93 1.44221008771
1075.8 1.74185574718
1085.75 1.34903811681
1095.8 1.8407790743
1105.94 1.77015241982
1116.17 1.68664272739
1123.91 1.50662527746
1134.31 1.96339798908
1144.8 1.77429339631
1155.39 1.90116831469
1166.09 1.95891193122
1174.17 1.32442231216
1185.03 1.90116831469
1196.0 1.27058961787
1204.29 0.899523616755
1215.43 0.64123020856
1223.86 1.29129450029
1235.18 1.99077444472
1243.74 2.19287710257
1255.25 2.08452155124
1263.95 1.77429339631
1275.65 2.33896155076
1284.49 2.46618155052
1296.37 1.90553934543
1305.36 1.87942818815
1314.41 2.39889068265
1323.52 2.29099523982
1335.77 2.00457769967
1345.02 2.43224854878
1354.35 2.34977410047
1363.74 2.07980543913
1376.35 2.19793829605
1385.89 2.2182980971
1395.5 1.90553934543
1405.17 1.97248513192
1414.92 2.04656260013
1424.72 2.1086772474
1434.6 2.0941838297
1441.22 2.2182980971
1447.87 2.25947780769
1454.56 2.18781590909
1464.64 2.00457769967
1474.79 2.00917878465
1485.01 2.05127871224
1495.31 2.08935269047
1505.67 1.97248513192
1512.62 1.74588169654
1516.11 1.87942818815
1526.62 1.81558813402
1533.66 1.56321862274
1544.29 1.71401918304
1555.0 1.62188245627
1565.78 1.66352227536
1576.63 1.77831934566
1583.91 1.87505715742
1594.89 1.91428140689
1605.94 1.87505715742
1613.36 1.88368419176
1624.54 1.77831934566
1635.8 1.90116831469
1643.35 1.93199558407
1654.74 1.78246032215
1666.21 1.94993981551
1673.9 1.72195605463
1677.76 1.96799907406
1685.51 2.05599482435
1693.29 1.92313849548
1705.02 1.84503507791
1716.84 1.74588169654
1724.77 1.73391887559
1736.72 1.85791811586
1744.74 1.81558813402
1756.83 1.93648164193
1764.94 1.77429339631
1773.09 1.81144715754
1785.38 1.84929108152
1793.62 1.9770862169
1806.05 1.95891193122
1814.39 1.80305017744
1826.96 1.84503507791
1835.4 1.77015241982
1843.87 1.62556332425
1856.65 1.63315511447
1865.22 1.68664272739
1873.83 1.82398511411
1886.82 1.67502498781
1895.53 1.61072482518
1904.28 1.70619733857
1913.07 1.64442777268
1926.33 1.6070439572
1935.22 1.65581545801
1944.15 1.73391887559
1953.13 1.61808656116
1966.66 1.77831934566
1975.74 1.82398511411
1984.86 1.72586697687
1994.02 1.67882088292
2003.23 1.72586697687
2017.11 1.66731817047
2026.42 1.74185574718
2035.78 1.6520195629
2045.17 1.71793010527
2054.61 1.61440569317
2064.1 1.63315511447
2073.63 1.76612647046
2078.41 1.69434954474
2083.2 1.76198549398
2092.81 1.66731817047
2107.32 1.67502498781
2117.05 1.69434954474
2126.82 1.7101082608
2136.63 1.59232048525
2146.5 1.63683598246
2156.4 1.69826046697
2166.36 1.64063187757
2176.36 1.62935921936
2186.4 1.6070439572
2196.5 1.67882088292
2206.63 1.63315511447
2216.82 1.54884023217
2227.05 1.50662527746
2237.33 1.61072482518
2242.49 1.54527439131
2252.84 1.46901140773
2263.24 1.49972364999
2273.68 1.54170855045
2284.18 1.58495874928
2294.72 1.48925618165
2305.31 1.50271435522
2315.96 1.431397538
2326.65 1.14202380075
2337.39 1.32304198666
2342.77 1.27507567572
2353.59 1.38492657968
2364.45 1.26575847864
2375.36 1.30394748399
2386.33 1.20548426537
2397.34 1.2824374117
2402.87 1.23309077526
2413.96 1.26449318026
2425.1 1.35145368643
2436.3 1.30233710424
2447.54 1.3728487316
2453.18 1.35697498841
2464.51 1.33799551286
2475.88 1.28933903917
2487.31 1.29796607351
2493.05 1.20007799051
2504.55 1.37123835185
2510.33 1.202378533
2516.11 1.23033012427
2527.73 1.18823019668
2533.55 1.21296102846
2545.25 1.19605204115
2557.0 1.29612563952
2562.89 1.24907954557
2574.72 1.32281193242
2586.61 1.29831115488
2592.57 1.2745005401
2604.54 1.22802958178
2616.56 1.20536923824
2622.59 1.26782896688
2634.69 1.33650016024
2646.86 1.45831388514
2652.96 1.51985339678
2665.2 1.34489714033
2677.51 1.40793200459
2683.68 1.42070001541
2696.06 1.33166902101
2702.28 1.38469652543
2714.75 1.29198466303
2727.28 1.27680108259
2733.57 1.34305670634
2746.19 1.15073135408
2752.52 1.18823019668
2765.22 1.24390332497
2777.99 1.29923137188
2784.39 1.19570695978
2797.24 0.969414097637
2803.69 1.0338407901
2816.63 1.26863415675
2823.13 1.36226623614
2836.16 1.31568025069
2842.7 1.26219263777
2855.82 1.18029332509
2862.4 1.35191379493
2875.61 1.37975035907
2882.24 1.35444439167
2895.54 1.36974299924
2908.91 1.50835068433
2929.07 1.43335299912
2949.38 1.40011016012
2969.82 1.43208770075
2990.41 1.43151256512
3011.13 1.44750133544
3032.01 1.4501469593
3053.02 1.45290761029
3067.12 1.46590567537
3088.38 1.47200211297
3109.78 1.48845099178
3131.34 1.45727864102
3153.04 1.45658847828
3167.6 1.47303735709
3189.56 1.38044052182
3211.67 1.43818413835
3226.49 1.34489714033
3248.85 1.4772933607
3271.37 1.55332629003
3286.47 1.53158616349
3309.26 1.51686269154
3324.53 1.51985339678
3332.19 1.52663999713
3339.88 1.45095214917
3347.57 1.58334836954
3355.29 1.51536733893
3363.03 1.35352417467
3370.78 1.42035493404
3378.55 1.4904064529
3386.34 1.50743046733
3394.14 1.51410204056
3401.97 1.62970430074
3409.81 1.47579800808
3417.67 1.45865896652
3425.55 1.54124844195
3433.45 1.64362258281
3441.36 1.5091558742
3449.29 1.46107453613
3457.24 1.48454006954
3465.22 1.41425849644
3473.2 1.53975308933
3481.21 1.44669614556
3489.24 1.52169383078
3497.28 1.44623603707
3505.34 1.54584952693
3513.42 1.47257724859
3521.52 1.57046533159
3529.64 1.38975771891
3537.78 1.53768260109
3545.93 1.56597927373
3554.1 1.58760437315
3562.3 1.54044325208
3570.51 1.40793200459
3578.74 1.41092270983
3586.99 1.29842618201
3593.31 1.45037701355
3596.05 1.44221008771
3598.78 1.69354435487
3601.52 1.78752151563
3604.25 1.59577129899
3606.99 1.34880806257
3609.72 1.28565817118
3612.46 1.25460084755
3615.2 1.10865443191
3617.93 1.07709098894
3620.67 1.24010742986
3623.4 1.26391804464
3626.14 1.90726475229
3628.87 1.59669151599
3631.61 1.47878871332
3634.35 1.594851082
3637.08 1.53618724847
3639.82 1.54492930994
3642.55 1.52249902065
3645.29 1.46843627211
3648.02 1.36468180575
3650.76 1.44520079295
3653.5 1.5218088579
3656.23 1.63108462623
3658.97 1.52606486151
3661.7 1.47878871332
3664.44 1.67352963519
3667.17 1.62027207652
3669.91 1.62441305301
3672.65 1.39573912939
3675.38 1.5681647891
3678.12 1.67502498781
3680.85 1.55631699527
3683.59 1.58990491564
3686.32 1.52445448177
3689.06 1.3016469415
3691.79 1.52986075662
3694.53 1.58392350516
3697.27 1.55516672402
3700.0 1.62257261901
3702.74 1.83548782657
3705.47 1.5751814437
3708.21 1.42185028666
3710.94 1.57909236593
3713.68 1.60888439119
3716.42 1.50973100982
3719.15 1.51651761017
3721.89 1.87574732017
3724.62 2.22588988732
3727.36 2.40015598102
3730.09 2.19230196695
3732.83 1.80385536732
3735.57 1.62349283601
3738.3 1.56827981622
3741.04 1.72483173275
3743.77 1.66202692274
3746.51 1.47763844207
3749.24 1.46026934626
3751.98 1.37227359598
3754.72 1.53170119061
3757.45 1.59462102775
3760.19 1.57150057571
3762.92 1.60796417419
3765.66 1.70182630783
3768.39 1.72448665137
3771.13 1.69803041272
3773.86 1.66812336034
3776.6 1.85538751912
3779.34 2.09740458919
3782.07 2.10902232877
3784.81 2.15215750048
3787.54 2.1086772474
3790.28 1.9981361807
3793.01 1.66777827896
3795.75 1.50846571145
3798.49 1.52905556675
3801.22 1.87022601819
3803.96 1.84768070177
3806.69 1.96236274496
3809.43 2.09878491468
3812.16 2.17378259989
3814.9 1.83847853181
3817.64 1.86332439071
3820.37 1.92842974321
3823.11 1.91623686801
3825.84 1.5208886409
3828.58 1.60221281797
3831.31 1.52802032263
3834.05 1.41471860494
3836.79 1.5096159827
3839.52 1.73483909258
3842.26 1.86907574694
3844.99 1.78107999665
3847.73 2.04598746451
3850.46 1.98444795287
3853.2 2.08521171399
3855.93 1.94096769979
3858.67 2.17182713878
3861.41 2.17125200315
3864.14 2.21542241898
3866.88 2.15100722923
3869.61 2.20092900129
3872.35 2.04610249164
3875.08 1.95971712109
3877.82 2.0304588027
3880.56 1.91428140689
3883.29 1.8988677722
3886.03 1.74415628967
3888.76 1.86205909234
3891.5 1.86758039432
3894.23 2.04690768151
3896.97 1.95672641585
3899.71 2.01953122586
3902.44 2.14870668674
3905.18 2.2576373737
3907.91 2.28650918196
3910.65 2.47273809662
3913.38 2.43915017625
3916.12 2.36932871164
3918.86 2.12811683145
3921.59 2.08969777184
3924.33 2.03540496905
3927.06 1.83387744683
3929.8 1.75864970737
3932.53 1.59692157024
3935.27 1.75439370376
3938.0 1.88828527674
3940.74 2.01274462551
3943.48 2.06818769955
3946.21 2.19759321468
3948.95 2.18747082772
3951.68 2.17309243715
3954.42 2.04851806125
3957.15 2.07359397441
3959.89 1.82041927325
3962.63 1.61797153403
3965.36 1.5143320948
3968.1 1.44186500633
3970.83 1.53653232984
3973.57 1.64741847792
3976.3 1.84261950829
3979.04 2.05139373937
3981.78 2.21933334122
3984.51 2.29927719279
3987.25 2.39636008591
3989.98 2.41982561932
3992.72 2.49827411827
3995.45 2.5175986752
3998.19 2.47400339499
4000.93 2.49459325029
4003.66 2.62952006739
4006.4 2.57752780709
4009.13 2.47710912735
4011.87 2.53105684877
4014.6 2.57315677636
4017.34 2.57890813259
4020.07 2.66701891
4022.81 2.57718272572
4025.55 2.51173229185
4028.28 2.5625742809
4031.02 2.55854833154
4033.75 2.55774314167
4036.49 2.61318621571
4039.22 2.65241046518
4041.96 2.61008048334
4044.7 2.51564321408
4047.43 2.55026637857
4050.17 2.51656343108
4052.9 2.41729502258
4055.64 2.43604444389
4058.37 2.44605180372
4061.11 2.47894956135
4063.85 2.51230742747
4066.58 2.44478650535
4069.32 2.48562113457
4072.05 2.49804406402
4074.79 2.5101219121
4077.52 2.43926520337
4080.26 2.4131540461
4083.0 2.4271873553
4085.73 2.49378806042
4088.47 2.43052314191
4091.2 2.22761529419
4093.94 2.16504053843
4096.67 2.1667659453
4099.41 2.08233603587
4102.14 2.15710366683
4104.88 2.27535155088
4107.62 2.35828610769
4110.35 2.34310252724
4113.09 2.3948647333
4115.82 2.37807077311
4118.56 2.471242744
4121.29 2.52772106216
4124.03 2.52081943469
4126.77 2.41856032095
4129.5 2.4791796156
4132.24 2.56073384691
4134.97 2.55682292467
4137.71 2.5031052575
4140.44 2.51874894644
4143.18 2.50667109837
4145.92 2.51978419057
4148.65 2.5115022376
4151.39 2.49114243655
4154.12 2.61238102583
4156.86 2.62848482327
4159.59 2.60950534772
4162.33 2.59386165878
4165.07 2.62089303305
4167.8 2.51736862095
4170.54 2.58811030255
4173.27 2.50770634249
4176.01 2.4450165596
4178.74 2.49263778917
4181.48 2.46779193026
4184.21 2.47319820512
4186.95 2.69290001302
4189.69 2.63619164062
4192.42 2.70336748136
4195.16 2.51357272584
4197.89 2.51495305133
4200.63 2.58408435319
4203.36 2.59029581792
4206.1 2.60363896437
4208.84 2.64550883771
4211.57 2.6403326171
4214.31 2.63136050139
4217.04 2.65701155016
4219.78 2.61341626996
4222.51 2.55406227368
4225.25 2.41372918172
4227.99 2.57936824109
4230.72 2.54301966973
4233.46 2.54048907299
4236.19 2.601453449
4238.93 2.59374663166
4241.66 2.66989458811
4244.4 2.53278225564
4247.14 2.50126482351
4249.87 2.55176173119
4252.61 2.46434111653
4255.34 2.57028109825
4258.08 2.51495305133
4260.81 2.51679348533
4263.55 2.60110836763
4266.28 2.52185467881
4269.02 2.48723151432
4271.76 2.4904522738
4274.49 2.55003632432
4277.23 2.54957621583
4279.96 2.60007312351
4282.7 2.45042283446
4285.43 2.56222919953
4288.17 2.37830082736
4290.91 2.3934844078
4293.64 2.33861646939
4296.38 2.27891739174
4299.11 2.1986284588
4301.85 2.25487672271
4304.58 2.21185657812
4307.32 2.21105138825
4310.06 2.30054249116
4312.79 2.44777721059
4315.53 2.4899921653
4318.26 2.50977683073
4321.0 2.48182523946
4323.73 2.41660485984
4326.47 2.3883081872
4329.21 2.49643368428
4331.94 2.52645576379
4334.68 2.51633337683
4337.41 2.41004831374
4340.15 2.438920122
4342.88 2.39843057416
4345.62 2.40245652352
4348.35 2.43811493213
4351.09 2.50851153236
4353.83 2.49666373853
4356.56 2.52565057392
4359.3 2.62365368404
4362.03 2.6937052029
4364.77 2.71441008532
4367.5 2.63630666774
4370.24 2.62434384679
4372.98 2.63285585401
4375.71 2.56901579988
4378.45 2.54221447985
4381.18 2.49505335879
4383.92 2.4450165596
4386.65 2.37266449826
4389.39 2.49735390128
4392.13 2.52864127916
4394.86 2.55026637857
4397.6 2.60812502223
4400.33 2.52346505855
4403.07 2.53036668602
4405.8 2.59087095354
4408.54 2.6342361795
4411.28 2.56993601687
4414.01 2.57281169499
4416.75 2.64976484132
4419.48 2.62480395529
4422.22 2.62411379254
4424.95 2.62342362979
4427.69 2.65517111617
4430.42 2.6539058178
4433.16 2.67771643258
4435.9 2.67898173095
4438.63 2.65333068218
4441.37 2.77732992245
4444.1 2.80148561861
4446.84 2.75823541977
4449.57 2.69727104376
4452.31 2.68979428066
4455.05 2.59800263526
4457.78 2.6154867582
4460.52 2.56073384691
4463.25 2.64539381058
4465.99 2.69635082676
4468.72 2.65770171291
4471.46 2.74282178508
4474.2 2.7845766313
4476.93 2.78848755353
4479.67 2.69359017577
4482.4 2.70164207449
4485.14 2.75363433479
4487.87 2.71464013957
4490.61 2.72625787915
4493.35 2.74155648671
4496.08 2.80355610685
4498.82 2.77859522082
4501.55 2.84680630568
4504.29 2.92329934351
4507.02 2.93468702885
4509.76 2.86060956063
4512.49 2.88442017541
4515.23 2.85991939788
4517.97 2.8806242803
4520.7 2.84301041057
4523.44 2.71268467845
4526.17 2.66713393712
4528.91 2.70716337647
4531.64 2.70451775261
4534.38 2.73396469649
4537.12 2.77560451558
4539.85 2.77594959696
4542.59 2.75581985016
4545.32 2.76985315935
4548.06 2.71452511244
4550.79 2.71889614317
4553.53 2.72280706541
4556.27 2.76387174888
4559.0 2.80355610685
4561.74 2.78434657705
4564.47 2.78756733654
4567.21 2.85715874689
4569.94 2.89212699276
4572.68 2.85600847565
4575.41 2.83909948834
4578.15 2.81850963304
4580.89 2.77238375609
4583.62 2.77548948846
4586.36 2.78204603456
4589.09 2.77917035644
4591.83 2.81471373793
4594.56 2.76502202012
4597.3 2.72867344876
4600.04 2.79930010324
4602.77 2.87004178484
4605.51 2.88637563653
4608.24 2.90524008496
4610.98 2.88706579928
4613.71 2.9204236654
4616.45 2.92490972326
4619.19 2.92375945201
4621.92 2.98322847541
4624.66 2.97069051883
4627.39 2.91708787879
4630.13 2.83633883735
4632.86 2.80758205621
4635.6 2.81862466017
4638.34 2.69462541989
4641.07 2.64274818672
4643.81 2.6792117852
4646.54 2.66333804201
4649.28 2.69197979603
4652.01 2.75604990441
4654.75 2.77974549207
4657.48 2.83852435272
4660.22 2.81137795132
4662.96 2.69830628788
4665.69 2.67495578159
4668.43 2.70118196599
4671.16 2.73442480499
4673.9 2.82069514841
4676.63 2.88223466005
4679.37 2.86670599823
4682.11 2.85140739067
4684.84 2.82472109777
4687.58 2.7831963058
4690.31 2.77629467833
4693.05 2.72027646867
4695.78 2.7054379696
4698.52 2.68795384667
4701.26 2.66908939824
4703.99 2.68438800581
4706.73 2.69612077251
4709.46 2.69830628788
4712.2 2.76226136913
4714.93 2.80482140522
4717.67 2.78664711954
4720.41 2.8164391448
4723.14 2.83806424422
4725.88 2.73442480499
4728.61 2.69128963328
4731.35 2.70141202024
4734.08 2.76720753549
4736.82 2.81770444317
4739.55 2.79423890976
4742.29 2.83265796936
4745.03 2.85830901814
4747.76 2.85336285178
4750.5 2.8229956909
4753.23 2.77088840347
4755.97 2.81885471442
4758.7 2.76743758974
4761.44 2.70256229149
4764.18 2.68990930779
4766.91 2.74132643246
4769.65 2.79412388264
4772.38 2.82794185726
4775.12 2.85129236354
4777.85 2.8548582044
4780.59 2.81563395493
4783.33 2.80470637809
4786.06 2.7902129604
4788.8 2.81839460592
4791.53 2.84116997658
4794.27 2.81264324969
4797.0 2.81183805982
4799.74 2.81574898205
4802.48 2.7719236476
4805.21 2.80217578135
4807.95 2.80436129672
4810.68 2.80436129672
4813.42 2.84910684817
4816.15 2.87981909043
4818.89 2.87257238158
4821.62 2.8173593618
4824.36 2.77330397309
4827.1 2.79032798753
4829.83 2.76605726424
4832.57 2.82621645039
4835.3 2.81804952454
4838.04 2.79711458787
4840.77 2.7504135753
4843.51 2.74546740895
4846.25 2.73741551023
4848.98 2.68783881954
4851.72 2.63952742723
4854.45 2.72050652292
4857.19 3.01635628728
4859.92 3.16830711882
4862.66 3.09330943361
4865.4 2.82092520266
4868.13 2.58028845808
4870.87 2.45525397369
4873.6 2.47032252701
4876.34 2.63354601675
4879.07 2.74788297856
4881.81 2.66575361163
4884.55 2.65609133317
4887.28 2.634696288
4890.02 2.65333068218
4892.75 2.76410180313
4895.49 2.74776795144
4898.22 2.82828693863
4900.96 2.87521800545
4903.69 2.80137059148
4906.43 2.76697748124
4909.17 2.70060683037
4911.9 2.72039149579
4914.64 2.72016144154
4917.37 2.64527878346
4920.11 2.63895229161
4922.84 2.66149760802
4925.58 2.78101079044
4928.32 2.80390118822
4931.05 2.80815719183
4933.79 2.72936361151
4936.52 2.69704098951
4939.26 2.7583504469
4941.99 2.81471373793
4944.73 2.87613822245
4947.47 2.87084697472
4950.2 2.85209755341
4952.94 2.83863937984
4955.67 2.86590080836
4958.41 2.90926603432
4961.14 2.88373001267
4963.88 2.79688453363
4966.62 2.7653671015
4969.35 2.78963782478
4972.09 2.81977493141
4974.82 2.75720017565
4977.56 2.68450303293
4980.29 2.63262579976
4983.03 2.60858513072
4985.76 2.66529350313
4988.5 2.66195771652
4991.24 2.63895229161
4993.97 2.70141202024
4996.71 2.6853082228
4999.44 2.70934889184
5002.18 2.72338220103
5004.91 2.76007585377
5007.65 2.77399413584
5010.39 2.67300032048
5013.12 2.53278225564
5015.86 2.54555026647
5018.59 2.55912346716
5021.33 2.59029581792
5024.06 2.64389845796
5026.8 2.66874431687
5029.54 2.68197243619
5032.27 2.62929001314
5035.01 2.61709713794
5037.74 2.6220433043
5040.48 2.60766491373
5043.21 2.61479659545
5045.95 2.60122339475
5048.69 2.66011728253
5051.42 2.60789496798
5054.16 2.69439536564
5056.89 2.78779739078
5059.63 2.81724433467
5062.36 2.70969397321
5065.1 2.66356809626
5067.83 2.67023966949
5070.57 2.65356073643
5073.31 2.64792440732
5076.04 2.66552355738
5078.78 2.58569473294
5081.51 2.55659287042
5084.25 2.5573980603
5086.98 2.66805415412
5089.72 2.72349722816
5092.46 2.66828420837
5095.19 2.65183532956
5097.93 2.61698211082
5100.66 2.65126019393
5103.4 2.67173502211
5106.13 2.63619164062
5108.87 2.6093903206
5111.61 2.60651464248
5114.34 2.70164207449
5117.08 2.68346778881
5119.81 2.63619164062
5122.55 2.61698211082
5125.28 2.58983570942
5128.02 2.59006576367
5130.75 2.56798055575
5133.49 2.57672261722
5136.23 2.57097126099
5138.96 2.5508415142
5141.7 2.50931672223
5144.43 2.54647048346
5147.17 2.54589534784
5149.9 2.54370983247
5152.64 2.55429232793
5155.38 2.59018079079
5158.11 2.56660023026
5160.85 2.53910874749
5163.58 2.49608860291
5166.32 2.37392979663
5169.05 2.24521444425
5171.79 2.24590460699
5174.53 2.38152158685
5177.26 2.4201707007
5180.0 2.40383684901
5182.73 2.3667981149
5185.47 2.40199641502
5188.2 2.471242744
5190.94 2.52921641478
5193.68 2.55291200244
5196.41 2.60352393724
5199.15 2.62710449778
5201.88 2.6398725086
5204.62 2.57764283422
5207.35 2.52070440756
5210.09 2.56475979627
5212.82 2.66954950674
5215.56 2.69692596238
5218.3 2.70060683037
5221.03 2.66161263514
5223.77 2.58719008556
5226.5 2.57430704761
5229.24 2.60547939836
5231.97 2.63676677624
5234.71 2.61755724644
5237.45 2.60110836763
5240.18 2.65275554655
5242.92 2.67288529335
5245.65 2.67035469661
5248.39 2.698421315
5251.12 2.69336012152
5253.86 2.68979428066
5256.6 2.70854370196
5259.33 2.67944183945
5262.07 2.54773578183
5264.8 2.45847473318
5267.54 2.41522453434
5270.27 2.48884189406
5273.01 2.55118659557
5275.75 2.57844802409
5278.48 2.64918970569
5281.22 2.68450303293
5283.95 2.76042093514
5286.69 2.80781211046
5289.42 2.80723697484
5292.16 2.79308863851
5294.89 2.73189420825
5297.63 2.71049916308
5300.37 2.75547476878
5303.1 2.7784801937
5305.84 2.84324046482
5308.57 2.91513241767
5311.31 2.87395270708
5314.04 2.77986051919
5316.78 2.71671062781
5319.52 2.74224664946
5322.25 2.73546004911
5324.99 2.66230279789
5327.72 2.59478187578
5330.46 2.60225863887
5333.19 2.70405764411
5335.93 2.76732256261
5338.67 2.74201659521
5341.4 2.67564594434
5344.14 2.7133748412
5346.87 2.77675478683
5349.61 2.82920715563
5352.34 2.83840932559
5355.08 2.86969670347
5357.82 2.87659833094
5360.55 2.84991203805
5363.29 2.79446896401
5366.02 2.73315950662
5368.76 2.70382758986
5371.49 2.73534502199
5374.23 2.76088104364
5376.96 2.82161536541
5379.7 2.83875440696
5382.44 2.76157120639
5385.17 2.74167151384
5387.91 2.77433921721
5390.64 2.75869552827
5393.38 2.71038413596
5396.11 2.67886670383
5398.85 2.65172030243
5401.59 2.61893757193
5404.32 2.63067033864
5407.06 2.65678149591
5409.79 2.68093719207
5412.53 2.75524471454
5415.26 2.79308863851
5418.0 2.7836564143
5420.74 2.76916299661
5423.47 2.74328189358
5426.21 2.73062890988
5428.94 2.71360489545
5431.68 2.67978692083
5434.41 2.71268467845
5437.15 2.71510024806
5439.89 2.7255677164
5442.62 2.77905532932
5445.36 2.74305183933
5448.09 2.66575361163
5450.83 2.72625787915
5453.56 2.68680357542
5456.3 2.66034733677
5459.03 2.73384966937
5461.77 2.76318158613
5464.51 2.71360489545
5467.24 2.7133748412
5469.98 2.69819126075
5472.71 2.6937052029
5475.45 2.66333804201
5478.18 2.67277026623
5480.92 2.70060683037
5483.66 2.64102277985
5486.39 2.67092983223
5489.13 2.67173502211
5491.86 2.70624315947
5494.6 2.76203131488
5497.33 2.69589071826
5500.07 2.68151232769
5502.81 2.65091511256
5505.54 2.62031789743
5508.28 2.64240310534
5511.01 2.68496314143
5513.75 2.67277026623
5516.48 2.74880319556
5519.22 2.77226872897
5521.96 2.70704834935
5524.69 2.64665910895
5527.43 2.72119668567
5530.16 2.68231751757
5532.9 2.69922650488
5535.63 2.68036205645
5538.37 2.68829892804
5541.1 2.82334077227
5543.84 2.76904796948
5546.58 2.70417267123
5549.31 2.64700419033
5552.05 2.73384966937
5554.78 2.72131171279
5557.52 2.7396010256
5560.25 2.72522263503
5562.99 2.64090775272
5565.73 2.69508552839
5568.46 2.65137522106
5571.2 2.69290001302
5573.93 2.73534502199
5576.67 2.65724160441
5579.4 2.78480668555
5582.14 2.73833572723
5584.88 2.66322301489
5587.61 2.58281905482
5590.35 2.60156847613
5593.08 2.59386165878
5595.82 2.65379079068
5598.55 2.65010992269
5601.29 2.70647321372
5604.03 2.75570482303
5606.76 2.79538918101
5609.5 2.83265796936
5612.23 2.7443171377
5614.97 2.72108165854
5617.7 2.79055804177
5620.44 2.73223928962
5623.17 2.68266259894
5625.91 2.73097399125
5628.65 2.74224664946
5631.38 2.7260278249
5634.12 2.65137522106
5636.85 2.63055531151
5639.59 2.63929737298
5642.32 2.71820598043
5645.06 2.63837715598
5647.8 2.65839187566
5650.53 2.67702626984
5653.27 2.69301504015
5656.0 2.63872223736
5658.74 2.59524198428
5661.47 2.58707505843
5664.21 2.60616956111
5666.95 2.62790968765
5669.68 2.7255677164
5672.42 2.74328189358
5675.15 2.76410180313
5677.89 2.73453983211
5680.62 2.70037677612
5683.36 2.75651001291
5686.09 2.6267594164
5688.83 2.65505608905
5691.57 2.80953751733
5694.3 2.84979701092
5697.04 2.73879583572
5699.77 2.74707778869
5702.51 2.60962037484
5705.24 2.61192091734
5707.98 2.59248133329
5710.72 2.62388373829
5713.45 2.7508736838
5716.19 2.72936361151
5718.92 2.76916299661
5721.66 2.84715138706
5724.39 2.83840932559
5727.13 2.75248406355
5729.87 2.7110742987
5732.6 2.81620909055
5735.34 2.7906730689
5738.07 2.81620909055
5740.81 2.80171567286
5743.54 2.76766764399
5746.28 2.79182334014
5749.02 2.76168623351
5751.75 2.75823541977
5754.49 2.69819126075
5757.22 2.82575634189
5759.96 2.73753053735
5762.69 2.72096663142
5765.43 2.75581985016
5768.16 2.76985315935
5770.9 2.7119945157
5773.64 2.72763820464
5776.37 2.70382758986
5779.11 2.66874431687
5781.84 2.66057739102
5784.58 2.66678885575
5787.31 2.70313742711
5790.05 2.70509288823
5792.79 2.7443171377
5795.52 2.75282914492
5798.26 2.88580050091
5800.99 2.87820871069
5803.73 2.71820598043
5806.46 2.78066570906
5809.2 2.74132643246
5811.94 2.73937097135
5814.67 2.73983107984
5817.41 2.78676214666
5820.14 2.87728849369
5822.88 2.82058012128
5825.61 2.81977493141
5828.35 2.82230552815
5831.09 2.78147089893
5833.82 2.85037214654
5836.56 2.89672807774
5839.29 2.80654681209
5842.03 2.77111845772
5844.76 2.76605726424
5847.5 2.67507080872
5850.23 2.66368312339
5852.97 2.69301504015
5855.71 2.64274818672
5858.44 2.67564594434
5861.18 2.71118932583
5863.91 2.68841395517
5866.65 2.68358281594
5869.38 2.67438064597
5872.12 2.65827684853
5874.86 2.77813511232
5877.59 2.6478093802
5880.33 2.73407972362
5883.06 2.60536437124
5885.8 2.49378806042
5888.53 2.40487209313
5891.27 2.33136976054
5894.01 2.33021948929
5896.74 2.4122338291
5899.48 2.50437055587
5902.21 2.56314941652
5904.95 2.58350921757
5907.68 2.60467420849
5910.42 2.66069241815
5913.16 2.6665588015
5915.89 2.63366104388
5918.63 2.65137522106
5921.36 2.6272195249
5924.1 2.60616956111
5926.83 2.66575361163
5929.57 2.66966453386
5932.3 2.64987986844
5935.04 2.69013936204
5937.78 2.71797592618
5940.51 2.71061419021
5943.25 2.65839187566
5945.98 2.62871487752
5948.72 2.64746429882
5951.45 2.6534457093
5954.19 2.67955686658
5956.93 2.64596894621
5959.66 2.68979428066
5962.4 2.68864400942
5965.13 2.70152704737
5967.87 2.71452511244
5970.6 2.67461070022
5973.34 2.66632874725
5976.08 2.71118932583
5978.81 2.68737871105
5981.55 2.65574625179
5984.28 2.63607661349
5987.02 2.6726552391
5989.75 2.69520055552
5992.49 2.66483339463
5995.23 2.64504872921
5997.96 2.63837715598
6000.7 2.68070713782
6003.43 2.72809831314
6006.17 2.66598366588
6008.9 2.65080008544
6011.64 2.61514167682
6014.37 2.59179117054
6017.11 2.59248133329
6019.85 2.6093903206
6022.58 2.58914554667
6025.32 2.65885198416
6028.05 2.68703362967
6030.79 2.70612813235
6033.52 2.69451039277
6036.26 2.65827684853
6039.0 2.67909675808
6041.73 2.74661768019
6044.47 2.7264879334
6047.2 2.81252822256
6049.94 2.78170095318
6052.67 2.66540853026
6055.41 2.70267731861
6058.15 2.69911147775
6060.88 2.69243990453
6063.62 2.70037677612
6066.35 2.75144881942
6069.09 2.64746429882
6071.82 2.71210954283
6074.56 2.71556035656
6077.3 2.61272610721
6080.03 2.72936361151
6082.77 2.66103749952
6085.5 2.63285585401
6088.24 2.70302239999
6090.97 2.6927849859
6093.71 2.62595422653
6096.44 2.7124546242
6099.18 2.69819126075
6101.92 2.64217305109
6104.65 2.61870751768
6107.39 2.63504136937
6110.12 2.61905259906
6112.86 2.66161263514
6115.59 2.65816182141
6118.33 2.69899645063
6121.07 2.60996545622
6123.8 2.60743485948
6126.54 2.63297088113
6129.27 2.6333159625
6132.01 2.5621141724
6134.74 2.65103013969
6137.48 2.58914554667
6140.22 2.57982834958
6142.95 2.57764283422
6145.69 2.62698947065
6148.42 2.61226599871
6151.16 2.65033997694
6153.89 2.54509015797
6156.63 2.51736862095
6159.37 2.44007039325
6162.1 2.42166605332
6164.84 2.37139919989
6167.57 2.47066760838
6170.31 2.50793639674
6173.04 2.53956885599
6175.78 2.57833299697
6178.51 2.57131634237
6181.25 2.57994337671
6183.99 2.58166878358
6186.72 2.49033724668
6189.46 2.52392516705
6192.19 2.53370247264
6194.93 2.46710176752
6197.66 2.58580976006
6200.4 2.61537173107
6203.14 2.65747165866
6205.87 2.64355337659
6208.61 2.54324972397
6211.34 2.50839650523
6214.08 2.52024429906
6216.81 2.51656343108
6219.55 2.4965487114
6222.29 2.5302516589
6225.02 2.55302702956
6227.76 2.54324972397
6230.49 2.53370247264
6233.23 2.54486010372
6235.96 2.50816645098
6238.7 2.45122802433
6241.44 2.46319084528
6244.17 2.38704288883
6246.91 2.4515731057
6249.64 2.39659014016
6252.38 2.41614475134
6255.11 2.44225590861
6257.85 2.46629657765
6260.58 2.47998480547
6263.32 2.49286784342
6266.06 2.52944646903
6268.79 2.54796583608
6271.53 2.53094182165
6274.26 2.49367303329
6277.0 2.44133569162
6279.73 2.42086086345
6282.47 2.56602509464
6285.21 2.54255956123
6287.94 2.58488954306
6290.68 2.64021758998
6293.41 2.65367576355
6296.15 2.59190619766
6298.88 2.59087095354
6301.62 2.64654408183
6304.36 2.6084701036
6307.09 2.59144608916
6309.83 2.58534965156
6312.56 2.59340155028
6315.3 2.53761339487
6318.03 2.46710176752
6320.77 2.54555026647
6323.5 2.50022957939
6326.24 2.58995073655
6328.98 2.56487482339
6331.71 2.6539058178
6334.45 2.54117923573
6337.18 2.56752044726
6339.92 2.58235894632
6342.65 2.60985042909
6345.39 2.62284849417
6348.13 2.53922377462
6350.86 2.600533232
6353.6 2.51828883795
6356.33 2.55107156844
6359.07 2.49965444377
6361.8 2.53876366612
6364.54 2.56510487764
6367.28 2.59915290651
6370.01 2.63009520302
6372.75 2.52300495005
6375.48 2.67254021198
6378.22 2.61295616146
6380.95 2.66874431687
6383.69 2.63113044714
6386.43 2.57235158649
6389.16 2.61997281606
6391.9 2.55889341291
6394.63 2.55164670407
6397.37 2.57442207473
6400.1 2.61974276181
6402.84 2.54589534784
6405.57 2.50114979639
6408.31 2.55992865704
6411.05 2.55854833154
6413.78 2.53197706577
6416.52 2.50241509476
6419.25 2.50160990488
6421.99 2.49217768067
6424.72 2.47492361199
6427.46 2.54670053771
6430.2 2.60858513072
6432.93 2.54347977822
6435.67 2.50770634249
6438.4 2.4909123823
6441.14 2.52150959743
6443.87 2.52852625203
6446.61 2.48941702968
6449.35 2.45548402794
6452.08 2.46917225576
6454.82 2.47848945285
6457.55 2.52565057392
6460.29 2.56568001326
6463.02 2.5831641362
6465.76 2.6285998504
6468.5 2.60777994085
6471.23 2.5639546064
6473.97 2.54255956123
6476.7 2.55774314167
6479.44 2.49965444377
6482.17 2.50632601699
6484.91 2.48677140582
6487.64 2.45835970605
6490.38 2.45663429918
6493.12 2.43167341315
6495.85 2.41717999546
6498.59 2.41108355786
6501.32 2.4384600135
6504.06 2.54037404586
6506.79 2.64148288835
6509.53 2.76111109789
6512.27 2.68139730057
6515.0 2.61341626996
6517.74 2.62595422653
6520.47 2.60202858462
6523.21 2.53669317788
6525.94 2.58626986856
6528.68 2.53979891024
6531.42 2.51495305133
6534.15 2.59823268951
6536.89 2.70486283398
6539.62 2.75858050115
6542.36 2.84024975958
6545.09 2.95217115178
6547.83 3.10584739019
6550.57 2.99024513001
6553.3 3.09250424374
6556.04 3.90102990226
6558.77 5.59376906725
6561.51 6.47361154299
6564.24 5.94299141741
6566.98 4.33617751446
6569.71 3.12264135037
6572.45 2.78170095318
6575.19 2.86406037437
6577.92 3.42447252521
6580.66 3.96579017338
6583.39 4.10784867221
6586.13 3.68995512869
6588.86 3.00531368332
6591.6 2.72453247228
6594.34 2.58373927182
6597.07 2.57672261722
6599.81 2.62089303305
6602.54 2.56280433515
6605.28 2.46342089953
6608.01 2.57833299697
6610.75 2.58845538393
6613.49 2.58960565517
6616.22 2.65586127892
6618.96 2.62572417228
6621.69 2.61330124283
6624.43 2.58189883783
6627.16 2.51138721047
6629.9 2.47135777113
6632.64 2.57580240022
6635.37 2.5438248596
6638.11 2.55187675832
6640.84 2.55107156844
6643.58 2.57062617962
6646.31 2.55808822304
6649.05 2.5883403568
6651.78 2.5354278795
6654.52 2.56890077275
6657.26 2.53933880174
6659.99 2.54451502235
6662.73 2.53404755401
6665.46 2.48286048358
6668.2 2.53324236414
6670.93 2.57683764435
6673.67 2.53059674027
6676.41 2.48953205681
6679.14 2.49459325029
6681.88 2.53554290663
6684.61 2.53508279813
6687.35 2.53289728276
6690.08 2.54140928998
6692.82 2.50839650523
6695.56 2.41568464284
6698.29 2.4445564511
6701.03 2.4463968851
6703.76 2.50276017613
6706.5 2.58638489568
6709.23 2.69336012152
6711.97 2.89396742675
6714.71 3.02601856574
6717.44 2.95125093478
6720.18 2.74201659521
6722.91 2.69382023002
6725.65 2.82288066378
6728.38 2.85324782466
6731.12 2.83967462396
6733.85 2.62848482327
6736.59 2.53910874749
6739.33 2.49953941664
6742.06 2.4323635759
6744.8 2.41741004971
6747.53 2.47538372049
6750.27 2.46399603515
6753.0 2.36196697567
6755.74 2.43915017625
6758.48 2.41856032095
6761.21 2.48067496822
6763.95 2.34977410047
6766.68 2.46307581816
6769.42 2.45939495017
6772.15 2.52208473306
6774.89 2.51299759022
6777.63 2.50414050163
6780.36 2.47756923585
6783.1 2.45974003155
6785.83 2.36691314203
6788.57 2.41372918172
6791.3 2.36277216554
6794.04 2.33804133376
6803.47 2.43581438964
6819.15 2.4581296518
6834.87 2.44087558312
6850.63 2.40717263562
6866.42 2.35748091781
6882.25 2.41211880198
6898.11 2.42856768079
6914.01 2.42270129744
6929.95 2.405677283
6945.93 2.46710176752
6961.94 2.41625977846
6977.99 2.47791431723
6994.07 2.46618155052
7010.2 2.40981825949
7026.36 2.47699410023
7042.55 2.46537636065
7058.79 2.45939495017
7075.06 2.27914744599
7091.37 2.29467610781
7107.72 2.32630856706
7124.1 2.3152659631
7140.53 2.25200104459
7156.99 2.22588988732
7173.49 2.23589724716
7190.02 2.19989375717
7206.6 2.2047248964
7223.21 2.29237556531
7239.86 2.30272800652
7256.55 2.3344754929
7273.28 2.32872413667
7290.05 2.2702903574
7306.85 2.33896155076
7323.7 2.34402274424
7340.58 2.38186666822
7357.5 2.38152158685
7374.46 2.40326171339
7391.46 2.39739533004
7408.5 2.39152894668
7425.58 2.39682019441
7442.7 2.47503863911
7459.85 2.48032988684
7477.05 2.44041547462
7494.29 2.47975475122
7511.56 2.46238565541
7528.88 2.45640424493
7546.24 2.4787195071
7563.63 2.43880509488
7581.06 2.41614475134
7598.54 2.37174428126
7616.06 2.3550653482
7633.61 2.37116914564
7651.21 2.31687634284
7668.85 2.23785270827
7686.53 2.3161861801
7704.25 2.29467610781
7722.01 2.22669507719
7739.81 2.25740731945
7757.65 2.14560095438
7775.53 2.2515409361
7793.46 2.24095844064
7811.42 2.26660948941
7829.43 2.28719934471
7847.48 2.28167804273
7865.57 2.29720670455
7883.7 2.2497005021
7901.88 2.19828337743
7920.09 2.17274735577
7938.35 2.16745610804
7956.65 2.1672260538
7974.99 2.2173778801
7993.38 2.21703279873
8011.8 2.21162652387
8030.27 2.25246115309
8048.78 2.29398594506
8067.34 2.29364086368
8085.94 2.24118849489
8104.57 2.17976401037
8123.26 2.21484728336
8141.99 2.19425742807
8160.75 2.20921095426
8179.56 2.19874348592
8198.42 2.18827601759
8217.32 2.23382675891
8236.26 1.99054439047
8255.25 2.30100259966
8274.28 2.29007502282
8293.35 2.22738523994
8312.47 2.13662883866
8331.64 2.17102194891
8350.84 2.20599019477
8370.09 2.19552272644
8389.39 2.18517028523
8408.73 2.17976401037
8428.11 2.16941156916
8447.54 2.06680737406
8467.01 2.11454363075
8486.53 2.14364549326
8506.09 1.62590840563
8525.71 2.02321209385
8545.36 1.94073764554
8565.06 2.06496694006
8584.8 2.10787205752
8604.59 2.05956066521
8624.43 2.09268847708
8644.31 2.12144525822
8664.24 2.00250721143
8684.21 1.9386671573
8704.23 2.0674975368
8724.29 2.12017995985
8744.4 2.03851070141
8764.56 2.06174618058
8784.77 2.0998201588
8805.02 2.10430621666
8825.31 2.14307035764
8845.66 2.07002813354
8866.05 2.08406144274
8886.49 1.94464856778
8906.97 2.00802851341
8927.51 2.00308234705
8948.09 2.03540496905
8968.71 2.02574269059
8989.39 1.94315321516
9010.11 1.81317256441
9030.88 1.88955057511
9051.7 2.10039529443
9072.57 1.9962957467
9093.48 2.01907111736
9114.44 2.00492278104
9135.46 2.0749742999
9156.51 1.96765399269
9177.62 1.88748008687
9198.78 1.99445531271
9219.99 1.86953585544
9241.24 1.80995180492
9262.55 1.96604361294
9283.9 2.03022874845
9305.3 1.79660865847
9326.75 1.99710093657
9348.25 1.99215477022
9369.8 1.95994717534
9391.4 1.98686352249
9413.05 1.94579883902
9434.75 1.99537552971
9456.49 1.96776901981
9478.3 2.00860364903
9500.15 2.00825856766
9522.04 1.96673377569
9544.0 1.89967296207
9566.0 1.95707149723
9588.05 1.9976760722
9610.15 1.96995453518
9632.31 1.97869659664
9654.51 1.95569117173
9676.76 1.9508600325
9699.08 1.97317529467
9721.43 1.92348357686
9743.84 1.91428140689
9766.31 1.92279341411
9788.82 1.90047815195
9811.38 1.93993245567
9834.0 1.92187319711
9856.67 1.92589914647
9879.39 1.91232594577
9902.16 1.8988677722
9924.99 1.91163578303
9947.87 1.91577675951
9970.8 1.91543167814
9993.79 1.90622950817
10016.82 1.89714236533
10086.26 1.86585498745
10132.82 1.90427404706
10179.59 1.88609976138
10226.58 1.89852269083
10273.78 1.90220355881
10297.46 1.89311641597
10488.9 1.82617062948
10708.54 1.74588169654
10907.63 1.68273180516
11110.41 1.60324806209
11290.94 1.57771204044
11500.86 1.57046533159
11687.74 1.52767524125
11905.02 1.46556059399
12098.47 1.44221008771
12295.05 1.41908963567
12494.83 1.37721976233
12697.85 1.34282665209
12904.17 1.31222943696
13113.85 1.28830379505
13296.28 1.24746916583
13512.33 1.21905746606
13700.3 1.19398155291
13890.89 1.14818925462
14084.14 1.09399997625
14312.99 1.0765043506
14512.1 1.08147352238
14713.99 1.04235279732
14884.37 1.05441914268
15091.43 1.05929629277
15301.36 1.07403126742
15514.22 1.06418494556
15693.88 1.04235279732
15912.2 1.00233486068
16096.46 1.00233486068
16282.85 0.995444735924
16509.35 0.981779513526
16700.53 0.975027421315
16893.91 0.961649766729
17089.54 0.941922614867
17287.41 0.905769589619
17487.6 0.877035813904
17690.1 0.839490960448
17894.95 0.805408423442
18102.16 0.765620541057
18311.76 0.744754620663
18481.21 0.717815268091
18695.21 0.683939779909
18911.68 0.665293883018
19086.67 0.654653873996
19307.69 0.633891478014
19486.33 0.60956324117
19711.98 0.588869861462
19894.38 0.570189456433
20078.45 0.559779501661
20310.95 0.540777020684
20498.89 0.53335777115
20688.55 0.520014624701
20879.99 0.509351610255
21121.77 0.500057418591
21317.2 0.488669733259
21514.45 0.47865087071
21713.53 0.46239753801
21914.43 0.455001293901
22117.21 0.441589131178
22321.84 0.429545791237
22476.59 0.418813760515
22684.54 0.407391567047
22894.45 0.365602212695
23106.3 0.36225492337
23320.08 0.317693415316
23481.75 0.29855290179
23699.0 0.302705380987
23918.3 0.277986051919
24084.08 0.268542324993
24306.94 0.264251813247
24475.41 0.245479386519
24701.89 0.240993328661
24873.1 0.204184648803
25103.26 0.201377986963
25277.29 0.202309706672
25511.16 0.200917878465
25688.01 0.203713037592
25925.68 0.199997661469
26105.4 0.199077444472
26286.34 0.194096769979
26529.58 0.191876746475
26713.46 0.188368419176
26898.64 0.185354708513
27085.08 0.182398511411
27272.84 0.178660129863
27525.18 0.176198549398
27715.99 0.171793010527
27908.1 0.169826046697
28101.56 0.166352227536
28296.34 0.163683598246
28492.47 0.16070439572
28689.98 0.157403117245
28888.84 0.154884023217
29089.1 0.152065858666
29290.72 0.148937120878
29493.77 0.146222480738
29698.2 0.143887430109
29904.08 0.140931233008
30111.35 0.138998777316
30320.09 0.136146104627
30530.24 0.134593238445
30671.15 0.133051874976
30883.77 0.130923873172
31097.83 0.129428520553
31313.41 0.127645600122
31530.45 0.125897187829
31675.98 0.12417178096
31895.56 0.123033012427
32116.64 0.121905746606
32264.9 0.121618178795
32488.54 0.122745444616
32713.76 0.128531308981
32864.75 0.146556059399
33092.54 0.144876663381
33321.94 0.123033012427
33475.74 0.114028689117
33707.8 0.109399997625
33863.38 0.106418494556
34098.09 0.103756766894
34334.47 0.101862270152
34492.94 0.100003431819
34732.05 0.0979524981885
34892.36 0.0961649766729
35134.2 0.0946270640175
35296.4 0.0926865564263
35459.31 0.0912038567907
35705.09 0.0895394142984
35869.92 0.0879048788584
36118.54 0.0865003976675
36285.24 0.0851166213591
36536.78 0.0833705096083
36705.42 0.0818498510217
36874.83 0.0801704550031
37130.46 0.0787073099787
37301.83 0.0776272052791
37474.03 0.0758603886459
37733.78 0.0749919338555
37907.93 0.0736231110733
38082.94 0.072446383589
38258.7 0.0712880604448
38523.88 0.0701481416404
38701.73 0.0687091523122
38880.36 0.0676106432726
39059.81 0.0665293883018
39330.58 0.0654653873996
39512.11 0.064123020856
39694.48 0.0630981291762
39877.73 0.061804074025
40061.78 0.060956324117
40339.46 0.0599808941007
40525.68 0.0588869861462
40712.73 0.057944913996
40900.64 0.0571500765653
41089.46 0.0562356109251
41279.1 0.0554649291906
41469.62 0.0545780700602
41661.07 0.0537050141848
41853.36 0.0528469118356
42143.45 0.0520014624701
42338.01 0.0514056219649
42533.42 0.0505843282956
42729.73 0.0498907147345
42926.99 0.0481963651898
43125.12 0.0464537042527
43324.16 0.0463467290269
43524.12 0.0447731579629
43725.06 0.0438540912377
43926.87 0.0431535760491
44129.61 0.0419768485649
44333.33 0.0414017129421
44537.95 0.0408334789468
44743.52 0.0399040597804
44950.08 0.0397200163811
45053.69 0.0389953454964
45261.63 0.0382833275954
45470.54 0.038108486366
45680.45 0.0376713832927
45891.29 0.0367293111426
46103.1 0.0367293111426
46315.94 0.0361426728073
46529.71 0.0357285751589
46744.46 0.0355640863708
46852.21 0.0350763713627
47068.51 0.034595557982
47285.75 0.0345150389948
47504.0 0.0340422775129
47723.3 0.0337294037341
47943.56 0.0334211310403
48054.08 0.0328862549111
48275.87 0.0328862549111
48498.74 0.0323605809519
48722.58 0.0319901936108
48947.46 0.0316968744432
49060.29 0.0313345390008
49286.78 0.0311182880066
49514.26 0.0307617039205
49742.79 0.0306202205573
49857.45 0.0302659370137
50087.62 0.0300485357483
50318.79 0.0297655690218
50551.04 0.0294158865632
50667.56 0.0292099880102
50784.41 0.0290708051895
50901.47 0.0290006386435
51018.81 0.0288626060941
51136.4 0.0286601583548
51254.28 0.0285899918089
51372.43 0.0284542598019
51490.9 0.0283196780662
51609.59 0.0282506617914
51728.55 0.0281816455167
51847.79 0.0280482140522
51967.3 0.0279147825877
52087.09 0.0277825013945
52207.15 0.0276513704725
52327.55 0.0275202395505
52448.17 0.027452373547
52569.07 0.0273856578147
52690.24 0.0273810567298
52811.7 0.027251076079
52933.43 0.0270601310522
53055.51 0.02699341532
53177.81 0.0268657352117
53300.38 0.0268611341268
53423.25 0.0267955686658
53546.39 0.0267300032048
53669.82 0.0266644377438
53793.53 0.0265988722828
53917.59 0.026534457093
54041.87 0.026468891632
54166.44 0.0264044764423
54291.3 0.0262790968765
54416.44 0.0262744957915
54541.88 0.0262710449778
54667.6 0.026206629788
54793.67 0.0261422145983
54919.98 0.0261376135133
55046.57 0.0260731983235
55173.46 0.0260697475098
55300.63 0.0261261108008
55428.11 0.0261215097159
55555.93 0.0259972804213
55683.99 0.0260536437124
55812.35 0.0261088567321
55941.0 0.0261054059184
56069.95 0.0261606189382
56199.2 0.0262169822292
56328.74 0.0262135314155
56458.64 0.0262687444353
56588.78 0.0263860721023
56719.22 0.0264424353934
56849.97 0.0264999489556
56981.01 0.0265563122467
57112.35 0.026735754561
57244.06 0.0269174974178
57376.02 0.0270371256273
57508.27 0.0272200187554
57640.83 0.0274040621547
57773.7 0.0275892558252
57906.87 0.0278400149567
58040.35 0.0280930746308
58174.2 0.0283484348473
58308.3 0.0287383767995
58442.7 0.0290662041045
58577.42 0.0294653482267
58712.44 0.0299392599799
58847.78 0.0303510570858
58983.43 0.0309814057284
59244.37 0.0248021485972
59552.6 0.0309952089834
59860.84 0.03512928384
60169.09 0.0399903301238
60477.32 0.0425508339165
60785.55 0.0487634489138
61093.8 0.0510179805552
61402.03 0.0725315036612
61710.27 0.109410350066
62018.51 0.131786576606
62326.75 0.12426380266
62634.98 0.106369032892
62943.22 0.0837132904395
63251.46 0.0718551441688
63559.71 0.0657932147046
63867.94 0.0591055376828
64176.17 0.0514700371547
64484.42 0.0460027979244
64792.65 0.0441428093203
65100.89 0.0432881577849
65409.14 0.0392426538142
65717.37 0.0380912322973
66025.6 0.0395198691844
66333.86 0.038956236274
66642.08 0.0441520114903
66950.32 0.0408001210807
67258.57 0.0462294013598
67566.8 0.0436665970247
67875.05 0.0468942581398
68183.28 0.0493190299254
68491.52 0.0480295758591
68799.76 0.0490027053329
69107.99 0.0533909901348
69416.24 0.0517679574073
69724.47 0.0723095013108
70032.71 0.073041073823
70340.95 0.0547414085771
70649.19 0.0612588454545
70957.43 0.061008086323
71265.67 0.0637192756488
71573.9 0.0651134043985
71882.15 0.0696903336846
72190.38 0.0697167899233
72498.62 0.0757269571814
72806.87 0.0771797497646
73115.1 0.0838582246164
73423.33 0.0866729383544
73731.58 0.0854306454091
74039.81 0.0942279198953
74348.05 0.105401654775
74656.29 0.11714362365
74944.35 0.110569823481
74964.53 0.131050403009
75272.77 0.132718296315
75562.05 0.137181348748
75581.0 0.147154200447
76179.76 0.145118220342
76797.46 0.142300055791
77415.16 0.135536460867
78032.87 0.136410667013
78650.58 0.125816668841
79268.28 0.11253563704
79885.98 0.10109388896
80503.7 0.0884029463077
81121.4 0.075392228249
81739.1 0.0696316698511
82356.81 0.0672977694938
82974.51 0.0651686174183
83592.23 0.0640471029538
84209.93 0.0629071841495
84827.64 0.0671838926405
85445.34 0.0785347692919
86063.05 0.0744064457915
86680.75 0.0672920181376
87298.45 0.055162407853
87916.16 0.0434204389781
88533.86 0.0358125449599
89151.56 0.0278492171267
89769.27 0.0270267731861
90386.97 0.024014212794
91004.69 0.0221622760886
91622.39 0.0199376514996
92240.1 0.0199088947185
92857.81 0.0202010636149
93475.51 0.0193441115369
94093.21 0.0192946498733
94710.91 0.0196328296195
95328.63 0.0184135420992
95946.33 0.0173127325172
96564.03 0.0205760520409
97181.74 0.0197605097278
97799.45 0.0172425659712
98417.15 0.0147292232996
99034.86 0.0141724920168
99652.52 0.0141897460855
100270.28 0.0133684524161
100887.94 0.013986148075
101505.71 0.0145854393939
102123.37 0.0134466708608
102741.13 0.0133799551286
103358.81 0.0134846298119
103976.47 0.0148603542216
104594.22 0.0167490996069
105211.89 0.0194913462563
105829.66 0.0201826592749
106447.32 0.020487481155
107064.98 0.021204100141
107682.74 0.0218402001398
108300.41 0.0218079925449
108918.17 0.0234218231025
109535.83 0.0271015408171
110153.59 0.0328321921626
110771.26 0.0376081183742
111388.92 0.0570269975421
112006.69 0.0903687598664
112624.35 0.0972772889674
113242.11 0.0813069229937
113859.77 0.0641506273659
114477.54 0.0524719234096
115095.2 0.0426336534461
115712.86 0.0369973243428
116330.63 0.0330185361043
116948.29 0.0310619247156
117566.05 0.0311804026539
118183.71 0.0324054415304
118801.48 0.0345967082533
119419.14 0.0364958060797
120036.8 0.0361794814872
120654.57 0.0348382652148
121272.24 0.0324583540077
121889.99 0.0319108248948
122507.65 0.0343275447818
123125.33 0.0375816621356
123743.09 0.0372124250657
124360.75 0.0371042995686
124978.51 0.040333110955
125596.18 0.0426106480212
126213.94 0.0444188744193
126831.61 0.0469414192608
127449.27 0.0524408660859
128067.03 0.0666731722075
128684.69 0.0491936503597
129302.46 0.0300059757122
129920.12 0.0258891549242
130537.78 0.0243834498638
131155.54 0.0242684227392
131773.21 0.0234965907334
132390.97 0.0228788950746
133008.63 0.0225027563773
133626.39 0.0218068422737
134244.06 0.0216239491456
134861.73 0.0214238019489
135479.49 0.0215744874821
136097.15 0.0214410560176
136714.91 0.0194798435439
137332.58 0.0186573996033
137950.34 0.0184296458967
138568.0 0.0175266829689
139185.67 0.0182041927325
139803.43 0.0192244833274
140421.1 0.019395873743
141038.85 0.0185837822436
141656.52 0.0192279341411
142274.28 0.0202068149711
142891.95 0.0181478294415
143509.6 0.0175703932762
144127.38 0.0168721786302
144658.89 0.0158058771855
145571.0 0.0154619460831
146483.22 0.0146797616361
147395.35 0.0143818413835
148307.46 0.0142599126314
149219.59 0.0132913842427
150131.81 0.0130958381309
151043.94 0.0131119419284
151956.05 0.0132683788178
152868.27 0.0132016630855
153780.39 0.0136698234825
154692.51 0.0146774610936
155604.63 0.0163522560271
156516.85 0.0148454006954
157428.98 0.0138561674242
158341.09 0.0142219536803
159253.31 0.0145750869527
160165.44 0.0148223952705
161077.55 0.0149581272775
161989.77 0.0158093279992
162901.89 0.0181397775428
163814.01 0.0220000878429
164726.13 0.0240418193038
165638.37 0.0220449484215
166550.46 0.021400796524
167462.59 0.0213478840467
168374.72 0.0214928182236
169286.94 0.0236668308778
170199.06 0.0288465022966
171111.19 0.0269094455191
172023.41 0.0225395650571
172935.52 0.0222450956183
173847.65 0.0217044681328
174759.87 0.0193498628931
175671.98 0.0171079842355
176584.11 0.0161348547617
177496.22 0.0155539677827
178408.44 0.0153365665173
179320.56 0.0143323797199
180232.67 0.0134535724883
181144.89 0.0132246685104
182057.02 0.0129255979866
182969.13 0.0130762835197
183881.35 0.0129601061239
184793.48 0.0128140216757
185705.61 0.0135916050378
186617.72 0.0174438634392
187529.94 0.0182778100922
188442.06 0.0141678909318
189354.17 0.0134213648934
190266.41 0.0132419225791
191178.54 0.0126403307177
192090.63 0.0123711672462
193002.76 0.0121146567584
193914.99 0.0118661981694
194827.11 0.0118109851496
195739.23 0.0117983321659
196651.45 0.0116741028714
197563.56 0.0112475822935
198475.69 0.0113605389298
199387.82 0.0113891806839
200300.04 0.0115475730344
201212.15 0.0112364246624
202124.28 0.0106580682802
203036.5 0.0111560207024
204130.85 0.0106784280812
205886.96 0.0111644176825
207644.15 0.0109123932526
209402.23 0.0107085651878
211161.4 0.0110385780082
212921.59 0.0111342805758
214682.86 0.0106160833797
216445.02 0.0108687979724
218208.28 0.0112533336497
219972.55 0.0110345520588
221737.89 0.0104687336331
223504.24 0.011155675621
225271.58 0.0113295966333
227040.0 0.0110544517514
228809.43 0.0109127383339
230579.86 0.0111161062901
232351.37 0.0113021051506
234123.89 0.0114227686042
235897.49 0.0112616156027
237672.19 0.0112797898884
239447.89 0.0113891806839
241224.58 0.0112917527093
243002.37 0.0109762333067
244781.14 0.0108635067246
246561.13 0.0109158440663
248342.0 0.0110089010101
250123.94 0.0111860427819
251907.01 0.0111052937404
253691.16 0.0109161891477
255476.3 0.0112628809011
257262.54 0.0115924336129
259049.88 0.0120582934674
260838.3 0.0117235645349
262627.74 0.010996823162
264418.23 0.0110237395091
266209.87 0.0109944075924
268002.45 0.011019943614
269796.27 0.0109969381891
271591.05 0.0110340919503
273386.95 0.0108673026197
275183.94 0.0109630051874
276982.02 0.0109435656033
278781.19 0.0110699804132
280581.44 0.0115648271031
282382.81 0.0121848233044
284185.28 0.0113451252951
285988.82 0.0109779587136
287793.46 0.0109715171946
289599.19 0.0109808343917
291406.03 0.0110302960552
293213.97 0.0112312484418
295022.99 0.011119672131
296833.19 0.0109865857479
298644.51 0.011088269726
300456.79 0.0111025330895
302270.29 0.0112979641741
304084.88 0.0112930180077
305900.67 0.011517665982
307717.47 0.0114048243728
309535.44 0.0113735369949
311354.6 0.0112670218776
313174.78 0.0112966988757
314996.14 0.01171896345
316818.65 0.0117868294534
318642.19 0.0118754003394
320466.94 0.0121008535035
322292.9 0.0124953965407
324119.89 0.012304451514
325948.0 0.0124424840634
327777.35 0.0126000712241
329607.85 0.0129543547677
331439.44 0.013142999252
333272.15 0.0149443240226
335106.04 0.0179729882122
336941.15 0.0147913379469
338777.4 0.0132833323439
340614.77 0.0129209969016
342453.26 0.0128002184208
344293.0 0.013400660011
346133.88 0.0156425386686
347975.92 0.0241395923597
