100.06 1.31236327142e-05
101.92 1.7301211969e-05
104.05 2.08965435172e-05
105.99 2.57082539377e-05
107.96 3.22897667931e-05
109.97 4.56103644906e-05
114.09 6.39828738077e-05
118.1 8.47352966054e-05
121.13 0.000309071686911
125.1 0.000380248106229
127.13 0.000410263648069
128.01 0.00043258314349
131.0 0.000476501530734
131.9 0.000561129217202
134.05 0.000594382671206
136.85 0.000748284383496
140.04 0.00081108258499
142.97 0.00228066234525
146.98 0.00571563557291
151.1 0.0060682509332
154.97 0.00651723501456
158.95 0.00701560446246
161.9 0.00738013380222
166.06 0.00798111720238
169.92 0.00845402532318
173.08 0.00887293621441
177.12 0.00937707049109
179.99 0.00975120787882
182.08 0.0100250372458
185.89 0.0105457934455
191.1 0.0112222000221
194.2 0.0117237401259
197.81 0.0122195154008
201.96 0.0128248224225
204.77 0.0132456549234
210.02 0.013336931379
215.9 0.0147589224777
219.92 0.0154189953729
222.98 0.0156342156473
227.12 0.0163701921213
229.75 0.0247781948948
234.02 0.0419823655794
240.02 0.0509409095011
246.18 0.0479806699234
251.92 0.0503577009897
257.19 0.0424685328063
260.17 0.0484245617393
263.79 0.0503577009897
268.69 0.0500108504582
273.69 0.0494382107995
278.78 0.0488722967745
283.96 0.0485360150957
289.91 0.0457160530182
295.98 0.0460321577963
300.79 0.0451924144042
307.79 0.0450886474862
317.87 0.0449848805682
328.29 0.0439606626552
338.26 0.0426645369848
347.74 0.0413107630267
356.66 0.040370135131
365.81 0.0395428822013
375.19 0.0383764651784
384.82 0.0361464372459
394.69 0.0360628472286
404.81 0.0352423199325
414.24 0.0341249039543
421.95 0.0330420769487
429.79 0.0321418028545
440.81 0.0311934885204
451.08 0.0299271477987
460.53 0.0289778726599
470.17 0.0280583824697
480.02 0.0272935818518
490.07 0.0260656733219
500.33 0.0254718959578
506.12 0.0248348823777
511.98 0.0251807721044
520.3 0.024550484158
529.98 0.0235541295841
539.83 0.0223905949757
549.87 0.0216305983817
560.09 0.0214317117888
570.5 0.0210896652813
579.77 0.0201865087727
590.55 0.0198185205357
600.15 0.0188394604481
609.9 0.0165979028581
619.81 0.0181995644537
629.88 0.0175414131682
640.11 0.0172214651709
650.51 0.0167131994336
658.05 0.0161463246038
665.67 0.0161088532167
674.93 0.0157418257845
684.32 0.0149299457315
695.43 0.0149991236768
705.11 0.0141603410896
716.57 0.014323677905
726.53 0.0139662585207
734.95 0.0137106844448
745.17 0.013398422886
755.54 0.0130938477655
764.29 0.0119687453489
774.92 0.012591346857
785.7 0.0121637887226
794.8 0.0120801987053
805.85 0.0119139794755
815.19 0.0116968375916
824.62 0.0115892274544
834.17 0.0105208125207
845.78 0.0110934521794
855.57 0.0108657414427
865.48 0.0107907986685
875.5 0.0107417976239
885.64 0.0106678156546
895.89 0.0105698135654
904.18 0.0103055922463
914.65 0.0129141772686
925.24 0.0392700136391
935.96 0.0748284383496
944.62 0.130938477655
955.56 0.179497552066
964.4 0.198636783611
975.57 0.0414058827015
984.59 0.164845278921
995.99 0.173406049657
1005.21 0.249492181485
1014.51 0.239365298931
1023.9 0.105938336853
1035.75 0.167516316255
1045.34 0.312655488801
1055.01 0.304834537759
1064.77 0.238817640197
1074.62 0.282534258434
1084.57 0.220322147866
1094.6 0.293131935338
1104.73 0.27929634627
1114.95 0.266114104463
1125.27 0.237174663995
1135.68 0.300655036894
1146.19 0.271686772282
1154.13 0.287117297313
1164.81 0.294486670101
1175.59 0.201865087727
1183.74 0.281227563911
1194.69 0.192333904146
1205.75 0.137740975614
1214.11 0.0929107846181
1225.34 0.187097518006
1233.83 0.281880911172
1245.25 0.309071686911
1253.88 0.293131935338
1265.48 0.249492181485
1274.26 0.322897667931
1286.05 0.337338564021
1294.96 0.26367366028
1303.94 0.258264329276
1316.0 0.324386915366
1325.12 0.308360691361
1334.31 0.270437726047
1343.56 0.322897667931
1355.99 0.310503286057
1365.39 0.274828603967
1374.85 0.288443207932
1384.38 0.289778726599
1393.98 0.250068664363
1403.64 0.25886002825
1416.63 0.26367366028
1426.45 0.269813202929
1436.34 0.266729019533
1442.97 0.281227563911
1446.29 0.28514764748
1456.32 0.276096866298
1466.41 0.252384203922
1476.58 0.250645147241
1483.39 0.254718959578
1493.68 0.258264329276
1504.03 0.242699291574
1510.97 0.214816736383
1517.95 0.230180005077
1524.95 0.221849827492
1535.52 0.191449963734
1546.17 0.210896652813
1553.3 0.197724019054
1564.07 0.20048152882
1574.91 0.213337096996
1585.83 0.223387115167
1596.82 0.227018957297
1604.19 0.221849827492
1615.31 0.22134060095
1626.51 0.208004630376
1634.02 0.220831374408
1645.34 0.223905949757
1656.75 0.204670637732
1664.39 0.223905949757
1672.08 0.197724019054
1675.93 0.224424784347
1683.67 0.233917535735
1695.34 0.217804839299
1703.16 0.208004630376
1714.97 0.196820862546
1726.86 0.195014549528
1734.83 0.207524227978
1746.85 0.201865087727
1754.92 0.215306746829
1763.02 0.195466127783
1775.24 0.20048152882
1783.43 0.20326786273
1795.79 0.217804839299
1804.08 0.214317117888
1816.59 0.1972724408
1824.97 0.20048152882
1833.4 0.191449963734
1846.1 0.174607055653
1854.63 0.175414131682
1863.19 0.181159744364
1876.1 0.195014549528
1884.76 0.179497552066
1893.46 0.172608581676
1906.59 0.181582498475
1915.39 0.174607055653
1924.23 0.170245001877
1933.11 0.172608581676
1946.51 0.182841152758
1955.49 0.171023253762
1969.05 0.187529880164
1978.14 0.191017601575
1982.7 0.181582498475
1996.44 0.175817669696
2005.66 0.179910698129
2014.91 0.173406049657
2024.21 0.179084406004
2033.56 0.171820721743
2042.94 0.179084406004
2057.1 0.170629323795
2066.6 0.170245001877
2076.14 0.182841152758
2085.72 0.200020342518
2095.35 0.187529880164
2105.02 0.186665155848
2114.74 0.191449963734
2124.5 0.189701299004
2134.3 0.175817669696
2144.16 0.187962242323
2154.05 0.192785482401
2163.99 0.182418398647
2173.98 0.180746598302
2184.02 0.187529880164
2194.1 0.193227452607
2204.23 0.187529880164
2214.4 0.16985107191
2224.62 0.170629323795
2234.89 0.193227452607
2245.21 0.183677052931
2255.57 0.165979028581
2265.98 0.165219992792
2276.44 0.172608581676
2286.95 0.190575631369
2297.5 0.172666229964
2302.8 0.182937233237
2313.43 0.167698869166
2324.11 0.132350860706
2334.84 0.145196820834
2345.61 0.131274759334
2356.44 0.160098903227
2367.32 0.132619886049
2372.77 0.143121482474
2383.73 0.122723596646
2394.73 0.134320510539
2405.78 0.129535702653
2416.89 0.136328592563
2422.46 0.164326444331
2433.64 0.160665778057
2444.87 0.177893008056
2456.16 0.180458356863
2467.5 0.168121623277
2473.18 0.156937855446
2484.6 0.138980413801
2496.07 0.140344756612
2507.59 0.174347638357
2513.37 0.127508404532
2519.16 0.124635598191
2524.97 0.122108681576
2536.62 0.139633761063
2542.47 0.140642606099
2554.21 0.188951871263
2566.0 0.161645798949
2577.84 0.18655946732
2583.79 0.174952945379
2595.71 0.165642746902
2607.69 0.152902475302
2613.7 0.146061545151
2625.77 0.169341845368
2637.89 0.230141572885
2643.97 0.284523124362
2656.17 0.362550081879
2662.3 0.252634013169
2674.58 0.280372447642
2686.93 0.310436029722
2693.12 0.246657807336
2705.56 0.287962805534
2718.04 0.228344867916
2724.31 0.197570290287
2736.88 0.232793394123
2743.19 0.160358320522
2755.85 0.18981659558
2762.21 0.226701891714
2774.96 0.239720796706
2787.77 0.17537569949
2794.19 0.112740834811
2807.09 0.125990332954
2813.56 0.220533524921
2826.55 0.288222222829
2833.06 0.274703699343
2846.14 0.218832900432
2852.7 0.160781074632
2865.87 0.278931240447
2872.48 0.35206770155
2885.73 0.323512583001
2892.39 0.381084006402
2912.44 0.49591939567
2932.62 0.438338364221
2952.95 0.40945657204
2973.42 0.428163441426
2987.15 0.433390219519
3007.85 0.436791468498
3028.7 0.462041418548
3049.69 0.477635280394
3070.83 0.517018668999
3092.12 0.508063968296
3113.55 0.57987451878
3127.92 0.540270145072
3149.61 0.542047633946
3171.44 0.59082769346
3193.42 0.513905661459
3208.16 0.566461683822
3230.4 0.481497715676
3252.79 0.660735850447
3267.81 0.764397079932
3290.46 0.749475781444
3313.27 0.706633495572
3320.9 0.676617953731
3328.56 0.735342342888
3336.23 0.745824723217
3343.92 0.699494715934
3351.63 0.693316741093
3359.36 0.767500479424
3367.1 0.726493330713
3374.86 0.527683602239
3382.64 0.615923914742
3390.44 0.745891979553
3398.26 0.722477166664
3406.09 0.746410814143
3413.94 0.72967359459
3421.81 0.776743421566
3429.7 0.735236654361
3437.61 0.749168323909
3445.53 0.492873644465
3453.47 0.786831871928
3461.44 0.644219615996
3469.42 0.698533911138
3477.41 0.608612190241
3485.43 0.695814833564
3493.47 0.618940841803
3501.52 0.709256492666
3509.59 0.779750740579
3517.68 0.65029190231
3525.79 0.662619027848
3533.92 0.795094793177
3542.06 0.864119009752
3550.23 0.844749185056
3558.41 0.781422540924
3566.62 0.80730662214
3574.84 0.593191273259
3583.08 0.575906394971
3591.34 0.550185650571
3599.62 0.852445231475
3607.92 0.704414036492
3616.23 0.762052716229
3624.57 0.751868185387
3632.92 0.923208504731
3641.3 0.927810759706
3649.69 0.766683795347
3658.11 0.999525229711
3666.54 1.00211940266
3674.99 0.993376079014
3683.46 0.834180332296
3691.95 0.802454557918
3700.46 0.99443296429
3709.0 0.71079378034
3717.55 1.08618982235
3726.12 0.639828738077
3734.7 0.80579815861
3743.32 0.89617145776
3751.94 0.529115201386
3760.59 0.819816300589
3769.26 0.803300066139
3777.95 0.968395154307
3786.66 1.12769658955
3795.39 0.855798440215
3804.14 0.771852925152
3812.91 1.01316865782
3821.7 0.786803047784
3830.51 0.592970288156
3839.34 0.53235311355
3848.19 0.85973773988
3857.06 0.896459699199
3865.95 0.896805588926
3874.86 0.737677098544
3883.8 0.794393405676
3892.75 0.728117090819
3901.72 1.00778815096
3910.72 1.0246022349
3919.73 1.11607085152
3928.77 0.930846902863
3937.82 0.357313695739
3946.9 0.849601249278
3956.0 1.11530220768
3965.12 0.846363337114
3976.55 0.952935805133
3979.29 0.646592803844
3982.03 0.853502116752
3984.77 0.891828620081
3987.51 1.39797097878
3990.25 1.04929491817
3992.99 1.23597929011
3995.73 1.26989569942
3998.46 1.21878088425
4001.2 1.31937714644
4003.94 1.27479580388
4006.68 1.87818121603
4009.42 1.14009097143
4012.16 1.60877155112
4014.9 1.23828522162
4017.64 0.900264486193
4020.38 1.11193939089
4023.12 1.45206428882
4025.85 1.66190405636
4028.59 1.20456097327
4031.33 1.70581283556
4034.07 1.79910698129
4036.81 1.73655858904
4039.55 1.78200465591
4042.29 1.82504871079
4045.03 1.28238616178
4047.77 1.33820892045
4050.5 1.23184782948
4053.24 1.1567128944
4055.98 1.32648710193
4058.72 1.34137957628
4061.46 1.21561022842
4064.2 1.52912083349
4066.94 1.5933025939
4069.68 1.30755924744
4072.42 1.9788735587
4075.16 1.88183227426
4077.89 1.41046144114
4080.63 1.31649473205
4083.37 1.52595017767
4086.11 1.34118741532
4088.85 1.7320428065
4091.59 1.23761265826
4094.33 1.40719470483
4097.07 1.29497270461
4099.81 1.36482321331
4102.55 1.05169693016
4105.28 1.33916972524
4108.02 1.25740523707
4110.76 1.37779407806
4113.5 1.45792519808
4116.24 1.6819848766
4118.98 1.42890889323
4121.72 1.4035436466
4124.46 1.54824084894
4127.2 1.24693246479
4129.94 1.2228162644
4132.67 1.29401189981
4135.41 1.20850027293
4138.15 1.5319071674
4140.89 1.52508545335
4143.63 1.32936951632
4146.37 1.67007089713
4149.11 1.55419783868
4151.85 1.54756828559
4154.59 1.57235704933
4157.32 1.83263906868
4160.06 1.62606603745
4162.8 1.12241216317
4165.54 1.22627516166
4168.28 1.49866332145
4171.02 1.66257661972
4173.76 1.42170285726
4176.5 1.78277329975
4179.24 1.81909172105
4181.98 1.68419472764
4184.71 1.56390196712
4187.45 1.90181701402
4190.19 1.8801989061
4192.93 1.56630397912
4195.67 1.31053774231
4198.41 1.72550933388
4201.15 1.9288156288
4203.89 1.49366713651
4206.63 1.00432925369
4209.37 1.25212081069
4212.1 1.61962864532
4214.84 1.5814846949
4217.58 1.51499700299
4220.32 1.62510523266
4223.06 1.78728908229
4225.8 1.73300361129
4228.54 1.3341735403
4231.28 1.20196680032
4234.02 1.41824395999
4236.76 1.39528072535
4239.49 1.3728939736
4242.23 1.45840560048
4244.97 1.68486729099
4247.71 1.57802579763
4250.45 1.49683779234
4253.19 1.55967442602
4255.93 1.15046766323
4258.67 1.5701471983
4261.41 1.7216661147
4264.15 1.59378299629
4266.88 1.49683779234
4269.62 1.54132305441
4272.36 1.62183849635
4275.1 1.47637265017
4277.84 1.46138409535
4280.58 1.55938618458
4283.32 1.39970042742
4286.06 1.42391270829
4288.8 1.34089917388
4291.53 1.12817699195
4294.27 1.33292449407
4297.01 1.58129253394
4299.75 1.22348882776
4302.49 1.18822729173
4305.23 1.22934973701
4307.97 1.32293212418
4310.71 1.41526546512
4313.45 1.59339867437
4316.19 1.58129253394
4318.92 1.6550823423
4321.66 1.72771918491
4324.4 1.94889644905
4327.14 1.76682394013
4329.88 1.64211147755
4332.62 1.78354194359
4335.36 1.8382117365
4338.1 1.8127504094
4340.84 1.49318673411
4343.58 1.43553844632
4346.31 1.2109983654
4349.05 1.49203376835
4351.79 1.48213747895
4354.53 1.50337126495
4357.27 1.54977813662
4360.01 1.930256836
4362.75 1.7537569949
4365.49 1.62894845184
4368.23 1.5069262427
4370.97 2.07524227978
4373.7 1.72474069004
4376.44 1.48857487109
4379.18 1.77931440248
4381.92 1.41834004047
4384.66 1.52431680951
4387.4 1.74876080996
4390.14 1.60617737817
4392.88 1.67026305809
4395.62 1.45129564499
4398.36 1.96167515284
4401.09 1.66430606835
4403.83 1.78546355318
4406.57 1.5536213558
4409.31 2.13586906243
4412.05 1.73751939384
4414.79 1.80602477582
4417.53 1.87635568692
4420.27 1.31659081253
4423.01 1.30169833818
4425.75 1.82476046935
4428.48 1.45244861074
4431.22 1.96407716483
4433.96 1.75577468497
4436.7 1.83033313717
4439.44 1.77249268843
4442.18 1.59243786958
4444.92 2.07447363594
4447.66 1.93179412367
4450.4 1.9717636032
4453.13 1.51951278553
4455.87 1.69351453416
4458.61 1.48329044471
4461.35 1.71763073455
4464.09 1.44505041381
4466.83 1.85579446428
4469.57 1.64537821386
4472.31 1.67573964543
4475.05 1.92919995072
4477.79 1.94207473499
4480.52 1.86175145401
4483.26 1.821685894
4486.0 2.12289819768
4488.74 1.67564356495
4491.48 2.38020172216
4494.22 1.84291968
4496.96 2.07735605033
4499.7 1.86963005334
4502.44 2.01259780705
4505.18 2.23339074927
4507.91 2.11425095451
4510.65 2.52662837313
4513.39 2.02585691324
4516.13 2.22599255233
4518.87 2.40489440543
4521.61 1.76029046751
4524.35 2.25385589143
4527.09 1.99751317175
4529.83 1.29160988782
4532.57 1.90575631369
4535.3 2.12597277303
4538.04 1.78786556517
4540.78 1.89643650716
4543.52 2.07908549896
4546.26 1.70254609925
4549.0 1.65546666422
4551.74 2.21888259684
4554.48 1.68448296908
4557.22 1.55909794314
4559.96 2.00039558614
4562.69 2.42487914519
4565.43 2.29517049768
4568.17 2.18496618753
4570.91 2.63654444184
4573.65 2.42603211095
4576.39 2.05151040131
4579.13 1.95542992166
4581.87 1.54545451503
4584.61 1.69303413176
4587.34 1.61021275831
4590.08 1.92660577777
4592.82 1.96378892339
4595.56 1.69293805128
4598.3 1.73233104794
4601.04 2.10560371134
4603.78 1.87750865267
4606.52 2.31188850113
4609.26 1.99981910326
4612.0 1.76086695039
4614.73 2.12779830214
4617.47 2.0850424887
4620.21 2.3365811844
4622.95 1.85348853276
4625.69 2.05141432083
4628.43 2.11905497849
4631.17 1.92891170928
4633.91 2.03930818039
4636.65 2.38932936773
4639.39 2.00116422997
4642.12 1.9307372384
4644.86 2.17497381765
4647.6 2.04718677972
4650.34 2.08167967191
4653.08 1.87722041124
4655.82 2.22752984001
4658.56 2.20466268585
4661.3 1.77326133226
4664.04 2.09465053666
4666.78 2.0633283003
4669.51 1.8287958495
4672.25 2.00174071285
4674.99 1.91498003974
4677.73 1.90642887705
4680.47 1.62356794498
4683.21 1.83974902418
4685.95 1.94562971274
4688.69 2.04939663075
4691.43 1.80544829294
4694.17 2.07946982088
4696.9 2.05372025234
4699.64 2.38577438998
4702.38 1.75000985619
4705.12 1.77575942473
4707.86 2.10906260861
4710.6 2.20110770811
4713.34 2.28604285211
4716.08 2.36809558172
4718.82 2.39269218451
4721.55 2.21724922869
4724.29 2.07533836026
4727.03 2.19524679885
4729.77 2.1161725641
4732.51 2.09858983633
4735.25 1.9576397727
4737.99 1.86895748999
4740.73 1.76278855998
4743.47 2.03748265128
4746.21 1.68794186634
4748.94 1.79564808402
4751.68 1.89326585134
4754.42 1.8703026167
4757.16 2.1006075264
4759.9 2.22685727665
4762.64 2.19793705228
4765.38 1.99847397654
4768.12 2.14941641006
4770.86 2.25865991541
4773.6 2.1808347269
4776.33 2.15825581419
4779.07 2.12597277303
4781.81 2.08244831575
4784.55 1.97945004157
4787.29 2.02403138413
4790.03 2.01259780705
4792.77 2.17555030052
4795.51 2.1718992423
4798.25 2.26500122707
4800.99 2.17622286388
4803.72 2.05660266673
4806.46 2.16892074743
4809.2 2.32293775629
4811.94 2.22973969104
4814.68 2.26442474419
4817.42 2.28056626477
4820.16 2.17382085189
4822.9 2.05525754001
4825.64 1.95744761174
4828.38 2.12174523192
4831.11 2.20447052489
4833.85 2.19399775261
4836.59 2.04555341157
4839.33 2.01596062384
4842.07 1.97935396109
4844.81 1.90998385479
4847.55 2.06265573694
4850.29 2.15479691692
4853.03 2.07927765992
4855.77 1.93506085998
4858.5 1.89931892155
4861.24 2.05141432083
4863.98 2.1279904631
4866.72 2.1430750984
4869.46 1.99357387208
4872.2 1.939672723
4874.94 1.69409101704
4877.68 1.90844656712
4880.42 2.01154092177
4883.15 2.01480765808
4885.89 2.05689090817
4888.63 1.88404212529
4891.37 1.87866161843
4894.11 2.11252150588
4896.85 2.15287530733
4899.59 2.11011949389
4902.33 2.25721870822
4905.07 2.08091102808
4907.81 2.03959642183
4910.54 2.09272892707
4913.28 2.00087598853
4916.02 2.123762922
4918.76 2.06966961196
4921.5 1.89451489757
4924.24 1.98204421452
4926.98 2.19745664988
4929.72 2.1596009409
4932.46 2.04142195094
4935.2 2.18967413103
4937.93 2.239347739
4940.67 1.99242090633
4943.41 1.88567549344
4946.15 1.99069145769
4948.89 2.10915868909
4951.63 2.35128149779
4954.37 2.43314206644
4957.11 2.31265714497
4959.85 2.01596062384
4962.59 2.05074175747
4965.32 2.20024298379
4968.06 2.20158811051
4970.8 2.19053885535
4973.54 2.27624264319
4976.28 2.11838241514
4979.02 2.08667585685
4981.76 2.18775252144
4984.5 2.22964361056
4987.24 2.04526517013
4989.98 2.04603381397
4992.71 2.03431199545
4995.45 1.97474209807
4998.19 2.0369061684
5000.93 2.03363943209
5003.67 1.97185968368
5006.41 2.03815521464
5009.15 2.06726759997
5011.89 2.2356006003
5014.63 2.16853642551
5017.36 2.01922736015
5020.1 1.98704039947
5022.84 1.80736990254
5025.58 1.75510212161
5028.32 1.96724782066
5031.06 2.04190235334
5033.8 1.97675978814
5036.54 2.00106814949
5039.28 2.01163700225
5042.02 2.02595299372
5044.75 1.94082568876
5047.49 1.81323081179
5050.23 1.96177123332
5052.97 2.06015764447
5055.71 1.97522250047
5058.45 1.97954612205
5061.19 2.12616493399
5063.93 1.90037580683
5066.67 1.80218155664
5069.41 1.98185205357
5072.14 1.94783956377
5074.88 1.99155618201
5077.62 2.00337408101
5080.36 1.82821936662
5083.1 1.8344645978
5085.84 2.02278233789
5088.58 2.06102236879
5091.32 1.94495714938
5094.06 1.95648680694
5096.8 2.06669111709
5099.53 2.07716388937
5102.27 2.01941952111
5105.01 1.70965605474
5107.75 1.69591654615
5110.49 2.09272892707
5113.23 2.12760614118
5115.97 2.06505774894
5118.71 2.21551978005
5121.45 2.05554578145
5124.19 2.06390478318
5126.92 2.03037269578
5129.66 2.01019579506
5132.4 2.0803345452
5135.14 2.18707995808
5137.88 2.12270603672
5140.62 1.93794327437
5143.36 1.90412294554
5146.1 1.80727382206
5148.84 1.97954612205
5151.58 2.02316665981
5154.31 2.10445074559
5157.05 1.98098732925
5159.79 1.80323844191
5162.53 1.83590580499
5165.27 1.93727071101
5168.01 1.85031787694
5170.75 1.59868310076
5173.49 1.42785200795
5176.23 1.26019157098
5178.96 1.32418117042
5181.7 1.58292590209
5184.44 1.61088532167
5187.18 1.38250202156
5189.92 1.58215725826
5192.66 1.65575490566
5195.4 1.71897586127
5198.14 1.74482151029
5200.88 1.64086243132
5203.62 1.98752080186
5206.35 2.02633731564
5209.09 2.01451941664
5211.83 2.0756266017
5214.57 1.9095034524
5217.31 1.91747813221
5220.05 1.95456519735
5222.79 2.04103762902
5225.53 2.07706780889
5228.27 1.9576397727
5231.01 1.93237060655
5233.74 1.8811597109
5236.48 2.15450867548
5239.22 2.29786075111
5241.96 2.32380248061
5244.7 2.33302620666
5247.44 2.22147676979
5250.18 2.09714862914
5252.92 2.19198006254
5255.66 2.07332067018
5258.4 2.0902308346
5261.13 2.26423258323
5263.87 2.1346200162
5266.61 2.00260543717
5269.35 1.98002652445
5272.09 1.67891030126
5274.83 1.90489158937
5277.57 2.09647606578
5280.31 2.37828011257
5283.05 2.12222563432
5285.79 1.97560682239
5288.52 2.17391693237
5291.26 2.13577298195
5294.0 2.40575912974
5296.74 2.18986629199
5299.48 2.16181079193
5302.22 2.26586595139
5304.96 1.9415943326
5307.7 1.94524539082
5310.44 2.14432414464
5313.17 2.33110459706
5315.91 2.39778444993
5318.65 2.41104355612
5321.39 2.17237964469
5324.13 1.98012260493
5326.87 2.0378669732
5329.61 1.99011497481
5332.35 1.94293945931
5335.09 2.05112607939
5337.83 2.08561897158
5340.56 1.98905808954
5343.3 2.21023535367
5346.04 2.29267240521
5348.78 2.1803543245
5351.52 2.2308926568
5354.26 2.17286004709
5357.0 2.2615423298
5359.74 2.28700365691
5362.48 2.34522842757
5365.22 2.38971368964
5367.95 2.31275322545
5370.69 2.24434392395
5373.43 2.30823744291
5376.17 2.02028424542
5378.91 2.1501850539
5381.65 2.2294514496
5384.39 2.25664222534
5387.13 2.34926380771
5389.87 2.34590099093
5392.61 2.38231549271
5395.34 2.34801476148
5398.08 2.29987844118
5400.82 2.0435357215
5403.56 1.98540703131
5406.3 2.00145247141
5409.04 2.14538102992
5411.78 2.25030091368
5414.52 2.18679171664
5417.26 2.30583543092
5420.0 2.38241157319
5422.73 2.25625790342
5425.47 2.3733800081
5428.21 2.06957353148
5430.95 2.06880488764
5433.69 2.14787912239
5436.43 2.05727523008
5439.17 2.08792490309
5441.91 2.13058463605
5444.65 2.67142165595
5447.38 2.49924543644
5450.12 2.16363632105
5452.86 2.25491277671
5455.6 2.33879103543
5458.34 2.10300953839
5461.08 2.07082257771
5463.82 2.3488794858
5466.56 2.26384826131
5469.3 2.10541155038
5472.04 2.08763666165
5474.77 2.19486247693
5477.51 2.17641502484
5480.25 2.29305672712
5482.99 2.25798735206
5485.73 2.2233022989
5488.47 2.27249550448
5491.21 2.28152706957
5493.95 2.09340149043
5496.69 2.01999600398
5499.43 2.2610619274
5502.16 2.37299568619
5504.9 2.27557007983
5507.64 2.24232623387
5510.38 2.10099184832
5513.12 2.17372477141
5515.86 1.83830781698
5518.6 1.87395367493
5521.34 2.18314065841
5524.08 2.10598803326
5526.82 2.09580350242
5529.55 2.45197384045
5532.29 1.76451800862
5535.03 2.13606122339
5537.77 2.40912194653
5540.51 2.31313754737
5543.25 2.42497522567
5545.99 1.95591032406
5548.73 2.45735434731
5551.47 2.48137446722
5554.21 2.32947122891
5556.94 2.12885518742
5559.68 2.32783786075
5562.42 2.2780681723
5565.16 2.17910527827
5567.9 2.17391693237
5570.64 2.13327488948
5573.38 1.7041794674
5576.12 2.31025513298
5578.86 2.16555793064
5581.6 2.03661792696
5584.33 2.20860198552
5587.07 2.16536576968
5589.81 2.17497381765
5592.55 1.91747813221
5595.29 1.87462623829
5598.03 1.7957441645
5600.77 2.15681460699
5603.51 2.06928529004
5606.25 2.21446289478
5608.98 1.95917706037
5611.72 2.10829396477
5614.46 2.01240564609
5617.2 2.30535502852
5619.94 2.15854405563
5622.68 1.93006467504
5625.42 2.17430125429
5628.16 2.1704580351
5630.9 1.821685894
5633.64 2.21090791703
5636.37 2.0416141119
5639.11 2.1171333689
5641.85 2.10608411374
5644.59 2.02153329166
5647.33 1.80323844191
5650.07 2.25452845479
5652.81 2.40287671535
5655.55 2.37962523928
5658.29 2.29449793432
5661.03 2.4710938559
5663.76 2.44130890721
5666.5 2.23502411742
5669.24 2.39932173761
5671.98 2.07697172841
5674.72 2.09743687057
5677.46 2.07764429177
5680.2 2.1539321926
5682.94 1.98117949021
5685.68 2.26922876817
5688.42 2.26980525105
5691.15 2.40864154413
5693.89 2.27777993086
5696.63 2.1931330283
5699.37 2.24098110716
5702.11 2.15374003164
5704.85 2.2945940148
5707.59 2.16113822858
5710.33 2.26384826131
5713.07 2.38692735573
5715.81 2.04901230884
5718.54 2.42122808697
5721.28 2.27864465518
5724.02 2.28316043772
5726.76 2.69227112003
5729.5 2.83254862031
5732.24 2.67612959946
5734.98 2.79190657742
5737.72 2.48377647921
5740.46 2.55843101189
5743.19 2.38327629751
5745.93 2.2030293177
5748.67 2.05775563248
5751.41 2.71907757385
5754.15 2.39912957665
5756.89 2.21177264135
5759.63 2.09810943393
5762.37 2.14624575423
5765.11 2.13433177476
5767.85 2.27989370141
5770.58 2.28171923053
5773.32 2.20744901976
5776.06 2.52816566081
5778.8 2.35243446354
5781.54 2.13394745284
5784.28 2.19601544269
5787.02 1.96426932579
5789.76 1.64826062825
5792.5 2.0808149476
5795.24 2.28287219628
5797.97 2.36098562623
5800.71 2.2988215559
5803.45 2.55670156326
5806.19 2.59609455991
5808.93 2.305451109
5811.67 2.03969250231
5814.41 2.61444593153
5817.15 2.50501026521
5819.89 2.08994259316
5822.63 2.2412693486
5825.36 2.90249520949
5828.1 2.72205606872
5830.84 2.02960405195
5833.58 2.26730715858
5836.32 2.31957493951
5839.06 2.39797661089
5841.8 2.49838071212
5844.54 2.14134564977
5847.28 2.36185035055
5850.02 2.57207444
5852.75 2.23214170303
5855.49 2.10589195278
5858.23 2.27701128702
5860.97 2.21225304375
5863.71 2.21523153861
5866.45 1.06428347299
5869.19 1.93131372127
5871.93 2.53306576527
5874.67 2.10867828669
5877.41 2.06054196639
5880.14 2.43621664179
5882.88 2.61963427743
5885.62 2.39816877185
5888.36 2.18410146321
5891.1 2.02326274029
5893.84 2.03431199545
5896.58 2.07130298011
5899.32 1.7202249075
5902.06 1.67064738001
5904.79 1.80160507376
5907.53 2.05612226433
5910.27 2.20226067386
5913.01 2.31851805423
5915.75 2.20600781257
5918.49 2.03921209991
5921.23 2.31919061759
5923.97 2.45668178395
5926.71 2.20754510024
5929.45 2.05372025234
5932.18 2.00702513923
5934.92 2.02845108619
5937.66 2.02374314269
5940.4 2.09513093906
5943.14 1.90345038218
5945.88 2.25270292568
5948.62 2.70533806527
5951.36 2.53316184575
5954.1 2.47599396036
5956.84 2.16373240153
5959.57 2.09330540995
5962.31 2.21129223895
5965.05 2.11530783979
5967.79 2.22743375953
5970.53 2.08782882261
5973.27 2.24223015339
5976.01 2.43074005445
5978.75 2.31573172032
5981.49 1.91622908597
5984.23 2.0052956906
5986.96 2.3965354037
5989.7 2.36146602863
5992.44 2.44880318462
5995.18 2.32476328541
5997.92 2.24780282121
6000.66 2.24511256778
6003.4 2.11799809322
6006.14 2.45889163499
6008.88 2.48589024976
6011.62 1.99088361865
6014.35 2.28440948396
6017.09 2.18362106081
6019.83 2.18832900432
6022.57 2.48954130799
6025.31 2.09734079009
6028.05 2.09551526098
6030.79 2.30525894804
6033.53 2.39317258691
6036.27 2.43977161954
6039.0 2.18659955568
6041.74 2.27528183839
6044.48 2.24713025786
6047.22 2.0001073447
6049.96 2.08821314453
6052.7 2.21225304375
6055.44 1.94908861001
6058.18 2.21763355061
6060.92 2.16411672345
6063.66 2.14317117888
6066.39 2.35704632657
6069.13 2.13058463605
6071.87 2.1983213742
6074.61 2.06957353148
6077.35 2.16834426455
6080.09 2.47810773091
6082.83 2.15643028507
6085.57 2.28066234525
6088.31 2.17881703683
6091.05 2.73627597971
6093.78 2.00846634643
6096.52 2.1326984066
6099.26 2.02979621291
6102.0 1.88903831023
6104.74 2.12040010521
6107.48 2.21186872183
6110.22 1.96042610661
6112.96 2.31419443265
6115.7 2.16113822858
6118.44 2.08792490309
6121.17 2.68208658919
6123.91 2.29430577336
6126.65 2.00837026595
6129.39 2.21936299924
6132.13 2.06765192189
6134.87 2.35368350978
6137.61 2.41104355612
6140.35 2.62933840587
6143.09 2.50798876008
6145.83 2.52115178579
6148.56 2.30900608674
6151.3 2.11069597676
6154.04 1.88990303455
6156.78 1.82591343511
6159.52 2.1506654563
6162.26 2.07168730203
6165.0 1.92391552434
6167.74 2.09724470962
6170.48 2.00250935669
6173.21 2.38020172216
6175.95 2.24069286572
6178.69 2.22339837938
6181.43 2.09388189283
6184.17 2.11569216171
6186.91 2.10118400928
6189.65 2.04017290471
6192.39 2.04718677972
6195.13 2.08158359143
6197.87 2.22541606946
6200.6 2.18765644096
6203.34 2.23166130063
6206.08 2.00692905875
6208.82 2.19928217899
6211.56 2.13606122339
6214.3 1.54161129585
6217.04 1.5772571538
6219.78 1.78402234598
6222.52 2.06861272668
6225.26 2.28921350794
6227.99 2.0647695075
6230.73 2.05900467872
6233.47 2.01173308273
6236.21 1.73434873801
6238.95 1.80246979807
6241.69 1.83523324163
6244.43 1.85223948653
6247.17 2.23915557805
6249.91 2.28911742746
6252.65 1.40863591202
6255.38 1.83187042485
6258.12 1.80458356863
6260.86 1.93313925039
6263.6 2.54594054954
6266.34 2.12568453159
6269.08 2.03210214442
6271.82 2.28719581787
6274.56 1.89057559791
6277.3 2.09945456065
6280.04 1.85810039579
6282.77 2.0250882694
6285.51 1.91930366132
6288.25 2.239347739
6290.99 2.20312539818
6293.73 2.09570742194
6296.47 2.01692142863
6299.21 1.97464601759
6301.95 2.0803345452
6304.69 2.12741398022
6307.43 1.94370810315
6310.16 2.44447956304
6312.9 2.45668178395
6315.64 2.21254128518
6318.38 1.84781978447
6321.12 1.81572890427
6323.86 2.00097206901
6326.6 1.74683920036
6329.34 1.95350831207
6332.08 2.31505915696
6334.81 2.10714099902
6337.55 2.39365298931
6340.29 2.07187946299
6343.03 2.21772963109
6345.77 2.04997311363
6348.51 2.13510041859
6351.25 2.31794157135
6353.99 1.91363491302
6356.73 2.03757873176
6359.47 2.12155307096
6362.2 2.08167967191
6364.94 1.99626412551
6367.68 2.36117778719
6370.42 2.17593462244
6373.16 1.89634042668
6375.9 2.19428599405
6378.64 2.41248476332
6381.38 2.16930506935
6384.12 2.36578965021
6386.86 2.29910979734
6389.59 1.90623671609
6392.33 2.01951560159
6395.07 2.42593603047
6397.81 2.27307198736
6400.55 2.03796305368
6403.29 2.23733004893
6406.03 2.02518434988
6408.77 1.84878058926
6411.51 1.99357387208
6414.25 2.19553504029
6416.98 2.23867517565
6419.72 2.21148439991
6422.46 1.86031024682
6425.2 2.16507752824
6427.94 2.16382848201
6430.68 2.14048092545
6433.42 2.00250935669
6436.16 2.069477451
6438.9 2.25750694966
6441.64 2.35195406114
6444.37 2.29939803878
6447.11 2.03508063929
6449.85 1.9292960312
6452.59 2.09955064113
6455.33 2.005776093
6458.07 2.05890859824
6460.81 1.99117186009
6463.55 2.100127124
6466.29 2.05179864274
6469.02 2.26442474419
6471.76 2.11626864458
6474.5 2.23867517565
6477.24 2.08273655719
6479.98 2.0104840365
6482.72 2.30708447715
6485.46 2.17814447347
6488.2 2.47215074118
6490.94 2.46456038328
6493.68 2.06765192189
6496.41 1.94466890794
6499.15 1.93573342334
6501.89 1.91036817671
6504.63 2.10003104352
6507.37 2.03479239785
6510.11 2.09878199729
6512.85 2.30881392579
6515.59 2.27739560894
6518.33 2.10185657264
6521.07 2.14422806416
6523.8 2.50856524296
6526.54 2.46792320007
6529.28 2.30958256962
6532.02 2.09955064113
6534.76 2.10493114799
6537.5 2.69688298306
6540.24 2.3582953728
6542.98 2.1775679906
6545.72 2.03287078826
6548.46 2.11213718396
6551.19 2.36290723582
6553.93 2.13058463605
6556.67 2.21503937766
6559.41 2.19130749918
6562.15 2.63519931513
6564.89 2.81823262885
6567.63 2.005776093
6570.37 2.38164292935
6573.11 2.15546948028
6575.85 2.4026845544
6578.58 2.36607789165
6581.32 2.3686720646
6584.06 2.52835782177
6586.8 2.70812439918
6589.54 2.73387396772
6592.28 2.72465024167
6595.02 1.84983747454
6597.76 2.20543132969
6600.5 1.59637716924
6603.23 2.04238275574
6605.97 2.09436229523
6608.71 2.58273937324
6611.45 2.35032069299
6614.19 2.20360580058
6616.93 2.33023987275
6619.67 2.41094747564
6622.41 2.3960550013
6625.15 2.33513997721
6627.89 2.30612367236
6630.62 2.16651873544
6633.36 1.96369284291
6636.1 2.05631442529
6638.84 2.17372477141
6641.58 2.28047018429
6644.32 1.96926551073
6647.06 2.14019268401
6649.8 2.40902586605
6652.54 2.20591173209
6655.28 1.94812780521
6658.01 2.07995022328
6660.75 2.25520101815
6663.49 2.35205014162
6666.23 2.38010564168
6668.97 1.89595610477
6671.71 1.90566023321
6674.45 2.14595751279
6677.19 2.17468557621
6679.93 1.81399945563
6682.67 1.75865709936
6685.4 2.01932344063
6688.14 2.04017290471
6690.88 2.05890859824
6693.62 2.1062762747
6696.36 2.55247402216
6699.1 1.93208236511
6701.84 1.96474972819
6704.58 2.06573031229
6707.32 1.93794327437
6710.06 2.15258706589
6712.79 2.36425236254
6715.53 2.72426591976
6718.27 2.35224230258
6721.01 1.82908409094
6723.75 1.88106363042
6726.49 1.97445385663
6729.23 2.21417465334
6731.97 1.8160171457
6734.71 2.09388189283
6737.45 1.85435325708
6740.18 2.64125238535
6742.92 2.45860339355
6745.66 2.13558082099
6748.4 2.2341593931
6751.14 1.79142054292
6753.88 1.94505322986
6756.62 2.00471920772
6759.36 2.26115800788
6762.1 1.93525302094
6764.83 2.38711951669
6767.57 1.88596373488
6770.31 1.90047188731
6773.05 2.21993948212
6775.79 2.19034669439
6778.53 2.1326984066
6781.27 2.09013475412
6784.01 1.90642887705
6786.75 2.21465505574
6789.49 1.87808513555
6792.22 2.25712262774
6794.96 2.22551214994
6797.7 2.27941329902
6800.44 1.92160959283
6811.71 2.15594988268
6827.42 2.16084998714
6843.15 2.18073864642
6858.93 2.13106503845
6874.74 2.13096895797
6890.59 2.0680362438
6906.47 2.12587669255
6922.39 2.13567690147
6938.35 2.19543895981
6954.35 2.1751659786
6970.38 2.21042751463
6986.45 2.0628478979
7002.55 2.21033143415
7018.7 2.18496618753
7034.87 2.16978547174
7051.09 2.27720344798
7067.35 2.07207162395
7083.64 2.15470083644
7099.97 2.02470394749
7116.34 2.02460786701
7132.74 2.01528806048
7149.18 2.02451178653
7165.66 2.04315139958
7182.18 2.00116422997
7198.74 1.9198801442
7215.33 1.93755895245
7231.97 2.06649895613
7248.64 2.06649895613
7265.35 2.14883992718
7282.1 2.06630679517
7298.88 1.95965746277
7315.71 2.09013475412
7332.57 2.09964672161
7349.48 2.208698066
7366.42 2.18832900432
7383.4 2.2289710472
7400.42 2.20341363962
7417.48 2.17804839299
7434.58 2.30708447715
7451.72 2.20312539818
7468.89 2.15787149227
7486.11 2.27518575791
7503.37 2.17766407108
7520.67 2.28546636923
7538.0 2.25923639829
7555.38 2.28527420827
7572.8 2.25904423733
7590.25 2.26413650275
7607.75 2.19226830398
7625.29 2.15220274397
7642.87 2.21244520471
7660.48 2.15201058301
7678.15 2.08369736199
7695.85 2.1223217148
7713.58 2.10762140142
7731.37 2.09301716851
7749.19 2.07380107258
7767.05 2.05938900064
7784.96 2.07360891162
7802.91 2.08792490309
7820.89 2.11204110348
7838.92 2.04026898519
7856.99 2.10214481408
7875.1 2.12645317543
7893.26 2.11655688602
7911.46 2.08744450069
7929.69 2.04930055027
7947.97 1.99789749367
7966.3 2.03969250231
7984.66 2.09196028323
8003.06 2.02547259132
8021.51 2.12088050761
8040.01 2.14038484497
8058.54 2.1109842182
8077.11 2.06755584141
8095.74 2.11079205724
8114.4 2.09618782434
8133.1 2.14000052306
8151.85 2.07197554347
8170.65 1.9071014404
8189.48 2.02931581051
8208.36 1.99222874537
8227.28 2.12481980727
8246.25 2.12962383125
8265.25 2.0430553191
8284.31 1.99645628647
8303.41 2.01951560159
8322.55 2.06649895613
8341.74 1.9779127539
8360.96 2.0902308346
8380.24 2.06621071469
8399.56 1.99146010153
8418.92 2.07082257771
8438.33 2.08994259316
8457.78 1.98655999707
8477.28 1.86674763896
8496.82 2.00942715122
8516.4 2.00471920772
8536.04 1.94101784972
8555.72 1.69831855814
8575.44 1.99981910326
8595.21 1.99059537721
8615.02 1.97675978814
8634.88 2.00423880532
8654.78 1.98117949021
8674.74 1.64028594844
8694.73 1.94034528636
8714.78 1.97185968368
8734.87 2.02230193549
8755.0 2.01298212897
8775.18 1.9670556597
8795.42 2.04074938759
8815.69 1.73694291096
8836.01 1.97589506383
8856.38 2.00788986355
8876.8 1.83110178101
8897.26 1.91738205173
8917.77 1.9349647795
8938.33 1.89086383935
8958.93 1.86059848826
8979.59 1.82648991799
9000.29 1.60915587304
9021.03 1.76029046751
9041.83 1.98415798508
9062.68 2.0255686718
9083.57 1.94774348329
9104.5 1.93419613566
9125.49 1.92526065106
9146.53 1.76384544526
9167.61 1.86828492663
9188.75 1.89422665613
9209.93 1.91161722295
9231.16 1.9203605466
9252.44 1.84657073823
9273.77 1.91584476405
9295.15 1.78786556517
9316.58 1.93784719389
9338.05 1.94668659802
9359.58 1.93765503293
9381.16 1.93755895245
9402.78 1.90210525546
9424.46 1.95081805864
9446.18 1.91949582228
9467.96 1.96417324531
9489.79 1.96859294738
9511.66 1.9236272829
9533.59 1.94140217164
9555.57 1.90585239417
9577.59 1.92785482401
9599.67 1.96359676243
9621.8 1.94553363226
9643.98 1.90988777431
9666.21 1.90979169383
9688.49 1.93630990622
9710.83 1.90517983081
9733.22 1.88336956193
9755.65 1.87885377939
9778.14 1.88750102256
9800.68 1.85723567147
9823.27 1.89163248318
9845.92 1.90027972635
9868.62 1.88279307906
9891.37 1.88269699858
9914.17 1.85675526907
9937.03 1.87385759445
9959.93 1.88240875714
9982.89 1.87366543349
10028.96 1.87779689411
10075.26 1.85185516461
10121.77 1.87308895061
10168.48 1.85147084269
10215.43 1.85560230332
10286.23 1.85954160298
10309.94 1.85089435981
10501.62 1.7915166234
10696.86 1.72214651709
10895.73 1.66363350499
11098.29 1.58878681135
11304.63 1.55621552875
11488.31 1.54189953729
11701.9 1.49991236768
11892.04 1.44562689669
12113.13 1.41603410896
12309.95 1.39018845993
12509.97 1.35223667047
12713.24 1.32149091699
12890.1 1.28843923199
13099.55 1.26201710009
13312.4 1.22483395447
13497.59 1.1996608688
13685.36 1.18054085336
13907.73 1.13259669401
14101.21 1.0840760518
14297.38 1.06678156546
14496.28 1.07417976239
14697.94 1.03526716814
14902.41 1.0448752161
15109.73 1.04967924008
15284.67 1.06428347299
15497.31 1.05457934455
15712.9 1.03766918013
15894.85 1.00250372458
16115.97 1.00480965609
16302.59 0.995585930045
16491.35 0.979636570425
16682.31 0.968395154307
16914.39 0.950745170197
17110.26 0.926965251485
17308.37 0.891386649874
17508.79 0.861121298787
17711.54 0.824264826797
17916.64 0.794451053964
18082.4 0.75695084276
18291.79 0.734621739291
18503.61 0.709688854824
18717.87 0.677742095343
18891.06 0.657757355578
19109.81 0.645747295623
19286.64 0.622390131022
19509.95 0.597120964876
19690.48 0.57685759172
19918.49 0.557266781921
20102.78 0.547101467175
20288.8 0.527308888369
20476.54 0.518882630304
20713.63 0.504739583701
20905.3 0.490980859016
21098.74 0.482016550266
21293.95 0.469968058119
21490.99 0.459264692686
21689.83 0.443670830841
21890.53 0.434572009419
22093.09 0.421764481482
22297.5 0.409322059369
22503.83 0.400002252844
22712.04 0.388213177992
22922.2 0.346792883218
23081.08 0.342815151361
23294.66 0.298579698534
23510.21 0.281227563911
23673.16 0.28514764748
23892.22 0.261252432193
24113.27 0.252970294848
24280.43 0.249492181485
24505.08 0.232312991725
24674.96 0.228066234525
24903.25 0.191449963734
25075.89 0.187962242323
25307.93 0.189701299004
25483.34 0.187962242323
25719.15 0.191017601575
25897.41 0.187529880164
26076.94 0.187097518006
26318.21 0.181995644537
26500.65 0.179910698129
26684.33 0.176634353773
26869.31 0.173809587672
27117.91 0.170629323795
27305.9 0.166747672418
27495.16 0.164460957002
27685.74 0.160348712474
27877.66 0.15814846949
28070.89 0.154900949278
28330.64 0.152076183177
28527.0 0.148963175636
28724.76 0.145907816384
28923.85 0.14323677905
29124.36 0.140306324421
29326.23 0.137423910031
29529.52 0.134608751978
29734.2 0.132456549234
29871.47 0.129439622173
30078.51 0.127373891861
30286.99 0.125048744253
30496.95 0.123328903668
30708.33 0.121359253835
30921.21 0.119418428146
31135.53 0.117506426602
31279.27 0.115892274544
31496.07 0.113778503991
31714.37 0.111962582926
31934.23 0.110425295252
32081.62 0.108657414427
32304.01 0.106918357745
32527.92 0.105457934455
32678.05 0.104247320411
32904.58 0.103766918013
33132.65 0.102104725715
33285.61 0.0988668135511
33516.32 0.0968395154307
33671.01 0.0948564143309
33904.43 0.0929107846181
34060.91 0.0910055087069
34297.03 0.0895498894403
34534.75 0.0879155604816
34694.14 0.0861121298787
34934.65 0.0845402532318
35095.89 0.0829972007287
35339.19 0.0812956154343
35502.29 0.0798111720238
35666.15 0.0783545919525
35913.4 0.0767481263328
36079.15 0.075520217803
36329.23 0.0739714004712
36496.94 0.0724542896977
36665.39 0.0711322222978
36919.52 0.0695132662158
37089.97 0.0682440430798
37261.15 0.067152568831
37519.46 0.0654730820469
37692.63 0.0645747295623
37866.6 0.0633967828819
38129.1 0.0622390131022
38305.08 0.0611033418328
38481.87 0.0599878474642
38659.53 0.0587580173248
38927.48 0.057685759172
39107.15 0.0567633865674
39287.69 0.0557266781921
39469.02 0.0544584158608
39742.59 0.0534649437013
39926.06 0.0522476040243
40110.34 0.0515308436461
40295.47 0.0507064731308
40481.49 0.0496668823411
40668.34 0.0487598826133
40856.04 0.0479806699234
41139.26 0.047212986891
41329.14 0.0464587551259
41519.89 0.0456103644906
41711.57 0.0447783075369
41904.09 0.0439606626552
42097.5 0.0431583906502
42291.79 0.0426645369848
42487.04 0.0418853242949
42683.13 0.0412156433518
42880.14 0.0395428822013
43078.1 0.0377625109135
43276.92 0.0376760384818
43476.66 0.0360628472286
43677.38 0.0352423199325
43878.97 0.0345995415237
44081.49 0.0335013416414
44284.94 0.0328902697909
44489.39 0.0323637487624
44694.73 0.0314826907641
44901.01 0.0311934885204
45108.3 0.0306948308311
45316.5 0.0300655036894
45525.65 0.0297897527129
45735.83 0.0293804498696
45946.92 0.028514764748
46052.83 0.0284484692171
46265.38 0.0279940085484
46478.97 0.0276096866298
46693.49 0.0274828603967
46909.0 0.0269813202929
47125.56 0.0265499189393
47343.07 0.0264893882372
47452.2 0.025886002825
47671.21 0.0256486840403
47891.29 0.0253546777726
48112.33 0.0247781948948
48334.39 0.0248348823777
48445.8 0.0242699291574
48669.45 0.0238817640197
48894.08 0.0235541295841
49119.75 0.0231774941039
49346.52 0.0230180005077
49460.26 0.0225981288117
49688.55 0.0224943618937
49917.88 0.0220456660537
50148.33 0.021817955317
50263.92 0.0215316354877
50495.92 0.0212116874905
50728.98 0.0209935848017
50845.97 0.0209090339796
50963.17 0.0207293634827
51080.65 0.0205516145953
51198.39 0.0204219059478
51316.41 0.0203392767353
51434.7 0.0201653710672
51553.31 0.019991465399
51672.15 0.0199117186009
51791.25 0.0198319718028
51910.64 0.0196167515284
52030.29 0.0194928077097
52150.23 0.0193698246957
52270.43 0.019203605466
52390.98 0.0190835048664
52511.75 0.0190066404827
52632.79 0.0189749339244
52754.11 0.0188990303455
52875.71 0.0186934181191
52997.6 0.0185329637181
53119.82 0.0184167063377
53242.26 0.0183427243684
53364.99 0.0182274277928
53488.0 0.018113092022
53611.29 0.0180410316623
53734.87 0.0179276566963
53858.73 0.0178152425351
53982.94 0.0177028283739
54107.38 0.0176326896238
54232.1 0.0174818432708
54357.11 0.0173319577225
54482.4 0.0172627797772
54607.99 0.0171542088352
54733.86 0.0170072057013
54860.09 0.0169005563689
54986.55 0.0167948678413
55113.29 0.0166507471219
55240.33 0.0166228837828
55367.67 0.0165950204437
55495.29 0.0164153499468
55623.27 0.0162750724465
55751.49 0.0162472091074
55880.0 0.0161463246038
56008.81 0.0160079687131
56137.91 0.0159445555965
56267.32 0.0158446318977
56397.02 0.0157091584214
56527.08 0.0156832166919
56657.38 0.0155842537979
56787.98 0.0154872125134
56918.87 0.0153546214515
57050.08 0.0152940907493
57181.58 0.0152681490198
57313.45 0.015173029345
57445.56 0.0151124986428
57577.98 0.0150183397728
57710.7 0.0149241809027
57843.73 0.0148655718101
57977.06 0.0148069627176
58110.71 0.0147137646523
58244.72 0.0146561163645
58378.97 0.0145975072719
58513.54 0.014573487152
58648.42 0.0144831715012
58783.61 0.0144255232134
58919.11 0.0144015030935
59007.57 0.013620368794
59316.18 0.0146484299261
59624.79 0.0170293042117
59933.4 0.0144629946004
60242.02 0.0175952182368
60550.62 0.0158648087984
60859.23 0.0194505322986
61167.86 0.0153152284549
61476.46 0.0155314095341
61785.07 0.0164278404091
62093.69 0.015664000596
62402.3 0.0152277952184
62710.91 0.0175769629456
63019.52 0.0179487944018
63328.13 0.0146907053372
63636.75 0.0155016245854
63945.36 0.0143669141208
64253.96 0.00987803411194
64562.59 0.0100394493177
64871.19 0.013728939736
65179.8 0.0164374484571
65488.42 0.0116555229853
65797.03 0.0120667474382
66105.64 0.0121445726267
66414.26 0.0108897615626
66722.86 0.00838071591721
67031.47 0.0107504448671
67340.09 0.0107341111856
67648.7 0.010123039335
67957.32 0.0102171982051
68265.93 0.0151720685402
68574.54 0.0124385788944
68883.16 0.0124712462575
69191.76 0.00902359040649
69500.38 0.00766501242436
69808.99 0.00963687210804
70117.6 0.00860554423957
70426.21 0.00895249085156
70734.82 0.00993279998534
71043.43 0.00984824916326
71352.05 0.0103315339759
71660.65 0.0103469068526
71969.28 0.0100211940266
72277.88 0.011322123721
72586.49 0.0108148187884
72895.12 0.00951273612835
73203.72 0.0131611041013
73512.33 0.0112625538236
73820.95 0.00885813982055
74129.56 0.00757181435911
74438.17 0.0105602055174
74746.78 0.00788599752754
75035.2 0.00790415673819
75653.64 0.0128911179535
76272.09 0.00964071532723
76890.54 0.0072537879715
77509.0 0.00634995889951
78127.45 0.0115594425057
78745.92 0.00738340053853
79364.37 0.00602357351017
79982.82 0.0119831574209
80601.28 0.0104141631883
81219.73 0.00842616198408
81838.18 0.00775878697249
82456.64 0.00612705218674
83075.09 0.00634352150737
83693.55 0.0059833157892
84312.0 0.00676070294998
84930.46 0.00637388293894
85548.91 0.00796756985475
86167.37 0.00649465610185
86785.81 0.00577405250454
87404.27 0.00606181354106
88022.73 0.00624965087876
88641.18 0.00595650933538
89259.63 0.00529105593338
89878.08 0.00472629487405
90496.53 0.00553452386879
91115.0 0.00632305636521
91733.45 0.00591971051167
92351.91 0.00700253751723
92970.36 0.00536302021263
93588.81 0.00598936885941
94207.26 0.00644824923018
94825.71 0.00586350343108
95444.18 0.00598398835255
96062.63 0.00749956183842
96681.08 0.00765790246887
97299.54 0.0070484639865
97918.0 0.00608160611987
98536.45 0.00535629457906
99154.9 0.00568517806087
99773.32 0.0054689009012
100391.82 0.00550915862216
101010.23 0.00469468439624
101628.75 0.00550137610331
102247.16 0.00419112660244
102865.66 0.00443046307723
103484.09 0.00464414606395
104102.5 0.00461474543718
104721.0 0.00505709996545
105339.41 0.0049148047751
105957.93 0.0045254866716
106576.34 0.00439625842648
107194.76 0.00439923692135
107813.27 0.00401731701477
108431.69 0.00437070101889
109050.19 0.00387665519258
109668.6 0.00444247313718
110287.11 0.00476395842207
110905.53 0.00462848494577
111523.94 0.00612032655316
112142.45 0.00737360032961
112760.86 0.00732190903156
113379.37 0.0066350296826
113997.79 0.00568191132456
114616.3 0.00520631295033
115234.71 0.00433582380478
115853.12 0.00459360773166
116471.64 0.00437723449151
117090.05 0.00404844709018
117708.55 0.00372965205872
118326.96 0.00411993096703
118945.48 0.00417642628906
119563.89 0.00410436592933
120182.3 0.00395986088795
120800.82 0.00428326778242
121419.23 0.00423282553061
122037.74 0.00391489522347
122656.15 0.00405584528711
123274.57 0.00445534792146
123893.08 0.0040299035576
124511.49 0.0035013648391
125130.0 0.00378816507083
125748.42 0.00385743909665
126366.92 0.00346562290067
126985.34 0.00392671312247
127603.75 0.00447504441978
128222.26 0.00426578113512
128840.67 0.00323291597898
129459.19 0.0033663717652
130077.6 0.00285282160152
130696.01 0.00305180427485
131314.52 0.00274405849856
131932.94 0.00304363743408
132551.45 0.00291008556738
133169.85 0.00198953849194
133788.36 0.00259186701881
134406.78 0.00275405086844
135025.2 0.00272224822968
135643.71 0.00235839145328
136262.11 0.00247042129254
136880.63 0.00252095962483
137499.04 0.00270437726047
138117.56 0.00276298635305
138735.96 0.00257630198111
139354.38 0.00261723226543
139972.89 0.00251836545188
140591.31 0.00252614797073
141209.8 0.00272916602422
141828.22 0.00213096895797
142094.45 0.00229997452166
143007.68 0.00219572720125
143921.01 0.00221119615847
144834.24 0.00212779830214
145747.45 0.00200942715122
146660.78 0.00208696409829
147574.01 0.00205948508112
148487.23 0.00205179864274
149400.46 0.00205112607939
150313.79 0.0019887698481
151227.02 0.00197426169567
152140.24 0.00203959642183
153053.56 0.00197772059294
153966.79 0.00206400086366
154880.01 0.00248464120353
155793.24 0.00267785904809
156706.57 0.00227816425278
157619.8 0.00211002341341
158533.02 0.00219601544269
159446.34 0.0022200355626
160359.58 0.00216421280393
161272.79 0.00214393982272
162186.12 0.00232514760732
163099.35 0.00233264188474
164012.57 0.00248742753744
164925.8 0.0024970355854
165839.14 0.00243554407843
166752.34 0.00241863391402
167665.58 0.00243640880275
168578.81 0.00251980665908
169492.13 0.00334850079599
170405.37 0.00440625079636
171318.6 0.00331381574284
172231.92 0.00246773103911
173145.14 0.00229267240521
174058.37 0.00226826796338
174971.7 0.00217237964469
175884.91 0.00214278685697
176798.15 0.00192670185825
177711.36 0.00189586002429
178624.69 0.00189758947292
179537.92 0.00182898801046
180451.14 0.00177057107883
181364.46 0.00176432584766
182277.7 0.00171263454961
183190.91 0.00174683920036
184104.24 0.00168323392284
185017.47 0.00162472091074
185930.7 0.00167401019679
186843.92 0.00182024468681
187757.25 0.00175125890243
188670.48 0.00160146943466
189583.7 0.00159109274286
190497.04 0.00153882496194
191410.27 0.00154266818112
192323.47 0.00151538132491
193236.7 0.00138038825101
194150.04 0.00137952352669
195063.26 0.00133215585023
195976.49 0.00129372365837
196889.82 0.00141171048737
197803.04 0.00129545310701
198716.27 0.0012166671137
199629.5 0.00126682112407
200542.83 0.00122348882776
201456.04 0.00120254328319
202369.27 0.00113922624711
203282.6 0.00116507189613
204195.82 0.00117170144923
204378.29 0.00111059426418
206136.53 0.00112020231214
207895.84 0.0010623618634
209656.05 0.00106745412882
211417.36 0.00104871843529
213179.68 0.0010184530842
214943.08 0.000933892654068
216707.37 0.000899515058452
218472.77 0.000977138477954
220239.18 0.000886352032741
222006.66 0.000848486715714
223775.16 0.000786313037338
225544.63 0.000828569232285
227315.2 0.000839090044805
229086.77 0.000799725872296
230859.35 0.00084161696142
232633.01 0.000808507628135
234407.68 0.000772784905805
236183.43 0.000703558920223
237960.28 0.000706681535811
239738.13 0.000732133254868
241516.97 0.0007074405716
243296.92 0.000704577373307
245077.85 0.000673802795678
246859.99 0.000646794572851
248643.02 0.000621496582561
250427.13 0.000650224645974
252212.35 0.000617797484095
253998.66 0.000607315103766
255785.97 0.000615587633063
257574.37 0.000658602863799
259363.88 0.000788032877924
261154.47 0.000660207407809
262946.07 0.000544680239088
264738.74 0.000535821618865
266532.55 0.00054094270843
268327.3 0.000524042152061
270123.29 0.000527827722959
271920.25 0.000525281590248
273718.33 0.000502116586607
275517.5 0.000480681031599
277317.76 0.000493728760734
279119.1 0.00051418429485
280921.54 0.000519564801709
282725.1 0.000594276982679
284529.74 0.000478941974917
286335.48 0.000446226571599
288142.3 0.000416355150479
289950.22 0.000427087340055
291759.25 0.000441143914226
293569.38 0.000435859487846
295380.59 0.000408409294812
297192.99 0.000426136143306
299006.5 0.000429095422079
300820.98 0.00042498317755
302636.68 0.000414001178727
304453.46 0.000379710055543
306271.46 0.000412675268108
308090.46 0.00039982930798
309910.64 0.000368804921104
311732.0 0.000376500967523
313554.38 0.000375799580022
315377.95 0.00039511175643
317202.67 0.000398186331778
319028.42 0.000371793024021
320855.39 0.000394064479202
322683.56 0.000392546407623
324512.77 0.000399147136575
326343.09 0.000365960938907
328174.66 0.000364711892671
330007.38 0.000407631042927
331841.19 0.000395745887595
333676.12 0.000489222586239
335512.23 0.00054023171288
337349.56 0.000433294139039
339188.04 0.000371629687205
341027.64 0.00037741373208
342868.36 0.000309436792733
344710.32 0.000339817440396
346553.44 0.000481699484683
348397.71 0.000746554934863
