100.08 1.58745354531e-10
101.94 2.46432813509e-10
104.08 3.45697017146e-10
106.01 4.928340469e-10
107.98 7.1400013491e-10
109.99 1.15530595712e-09
114.12 2.09265647148e-09
118.13 3.52118307659e-09
120.88 1.56566326439e-08
125.13 2.40269427287e-08
126.87 2.86221129604e-08
128.04 3.18195998349e-08
131.03 4.05225538216e-08
131.93 5.03150218545e-08
134.08 5.81705760276e-08
136.89 8.40820622549e-08
140.07 1.03919639259e-07
143.01 3.2711738148e-07
147.01 9.8787870201e-07
151.13 1.22659807187e-06
155.01 1.53355681182e-06
158.98 1.92175540347e-06
161.94 2.24750431321e-06
166.09 2.79062969687e-06
169.96 3.35512429323e-06
173.12 3.86988020488e-06
177.16 4.60990761978e-06
180.03 5.22045655383e-06
182.12 5.67152589563e-06
185.93 6.64814102248e-06
191.14 8.04819288851e-06
193.8 9.05112477975e-06
197.86 1.03919639259e-05
202.0 1.19867598485e-05
204.81 1.32647019277e-05
210.07 1.48492343121e-05
215.95 1.86938504232e-05
219.97 2.11202561008e-05
223.03 2.2735315932e-05
227.17 2.5686214724e-05
229.8 4.18515504238e-05
234.08 7.1728973046e-05
240.08 9.78825735057e-05
246.24 0.000101322174613
251.97 0.00011822280071
257.25 0.000107077650987
260.23 0.000128736348087
263.85 0.000142463172398
268.75 0.000151950365963
273.75 0.000160582264686
278.84 0.000170490526483
284.02 0.000180593532335
289.97 0.000183948919796
296.04 0.000198931053769
300.85 0.000206394488152
307.86 0.000223718814156
317.95 0.000249288182446
328.36 0.00027082582243
338.34 0.000290194961028
347.82 0.000308827230222
356.74 0.000327880567647
365.89 0.000350512985031
375.28 0.000366197776612
384.91 0.000372145365367
394.78 0.000405225538216
404.91 0.000431226501442
414.34 0.000445358603925
422.04 0.000451543043558
429.89 0.000462069749318
440.92 0.000484965334345
451.19 0.000496255226272
459.57 0.000501992280911
470.28 0.000514861178702
480.13 0.000534204000536
490.18 0.000531730224682
500.44 0.000558073305846
506.24 0.000549151922714
512.1 0.000611917405806
520.42 0.000620444037471
530.1 0.000624733670068
539.95 0.000611917405806
549.99 0.000642234318394
560.22 0.000689762394898
570.63 0.000735711465539
579.9 0.00073063233001
589.33 0.000782897424106
600.28 0.000779292027384
610.04 0.000763317751394
619.95 0.000894743672802
630.02 0.000924060548343
640.26 0.000947771953066
650.66 0.00100624780356
658.2 0.00104401236047
664.29 0.00109319839314
675.08 0.00110585675681
684.47 0.00108817189114
695.59 0.00129928497514
705.27 0.00125515176125
716.73 0.00143450051063
726.7 0.00149176578996
735.12 0.00154774154784
745.34 0.00170490526483
755.71 0.00181009337213
764.46 0.00186080577713
775.1 0.00206394488152
785.88 0.00219129170445
794.98 0.002305164344
804.18 0.00242493193878
815.37 0.00252175131501
824.81 0.00277141845886
834.36 0.0022735315932
845.97 0.00293563506871
855.77 0.00302484890002
865.68 0.00327880567647
875.7 0.00354565766748
885.84 0.00390567100446
894.04 0.00414673256635
904.39 0.00410857325797
914.86 0.00683446371443
925.46 0.0531730224682
934.02 0.11822280071
944.83 0.234261309974
955.78 0.353749947052
964.62 0.361987094309
975.79 0.048607063845
984.82 0.252175131501
993.93 0.312379993416
1005.44 0.537888347552
1014.74 0.546625513332
1024.13 0.244738013882
1035.99 0.341749502486
1045.58 0.772160184232
1055.25 0.766844197823
1065.02 0.549151922714
1074.87 0.702578659161
1084.82 0.505466093812
1094.85 0.768607421038
1104.98 0.739106328146
1115.21 0.688183389034
1125.53 0.604917146476
1135.94 0.862374052591
1143.81 0.768607421038
1154.4 0.852505265942
1165.08 0.882480060592
1175.86 0.554231058243
1184.01 0.86637420078
1194.97 0.516071749865
1206.02 0.326354195312
1214.38 0.279694572033
1225.62 0.597995837439
1234.12 1.00161605303
1245.53 1.11609397816
1254.17 1.03680156703
1265.77 0.856452780602
1274.55 1.21254491968
1286.34 1.29928497514
1295.26 0.917691891358
1304.24 0.907191502363
1316.3 1.26096776618
1325.43 1.19591272458
1334.61 0.997010619257
1343.87 1.31128541971
1356.3 1.26678377111
1365.7 1.08567179852
1375.17 1.17678043687
1384.7 1.19591272458
1394.3 1.02966972388
1403.96 1.07572406157
1413.7 1.09069830052
1423.49 1.15530595712
1433.36 1.13946326495
1443.3 1.22941396566
1446.62 1.26678377111
1456.65 1.2181503905
1463.38 1.09572480252
1473.52 1.10585675681
1483.73 1.15001628747
1494.02 1.18493863383
1504.37 1.10330403066
1511.32 0.945587661621
1518.29 1.04401236047
1525.3 0.997010619257
1535.87 0.83310981058
1546.52 0.969851718397
1553.66 0.911375867902
1564.43 0.921928890426
1575.27 0.997010619257
1586.19 1.07572406157
1593.51 1.0982512119
1604.56 1.08817189114
1615.68 1.10585675681
1623.14 1.02730121508
1634.39 1.12125206398
1645.72 1.14472661783
1653.32 1.03919639259
1664.78 1.16333257026
1672.46 0.994721060754
1676.32 1.1687011902
1684.05 1.25228323393
1695.73 1.16333257026
1703.55 1.10585675681
1715.36 1.02730121508
1723.28 1.02730121508
1735.22 1.12125206398
1743.23 1.09572480252
1755.32 1.19591272458
1763.42 1.07077650987
1775.64 1.10585675681
1783.84 1.13683158851
1796.2 1.24651986252
1804.5 1.24078280788
1817.0 1.11609397816
1825.39 1.15530595712
1833.82 1.0982512119
1846.53 0.994721060754
1855.05 0.990141943749
1863.61 1.03443305823
1876.53 1.16064826029
1885.19 1.04882832836
1893.89 1.00393192829
1907.02 1.0831717059
1915.82 1.02966972388
1924.67 1.01787981343
1933.55 1.05851289766
1946.95 1.10840948296
1955.94 1.03203823267
1964.97 1.16333257026
1974.04 1.20420250537
1983.15 1.12641014981
1996.9 1.09069830052
2006.11 1.13946326495
2015.37 1.0831717059
2024.68 1.15530595712
2034.02 1.08069793005
2043.41 1.14472661783
2052.84 1.08567179852
2067.07 1.08567179852
2071.84 1.18493863383
2076.61 1.12125206398
2086.2 1.17951738036
2095.83 1.10585675681
2105.5 1.1109622091
2115.22 1.12901550948
2124.98 1.15001628747
2134.79 1.04882832836
2144.65 1.09319839314
2154.55 1.14735829427
2164.49 1.10585675681
2174.48 1.09572480252
2184.52 1.07572406157
2194.6 1.13683158851
2204.73 1.10077762128
2214.91 1.03443305823
2225.13 0.997010619257
2235.4 1.08567179852
2245.72 1.03203823267
2256.09 0.972088643371
2266.5 1.00624780356
2276.96 1.04159121815
2287.47 1.08069793005
2292.75 1.01314279583
2303.33 1.01253751025
2313.96 0.948771990113
2324.64 0.694867847192
2335.37 0.862268785534
2346.15 0.8344256488
2356.98 0.920718319264
2362.41 0.827925407993
2373.32 0.85847917146
2384.27 0.787871292578
2395.28 0.855452743555
2406.33 0.814582808443
2417.44 0.844610236622
2423.01 0.911007433201
2434.2 0.871479653074
2445.43 0.935376757034
2456.72 0.921955207191
2462.38 0.911112700258
2473.75 0.873558677461
2485.17 0.8974806163
2496.64 0.842820696643
2502.4 0.956324901496
2513.95 0.826635886538
2519.74 0.85740018412
2525.55 0.814767025794
2537.21 0.835136201438
2543.06 0.815846013134
2554.79 0.893980486635
2566.59 0.861084531136
2572.5 0.924481616573
2584.38 0.907007285012
2596.31 0.889848754624
2602.29 0.853426352696
2614.3 0.841162740486
2626.37 0.890375089912
2632.42 0.934192502636
2644.57 1.03309090325
2656.78 1.06864485195
2662.91 0.934718837924
2675.2 0.993984191351
2687.55 0.988747155236
2693.74 0.937403147893
2706.17 0.976378275968
2712.41 0.913007507295
2724.93 0.908165222646
2737.51 0.963509378177
2743.82 0.806661462359
2756.49 0.830583401197
2762.84 0.871427019545
2775.59 0.920270934269
2781.99 0.858531804989
2794.83 0.676761913285
2807.73 0.734711428492
2814.21 0.907744154415
2827.2 0.974167667758
2833.71 0.93427145293
2846.79 0.908138905881
2853.36 0.860979264078
2866.53 0.980983709738
2873.13 0.989694558754
2886.39 0.975378238921
2893.05 0.968299029298
2913.1 1.07525035982
2933.3 1.02566957569
2946.83 1.00616885327
2967.26 1.03551204557
2987.83 1.03666998321
3008.54 1.05956556823
3029.39 1.05585490445
3050.39 1.054565383
3071.54 1.06303938113
3092.83 1.07401347189
3107.1 1.07314501866
3128.64 1.05709179238
3150.33 1.06064455557
3172.17 1.064171002
3186.81 0.999194910702
3208.9 1.04732827279
3231.14 0.982931150303
3253.54 1.06159195909
3268.56 1.10554095564
3291.21 1.0939615793
3306.4 1.09298785902
3321.67 1.07951367565
3329.32 1.12467324336
3337.0 1.09606692045
3344.69 1.06817115019
3352.4 1.05061786834
3360.13 1.09206677227
3367.87 1.08154006651
3375.64 0.988220819948
3383.42 1.00380034447
3391.22 1.10267242832
3399.04 1.12785757185
3406.87 1.0765925148
3414.73 1.08854032584
3422.6 1.14722671045
3430.49 1.11801510196
3438.4 1.13043661476
3446.32 0.98637864644
3454.27 1.09606692045
3462.23 1.01306384554
3470.21 1.07256604985
3478.21 0.986773397906
3486.23 1.0471703722
3494.27 1.03469622588
3502.32 1.09043513287
3510.39 1.06756586461
3518.49 1.04998626599
3526.6 1.03509097734
3534.73 1.10093552187
3542.88 1.15759551562
3551.04 1.1543585536
3559.23 1.13014713035
3567.43 1.10643572563
3575.66 1.00858999559
3583.9 0.985141758513
3592.16 0.984641739989
3600.44 1.12477851041
3608.74 1.04195965285
3617.06 1.05838131384
3625.4 1.12051519458
3633.76 1.11738349962
3642.13 1.16409575643
3650.53 1.0908562011
3658.95 1.20933427443
3664.59 1.10385668272
3667.33 1.20483410772
3670.07 1.29465322461
3672.81 1.21509764583
3675.55 1.11746244991
3678.29 1.13793689261
3681.03 1.20088659306
3683.77 1.03877532436
3686.51 1.08611918351
3689.25 1.13446307971
3691.99 1.09564585222
3694.73 1.10361983184
3697.47 1.1767541201
3700.21 1.22930869861
3702.94 1.1964916934
3705.68 1.14783199603
3708.42 1.11004112235
3711.16 1.11490972376
3713.9 1.16383258878
3716.64 1.29033727525
3719.38 1.39023571291
3722.12 1.48292335712
3724.86 1.83072571542
3727.6 2.20700281279
3730.34 2.36027164865
3733.08 2.16497494005
3735.82 1.77901327337
3738.56 1.4576592633
3741.3 1.28038953831
3744.04 1.23449310119
3746.78 1.20264981627
3749.52 1.17533301482
3752.26 1.170174929
3755.0 1.1972285628
3757.74 1.25352012185
3760.48 1.29044254231
3763.22 1.32891765186
3765.96 1.29373213786
3768.7 1.26565215024
3771.43 1.26241518822
3774.17 1.20328141862
3776.91 1.22867709626
3779.65 1.38860407351
3782.39 1.40665737389
3785.13 1.4661595782
3787.87 1.48031799744
3790.61 1.44881683046
3793.35 1.36062935296
3796.09 1.2499410419
3798.83 1.21515027936
3801.57 1.26941544755
3804.31 1.27904738332
3807.05 1.29238998287
3809.79 1.46958075757
3812.53 1.51650354849
3815.27 1.5547154904
3818.01 1.54003073587
3820.75 1.40684159124
3823.49 1.41431555233
3826.23 1.3790774048
3828.97 1.25315168715
3831.71 1.14867413249
3834.45 1.14051593552
3837.19 1.1141465376
3839.93 1.10754102973
3842.66 1.20088659306
3845.4 1.29960077632
3848.14 1.43544791414
3850.88 1.53363576212
3853.62 1.5420044932
3856.36 1.59969084076
3859.1 1.71161603975
3861.84 1.75577557041
3864.58 1.7914874197
3867.32 2.01686419001
3870.06 2.05491823133
3872.8 2.00812702423
3875.54 1.8808591516
3878.28 1.76722336292
3881.02 1.62108637022
3883.76 1.50547682421
3886.5 1.4537380654
3889.24 1.35849769504
3891.98 1.3790774048
3894.72 1.38834090587
3897.46 1.43110564802
3900.2 1.49397639817
3902.94 1.51747726878
3905.68 1.57284774107
3908.42 1.6672986085
3911.15 1.65042956252
3913.89 1.68774673444
3916.63 1.70966859918
3919.37 1.6568771698
3922.11 1.6023225172
3924.85 1.59908555518
3927.59 1.45918563563
3930.33 1.42273691694
3933.07 1.29002147408
3935.81 1.16275360144
3938.55 1.18530706853
3941.29 1.29373213786
3944.03 1.412341795
3946.77 1.47555466309
3949.51 1.53045143362
3952.25 1.6100859627
3954.99 1.67006186876
3957.73 1.64966637635
3960.47 1.62608655545
3963.21 1.5686896923
3965.95 1.44894841428
3968.69 1.35181323688
3971.43 1.24333553403
3974.17 1.26570478377
3976.91 1.40494678421
3979.65 1.49094997026
3982.38 1.58629560768
3985.12 1.69469436024
3987.86 1.75288072633
3990.6 1.80646165864
3993.34 1.89143849089
3996.08 1.92746614135
3998.82 1.92288702434
4001.56 1.9678623747
4004.3 1.9767311243
4007.04 1.95441450809
4009.78 1.96912557939
4012.52 2.0281803987
4015.26 2.05089176638
4018.0 2.03944397387
4020.74 2.13047366192
4023.48 2.09618291791
4026.22 2.10992026893
4028.96 2.06710289325
4031.7 2.03231213071
4034.44 1.98149445866
4037.18 2.0054163975
4039.92 2.06076055303
4042.66 2.05047069815
4045.4 2.02946992016
4048.14 1.99757400171
4050.88 2.00083728049
4053.61 2.03068049132
4056.35 1.99099481061
4059.09 1.96583598384
4061.83 1.93846654887
4064.57 1.8986756011
4067.31 1.9454668082
4070.05 1.94454572144
4072.79 1.98917895386
4075.53 1.92093958378
4078.27 1.90914967333
4081.01 1.89875455139
4083.75 1.88414874715
4086.49 1.85785829951
4089.23 1.8475158111
4091.97 1.84946325167
4094.71 1.79648760493
4097.45 1.70048404841
4100.19 1.60779640419
4102.93 1.62808662955
4105.67 1.61121758357
4108.41 1.63819226707
4111.15 1.64037655852
4113.89 1.72461652136
4116.63 1.75861778096
4119.37 1.75982835213
4122.11 1.83156785188
4124.84 1.82056744436
4127.58 1.79043474912
4130.32 1.79011894795
4133.06 1.80054038665
4135.8 1.79859294609
4138.54 1.86717443411
4141.28 1.93062415308
4144.02 1.8985966508
4146.76 1.90641272983
4149.5 1.8742010102
4152.24 1.84746317758
4154.98 1.78898732708
4157.72 1.85014748754
4160.46 1.87435891079
4163.2 1.91822895704
4165.94 1.91662363442
4168.68 1.88409611362
4171.42 1.91999218026
4174.16 1.90246521517
4176.9 1.89517547143
4179.64 1.88325397716
4182.38 1.92804511017
4185.12 1.94499310644
4187.86 1.92165013642
4190.6 1.98370506687
4193.33 1.97678375783
4196.07 1.96138845066
4198.81 1.98178394307
4201.55 1.95354605487
4204.29 1.94399306939
4207.03 1.99391597146
4209.77 1.99583709526
4212.51 2.02594347373
4215.25 2.05694462219
4217.99 2.05002331315
4220.73 2.01704840736
4223.47 2.02183805848
4226.21 2.01186400478
4228.95 1.93430850009
4231.69 1.90954442479
4234.43 1.9620990033
4237.17 2.00378475811
4239.91 1.9860472589
4242.65 2.01204822213
4245.39 2.02275914524
4248.13 1.99983724345
4250.87 1.98154709219
4253.61 1.97581003755
4256.35 2.00439004369
4259.09 1.98009967015
4261.83 1.97073090202
4264.56 1.98788943241
4267.3 1.99862667228
4270.04 1.93209789188
4272.78 1.86851658909
4275.52 1.88178023835
4278.26 1.91493936149
4281.0 1.90580744425
4283.74 1.92059746584
4286.48 1.91059709537
4289.22 1.88333292745
4291.96 1.85580559189
4294.7 1.83956814826
4297.44 1.80511950366
4300.18 1.72456388783
4302.92 1.70301045779
4305.66 1.67011450229
4308.4 1.65669295245
4311.14 1.6584298589
4313.88 1.73166941422
4316.62 1.82583079724
4319.36 1.88714885829
4322.1 1.95557244573
4324.84 1.92554501755
4327.58 1.86672704912
4330.32 1.90564954366
4333.05 1.89846506698
4335.79 1.91959742879
4338.53 1.9342295498
4341.27 1.94951958991
4344.01 1.95599351396
4346.75 1.99931090816
4349.49 1.93630857419
4352.23 1.89451755232
4354.97 1.87691163694
4357.71 1.94078242413
4360.45 2.02828566576
4363.19 2.08681414978
4365.93 2.13923714447
4368.67 2.1249471414
4371.41 2.08676151626
4374.15 2.03449642216
4376.89 2.00307420547
4379.63 2.00649538484
4382.37 1.97212569053
4385.11 1.94699318053
4387.85 1.93938763562
4390.59 1.89446491879
4393.33 1.93959816974
4396.07 2.00310052223
4398.81 2.01204822213
4401.55 2.05623406955
4404.28 2.05204970401
4407.02 2.03331216776
4409.76 2.04868115817
4412.5 2.10252525813
4415.24 2.12434185582
4417.98 2.0564182869
4420.72 2.04939171081
4423.46 2.10813072895
4426.2 2.15231657637
4428.94 2.12655246403
4431.68 2.13157896603
4434.42 2.11218351067
4437.16 2.0928670056
4439.9 2.08818262153
4442.64 2.12426290552
4445.38 2.10068308462
4448.12 2.09531446469
4450.86 2.14544790087
4453.6 2.12910519017
4456.34 2.09849879318
4459.08 2.02733826224
4461.82 2.04736531995
4464.56 2.02239071054
4467.3 2.0281803987
4470.04 2.08286663512
4472.77 2.10399899694
4475.51 2.15842206571
4478.25 2.17339630466
4480.99 2.15800099748
4483.73 2.1179995156
4486.47 2.14407942912
4489.21 2.14539526734
4491.95 2.13213161808
4494.69 2.11618365885
4497.43 2.11649946003
4500.17 2.15426401694
4502.91 2.19094958651
4505.65 2.24858330055
4508.39 2.25961002483
4511.13 2.27632117022
4513.87 2.25210974697
4516.61 2.23987245153
4519.35 2.19437076588
4522.09 2.18816000949
4524.83 2.16518547416
4527.57 2.11120979038
4530.31 2.09070903092
4533.05 2.03891763858
4535.79 2.05104966697
4538.53 2.09799877465
4541.27 2.13039471163
4544.0 2.14439523029
4546.74 2.13744760449
4549.48 2.12910519017
4552.22 2.06405014858
4554.96 2.07523477345
4557.7 2.09344597441
4560.44 2.17715960197
4563.18 2.19516026882
4565.92 2.23545123511
4568.66 2.18194925309
4571.4 2.2084765516
4574.14 2.23437224777
4576.88 2.23071421752
4579.62 2.19394969765
4582.36 2.18200188662
4585.1 2.15979053746
4587.84 2.1327105869
4590.58 2.15652725868
4593.32 2.19852881466
4596.06 2.17097516233
4598.8 2.19100222004
4601.54 2.20110785757
4604.28 2.1848967307
4607.02 2.24466210265
4609.76 2.24395155001
4612.5 2.2460305744
4615.23 2.25045179082
4617.97 2.30308531962
4620.71 2.28632154069
4623.45 2.31729637239
4626.19 2.26137324804
4628.93 2.26103113011
4631.67 2.2982167182
4634.41 2.29469027177
4637.15 2.2656891974
4639.89 2.23976718447
4642.63 2.19826564701
4645.37 2.19226542473
4648.11 2.15529037075
4650.85 2.174027907
4653.59 2.16718554826
4656.33 2.18894951242
4659.07 2.2170558168
4661.81 2.21902957413
4664.55 2.20408165195
4667.29 2.16921193912
4670.03 2.12618402933
4672.77 2.12699984902
4675.51 2.1844493457
4678.25 2.23892504801
4680.99 2.28803213038
4683.72 2.3214281044
4686.46 2.35456091078
4689.2 2.38606207777
4691.94 2.36029796542
4694.68 2.29776933321
4697.42 2.24660954322
4700.16 2.21229248244
4702.9 2.17460687582
4705.64 2.17184361556
4708.38 2.17550164581
4711.12 2.199607802
4713.86 2.20784494926
4716.6 2.21713476709
4719.34 2.28521623659
4722.08 2.32855994755
4724.82 2.33461280337
4727.56 2.33403383455
4730.3 2.28261087691
4733.04 2.25758363397
4735.78 2.25737309985
4738.52 2.26689976857
4741.26 2.29140067622
4744.0 2.31442784507
4746.74 2.34287626739
4749.48 2.35311348874
4752.22 2.33292853044
4754.95 2.31519103124
4757.69 2.29224281268
4760.43 2.26474179389
4763.17 2.25047810758
4765.91 2.23739867568
4768.65 2.22097701469
4771.39 2.2188979903
4774.13 2.26268908626
4776.87 2.25858367102
4779.61 2.24997808906
4782.35 2.26537339623
4785.09 2.25110970993
4787.83 2.23089843487
4790.57 2.2274772555
4793.31 2.21874008972
4796.05 2.23126686957
4798.79 2.23721445832
4801.53 2.2537150696
4804.27 2.24334626443
4807.01 2.21963485971
4809.75 2.18426512835
4812.49 2.17147518086
4815.23 2.1961339891
4817.97 2.1907390524
4820.71 2.2089239366
4823.44 2.21939800883
4826.18 2.1945813
4828.92 2.17529111169
4831.66 2.1473427079
4834.4 2.14463208117
4837.14 2.12652614726
4839.88 2.12023644057
4842.62 2.12386815406
4845.36 2.15831679866
4848.1 2.13099999721
4850.84 2.15552722163
4853.58 2.18434407865
4856.32 2.21766110238
4859.06 2.31361202538
4861.8 2.55904217016
4864.54 2.71562691833
4867.28 2.59791203118
4870.02 2.33819188332
4872.76 2.1334474563
4875.5 2.05094439991
4878.24 2.03694388125
4880.98 2.06007631716
4883.72 2.0896826771
4886.46 2.08694573361
4889.2 2.06181322361
4891.94 2.08999847828
4894.67 2.10299895989
4897.41 2.15144812315
4900.15 2.19355494619
4902.89 2.21245038303
4905.63 2.22442451083
4908.37 2.19287071031
4911.11 2.17784383784
4913.85 2.14436891353
4916.59 2.12726301667
4919.33 2.1071306919
4922.07 2.09884091111
4924.81 2.09844615965
4927.55 2.12113121056
4930.29 2.20113417433
4933.03 2.25263608226
4935.77 2.31450679536
4938.51 2.32337554497
4941.25 2.38364093544
4943.99 2.507566579
4946.73 2.65983537781
4949.47 2.80984093488
4952.21 2.98484741814
4954.95 3.19538153333
4957.69 3.41512651606
4960.43 3.53539412936
4963.16 3.48697128287
4965.9 3.28117418527
4968.64 3.00090064442
4971.38 2.76352342954
4974.12 2.61972862886
4976.86 2.53930459686
4979.6 2.45324877728
4982.34 2.42814258404
4985.08 2.48338147251
4987.82 2.63067640285
4990.56 2.94221425981
4993.3 3.28406902935
4996.04 3.66750428665
4998.78 4.02251743839
5001.52 4.55780042627
5004.26 5.21335102745
5007.0 5.92074565449
5009.74 6.15785970173
5012.48 5.65126198705
5015.22 4.70122679224
5017.96 3.85751132561
5020.7 3.28012151469
5023.44 2.81168310839
5026.18 2.50035578555
5028.92 2.35803472368
5031.66 2.2286615099
5034.39 2.17963337782
5037.13 2.15060598669
5039.87 2.11244667831
5042.61 2.04102297973
5045.35 2.02536450491
5048.09 2.07878753664
5050.83 2.09270910501
5053.57 2.10731490925
5056.31 2.09934092964
5059.05 2.13257900307
5061.79 2.16676448003
5064.53 2.16092215833
5067.27 2.14010559769
5070.01 2.10970973481
5072.75 2.04581263085
5075.49 2.08194554837
5078.23 2.04747058701
5080.97 2.03718073213
5083.71 2.02999625545
5086.45 2.05347080929
5089.19 2.07036617204
5091.93 2.09320912353
5094.67 2.1126045789
5097.41 2.11939430411
5100.15 2.08741943537
5102.88 2.08347192071
5105.62 2.06426068269
5108.36 2.0664712909
5111.1 2.07931387193
5113.84 2.10241999107
5116.58 2.10934130011
5119.32 2.128789389
5122.06 2.14692163967
5124.8 2.08710363419
5127.54 2.04668108408
5130.28 2.02878568428
5133.02 2.02539082168
5135.76 2.03583857714
5138.5 2.05310237459
5141.24 2.05233918842
5143.98 2.05062859874
5146.72 2.0471811026
5149.46 2.04173353237
5152.2 2.04175984913
5154.94 2.04694425172
5157.68 2.07176096055
5160.42 2.07673482902
5163.16 2.04994436286
5165.9 1.99075795973
5168.64 1.8990440358
5171.38 1.81272504857
5174.11 1.80077723753
5176.85 1.83488376419
5179.59 1.91828159057
5182.33 1.96407276063
5185.07 1.92972938309
5187.81 1.9234396764
5190.55 1.92886092986
5193.29 1.98533670626
5196.03 2.07812961753
5198.77 2.12594717845
5201.51 2.17281733584
5204.25 2.16260643125
5206.99 2.10523588486
5209.73 2.05149705196
5212.47 2.00528481368
5215.21 2.00299525517
5217.95 2.09055113033
5220.69 2.09402494323
5223.43 2.07168201026
5226.17 2.06060265244
5228.91 2.0390492224
5231.65 2.04423362499
5234.39 2.06839241471
5237.13 2.08481407569
5239.87 2.14910593112
5242.61 2.15915893512
5245.34 2.15468508517
5248.08 2.13276322043
5250.82 2.10334107783
5253.56 2.08799840418
5256.3 2.10723595896
5259.04 2.11892060235
5261.78 2.08291926865
5264.52 2.05904996334
5267.26 1.99073164296
5270.0 1.93262422717
5272.74 1.91875529233
5275.48 1.95962522744
5278.22 2.03744389977
5280.96 2.13123684809
5283.7 2.14921119817
5286.44 2.17976496164
5289.18 2.23692497392
5291.92 2.26153114863
5294.66 2.26082059599
5297.4 2.23695129068
5300.14 2.20245001255
5302.88 2.17818595578
5305.62 2.1973182435
5308.36 2.25916263983
5311.1 2.25853103749
5313.83 2.28537413718
5316.57 2.27587378523
5319.31 2.25284661638
5322.05 2.189107413
5324.79 2.19242332532
5327.53 2.18447566247
5330.27 2.08902475799
5333.01 2.08176133102
5335.75 2.1431320256
5338.49 2.18697575509
5341.23 2.17618588168
5343.97 2.15994843805
5346.71 2.17271206878
5349.45 2.1938444306
5352.19 2.19534448617
5354.93 2.26468916036
5357.67 2.29469027177
5360.41 2.28450568395
5363.15 2.26574183093
5365.89 2.25282029961
5368.63 2.18281770631
5371.37 2.13707916979
5374.11 2.15107968845
5376.85 2.16060635716
5379.59 2.20126575816
5382.33 2.19802879613
5385.06 2.18987059917
5387.8 2.19434444912
5390.54 2.1655275921
5393.28 2.16673816326
5396.02 2.14602686968
5398.76 2.09389335941
5401.5 2.10857811394
5404.24 2.15736939514
5406.98 2.11065713833
5409.72 2.07297153171
5412.46 2.08420879011
5415.2 2.13676336861
5417.94 2.15250079372
5420.68 2.16676448003
5423.42 2.19926568406
5426.16 2.18676522097
5428.9 2.17123832998
5431.64 2.17381737289
5434.38 2.14328992618
5437.12 2.15497456958
5439.86 2.18552833305
5442.6 2.20987134011
5445.34 2.23418803042
5448.08 2.18202820338
5450.82 2.19552870352
5453.55 2.16350120124
5456.29 2.13931609476
5459.03 2.15326397989
5461.77 2.14860591259
5464.51 2.15189550814
5467.25 2.13910556065
5469.99 2.1674487159
5472.73 2.14355309383
5475.47 2.13642125068
5478.21 2.12810515313
5480.95 2.08099814485
5483.69 2.08994584475
5486.43 2.1431320256
5489.17 2.16436965447
5491.91 2.17752803667
5494.65 2.16073794098
5497.39 2.15876418365
5500.13 2.18544938275
5502.87 2.17697538462
5505.61 2.15515878693
5508.35 2.14294780825
5511.09 2.13763182184
5513.83 2.12526294257
5516.57 2.12355235289
5519.31 2.16818558531
5522.05 2.20637121045
5524.78 2.18950216447
5527.52 2.14368467765
5530.26 2.16368541859
5533.0 2.16108005892
5535.74 2.14294780825
5538.48 2.13497382863
5541.22 2.16797505119
5543.96 2.16902772177
5546.7 2.2050027387
5549.44 2.19573923763
5552.18 2.24326731414
5554.92 2.22058226322
5557.66 2.22942469606
5560.4 2.18187030279
5563.14 2.19450234971
5565.88 2.17865965754
5568.62 2.1925812259
5571.36 2.14473734823
5574.1 2.13807920683
5576.84 2.18115975016
5579.58 2.20044993846
5582.32 2.16773820031
5585.06 2.1384739583
5587.8 2.123762887
5590.54 2.09105114885
5593.27 2.06415541564
5596.01 2.0777874996
5598.75 2.11686789473
5601.49 2.09302490618
5604.23 2.11405200094
5606.97 2.17223836702
5609.71 2.21887167354
5612.45 2.2285825596
5615.19 2.22681933639
5617.93 2.18723892273
5620.67 2.15831679866
5623.41 2.14607950321
5626.15 2.1446057644
5628.89 2.15815889807
5631.63 2.15763256278
5634.37 2.20305529814
5637.11 2.184528296
5639.85 2.14389521177
5642.59 2.11823636648
5645.33 2.12718406637
5648.07 2.14981648376
5650.81 2.16189587862
5653.55 2.17050146057
5656.29 2.14594791939
5659.03 2.13586859862
5661.77 2.11294669683
5664.5 2.11234141125
5667.24 2.1005515008
5669.98 2.13931609476
5672.72 2.17681748403
5675.46 2.18226505426
5678.2 2.18944953094
5680.94 2.19392338089
5683.68 2.17121201321
5686.42 2.12644719697
5689.16 2.10615697162
5691.9 2.12218388114
5694.64 2.16610656092
5697.38 2.19697612556
5700.12 2.1809755328
5702.86 2.18221242073
5705.6 2.14186882091
5708.34 2.12647351373
5711.08 2.11199929331
5713.82 2.12060487527
5716.56 2.14344782677
5719.3 2.15731676161
5722.04 2.19989728641
5724.78 2.22624036757
5727.52 2.22913521165
5730.26 2.22476662876
5732.99 2.26387334066
5735.73 2.22271392114
5738.47 2.22005592794
5741.21 2.23910926536
5743.95 2.23742499244
5746.69 2.23574071952
5749.43 2.25676781427
5752.17 2.23153003721
5754.91 2.24131987357
5757.65 2.19500236823
5760.39 2.20805548337
5763.13 2.19013376682
5765.87 2.20160787609
5768.61 2.18218610397
5771.35 2.23005629841
5774.09 2.19155487209
5776.83 2.16918562235
5779.57 2.15813258131
5782.31 2.14760587555
5785.05 2.07781381636
5787.79 2.04639159967
5790.53 2.08523514392
5793.27 2.14823747789
5796.01 2.16200114567
5798.75 2.20481852135
5801.49 2.22195073497
5804.22 2.22526664729
5806.96 2.24921490289
5809.7 2.21671369886
5812.44 2.25466247312
5815.18 2.19442339941
5817.92 2.23105633546
5820.66 2.20558170752
5823.4 2.25218869727
5826.14 2.23345116102
5828.88 2.22197705174
5831.62 2.24287256267
5834.36 2.2301352487
5837.1 2.24705692821
5839.84 2.2633996389
5842.58 2.23305640955
5845.32 2.25655728016
5848.06 2.21758215208
5850.8 2.2421883268
5853.54 2.22455609465
5856.28 2.17679116726
5859.02 2.1953181694
5861.76 2.14521104999
5864.5 2.16481703946
5867.24 2.18123870045
5869.98 2.25916263983
5872.72 2.22921416195
5875.45 2.07973494016
5878.19 2.2463990091
5880.93 2.08012969163
5883.67 2.17479109317
5886.41 2.02475921933
5889.15 2.09113009915
5891.89 1.93015045132
5894.63 1.92378179433
5897.37 1.89838611669
5900.11 1.92196593759
5902.85 1.97428366521
5905.59 2.06781344589
5908.33 2.09331439059
5911.07 2.11765739766
5913.81 2.13905292712
5916.55 2.15342188048
5919.29 2.1473427079
5922.03 2.16173797803
5924.77 2.15984317099
5927.51 2.16060635716
5930.25 2.16958037382
5932.99 2.12765776813
5935.73 2.18515989834
5938.47 2.11807846589
5941.21 2.12026275734
5943.94 2.15573775575
5946.68 2.18094921604
5949.42 2.15497456958
5952.16 2.14884276347
5954.9 2.11944693764
5957.64 2.12534189286
5960.38 2.12460502346
5963.12 2.12586822815
5965.86 2.12889465606
5968.6 2.14413206265
5971.34 2.15676410956
5974.08 2.19808142966
5976.82 2.19100222004
5979.56 2.17687011756
5982.3 2.14334255971
5985.04 2.14018454799
5987.78 2.11765739766
5990.52 2.09989358169
5993.26 2.12047329145
5996.0 2.12802620283
5998.74 2.11871006824
6001.48 2.123762887
6004.22 2.11328881477
6006.96 2.09199855237
6009.7 2.1097886851
6012.44 2.06502386886
6015.17 2.08586674627
6017.91 2.07870858635
6020.65 2.0622606086
6023.39 2.0723136126
6026.13 2.10618328838
6028.87 2.1341843257
6031.61 2.17723855226
6034.35 2.18205452014
6037.09 2.19331809531
6039.83 2.19747614408
6042.57 2.16526442446
6045.31 2.18313350749
6048.05 2.17879124136
6050.79 2.17929125988
6053.53 2.17208046644
6056.27 2.16805400148
6059.01 2.19447603294
6061.75 2.16113269245
6064.49 2.15205340873
6067.23 2.15826416513
6069.97 2.19337072884
6072.71 2.20721334691
6075.45 2.16302749948
6078.19 2.19105485357
6080.93 2.18237032132
6083.66 2.16786978413
6086.4 2.17692275109
6089.14 2.19800247937
6091.88 2.14902698082
6094.62 2.15013228493
6097.36 2.1706330444
6100.1 2.17539637875
6102.84 2.15639567486
6105.58 2.108683381
6108.32 2.11052555451
6111.06 2.12734196696
6113.8 2.14810589407
6116.54 2.14118458503
6119.28 2.14142143591
6122.02 2.11678894444
6124.76 2.11428885182
6127.5 2.09963041405
6130.24 2.13131579838
6132.98 2.08065602692
6135.72 2.10802546189
6138.46 2.11455201946
6141.2 2.07834015165
6143.94 2.06794502971
6146.68 2.13489487834
6149.42 2.09991989846
6152.16 2.08220871601
6154.89 2.10420953105
6157.63 2.03647017949
6160.37 2.03878605476
6163.11 1.97623110578
6165.85 2.03249634807
6168.59 2.00170573372
6171.33 1.96070421478
6174.07 2.00502164603
6176.81 2.03660176331
6179.55 2.03718073213
6182.29 2.06960298587
6185.03 2.08926160887
6187.77 2.05389187752
6190.51 2.03183842896
6193.25 2.03023310633
6195.99 2.05936576452
6198.73 2.06378698094
6201.47 2.05710252278
6204.21 2.04620738232
6206.95 2.03989135886
6209.69 2.05204970401
6212.43 2.06852399853
6215.17 2.05386556076
6217.91 2.01662733913
6220.65 2.00936391216
6223.38 1.98781048212
6226.12 1.98754731447
6228.86 1.99828455435
6231.6 2.02760142989
6234.34 2.02604874079
6237.08 2.02573293961
6239.82 1.99936354169
6242.56 1.98309978129
6245.3 1.93601908978
6248.04 2.01252192389
6250.78 2.01581151944
6253.52 2.01675892295
6256.26 1.9640201271
6259.0 2.03394377011
6261.74 2.02952255369
6264.48 2.02494343668
6267.22 2.0494706611
6269.96 2.08168238073
6272.7 2.0743136867
6275.44 2.08394562247
6278.18 2.06770817883
6280.92 2.07736643137
6283.66 2.06923455117
6286.4 2.11739423002
6289.14 2.14839537848
6291.88 2.083550871
6294.61 2.11707842884
6297.35 2.1857125504
6300.09 2.25971529189
6302.83 2.27590010199
6305.57 2.25289924991
6308.31 2.22197705174
6311.05 2.15531668752
6313.79 2.09402494323
6316.53 2.08494565951
6319.27 2.06633970708
6322.01 2.08705100066
6324.75 2.09820930877
6327.49 2.11628892591
6330.23 2.11810478266
6332.97 2.09423547735
6335.71 2.09639345203
6338.45 2.0901300621
6341.19 2.07849805223
6343.93 2.06905033382
6346.67 2.11523625534
6349.41 2.09768297348
6352.15 2.13197371749
6354.89 2.10376214606
6357.63 2.08055075986
6360.37 2.06805029677
6363.1 2.0669186759
6365.84 2.06489228504
6368.58 2.1206575088
6371.32 2.1426846406
6374.06 2.13481592805
6376.8 2.1353685801
6379.54 2.13305270483
6382.28 2.1171836959
6385.02 2.11981537234
6387.76 2.11968378852
6390.5 2.12655246403
6393.24 2.10355161194
6395.98 2.11626260915
6398.72 2.11744686355
6401.46 2.09073534768
6404.2 2.11478887034
6406.94 2.09110378238
6409.68 2.11963115499
6412.42 2.10347266165
6415.16 2.13502646216
6417.9 2.10723595896
6420.64 2.05518139898
6423.38 2.14502683264
6426.12 2.12963152546
6428.86 2.15992212129
6431.6 2.14318465913
6434.33 2.08594569656
6437.07 2.13060524574
6439.81 2.14244778972
6442.55 2.14278990766
6445.29 2.13726338714
6448.03 2.1225786326
6450.77 2.05670777131
6453.51 2.11863111794
6456.25 2.04744427024
6458.99 2.1052095681
6461.73 2.10457796575
6464.47 2.08757733595
6467.21 2.14560580145
6469.95 2.12149964526
6472.69 2.10894654864
6475.43 2.15181655785
6478.17 2.12757881784
6480.91 2.10313054371
6483.65 2.10605170456
6486.39 2.07712958049
6489.13 2.08326138659
6491.87 2.06978720322
6494.61 1.98928422092
6497.35 1.96102001596
6500.09 1.9349664192
6502.83 1.96473067974
6505.56 2.04683898466
6508.3 2.04807587259
6511.04 2.06478701798
6513.78 2.07894543723
6516.52 2.05012858021
6519.26 2.11244667831
6522.0 2.13792130625
6524.74 2.13126316485
6527.48 2.14410574588
6530.22 2.21787163649
6532.96 2.28397934866
6535.7 2.31924381296
6538.44 2.46388075009
6541.18 2.6340449487
6543.92 2.84221055509
6546.66 3.19538153333
6549.4 3.55039468507
6552.14 3.71645346843
6554.88 3.68882086581
6557.62 3.80856214383
6560.36 4.47516578605
6563.1 5.62941907259
6565.84 6.41760616634
6568.58 6.10943685523
6571.32 5.07887236137
6574.05 4.21778783023
6576.79 3.93751428938
6579.53 4.29147477055
6582.27 5.10887347278
6585.01 5.87627032266
6587.75 5.92600900737
6590.49 5.12176868734
6593.23 4.02672812069
6595.97 3.25617325909
6598.71 2.84747390797
6601.45 2.63378178105
6604.19 2.46367021598
6606.93 2.35427142637
6609.67 2.23976718447
6612.41 2.19492341794
6615.15 2.20342373284
6617.89 2.1675276662
6620.63 2.18305455719
6623.37 2.16473808917
6626.11 2.13178950014
6628.85 2.15586933957
6631.59 2.13318428866
6634.33 2.09941987993
6637.07 2.09063008062
6639.81 2.11128874068
6642.55 2.1369212692
6645.28 2.09568289939
6648.02 2.14829011142
6650.76 2.07360313406
6653.5 2.18281770631
6656.24 2.0927880553
6658.98 2.14494788234
6661.72 2.01394302916
6664.46 2.15479035223
6667.2 2.0251539708
6669.94 2.14271095737
6672.68 2.06336591271
6675.42 2.13576333157
6678.16 2.0773401146
6680.9 2.1144467524
6683.64 2.09505129704
6686.38 2.14360572736
6689.12 2.07183991084
6691.86 2.08047180956
6694.6 2.10089361874
6697.34 2.11649946003
6700.08 2.15239552667
6702.82 2.12178912967
6705.56 2.1582115316
6708.3 2.17834385636
6711.04 2.32184917263
6713.77 2.43864297304
6716.51 2.72746946231
6719.25 2.89221240745
6721.99 2.88405421049
6724.73 2.70904772724
6727.47 2.62667625467
6730.21 2.70194220085
6732.95 2.78010299111
6735.69 2.78378733813
6738.43 2.56796355329
6741.17 2.34371840385
6743.91 2.21416097271
6746.65 2.16860665354
6749.39 2.16463282211
6752.13 2.12565769404
6754.87 2.10178838873
6757.61 2.08652466538
6760.35 2.08720890125
6763.09 2.1176310809
6765.83 2.12128911115
6768.57 2.12415763847
6771.31 2.07539267404
6774.05 2.12471029052
6776.79 2.1244997564
6779.53 2.10705174161
6782.27 2.09494602998
6785.0 2.09047218004
6787.74 2.11939430411
6790.48 2.08994584475
6793.22 2.08191923161
6795.96 2.06894506676
6798.7 2.08312980277
6801.44 2.09765665672
6804.18 2.13028944457
6813.27 2.05091808314
6828.98 2.0695766691
6844.72 2.0502864808
6860.5 2.02181174172
6876.32 2.02149594055
6892.17 1.97062563496
6908.06 2.00694276983
6923.98 2.00199521813
6939.94 2.05776044189
6955.94 2.06215534154
6971.98 2.06657655796
6988.05 2.03789128477
7004.15 2.05168126931
7020.3 2.03723336566
7036.49 2.0510233502
7052.71 2.10813072895
7068.97 1.97162567201
7085.26 2.03589121067
7101.59 1.93054520278
7117.97 1.90812331952
7134.37 1.88164865453
7150.82 1.91188661682
7167.31 1.91599203207
7183.83 1.88070125101
7200.39 1.83756807416
7216.98 1.88438559803
7233.62 1.96380959298
7250.3 1.92762404193
7267.01 1.9586251904
7283.76 1.94033503914
7300.55 1.9133866724
7317.38 1.95312498664
7334.25 1.9663096856
7351.16 2.00715330395
7368.11 2.01141661978
7385.09 2.06741869442
7402.12 2.02933833634
7419.18 2.01039026597
7436.28 2.07110304144
7453.43 2.00044252903
7470.61 1.99091586031
7487.83 2.04162826531
7505.09 2.03657544655
7522.39 2.05504981515
7539.73 2.04994436286
7557.11 2.07331364965
7574.53 2.0445231094
7591.99 2.0347595898
7609.49 2.02504870374
7627.04 1.93801916387
7644.62 1.98281029688
7662.24 1.96880977822
7679.91 1.91920267733
7697.61 1.92328177581
7715.35 1.90970232538
7733.14 1.89620182524
7750.97 1.88714885829
7768.83 1.89551758937
7786.74 1.87349045757
7804.69 1.86883239027
7822.68 1.92970306632
7840.72 1.84675262494
7858.79 1.88941210003
7876.91 1.91536042972
7895.07 1.91941321144
7913.27 1.89272801234
7931.51 1.84927903432
7949.79 1.8235675555
7968.12 1.8657006953
7986.49 1.86106894477
8004.9 1.83941024767
8023.35 1.92130801848
8041.85 1.93872971651
8060.39 1.92943989868
8078.97 1.85075277313
8097.59 1.87614845077
8116.26 1.89751766346
8134.97 1.9102812942
8153.72 1.88372767892
8172.52 1.77390782108
8191.36 1.79411909614
8210.24 1.81035653977
8229.17 1.8351732486
8248.14 1.9257292349
8267.15 1.851437009
8286.21 1.83412057803
8305.31 1.82533077872
8324.45 1.86317428592
8343.65 1.80372471514
8362.88 1.85388446809
8382.16 1.84075240265
8401.48 1.85741091452
8420.85 1.79814556109
8440.26 1.88685937388
8459.72 1.80156674046
8479.22 1.75211754016
8498.77 1.83433111214
8518.36 1.82133063053
8538.0 1.79596126965
8557.68 1.64516620964
8577.4 1.82022532642
8597.18 1.79488228231
8617.0 1.78214496834
8636.86 1.8065669257
8656.77 1.74488042995
8676.73 1.60945436035
8696.73 1.65800879067
8716.77 1.77214459787
8736.87 1.77585526165
8757.01 1.71916895113
8777.2 1.77511839224
8797.43 1.8077511801
8817.71 1.64077130999
8838.04 1.77809218662
8858.41 1.76143367476
8878.83 1.65490341247
8899.3 1.72059005641
8919.81 1.73216943274
8940.38 1.71590567234
8960.99 1.72743241515
8981.64 1.63798173296
9002.35 1.52131951638
9023.1 1.54926792017
9043.9 1.79072423353
9064.75 1.82362018903
9085.65 1.77353938638
9106.59 1.74080133147
9127.58 1.54758364725
9148.63 1.68095700922
9169.71 1.71974791995
9190.85 1.70361574337
9212.04 1.71108970446
9233.28 1.62621813927
9254.56 1.63711327973
9275.9 1.78643460093
9297.28 1.60282253572
9318.71 1.72501127283
9340.19 1.73259050097
9361.73 1.70451051336
9383.3 1.72782716662
9404.93 1.68811516914
9426.62 1.74703840463
9448.35 1.72269539756
9470.13 1.77053927524
9491.96 1.77014452377
9513.84 1.71361611384
9535.77 1.71716887704
9557.76 1.64706101668
9579.79 1.7163793741
9601.87 1.73185363157
9624.0 1.74345932467
9646.19 1.72311646579
9668.43 1.7187478829
9690.71 1.74224875351
9713.06 1.70611583599
9735.45 1.68619404534
9757.89 1.67806216514
9780.38 1.68929942354
9802.93 1.71237922592
9825.53 1.69237848497
9848.17 1.69979981253
9870.88 1.69158898204
9893.63 1.69119423057
9916.44 1.68300971685
9939.3 1.70208937104
9962.21 1.70953701536
9985.18 1.70519474923
10031.26 1.71619515675
10077.57 1.68793095179
10124.09 1.75445973219
10170.81 1.74553834906
10217.77 1.78122388158
10264.93 1.80096145488
10288.59 1.8046458019
10504.02 1.72748504868
10699.31 1.63192887715
10898.23 1.60213829985
11100.84 1.48492343121
11307.22 1.5055557745
11490.94 1.53355681182
11704.58 1.5055557745
11894.77 1.39539379873
12088.04 1.41807884964
12312.77 1.41155229207
12512.84 1.35426069597
12686.91 1.3295492542
12893.05 1.31128541971
13102.55 1.296284864
13284.82 1.24651986252
13500.69 1.20975534266
13688.5 1.18767557733
13910.92 1.1238311069
14104.44 1.05122315392
14300.65 1.04401236047
14499.6 1.06096035675
14701.31 1.01553762139
14905.83 1.04401236047
15113.19 1.06585527492
15288.18 1.09572480252
15500.86 1.08567179852
15716.5 1.05851289766
15898.49 1.00856367883
16082.59 1.00161605303
16306.32 1.00393192829
16495.13 0.99930017776
16686.14 1.01322174613
16918.27 1.01787981343
17114.18 1.01553762139
17312.33 0.983325901769
17512.81 0.949956244511
17715.6 0.9009544292
17879.53 0.852505265942
18086.55 0.797450594819
18295.98 0.775712947425
18507.85 0.74421178044
18679.09 0.700973336532
18895.38 0.688183389034
19114.19 0.685025377306
19291.06 0.670972225117
19514.42 0.646708168341
19694.99 0.620444037471
19877.24 0.600759097701
20107.39 0.592521950444
20293.45 0.577705612087
20481.23 0.577705612087
20718.37 0.571073787459
20910.09 0.564547229888
21103.58 0.560652348757
21298.83 0.551704648861
21495.92 0.544125420714
21694.8 0.529309082357
21895.55 0.520835084221
22098.16 0.507808285843
22302.61 0.495097288639
22508.99 0.483833713476
22717.24 0.471728001852
22874.73 0.422384068604
23086.37 0.421910366845
23299.99 0.371961148016
23515.6 0.349749798863
23678.59 0.35643425702
23897.69 0.330564877616
24118.8 0.318090731291
24286.0 0.310274652264
24510.69 0.283799987279
24680.61 0.27303643064
24908.96 0.228282141103
25081.64 0.223700392421
25313.73 0.225387297019
25454.95 0.22289509943
25551.38 0.2134263276
25647.72 0.214163197003
25744.15 0.205628670308
25840.49 0.20862878145
25936.92 0.204918117669
26033.36 0.21307105128
26129.69 0.21261313958
26226.12 0.217421212435
26322.56 0.209905144523
26418.89 0.21628695989
26515.33 0.207855068576
26611.66 0.215560617192
26708.09 0.211107820656
26804.53 0.217347525495
26900.87 0.214131616885
26997.3 0.21976077279
27093.73 0.21616853445
27190.07 0.216779083384
27286.5 0.20982619423
27382.84 0.216705396444
27479.27 0.209413021029
27575.7 0.212715774961
27672.04 0.208449827452
27768.47 0.213436854305
27864.91 0.210131468697
27961.24 0.21516323405
28057.68 0.20975250729
28154.01 0.215886945071
28250.45 0.211310459742
28346.88 0.218560728334
28443.21 0.215115863874
28539.65 0.216458018858
28636.08 0.211592049121
28732.42 0.210665699014
28828.85 0.208170869749
28925.19 0.211276247948
29021.62 0.210876233129
29118.05 0.213302638807
29214.39 0.211502572122
29310.82 0.215505351987
29407.26 0.206831346441
29503.59 0.214273727413
29600.03 0.213281585395
29696.36 0.216794873443
29792.8 0.210492008369
29889.23 0.216963300735
29985.56 0.213252636955
30082.0 0.221808217061
30178.43 0.226903142648
30274.77 0.236677188946
30371.2 0.22406356377
30467.54 0.224513580441
30563.97 0.215489561928
30660.41 0.220997660717
30756.74 0.218866002801
30853.17 0.226913669354
30949.61 0.220981870659
31045.94 0.226837350737
31142.38 0.222621405081
31238.71 0.22966640291
31335.15 0.226137324804
31431.58 0.235227135228
31527.92 0.228516360306
31624.35 0.232277025939
31720.78 0.226387334066
31817.12 0.232819151285
31913.55 0.228321616249
32009.89 0.233077055576
32106.32 0.221800322031
32202.76 0.234887648967
32299.09 0.240906292985
32395.52 0.243256380046
32491.96 0.23830093331
32588.29 0.244064304713
32684.73 0.239650983323
32781.06 0.247293371705
32877.49 0.247601277848
32973.93 0.249919784792
33070.26 0.250414539962
33166.7 0.251361943481
33263.13 0.246880198504
33359.47 0.244269575475
33455.9 0.241716849329
33552.24 0.242808995051
33648.67 0.238058819077
33745.11 0.238661472982
33841.44 0.234437632296
33937.88 0.236261384069
34034.31 0.232966525166
34130.64 0.237269316145
34227.08 0.231805955856
34323.41 0.238829900274
34419.84 0.234487634148
34516.28 0.242864260256
34612.61 0.239169386535
34709.05 0.250261902729
34805.48 0.244827490881
34901.82 0.244472214561
34998.25 0.236308754245
35094.59 0.247493379114
35191.02 0.244440634444
35287.46 0.252006704209
35383.79 0.242777414934
35480.22 0.243503757631
35576.66 0.24397745939
35672.99 0.249046068214
35769.42 0.240182581964
35865.76 0.244993286496
35962.19 0.24293531552
36058.63 0.248232880194
36154.97 0.246109117307
36251.4 0.253290962311
36347.83 0.254996288644
36444.17 0.260035949027
36540.6 0.253272540576
36636.93 0.258728005836
36733.37 0.252354085499
36829.8 0.25922012933
36926.14 0.252193553236
37022.57 0.256101592749
37119.01 0.248372359045
37215.34 0.25361729019
37311.78 0.247153892853
37408.11 0.247730229994
37504.55 0.249793464323
37600.98 0.243874824009
37697.31 0.249390817827
37793.75 0.249901363057
37890.18 0.250822449811
37986.52 0.249451346385
38082.95 0.258972751745
38179.29 0.252551461232
38275.72 0.260309643376
38372.15 0.257814814111
38468.49 0.258733269189
38564.92 0.252114602943
38661.36 0.250335589669
38757.69 0.247882867227
38854.13 0.253285698958
38950.46 0.245869634751
39046.9 0.253638343601
39143.33 0.247261791587
39239.66 0.250901400104
39336.1 0.25496997188
39432.53 0.246530185537
39528.87 0.251256676423
39625.3 0.253925196333
39721.64 0.251740904888
39818.07 0.241732639387
39914.5 0.244051146331
40010.84 0.246130170718
40107.27 0.248877640922
40203.71 0.250275061111
40300.04 0.261654430037
40396.48 0.253751505688
40492.81 0.258722742483
40589.24 0.261620218244
40685.68 0.256496344215
40782.01 0.251530370773
40878.45 0.250590862284
40974.88 0.251893542122
41071.22 0.253438336192
41167.65 0.248156561577
41263.98 0.227592641876
41360.42 0.25434889624
41456.85 0.234990284348
41553.19 0.250806659752
41649.62 0.249661880501
41746.06 0.253493601397
41842.39 0.233108635694
41938.83 0.2436748166
42035.16 0.2446353785
42131.59 0.240987874955
42228.03 0.220787126602
42324.36 0.23787197005
42420.8 0.22595573913
42517.23 0.24158263383
42613.57 0.223910926536
42710.0 0.241895803326
42806.34 0.246661769359
42902.77 0.247485484085
42999.2 0.251343521746
43095.54 0.247853918786
43191.97 0.248414465868
43288.41 0.248548681367
43384.74 0.25264883326
43481.18 0.249361869386
43577.51 0.237895655138
43673.94 0.256064749279
43770.38 0.255122609113
43866.71 0.254372581328
43963.15 0.253364649252
44059.58 0.255406830169
44155.92 0.257317427264
44252.35 0.254346264564
44348.69 0.245666995665
44445.12 0.248151298224
44541.55 0.253143588431
44637.89 0.248503942867
44734.32 0.262359719323
44830.76 0.252048811032
44927.09 0.247477589055
45023.53 0.255870005222
45119.86 0.263983463687
45216.3 0.268220462755
45312.73 0.262322875853
45409.06 0.25527261467
45505.5 0.256938465857
45601.93 0.259364871535
45698.27 0.256833198799
45794.7 0.250664549224
45891.04 0.252054074384
45987.47 0.257093734767
46083.91 0.255062080555
46180.24 0.252361980528
46276.67 0.253648870307
46373.11 0.251448788803
46469.44 0.260251746495
46565.88 0.266720407184
46662.21 0.272325878001
46758.64 0.268825748336
46855.08 0.275983908253
46951.42 0.26777307776
47047.85 0.260396488699
47144.28 0.265825637194
47240.62 0.268115195697
47337.05 0.26622038866
47433.39 0.271088990074
47529.82 0.265036134263
47626.26 0.272115343886
47722.59 0.266562506598
47819.02 0.272746946231
47915.46 0.272062710357
48011.79 0.267457276587
48108.22 0.266957258064
48204.56 0.272773262996
48301.0 0.291510799248
48397.43 0.299326878274
48493.77 0.26622038866
48590.2 0.294800394798
48686.63 0.286484297248
48782.97 0.285615844023
48879.4 0.284431589625
48975.74 0.284431589625
49072.17 0.276668144127
49168.61 0.277747131467
49265.94 0.259041175332
49758.59 0.266851991006
50256.18 0.274720703561
50758.74 0.28266836641
51266.33 0.290721296316
51778.99 0.298826859751
52296.78 0.307037690243
52819.75 0.315301154265
53156.11 0.320643457438
53464.79 0.323064599762
53773.48 0.318511799521
54082.16 0.320643457438
54390.84 0.318485482757
54699.52 0.317511762474
55008.21 0.31945920304
55316.88 0.31551168838
55625.57 0.313880048987
55934.25 0.326617362956
56242.94 0.327248965302
56551.62 0.315195887207
56860.31 0.314485334568
57168.99 0.317432812181
57477.67 0.318222315113
57786.34 0.318538116286
58095.04 0.317617029532
58403.72 0.31724859483
58712.4 0.31814336482
59021.09 0.31814336482
59329.77 0.319775004212
59638.45 0.320353973029
59947.13 0.3234067177
60255.82 0.322669848296
60564.5 0.323643568579
60873.18 0.32580154326
61181.87 0.333354454642
61490.55 0.347249706245
61799.22 0.364881938392
62107.91 0.369987390686
62416.59 0.365092472508
62725.27 0.355250002622
63033.96 0.346354936255
63342.64 0.340959999554
63651.33 0.335591379616
63960.01 0.329696424391
64268.69 0.322248780066
64577.38 0.320459240087
64886.06 0.31856443305
65194.74 0.318248631877
65503.43 0.319143401867
65812.1 0.320064488621
66120.78 0.318827600694
66429.48 0.318222315113
66738.15 0.314274800453
67046.83 0.31311686282
67355.52 0.313090546055
67664.2 0.313827415458
67972.89 0.31198524195
68281.57 0.310458869615
68590.25 0.310195701971
68898.94 0.310643086966
69207.61 0.313643198108
69516.3 0.317064377479
69824.98 0.326406828841
70133.66 0.320669774202
70442.35 0.313327396935
70751.03 0.314880086034
71059.71 0.320169755678
71368.4 0.325196257679
71677.07 0.323985686516
71985.77 0.325485742087
72294.44 0.327617400003
72603.12 0.330301709972
72911.82 0.333275504349
73220.49 0.335275578444
73529.17 0.333854473166
73837.86 0.33585454726
74146.54 0.340591564852
74455.22 0.34943399769
74763.9 0.355802654675
75052.39 0.355986872026
75072.59 0.359565951984
75381.28 0.364618770748
75670.97 0.382119419074
75689.95 0.373645420937
76289.57 0.415304858981
76908.16 0.401725408551
77526.76 0.36893472011
78145.35 0.363408199586
78763.96 0.358986983167
79382.55 0.347907625355
80001.14 0.333959740224
80619.75 0.322643531532
81238.34 0.314748502212
81856.93 0.31090625461
82475.53 0.305590268201
83094.12 0.300326915322
83712.73 0.297458388002
84331.32 0.295747798316
84949.92 0.262930793111
85568.51 0.26406241398
86187.12 0.259551720562
86805.7 0.246522290508
87424.3 0.234542899353
88042.9 0.22390829486
88661.49 0.216394858624
89280.08 0.213321060542
89898.68 0.212802620283
90517.27 0.204581263085
91135.88 0.197012561644
91754.47 0.217997549576
92373.07 0.213789498948
92991.67 0.210815704571
93610.26 0.209913039552
94228.85 0.208128762926
94847.44 0.210257789166
95466.05 0.210518325134
96084.64 0.209918302905
96703.23 0.195120386284
97321.83 0.193949290268
97940.43 0.191420249209
98559.02 0.192504499902
99177.62 0.194194036177
99796.18 0.196570440002
100414.82 0.198194184365
101033.37 0.200017936138
101652.04 0.200699540336
102270.59 0.202860146693
102889.23 0.204154931502
103507.8 0.205599721867
104126.35 0.208762996948
104745.0 0.222279287143
105363.55 0.212318391818
105982.21 0.215892208424
106600.76 0.215073757051
107219.32 0.217131728027
107837.97 0.199807402023
108456.53 0.200215311871
109075.18 0.201870636352
109693.73 0.204483891057
110312.38 0.208528777745
110930.94 0.213873712594
111549.49 0.228479516836
112168.15 0.24711178603
112786.7 0.236058744983
113405.35 0.2209660806
114023.91 0.23423499321
114642.56 0.228687419275
115261.11 0.222445082759
115879.66 0.217134359703
116498.32 0.215018491846
117116.88 0.213644756744
117735.52 0.213157896603
118354.08 0.213365799041
118972.74 0.218010707958
119591.29 0.220676596192
120209.84 0.222258233732
120828.5 0.204815482288
121447.05 0.203610174479
122065.7 0.216668552974
122684.25 0.217068567792
123302.82 0.217902809224
123921.47 0.217426475788
124540.02 0.218129133398
125158.67 0.218623888568
125777.23 0.211781529825
126395.88 0.210847284688
127014.44 0.212652614726
127632.99 0.224184620886
128251.64 0.228663734187
128870.2 0.209639345203
129488.85 0.212213124761
130107.4 0.207534004051
130725.95 0.205118125079
131344.61 0.205407609487
131963.17 0.20603394848
132581.82 0.205228655489
133200.36 0.207526109021
133819.02 0.208394562247
134437.58 0.210178838873
135056.14 0.212399973788
135674.79 0.208462985834
136293.34 0.20889458077
136911.99 0.209999884875
137530.55 0.211581522415
138149.2 0.212810515313
138767.75 0.214879012994
139386.31 0.217934389341
140004.96 0.221371358772
140623.52 0.222834570872
141242.16 0.224113565622
141860.72 0.236819299474
142479.37 0.235295558815
143097.93 0.234913965731
143716.48 0.218352825895
144335.15 0.205057596521
144867.42 0.205468138045
145780.85 0.241166828953
146694.39 0.24386692898
147607.83 0.206076055303
148521.25 0.194259828088
149434.69 0.1927281924
150348.23 0.191751840441
151261.67 0.173759068621
152175.1 0.198354716628
153088.63 0.214176355385
154002.07 0.175445973219
154915.5 0.151545087792
155828.94 0.156916339406
156742.48 0.178285552098
157655.92 0.171872156614
158569.34 0.176003888624
159482.88 0.196051999743
160396.32 0.192754509164
161309.75 0.195017750902
162223.28 0.230111156229
163136.72 0.233442858601
164050.15 0.201160083713
164963.59 0.199738978436
165877.14 0.199523180968
166790.55 0.198902105328
167703.99 0.209831457583
168617.43 0.208070866044
169530.97 0.176693387851
170444.41 0.177438152284
171357.85 0.182409389079
172271.39 0.179711920728
173184.81 0.177959224219
174098.25 0.173595904682
175011.79 0.167948327042
175925.22 0.164742945138
176838.66 0.162808662955
177752.08 0.161971789847
178665.62 0.160737533596
179579.06 0.17818028504
180492.49 0.176796023233
181406.02 0.176032837065
182319.46 0.176761811439
183232.89 0.178909259414
184146.42 0.177622369635
185059.86 0.180404051632
185973.31 0.208865632329
186886.73 0.220610804281
187800.27 0.218384406012
188713.71 0.20649186018
189627.13 0.203736494948
190540.69 0.212560506051
191454.13 0.209776192377
192367.54 0.218460724629
193280.98 0.205962893216
194194.53 0.201562730209
195107.96 0.196028314655
196021.4 0.189883350168
196934.93 0.182138326406
197848.36 0.176069680535
198761.8 0.172777453309
199675.24 0.16749831037
200588.78 0.165082431399
201502.2 0.16491137243
202415.64 0.161440191206
203329.18 0.172793243368
204775.69 0.152303010606
206524.04 0.178480296154
208273.41 0.169687865168
210023.79 0.142557912749
211775.03 0.159132210968
213527.19 0.15601104271
215280.33 0.138460392533
217034.4 0.146855440376
218789.43 0.165398232571
220545.47 0.121793985639
222302.4 0.102688014685
224060.34 0.112817337302
225819.17 0.125512544448
227578.98 0.110093552187
229339.8 0.098087844268
231101.53 0.106240777879
232864.25 0.108446122735
234627.96 0.107209234809
236392.57 0.0995089495456
238158.28 0.0957430205601
239924.78 0.0983352218534
241692.35 0.103288036913
243460.96 0.087121648543
245230.45 0.0800582289783
247000.92 0.093708734672
248772.41 0.0956772286491
250544.78 0.0967272675486
252318.25 0.0782581622934
254092.63 0.0842583845763
255868.1 0.0966562122847
257644.44 0.108309275561
259421.83 0.110901476854
261200.17 0.0976694077141
262979.52 0.0819635627207
264759.86 0.0800792823898
266541.23 0.0883716948519
268323.56 0.0941087494909
270106.89 0.0873269193053
271891.22 0.0856768581774
273676.54 0.0804792972086
275462.98 0.0780449965017
277250.3 0.0784818547908
279038.61 0.0913375941997
280828.01 0.0919639331924
282618.43 0.0888611866697
284409.73 0.0758738634388
286202.12 0.0744395997791
287995.54 0.0699920665956
289790.05 0.0831083419721
291585.52 0.0897427982771
293381.92 0.0859742376152
295179.48 0.0865216263147
296977.97 0.0808187834694
298777.52 0.0792397776054
300578.09 0.0768475837216
302379.67 0.0851557862423
304182.33 0.0823135756873
305985.99 0.0822398887469
307790.64 0.0804845605615
309596.39 0.0810030008202
311403.25 0.0789450298442
313211.08 0.0766581030179
315019.94 0.0784686964086
316829.76 0.0800134904788
318640.8 0.0778765692096
320452.74 0.0863795157869
322265.83 0.0888164481702
324079.86 0.083484671703
325895.07 0.0856558047659
327711.3 0.0834662499679
329528.47 0.0829188612684
331346.8 0.0837346809648
333166.21 0.0857242283534
334986.68 0.0954351144166
336808.21 0.0842557528999
338630.76 0.085632119678
340454.34 0.0822872589229
342279.05 0.0768238986336
344104.93 0.0783607976745
345931.69 0.0863479356696
347759.67 0.102995920828
