100.07 6.82130537573e-05
101.93 8.37287783217e-05
104.07 9.43795279988e-05
106.0 0.000109614580935
107.97 0.000129084328611
109.98 0.000181914607523
114.11 0.000231672270716
118.12 0.00028045989337
120.87 0.000837287783217
125.12 0.000990524644036
126.86 0.00105650709696
128.03 0.00110377810801
131.01 0.00120191469657
131.92 0.00136731399461
134.07 0.00143836823309
136.87 0.00172534266267
140.06 0.00185725832789
142.99 0.00380955108423
147.0 0.00724231281789
151.12 0.00779577757227
154.99 0.00845018563149
158.97 0.00920159774463
161.93 0.00974718399716
166.08 0.0105650709696
169.95 0.0112948172027
173.11 0.0119364226964
177.14 0.0127021145941
180.02 0.0132698591331
182.1 0.0137046539535
185.92 0.0145166320495
191.12 0.0155551170735
193.78 0.0162508872674
197.84 0.0170953641836
201.98 0.0179831728598
204.79 0.0186582619864
210.05 0.0190492326403
215.93 0.0210799164899
219.95 0.0220735925347
223.01 0.0225876647799
227.15 0.0236522473412
229.78 0.0357989275555
234.05 0.0596845755138
240.06 0.0770665202018
246.22 0.0732602189996
251.95 0.0779577757227
257.23 0.0635154970343
260.21 0.0758355042891
263.83 0.0801440599837
268.73 0.0801440599837
273.73 0.0797747552099
278.82 0.0790459937895
284.0 0.0794103744997
289.95 0.0756631620613
296.02 0.0761851128083
300.83 0.0730928008355
307.83 0.0742795001754
317.92 0.0756631620613
328.33 0.0746241846309
338.31 0.0729253826714
347.79 0.0710985550568
356.71 0.0704485786549
365.86 0.0706110727554
375.25 0.0690058280052
384.87 0.0649927161296
394.75 0.0663566817609
404.87 0.0658987438414
414.3 0.0643969044278
422.0 0.0623534180126
429.85 0.0606546160531
440.88 0.0599603230783
451.15 0.0583255339461
459.53 0.0562180347035
470.24 0.0548097524993
480.08 0.0540612948244
490.14 0.0515057057895
500.4 0.0513875282619
506.19 0.0497576631934
512.06 0.0525840757291
520.38 0.0511511732066
530.05 0.0490761727841
539.9 0.0460119279741
549.94 0.044450014984
560.17 0.045380663014
570.58 0.0452762728646
579.85 0.0437394725991
590.63 0.0429407894749
600.23 0.040445766423
609.98 0.0353892454598
619.89 0.0399829044398
629.97 0.038359440654
640.2 0.038359440654
650.6 0.0370570258184
658.14 0.035552724373
665.76 0.0360471003635
675.02 0.035552724373
684.41 0.0332561410861
695.53 0.0337963108687
705.21 0.0313234461031
716.67 0.0324244667355
726.64 0.0318325942846
735.05 0.0312515547738
745.28 0.030190419057
755.64 0.0294355600993
764.39 0.0264771826578
775.03 0.028175492211
785.81 0.0267224010276
794.91 0.0267839518233
804.11 0.0264771826578
815.3 0.0259941320136
824.74 0.0255785410415
834.29 0.0231140471842
845.9 0.0243711606343
855.69 0.0237069044478
865.6 0.0234892608344
875.62 0.0231140471842
885.76 0.0226398598546
896.02 0.0222267309143
904.31 0.0216205786788
914.78 0.0219214389679
925.37 0.0365488624496
933.94 0.0519833399636
944.75 0.0672774816637
955.69 0.076711987619
964.53 0.0822023185898
975.7 0.0410080944919
984.73 0.071265973221
996.13 0.069163398042
1005.35 0.0820102801075
1014.65 0.080887593595
1024.04 0.0503337786406
1035.9 0.0690058280052
1045.48 0.0928678404579
1055.16 0.0899232503946
1064.92 0.0777805094312
1074.77 0.0845018563149
1084.72 0.0704485786549
1094.76 0.0850878198893
1104.88 0.0812568983688
1115.11 0.0790459937895
1125.43 0.0714284673214
1135.84 0.0818231656887
1143.71 0.0770665202018
1154.3 0.0779577757227
1164.98 0.0776032431398
1175.76 0.0583255339461
1183.9 0.0739397397835
1194.86 0.061501555001
1205.92 0.0515057057895
1214.27 0.0371427045259
1225.51 0.0588671809477
1234.01 0.071265973221
1245.42 0.0741071579476
1254.06 0.0717583795861
1265.66 0.0669672656536
1274.43 0.0751412113143
1286.22 0.0761851128083
1295.14 0.0652930840123
1304.12 0.0649927161296
1316.18 0.0734276371638
1325.31 0.0702860845544
1334.49 0.0646972723105
1343.75 0.0710985550568
1356.18 0.069163398042
1365.58 0.0638060167897
1375.04 0.0643969044278
1384.58 0.0642491825183
1394.17 0.0539332691694
1403.84 0.0539332691694
1413.57 0.0596845755138
1423.37 0.05900505473
1436.54 0.059413752013
1443.17 0.0607974138989
1446.5 0.0607974138989
1456.52 0.05900505473
1466.62 0.0557010080201
1473.39 0.0554449567103
1483.6 0.0557010080201
1493.88 0.0553169310554
1504.24 0.0528302789116
1511.18 0.0485143371215
1518.16 0.0503337786406
1525.17 0.0495311562654
1535.74 0.0440423025137
1546.38 0.0438399234976
1553.52 0.0423518714623
1564.29 0.0442456663425
1575.13 0.0462246475238
1586.05 0.0471922260312
1593.37 0.047519676264
1604.42 0.0462246475238
1615.54 0.0458006856434
1626.74 0.0441442306312
1634.24 0.0459060606056
1645.57 0.0458006856434
1653.17 0.0437394725991
1664.63 0.0459060606056
1672.31 0.0421573709481
1676.17 0.0466520562487
1683.9 0.0470838966309
1695.57 0.0447582613685
1703.4 0.0434381199037
1715.21 0.0418668511927
1723.13 0.0415787934691
1735.07 0.0436385292943
1743.08 0.0427438269289
1755.16 0.0447582613685
1763.26 0.0416748127103
1775.48 0.0421573709481
1783.68 0.0429407894749
1796.04 0.0454855455698
1804.33 0.0449645796355
1816.84 0.0420603668941
1825.23 0.0428423082019
1833.65 0.0415787934691
1846.36 0.0376592388029
1854.89 0.0389828271123
1863.45 0.0409140448762
1876.36 0.0426453456559
1885.02 0.0401670644203
1893.73 0.0400749844301
1906.85 0.0412927053709
1915.65 0.040538831226
1924.5 0.0384480737998
1933.38 0.0363809518791
1946.78 0.0424493679226
1955.77 0.0406323884353
1964.79 0.0449645796355
1973.86 0.0442456663425
1982.97 0.044450014984
1996.72 0.0441442306312
2005.94 0.0439413592088
2015.19 0.0440423025137
2024.5 0.0421573709481
2033.84 0.0447582613685
2043.23 0.047519676264
2052.66 0.0446553484382
2066.89 0.044450014984
2071.65 0.0490761727841
2076.43 0.0648449942201
2086.01 0.0742795001754
2095.64 0.0690058280052
2105.31 0.0671248356905
2115.03 0.0732602189996
2124.79 0.0672774816637
2134.6 0.0639537386992
2144.46 0.0758355042891
2154.35 0.0758355042891
2164.3 0.0680554837205
2174.29 0.068528193831
2184.32 0.080887593595
2194.41 0.0814440127876
2204.54 0.0790459937895
2214.71 0.0648449942201
2224.93 0.0724231281789
2235.2 0.091173962562
2245.52 0.086870330931
2255.89 0.0694834621793
2266.3 0.0658987438414
2276.76 0.0709360609563
2287.27 0.0905486064783
2292.54 0.0765347213275
2303.12 0.0904008845688
2313.75 0.0788194868616
2324.43 0.0641359290543
2335.16 0.0597830567868
2345.94 0.0450852191949
2356.77 0.0742154873479
2367.65 0.0484148710358
2373.1 0.0597338161503
2384.06 0.0403359598036
2395.06 0.0481021929939
2406.12 0.0478239833976
2417.22 0.0545930936987
2422.8 0.0859741513465
2433.98 0.0860677085559
2445.21 0.101470179656
2456.5 0.106862029354
2462.16 0.0933405505684
2473.53 0.0829015356283
2484.95 0.0547063471626
2496.42 0.0641999418818
2502.17 0.0965559641325
2513.72 0.0476733070499
2519.51 0.0394023573353
2525.32 0.0429309413476
2536.98 0.0661104785784
2542.83 0.0697444375528
2554.57 0.121343700552
2566.36 0.0915235710812
2572.27 0.116084800572
2584.15 0.103104968788
2596.07 0.093064803004
2602.06 0.0807300235582
2614.07 0.0732060542995
2626.14 0.0990967809764
2632.19 0.169949132851
2644.34 0.228998504154
2656.54 0.31940923685
2662.67 0.20398918487
2674.96 0.23127342156
2687.31 0.269553092383
2693.5 0.194490666087
2705.93 0.241781373392
2712.17 0.174055801936
2724.69 0.13810521322
2737.27 0.176498137507
2743.58 0.100229315616
2756.24 0.137573414345
2762.59 0.18104797232
2775.34 0.193791449049
2788.16 0.115311722579
2794.58 0.0529829248848
2807.48 0.0636287504983
2813.95 0.170584337062
2826.94 0.250309851635
2833.46 0.234286948515
2846.54 0.167605278553
2853.1 0.0960635577674
2866.27 0.233942264059
2872.88 0.3209061522
2886.14 0.291696606622
2892.79 0.359092265813
2912.84 0.489811383556
2933.03 0.427423497098
2953.36 0.39418114339
2967.0 0.412336166071
2987.56 0.419850287203
3008.27 0.421637722308
3029.12 0.453722921058
3050.12 0.477141767782
3071.26 0.521803025097
3092.55 0.508606534512
3106.83 0.592857263581
3128.36 0.548048284357
3150.05 0.547900562447
3171.88 0.608909711083
3186.52 0.528647473572
3208.61 0.587539274838
3230.85 0.497675113207
3253.25 0.704387305276
3268.26 0.826848768276
3290.92 0.813455315146
3313.73 0.760718593443
3321.37 0.712068844572
3329.02 0.806955551126
3336.7 0.80380415039
3344.39 0.748950081318
3352.1 0.691437017874
3359.83 0.839552852496
3367.57 0.766233544733
3375.34 0.563214400402
3383.12 0.630920275603
3390.91 0.794842354545
3398.73 0.763131384632
3406.57 0.818280897524
3414.42 0.792872729084
3422.29 0.892289574198
3430.18 0.825716233637
3438.09 0.849450220434
3446.01 0.557748689749
3453.96 0.872494838321
3461.92 0.716254298675
3469.9 0.771600774112
3477.9 0.669426453354
3485.92 0.783467767511
3493.95 0.690747648963
3502.01 0.77741116922
3510.08 0.864862539662
3518.17 0.75554832661
3526.28 0.689565873686
3534.41 0.864764058389
3542.56 0.986782355661
3550.73 0.951772263102
3558.91 0.87067293477
3567.11 0.818773303889
3575.34 0.697395134892
3583.58 0.579168366631
3591.84 0.593103466763
3600.12 0.960389374492
3608.42 0.784797264697
3616.74 0.849351739161
3625.07 0.832560682112
3633.43 0.880521062072
3641.81 1.03764793318
3650.2 0.813553796419
3658.62 1.13947756948
3667.05 1.13248539909
3675.5 1.15971547108
3683.98 0.939018938246
3692.47 0.990820087855
3700.98 1.12288347497
3709.51 0.784600302151
3718.07 1.23874669268
3726.64 0.820939891895
3735.23 0.915481913994
3743.84 0.995350226414
3752.47 0.586554462107
3761.12 0.926019410208
3769.79 0.876926495607
3778.48 1.09722910335
3787.19 1.25494686209
3795.92 0.959306080488
3804.67 0.966692175965
3813.44 1.14189036067
3822.23 0.852995546263
3831.04 0.629935462873
3839.87 0.618905560295
3848.73 0.959306080488
3857.6 0.944681611445
3866.49 1.010713305
3875.4 0.794251466907
3884.34 0.86757077467
3893.29 0.819659635346
3895.09 1.02381131432
3899.15 1.12701968844
3903.21 1.14149643558
3907.27 1.22422070491
3911.33 1.15026126887
3915.39 1.15966623045
3919.45 1.04188262792
3923.51 0.869885084586
3927.57 0.740529932474
3931.64 0.593940557584
3935.7 0.609599079994
3939.76 0.698429188258
3943.82 0.982596901558
3947.88 1.05586696868
3951.94 1.08570679441
3956.0 1.06704459317
3960.06 0.934341077778
3964.12 0.802622375113
3968.18 0.691781702329
3972.24 0.769778870561
3976.3 0.900217316676
3980.36 1.20206241848
3984.42 1.32693667267
3988.48 1.42581187078
3992.54 1.52650897245
3996.6 1.53379658665
4000.66 1.51252463168
4004.72 1.55009523734
4008.78 1.6188351659
4012.84 1.65044765454
4016.9 1.62430087656
4020.96 1.64059952724
4025.02 1.58200316979
4029.08 1.61435426798
4033.14 1.57629125596
4037.2 1.48268480595
4041.26 1.53212240501
4045.32 1.58485912671
4049.38 1.56590148166
4053.44 1.53950850049
4057.5 1.59362396001
4061.56 1.56831427284
4065.62 1.51789186106
4069.68 1.51991072716
4073.74 1.52089553989
4077.8 1.59923739257
4081.86 1.71145680318
4085.92 1.74326625436
4089.98 1.66167451967
4094.04 1.61785035317
4098.1 1.57565112768
4102.16 1.51572527305
4106.22 1.49307458026
4110.28 1.61499439626
4114.34 1.60455538132
4118.4 1.61558528389
4122.46 1.64576979407
4126.52 1.58018126624
4130.58 1.58717343663
4134.64 1.62006618182
4138.7 1.5660984442
4142.76 1.57333681777
4146.82 1.57023465767
4150.88 1.5175471766
4154.94 1.61893364718
4159.0 1.56846199475
4163.06 1.6301605123
4167.12 1.63011127166
4171.18 1.59362396001
4175.24 1.55615183563
4179.3 1.58500684862
4183.36 1.58973394973
4187.42 1.60711589441
4191.48 1.61789959381
4195.54 1.59697232329
4199.6 1.59357471937
4203.66 1.5856469769
4207.72 1.62469480165
4211.78 1.65266348319
4215.84 1.64636068171
4219.9 1.59899118939
4223.96 1.60051764912
4228.02 1.54413712032
4232.08 1.5180888236
4236.14 1.54246293868
4240.2 1.56683705375
4244.26 1.59121116882
4248.32 1.61558528389
4252.38 1.61952453481
4256.44 1.66787883987
4260.5 1.62587657692
4264.56 1.58530229244
4268.62 1.58382507335
4272.68 1.58663178963
4276.74 1.57949189733
4280.8 1.57476479623
4284.86 1.56457198447
4288.92 1.53207316437
4292.98 1.41483120884
4297.04 1.26691233677
4301.1 1.32772452286
4305.17 1.31452803227
4309.23 1.43802354864
4313.29 1.5242931438
4317.35 1.59874498621
4321.41 1.7639473217
4325.47 1.81712720913
4329.53 1.75867857359
4333.59 1.79821880471
4337.65 1.77261367372
4341.71 1.77049632635
4345.77 1.74774715229
4349.83 1.77985204729
4353.89 1.86129606008
4357.95 1.86006504417
4362.01 1.92422559354
4366.07 1.89266234554
4370.13 1.84598222212
4374.19 1.70668046144
4378.25 1.69481346804
4382.31 1.66256085112
4386.37 1.70997958408
4390.43 1.69466574613
4394.49 1.79935133935
4398.55 1.75336058485
4402.61 1.81353264266
4406.67 1.84913362286
4410.73 1.8482472914
4414.79 1.8889692978
4418.85 1.85858782507
4422.91 1.90886251495
4426.97 1.93407372084
4431.03 1.97622370569
4435.09 2.00704834415
4439.15 1.98188637889
4443.21 2.02349471674
4447.27 2.0227561072
4451.33 2.04269856498
4455.39 1.94835350543
4459.45 1.92077874898
4463.51 1.9329411862
4467.57 2.03319512214
4471.63 2.07509890381
4475.69 2.12074497385
4479.75 2.18003070021
4483.81 2.19736340426
4487.87 2.09149603576
4491.93 2.16865611317
4495.99 2.18170488185
4500.05 2.22454423561
4504.11 2.33632048049
4508.17 2.27250461557
4512.23 2.30721926431
4516.29 2.21681345568
4520.35 2.14403579492
4524.41 2.03388449105
4528.47 2.05141415764
4532.53 2.06795901151
4536.59 2.06249330086
4540.65 2.12453650286
4544.71 2.12044953003
4548.77 2.18731831441
4552.83 2.16850839127
4556.89 2.20282911491
4560.95 2.29840519038
4565.01 2.30224596003
4569.07 2.31288193751
4573.13 2.23778996683
4577.19 2.25192202951
4581.25 2.2428617524
4585.31 2.20519266547
4589.37 2.17303852982
4593.43 2.22227916633
4597.49 2.21607484613
4601.55 2.24926303514
4605.61 2.26831916147
4609.67 2.26044065963
4613.73 2.23577110074
4617.79 2.3895988492
4621.85 2.33971808441
4625.91 2.35050178381
4629.97 2.25236519524
4634.03 2.26703890492
4638.09 2.27245537494
4642.15 2.21612408677
4646.21 2.19367035652
4650.27 2.20923039766
4654.33 2.16466762162
4658.39 2.18859857096
4662.45 2.22114663169
4666.51 2.21425294258
4670.57 2.15900494842
4674.63 2.19667403535
4678.69 2.1690992789
4682.75 2.16363356825
4686.81 2.21376053622
4690.87 2.24315719621
4694.93 2.2780688075
4698.99 2.33164262002
4703.06 2.26723586747
4707.12 2.11926775476
4711.18 2.21592712422
4715.24 2.24931227578
4719.3 2.24965696023
4723.36 2.27929982341
4727.42 2.23365375337
4731.48 2.2563536868
4735.54 2.2419261803
4739.6 2.27811804814
4743.66 2.29904531865
4747.72 2.33715757131
4751.78 2.35808484183
4755.84 2.29008352281
4759.9 2.24143377394
4763.96 2.28126944887
4768.02 2.2796937485
4772.08 2.21164318885
4776.14 2.3162303008
4780.2 2.25955432817
4784.26 2.26231180382
4788.32 2.22715398935
4792.38 2.28757225035
4796.44 2.34134302542
4800.5 2.33366148612
4804.56 2.34675949543
4808.62 2.31898777644
4812.68 2.32002182981
4816.74 2.29988240947
4820.8 2.32322247118
4824.86 2.30628369222
4828.92 2.30150735048
4832.98 2.28097400505
4837.04 2.26433066991
4841.1 2.24950923832
4845.16 2.26437991055
4849.22 2.18416691368
4853.28 2.17791335284
4857.34 2.0698301557
4861.4 2.00965809788
4865.46 2.01015050425
4869.52 2.05500872411
4873.58 2.13162715452
4877.64 2.21568092104
4881.7 2.11680572293
4885.76 2.1964770728
4889.82 2.30318153212
4893.88 2.22296853525
4897.94 2.31430991597
4902.0 2.3209574019
4906.06 2.38063705335
4910.12 2.33819162468
4914.18 2.26137623172
4918.24 2.2057835531
4922.3 2.31524548807
4926.36 2.24079364566
4930.42 2.26664497983
4934.48 2.33750225577
4938.54 2.33262743275
4942.6 2.37994768444
4946.66 2.35380090645
4950.72 2.35119115272
4954.78 2.36231953657
4958.84 2.30520039822
4962.9 2.29540151155
4966.96 2.34405126042
4971.02 2.29057592917
4975.08 2.23729756047
4979.14 2.24236934603
4983.2 2.22252536952
4987.26 2.18357602604
4991.32 2.15949735478
4995.38 2.15806937633
4999.44 2.20666988456
5003.5 2.16836066936
5007.56 2.09381034568
5011.62 2.06534925778
5015.68 2.12778638487
5019.74 2.16456914034
5023.8 2.14900909921
5027.86 2.19357187525
5031.92 2.17978449703
5035.98 2.1550656975
5040.04 2.20154885836
5044.1 2.24507758104
5048.16 2.17820879666
5052.22 2.28412540579
5056.28 2.25620596489
5060.34 2.27422803785
5064.4 2.23173336854
5068.46 2.13921021254
5072.52 2.18126171612
5076.58 2.1592511516
5080.65 2.19790505126
5084.71 2.19465516925
5088.77 2.20356772446
5092.83 2.24660404077
5096.89 2.19839745763
5100.95 2.21233255776
5105.01 2.20558659056
5109.07 2.1943104848
5113.13 2.24217238348
5117.19 2.19667403535
5121.25 2.17072421991
5125.31 2.14516832956
5129.37 2.11394976601
5133.43 2.14536529211
5137.49 2.09248084849
5141.55 2.08430690283
5145.61 2.08519323429
5149.67 2.10218125389
5153.73 2.12251763676
5157.79 2.01438519899
5161.85 1.96878836958
5165.91 1.91624861042
5169.97 1.81294175503
5174.03 1.75375450994
5178.09 1.84445576239
5182.15 1.92018786135
5186.21 2.01433595835
5190.27 2.02241142274
5194.33 2.10976431191
5198.39 2.15467177241
5202.45 2.06589090478
5206.51 2.12517663114
5210.57 2.09223464531
5214.63 2.14590693911
5218.69 2.21696117759
5222.75 2.26684194238
5226.81 2.27019030566
5230.87 2.24808125987
5234.93 2.29269327654
5238.99 2.3762546367
5243.05 2.31642726334
5247.11 2.29456442073
5251.17 2.30332925403
5255.23 2.28742452844
5259.29 2.18736755505
5263.35 2.15442556922
5267.41 2.14497136701
5271.47 2.16195938661
5275.53 2.23035463072
5279.59 2.31549169125
5283.65 2.45720624312
5287.71 2.46744829552
5291.77 2.3892049241
5295.83 2.45174053247
5299.89 2.40323850551
5303.95 2.44858913173
5308.01 2.51186334965
5312.07 2.5147685472
5316.13 2.42096513465
5320.19 2.34946773044
5324.25 2.34247556006
5328.31 2.37403880806
5332.37 2.39004201492
5336.43 2.34405126042
5340.49 2.41840462155
5344.55 2.43682061961
5348.61 2.47532679736
5352.67 2.47158450898
5356.73 2.5116663871
5360.79 2.46587259515
5364.85 2.46685740788
5368.91 2.46247499123
5372.97 2.42559375448
5377.03 2.46700512979
5381.09 2.44922926001
5385.15 2.45671383676
5389.21 2.48645518121
5393.27 2.37960299998
5397.33 2.34193391305
5401.39 2.33986580632
5405.45 2.29737113701
5409.51 2.31179864351
5413.57 2.3669481564
5417.63 2.45188825438
5421.69 2.43278288741
5425.75 2.38728453928
5429.81 2.4511004042
5433.87 2.46060384704
5437.93 2.43598352879
5441.99 2.40845801298
5446.05 2.44184316453
5450.11 2.44218784899
5454.17 2.42465818239
5458.23 2.41446537063
5462.29 2.41190485753
5466.35 2.42367336966
5470.41 2.39102682765
5474.47 2.35705078846
5478.53 2.38536415446
5482.6 2.37290627342
5486.66 2.38693985482
5490.72 2.45356243602
5494.78 2.46050536577
5498.84 2.46611879833
5502.9 2.4087534568
5506.96 2.37197070132
5511.02 2.45371015793
5515.08 2.45612294912
5519.14 2.45696003994
5523.2 2.43573732561
5527.26 2.45060799783
5531.32 2.5142269002
5535.38 2.45479345193
5539.44 2.43455555033
5543.5 2.41426840809
5547.56 2.39398126584
5551.62 2.37374336424
5555.68 2.53037782898
5559.74 2.3525206499
5563.8 2.44785052219
5567.86 2.32711248146
5571.92 2.32898362565
5575.98 2.3308055292
5580.04 2.33262743275
5584.1 2.33440009567
5588.16 2.33617275858
5592.22 2.37915983426
5596.28 2.42057120956
5600.34 2.44046442671
5604.4 2.49482608942
5608.46 2.44893381619
5612.52 2.4202265251
5616.58 2.45302078902
5620.64 2.44174468326
5624.7 2.43573732561
5628.76 2.49167468868
5632.82 2.4382978387
5636.88 2.47119058389
5640.94 2.46966412416
5645.0 2.42771110185
5649.06 2.42785882376
5653.12 2.44765355964
5657.18 2.40732547834
5661.24 2.48611049675
5665.3 2.51279892174
5669.36 2.49177316995
5673.42 2.48827708476
5677.48 2.48512568402
5681.54 2.47384957826
5685.6 2.44381278999
5689.66 2.5162457663
5693.72 2.50467421672
5697.78 2.45174053247
5701.84 2.41904474983
5705.9 2.42071893147
5709.96 2.43165035277
5714.02 2.48763695649
5718.08 2.51526095357
5722.14 2.52087438613
5726.2 2.53333226717
5730.26 2.6160565365
5734.32 2.59099305252
5738.38 2.52382882432
5742.44 2.61472703932
5746.5 2.60025029219
5750.56 2.54357431956
5754.62 2.51668893203
5758.68 2.51338980938
5762.74 2.56006993279
5766.8 2.60916284739
5770.86 2.52052970168
5774.92 2.48113719247
5778.98 2.49019746959
5783.04 2.50954903973
5787.1 2.54953243658
5791.16 2.5240750275
5795.22 2.52461667451
5799.28 2.55248687477
5803.34 2.54569166693
5807.4 2.57287249829
5811.46 2.60881816294
5815.52 2.60350017419
5819.58 2.61453007677
5823.64 2.64215407386
5827.7 2.64619180605
5831.76 2.66091475637
5835.82 2.63964280139
5839.88 2.6567785429
5843.94 2.65997918427
5848.0 2.56740678763
5852.06 2.53259365762
5856.13 2.50620067645
5860.19 2.52949149752
5864.25 2.49586014278
5868.31 2.57321718274
5872.37 2.44858913173
5876.43 2.4293852835
5880.49 2.35099419017
5884.55 2.28648895634
5888.61 2.25418709879
5892.67 2.23601730392
5896.73 2.2150900334
5900.79 2.27181524666
5904.85 2.34050593459
5908.91 2.39959469841
5912.97 2.49295494523
5917.03 2.43371845951
5921.09 2.47089514007
5925.15 2.57508832693
5929.21 2.45671383676
5933.27 2.42263931629
5937.33 2.47951225146
5941.39 2.49167468868
5945.45 2.51929868576
5949.51 2.51604880375
5953.57 2.54510077929
5957.63 2.50713624854
5961.69 2.54367280084
5965.75 2.58656139524
5969.81 2.51437462211
5973.87 2.49758356506
5977.93 2.53983203119
5981.99 2.51619652566
5986.05 2.52816200033
5990.11 2.55278231859
5994.17 2.49334887032
5998.23 2.5151624723
6002.29 2.55381637196
6006.35 2.49364431414
6010.41 2.537960887
6014.47 2.5328398608
6018.53 2.51043537119
6022.59 2.49733736188
6026.65 2.5188062794
6030.71 2.57873213403
6034.77 2.53692683363
6038.83 2.63742697275
6042.89 2.60507587456
6046.95 2.54510077929
6051.01 2.5854288606
6055.07 2.58675835778
6059.13 2.56592956854
6063.19 2.59700041018
6067.25 2.6490970036
6071.31 2.64697965623
6075.37 2.60640537175
6079.43 2.57858441212
6083.49 2.56597880917
6087.55 2.55440725959
6091.61 2.54002899373
6095.67 2.55465346278
6099.73 2.5514528214
6103.79 2.49256102014
6107.85 2.49354583287
6111.91 2.52067742358
6115.97 2.58281910686
6120.03 2.57021350391
6124.09 2.48005389846
6128.15 2.49147772613
6132.21 2.54155545347
6136.27 2.56189183634
6140.33 2.538502534
6144.39 2.51939716704
6148.45 2.45789561203
6152.51 2.43938113271
6156.57 2.39639405703
6160.63 2.31002598059
6164.69 2.33247971084
6168.75 2.32391184009
6172.81 2.43455555033
6176.87 2.39255328739
6180.93 2.46592183579
6184.99 2.46217954741
6189.05 2.48591353421
6193.11 2.45257762329
6197.17 2.44504380591
6201.23 2.44199088644
6205.29 2.41407144554
6209.35 2.51920020449
6213.41 2.48556884975
6217.47 2.29894683738
6221.53 2.30047329711
6225.59 2.32046499554
6229.65 2.36261498039
6233.71 2.34513455443
6237.78 2.34587316397
6241.84 2.35281609372
6245.9 2.26329661655
6249.96 2.26974713993
6254.02 2.27747791986
6258.08 2.26260724764
6262.14 2.28245122415
6266.2 2.34341113215
6270.26 2.32425652455
6274.32 2.41889702792
6278.38 2.33144565748
6282.44 2.36015294856
6286.5 2.32125284572
6290.56 2.42810502695
6294.62 2.49704191806
6298.68 2.44868761301
6302.74 2.48950810067
6306.8 2.35847876692
6310.86 2.37364488297
6314.92 2.41018143526
6318.98 2.41791221519
6323.04 2.40279533978
6327.1 2.44977090701
6331.16 2.47660705391
6335.22 2.46675892661
6339.28 2.44932774128
6343.34 2.51053385246
6347.4 2.38108021908
6351.46 2.38738302055
6355.52 2.39979166095
6359.58 2.40717775643
6363.64 2.42140830038
6367.7 2.4479982441
6371.76 2.50255686935
6375.82 2.50373864463
6379.88 2.51210955283
6383.94 2.54406672593
6388.0 2.46099777213
6392.06 2.53303682335
6396.12 2.47217539662
6400.18 2.49128076359
6404.24 2.48734151267
6408.3 2.48847404731
6412.36 2.446521025
6416.42 2.47508059418
6420.48 2.46050536577
6424.54 2.4304685775
6428.6 2.54313115383
6432.66 2.55947904515
6436.72 2.47705021964
6440.78 2.47965997337
6444.84 2.46592183579
6448.9 2.51274968111
6452.96 2.44026746416
6457.02 2.4930534265
6461.08 2.48817860349
6465.14 2.50024255943
6469.2 2.48827708476
6473.26 2.46675892661
6477.32 2.50226142553
6481.38 2.55677081015
6485.44 2.50590523263
6489.5 2.43918417016
6493.56 2.43499871606
6497.62 2.3813756629
6501.68 2.44977090701
6505.74 2.46355828523
6509.8 2.48251593029
6513.86 2.48286061475
6517.92 2.55017256485
6521.98 2.52496135896
6526.04 2.56701286254
6530.1 2.55164978395
6534.16 2.45060799783
6538.22 2.49073911659
6542.28 2.54022595628
6546.34 2.47291400617
6550.4 2.43849480125
6554.46 2.31248801242
6558.52 2.30712078304
6562.58 2.27521285058
6566.64 2.30554508267
6570.7 2.34400201979
6574.76 2.42096513465
6578.82 2.49118228232
6582.88 2.45238066075
6586.94 2.49108380104
6591.0 2.52840820352
6595.06 2.47508059418
6599.12 2.49718963997
6603.18 2.51447310338
6607.24 2.48660290312
6611.3 2.48054630483
6615.36 2.42446121984
6619.42 2.46562639197
6623.48 2.51565487866
6627.54 2.47478515036
6631.6 2.43416162524
6635.66 2.47330793126
6639.72 2.50043952198
6643.79 2.46060384704
6647.85 2.45174053247
6651.91 2.46892551461
6655.97 2.45533509894
6660.03 2.4330290906
6664.09 2.47990617655
6668.15 2.49472760814
6672.21 2.35611521637
6676.27 2.42593843894
6680.33 2.51274968111
6684.39 2.49369355478
6688.45 2.50122737216
6692.51 2.40353394933
6696.57 2.4202265251
6700.63 2.47069817753
6704.69 2.36197485211
6708.75 2.39053442129
6712.81 2.39619709449
6716.87 2.34203239433
6720.93 2.38718605801
6724.99 2.43391542205
6729.05 2.42214690993
6733.11 2.44194164581
6737.17 2.41998032192
6741.23 2.44351734617
6745.29 2.47114134326
6749.35 2.43421086587
6753.41 2.40185976769
6757.47 2.38181882863
6761.53 2.42529831066
6765.59 2.43987353907
6769.65 2.47729642282
6773.71 2.4372145447
6777.77 2.5151624723
6781.83 2.45400560175
6785.89 2.42564299512
6789.95 2.38349301027
6794.01 2.4304685775
6798.07 2.41840462155
6802.13 2.40323850551
6806.19 2.43736226661
6810.25 2.47852743873
6814.31 2.49059139468
6818.37 2.45976675622
6822.43 2.46222878805
6826.49 2.37275855151
6828.37 2.40570053733
6844.11 2.39422746903
6859.89 2.35552432873
6875.7 2.36596334367
6891.55 2.26950093675
6907.44 2.35424407218
6923.36 2.34843367707
6939.32 2.41934019365
6955.32 2.43007465241
6971.35 2.43524491924
6987.42 2.34671025479
7003.53 2.43997202034
7019.67 2.42273779757
7035.86 2.41668119928
7052.08 2.48965582258
7068.33 2.31238953115
7084.63 2.39875760759
7100.96 2.26935321484
7117.33 2.2481305005
7133.74 2.23739604174
7150.18 2.25768318398
7166.66 2.26245952573
7183.19 2.2258737328
7199.74 2.15481949432
7216.34 2.23527869437
7232.97 2.31874157326
7249.65 2.3023444413
7266.36 2.37182297942
7283.11 2.31741207607
7299.9 2.23833161384
7316.73 2.34336189151
7333.59 2.34828595516
7350.5 2.39698494467
7367.45 2.42431349793
7384.43 2.48030010165
7401.45 2.42894211777
7418.52 2.39516304112
7435.62 2.50176901917
7452.76 2.40525737161
7469.94 2.37182297942
7487.16 2.48310681793
7504.42 2.43731302597
7521.72 2.49930698734
7539.06 2.47020577116
7556.43 2.51565487866
7573.86 2.48635669994
7591.31 2.48586429357
7608.81 2.4569107993
7626.35 2.3297222352
7643.94 2.39452291285
7661.56 2.32878666311
7679.22 2.32829425674
7696.92 2.32248386163
7714.66 2.30071950029
7732.45 2.27393259403
7750.27 2.2682206802
7768.14 2.27299702194
7786.05 2.25172506697
7803.99 2.24606239377
7821.99 2.34602088588
7840.02 2.22454423561
7858.09 2.28639047507
7876.21 2.32307474927
7894.36 2.33331680166
7912.56 2.30081798157
7930.8 2.2583725529
7949.08 2.21666573377
7967.41 2.25738774017
7985.78 2.28831085989
8004.18 2.24089212693
8022.63 2.3406536565
8041.13 2.36177788957
8059.67 2.33961960314
8078.24 2.26492155755
8096.86 2.32253310227
8115.53 2.3220406959
8134.24 2.34843367707
8152.99 2.2997839282
8171.79 2.14580845783
8190.62 2.1902727526
8209.5 2.23562337883
8228.43 2.27147056221
8247.4 2.33996428759
8266.41 2.24965696023
8285.46 2.21829067478
8304.57 2.2486721475
8323.71 2.27422803785
8342.9 2.19145452788
8362.13 2.27319398449
8381.41 2.26226256318
8400.73 2.27220917176
8420.1 2.21489307086
8439.51 2.29220087018
8458.96 2.1835267854
8478.46 2.07997372682
8498.01 2.21287420476
8517.59 2.20731001284
8537.23 2.15161885294
8556.91 2.00291213068
8576.64 2.19061743706
8596.41 2.18003070021
8616.23 2.16954244463
8636.09 2.17904588748
8655.99 2.0997684627
8675.95 1.92338850272
8695.95 2.06997787761
8715.99 2.14221389137
8736.09 2.15161885294
8756.23 2.15605051023
8776.41 2.13581260862
8796.64 2.19007579006
8816.92 1.88956018544
8837.25 2.15900494842
8857.62 2.15851254205
8878.03 2.0001054144
8898.5 2.07465573808
8919.02 2.09336717995
8939.57 2.05466403965
8960.19 2.04471743108
8980.84 1.96125455219
9001.54 1.85962187844
9022.3 1.92452103736
9043.09 2.17377713937
9063.94 2.19844669826
9084.84 2.12330548695
9105.78 2.11788901693
9126.77 1.90457857957
9147.8 1.98011371598
9168.9 2.05392543011
9190.03 2.05343302374
9211.21 2.06239481959
9232.45 2.05239897037
9253.73 1.97770092479
9275.06 2.10887798045
9296.45 1.90521870785
9317.88 2.07411409108
9339.36 2.07834878582
9360.88 2.03994108934
9382.47 2.06776204897
9404.09 2.0342291755
9425.77 2.07150433734
9447.5 2.04727794418
9469.28 2.08002296746
9491.11 2.07470497871
9512.99 2.04570224381
9534.92 2.05461479902
9556.9 2.01660102763
9578.93 2.03944868297
9601.01 2.0625425415
9623.14 2.04309249007
9645.33 2.00990430107
9667.56 2.00936265406
9689.85 2.02743396766
9712.18 1.99907136103
9734.58 1.98026143789
9757.01 1.97518965233
9779.51 1.98375752308
9802.05 1.99242387511
9824.65 1.97814409052
9847.29 1.98218182271
9869.99 1.96804976003
9892.75 1.96297797447
9915.55 1.93998259722
9938.41 1.95293288462
9961.32 1.95687213555
9984.28 1.94288779478
10030.37 1.93737284349
10076.67 1.91418050369
10123.18 1.92196052426
10169.9 1.89891590637
10216.85 1.89783261237
10264.01 1.896798559
10311.38 1.88266649632
10503.08 1.81885063141
10698.36 1.7412966289
10897.25 1.68215862446
11099.85 1.61016881388
11306.21 1.56988997321
11489.91 1.54837181506
11703.53 1.50267650438
11893.71 1.44836408231
12086.96 1.41212297383
12311.67 1.38637012094
12511.72 1.345451152
12685.78 1.31482347609
12891.9 1.27902553335
13101.38 1.25278027409
13314.26 1.21860727235
13499.48 1.19364226964
13687.28 1.17182866767
13909.68 1.13204223337
14103.18 1.09112326443
14299.38 1.0736920791
14498.3 1.07615411093
14700.0 1.04203034983
14904.48 1.04680669157
15111.82 1.04680669157
15286.81 1.05891988815
15499.47 1.04921948276
15715.09 1.03247766634
15897.07 1.00199771234
16118.22 1.00431202226
16304.85 0.995104023231
16493.65 0.976934228359
16684.65 0.961324946585
16916.75 0.939462103975
17112.65 0.91385697299
17310.79 0.878748399158
17511.24 0.850878198893
17714.02 0.818231656887
17919.14 0.788638034345
18084.93 0.754858957699
18294.35 0.734276371638
18506.19 0.709360609563
18720.47 0.680554837205
18893.69 0.660513898146
19112.48 0.646972723105
19289.31 0.623534180126
19512.68 0.59822449296
19693.23 0.579266847904
19921.28 0.560900090486
20105.59 0.550658038092
20291.64 0.530715580305
20479.38 0.521064415549
20716.52 0.506833871598
20908.22 0.494179028015
21101.67 0.482917694445
21296.93 0.471922260312
21493.99 0.460119279741
21692.86 0.44450014984
21893.59 0.435385708022
22096.16 0.42254375002
22300.62 0.41102636514
22506.97 0.400749844301
22715.21 0.389828271123
22925.41 0.349839950213
23084.3 0.345836686465
23297.91 0.303297700584
23513.49 0.286994125835
23676.47 0.290317868799
23895.56 0.26660850232
24116.64 0.258744772669
24283.83 0.255194522777
24508.51 0.238708757673
24678.4 0.235434255345
24906.73 0.199926832358
25079.39 0.197184128904
25311.44 0.198553018599
25486.9 0.196731115049
25722.71 0.199468894438
25901.03 0.195376997544
26080.55 0.19448081796
26321.88 0.189615843073
26504.33 0.187011013401
26688.06 0.183175167817
26873.04 0.180250274009
27121.7 0.17696099949
27309.69 0.173327040515
27499.01 0.170559716743
27689.61 0.166290553558
27881.56 0.164010712088
28074.81 0.16027827184
28269.43 0.157353378031
28530.99 0.154123192276
28728.77 0.150961943412
28927.9 0.148209391832
29128.43 0.145166320495
29330.33 0.141862273785
29533.65 0.138952152168
29669.96 0.136416259387
29875.61 0.133314099287
30082.72 0.130881611844
30291.22 0.128488516909
30501.21 0.126435182367
30712.62 0.12441631627
30925.53 0.122146322927
31068.26 0.120191469657
31283.6 0.118271084833
31500.47 0.115843521453
31718.81 0.113731098147
31865.24 0.111909194596
32086.1 0.109870632245
32308.53 0.108112741521
32532.47 0.106138191997
32682.62 0.104203034983
32909.18 0.10229742235
33137.28 0.100662633217
33290.23 0.0983729436197
33521.0 0.0965756603871
33675.72 0.0945961867994
33909.17 0.0926561057209
34065.67 0.0907554171516
34301.79 0.0891009317649
34539.58 0.0874710666964
34698.99 0.0856787075274
34939.53 0.083920816804
35100.79 0.0823894330086
35262.8 0.0807004791763
35507.25 0.0790459937895
35671.13 0.0776032431398
35918.42 0.0760078465169
36084.2 0.0746241846309
36334.3 0.0730928008355
36502.04 0.0715909614219
36670.51 0.0702860845544
36924.69 0.0686857638678
37095.15 0.0672774816637
37266.36 0.0662040357877
37524.66 0.0645446263373
37697.89 0.0636632189438
37871.89 0.0623534180126
38134.38 0.0612159593093
38310.43 0.0600981968605
38487.25 0.05900505473
38664.89 0.0576607853532
38932.93 0.0566070357319
39112.62 0.0555729823652
39293.14 0.0545586252531
39474.54 0.0534408628043
39656.73 0.0524658982014
39931.64 0.0512693507342
40115.95 0.0504519561682
40301.1 0.0496444097294
40487.11 0.0486266057727
40674.02 0.0477387970965
40861.75 0.0469755672306
41144.97 0.0462246475238
41334.92 0.045380663014
41525.7 0.0445524355079
41717.36 0.0438399234976
41909.95 0.0430397631543
42103.38 0.042254375002
42297.7 0.0416748127103
42492.98 0.0409140448762
42689.1 0.040259636817
42886.13 0.0386253400912
43084.12 0.0369718395172
43282.97 0.036886653216
43482.74 0.0353079984095
43683.43 0.0345043912217
43885.1 0.0338746034807
44087.65 0.031920735024
44291.13 0.0313874589306
44495.6 0.0308517208054
44700.97 0.0303140130547
44907.29 0.0297969863713
45114.61 0.0293045800062
45322.83 0.0288097116093
45532.02 0.0283128735869
45742.17 0.0278214520345
45847.66 0.0275944527002
46059.26 0.0271384844061
46271.85 0.0266800540802
46485.46 0.0262196541289
46700.02 0.0257735339621
46915.56 0.0253520341136
47132.1 0.0249285646396
47349.68 0.0245031255401
47458.83 0.024289913584
47677.87 0.0238841707392
47897.98 0.0234936924917
48119.05 0.0231012446187
48341.14 0.0227073195266
48452.57 0.0225093721678
48676.25 0.0221410522067
48900.92 0.0217791335284
49126.62 0.0214152452246
49353.36 0.0210498797017
49467.18 0.0208667045339
49695.49 0.0205318682056
49924.86 0.0201960470646
50155.34 0.0198592411109
50270.95 0.0196898533213
50502.97 0.0193560018057
50736.07 0.0190462782021
50853.02 0.0188906777907
50970.3 0.018734584973
51087.78 0.0185784921552
51205.55 0.0184219069311
51323.58 0.018265321707
51441.88 0.0181082440766
51560.46 0.0179610145734
51679.37 0.0178177243212
51798.49 0.0176739416625
51917.89 0.0175296665976
52037.57 0.0173848991262
52157.51 0.0172401316549
52277.74 0.0170948717772
52398.24 0.0169496118995
52519.08 0.0168053368345
52640.14 0.0166723871159
52761.48 0.0165394373974
52883.1 0.0164059952724
53005.0 0.0162720607411
53127.18 0.0161381262098
53249.7 0.0160036992721
53372.45 0.0158687799281
53495.47 0.015733860584
53618.79 0.0156048501164
53742.38 0.0154817485251
53866.26 0.0153581545275
53990.43 0.0152340681235
54114.94 0.0151099817195
54239.68 0.0149854029091
54364.7 0.0148608240987
54490.02 0.014735752882
54615.62 0.0146101892589
54741.51 0.0144954585758
54867.7 0.0143807278928
54994.23 0.0142659972097
55121.0 0.0141507741203
55248.06 0.0140355510308
55375.41 0.013919835535
55503.05 0.0138041200392
55630.99 0.0136879121371
55759.28 0.0135751510794
55887.81 0.0134687913046
56016.64 0.0133624315297
56145.76 0.0132560717549
56275.18 0.0131492195736
56404.9 0.013041874986
56534.92 0.0129345303985
56665.29 0.0128266934045
56795.91 0.0127188564105
56926.83 0.0126184055121
57058.05 0.0125194318327
57189.57 0.0124209505597
57321.4 0.0123214844739
57453.59 0.0122225107945
57586.03 0.0121225523024
57718.77 0.0120230862167
57851.81 0.0119231277245
57985.16 0.0118241540452
58118.83 0.0117325664612
58252.79 0.0116409788773
58387.13 0.0115488988871
58521.72 0.0114568188968
58656.62 0.0113647389065
58791.82 0.0112721665099
58927.34 0.0111795941132
59063.18 0.0110865293102
59199.32 0.0109978961645
59335.84 0.0109132022697
59472.62 0.0108280159686
59609.71 0.010742337261
59747.11 0.0106566585535
59884.83 0.010570979846
60022.87 0.0104848087321
60161.29 0.0103986376182
60299.97 0.0103124665043
60438.97 0.0102331890795
60578.28 0.0101539116547
60717.92 0.01007463423
60857.88 0.00999535680517
60998.16 0.00991558697402
61138.83 0.00983581714288
61279.76 0.00975604731173
61421.01 0.00967578507422
61562.6 0.00959798486853
61704.5 0.00952461632013
61846.74 0.00945124777173
61989.36 0.00937738681697
62132.25 0.0093035258622
62275.47 0.00922917250107
62419.02 0.00915531154631
62562.9 0.00908095818518
62707.12 0.00900611241768
62851.66 0.00893619071384
62996.61 0.00886823863546
63141.82 0.00879979415071
63287.36 0.00873085725959
63433.25 0.00866241277484
63579.46 0.00859347588373
63726.02 0.00852453899262
63872.98 0.00845510969514
64020.21 0.00838666521039
64167.79 0.00832314478929
64315.7 0.00825962436819
64463.95 0.00819610394709
64612.54 0.00813209111963
64761.48 0.00806807829217
64910.83 0.00800406546471
65060.45 0.00793956023088
65210.42 0.00787554740341
65360.74 0.00781399660778
65511.4 0.00775490784396
65662.41 0.00769581908015
65813.76 0.00763623790998
65965.54 0.0075766567398
66117.59 0.00751707556962
66270.0 0.00745749439944
66422.76 0.00739791322927
66575.87 0.00733783965272
66729.33 0.00728269013983
66883.22 0.00722754062694
67037.39 0.00717239111405
67191.92 0.00711724160116
67346.8 0.00706209208827
67502.04 0.00700645016901
67657.63 0.00695080824976
67813.59 0.0068951663305
67969.98 0.00684100163034
68126.66 0.00678979136837
68283.69 0.0067385811064
68441.09 0.00668737084443
68598.85 0.00663566817609
68756.98 0.00658445791412
68915.54 0.00653275524579
69074.4 0.00648056017108
69233.62 0.00642885750275
69393.2 0.0063801092726
69553.16 0.00633234585519
69713.49 0.00628458243777
69874.18 0.00623681902036
70035.33 0.00618905560295
70196.76 0.00614079977917
70358.57 0.00609254395539
70520.75 0.00604428813161
70683.31 0.00599652471419
70846.24 0.00595220814133
71009.62 0.00590789156847
71173.3 0.00586357499561
71337.36 0.00581876601639
71501.8 0.00577444944353
71666.62 0.00572964046431
71831.81 0.00568433907872
71997.39 0.00563953009949
72163.43 0.00559669074573
72329.77 0.00555532861106
72496.5 0.00551396647639
72663.6 0.00547211193536
72831.1 0.00543074980069
72998.98 0.00538889525966
73167.25 0.00534753312499
73335.98 0.00530518617759
73505.03 0.00526333163656
73674.47 0.00522492394008
73844.29 0.0051865162436
74014.51 0.00514761614076
74185.12 0.00510920844428
74356.2 0.00507030834144
74527.59 0.00503140823859
74699.38 0.00499250813575
74871.57 0.00495311562654
75044.15 0.0049152988177
75217.14 0.00487945163432
75390.52 0.00484355521031
75564.38 0.00480751106438
75738.57 0.00477141767782
75913.15 0.00473522580999
76088.14 0.00469893546088
76263.52 0.00466259587113
76439.32 0.00462615780012
76615.59 0.00459193555774
76792.2 0.00455850116555
76969.21 0.00452496829209
77146.63 0.00449133693735
77324.46 0.00445765634198
77502.7 0.00442387726533
77681.35 0.00438999970742
77860.49 0.00435607290886
78039.97 0.00432249079476
78219.86 0.00429132147185
78400.16 0.00426005366767
78580.88 0.00422878586348
78762.01 0.00419737033739
78943.56 0.00416590557066
79125.62 0.00413439156329
79308.01 0.00410277907465
79490.82 0.00407111734538
79674.05 0.00404083435392
79857.71 0.00401173313775
80041.79 0.00398258268093
80226.37 0.00395328450221
80411.3 0.00392398632348
80596.66 0.00389463890412
80782.43 0.00386519300349
80968.65 0.00383564862159
81155.29 0.00380610423968
81342.35 0.00377882492705
81529.95 0.0037516440957
81717.88 0.00372436478307
81906.24 0.00369703622981
82095.04 0.00366970767655
82284.27 0.00364223140137
82473.94 0.0036147551262
82664.14 0.00358718036976
82854.69 0.00356034422286
83045.68 0.00353498529505
83237.1 0.00350957712662
83428.97 0.00348411971754
83621.28 0.00345861306783
83814.04 0.00343300793684
84007.33 0.00340735356522
84200.97 0.00338164995296
84395.05 0.00335589710007
84589.59 0.00333171994754
84784.58 0.00330803520138
84980.01 0.00328430121458
85175.99 0.00326046874651
85372.33 0.00323663627844
85569.12 0.0032127053291
85766.36 0.00318872513912
85964.06 0.00316474494914
86162.21 0.0031409617217
86360.82 0.00311885267591
86559.98 0.00309669438948
86759.51 0.00307448686241
86959.49 0.00305223009471
87159.94 0.00302992408637
87360.85 0.0030075688374
87562.22 0.00298516434778
87764.06 0.00296271061754
87966.46 0.00294119245938
88169.23 0.00292056063268
88372.47 0.00289983032471
88576.17 0.0028790507761
88780.35 0.0028582712275
88984.99 0.00283739319762
89190.21 0.0028164659271
89395.8 0.00279553865658
89601.86 0.00277451290479
89808.4 0.00275516133465
90015.42 0.0027358097645
90222.9 0.00271640895371
90430.87 0.00269700814293
90639.43 0.00267750885087
90848.36 0.00265800955881
91057.77 0.00263846102612
91267.67 0.00261886325279
91478.04 0.00259975788582
91688.9 0.00258173581286
91900.36 0.00256361525862
92112.19 0.00254549470439
92324.52 0.00252727566888
92537.33 0.002509105874
92750.64 0.00249083759786
92964.43 0.00247252008108
93178.72 0.00245415332366
93393.61 0.00243691910088
93608.89 0.00242002956256
93824.66 0.0024030907836
94040.93 0.002386102764
94257.71 0.00236911474441
94474.98 0.00235202824354
94692.85 0.00233494174267
94911.13 0.00231780600116
95129.9 0.00230081798157
95349.19 0.00228506097788
95568.97 0.00226925473356
95789.27 0.00225339924861
96010.07 0.00223749452302
96231.48 0.00222154055679
96453.3 0.00220558659056
96675.63 0.00218958338369
96898.47 0.00217353093619
97121.83 0.0021581678576
97345.71 0.00214339566665
97570.1 0.00212857423506
97795.11 0.00211370356283
98020.54 0.0020988328906
98246.48 0.00208391297774
98472.94 0.00206894382424
98699.93 0.00205397467074
98927.44 0.00203895627661
99155.59 0.00202502117647
99384.15 0.00201118455762
99613.23 0.00199729869812
99842.85 0.00198336359799
100072.99 0.00196942849786
100303.67 0.00195544415709
100534.88 0.00194145981632
100766.73 0.00192737699428
100999.0 0.00191368809733
101231.81 0.00190073780992
101465.15 0.00188778752252
101699.04 0.00187478799448
101933.46 0.00186173922581
102168.54 0.0018486412165
102404.04 0.00183554320718
102640.09 0.00182239595724
102876.69 0.00180924870729
103113.82 0.00179688930752
103351.51 0.00178472687031
103589.74 0.00177256443309
103828.64 0.00176035275523
104067.97 0.00174814107738
104307.85 0.00173588015889
104548.29 0.0017236192404
104789.28 0.00171130908127
105030.83 0.00169909740342
105272.93 0.00168772281638
105515.71 0.00167634822935
105758.93 0.00166492440168
106002.71 0.00165350057401
106247.06 0.0016420275057
106491.97 0.00163055443739
106737.43 0.00161903212845
106983.59 0.00160746057887
107230.2 0.00159643067629
107477.37 0.00158574545817
107725.11 0.00157506024005
107973.42 0.00156437502192
108222.31 0.00155364056316
108471.77 0.00154290610441
108721.93 0.00153212240501
108972.54 0.00152128946498
109223.73 0.00151050576558
109475.5 0.00150046067573
109727.84 0.00149046482652
109980.77 0.00148041973667
110234.41 0.00147037464683
110488.51 0.00146032955698
110743.19 0.00145023522649
110998.46 0.00144014089601
111254.32 0.00142999732489
111510.77 0.00142009995695
111767.81 0.00141074423601
112025.57 0.00140138851508
112283.8 0.0013919835535
112542.62 0.00138252935129
112802.04 0.00137307514908
113062.05 0.00136362094687
113322.67 0.00135411750403
113584.01 0.00134461406118
113845.83 0.00133565226533
114108.25 0.0013268381914
114371.28 0.0013180733581
114634.91 0.00130921004353
114899.16 0.00130039596959
115164.01 0.00129148341439
115429.6 0.00128262009981
115695.67 0.0012737075446
115962.35 0.00126489347067
116229.66 0.00125662104374
116497.57 0.00124839785744
116766.11 0.00124012543051
117035.26 0.00123180376293
117305.17 0.001223531336
117575.56 0.00121516042779
117846.58 0.00120683876022
118118.22 0.00119846785202
118390.5 0.00119044162827
118663.4 0.00118271084833
118937.05 0.00117493082777
119211.21 0.00116720004783
119486.0 0.00115937078663
119761.43 0.00115159076606
120037.48 0.00114376150485
120314.18 0.00113593224365
120591.51 0.00112805374181
120869.62 0.0011207661276
121148.23 0.0011134785134
121427.48 0.00110624013983
121707.39 0.00109890328499
121987.93 0.00109161567079
122269.12 0.00108427881595
122551.09 0.00107689272047
122833.58 0.00106955586563
123116.72 0.0010623667327
123400.51 0.00105552228423
123684.96 0.00104872707639
123970.07 0.00104188262792
124255.82 0.0010349889388
124542.38 0.00102809524969
124829.46 0.00102120156058
125117.2 0.00101430787147
125405.6 0.00100741418236
125694.67 0.0010008651777
125984.4 0.000994463894957
126274.95 0.000988013371574
126566.02 0.000981562848191
126857.76 0.000975112324808
127150.18 0.000968661801425
127443.27 0.000962162037406
127737.04 0.000955711514023
128031.48 0.00094926099064
128326.74 0.000943253632986
128622.54 0.000937197034695
128919.03 0.000931189677041
129216.19 0.00092513307875
129514.04 0.000919027239823
129812.59 0.000912970641532
130111.81 0.000906864802605
130411.87 0.000900758963678
130712.49 0.000894899327933
131013.78 0.000889236654735
131315.78 0.000883573981536
131618.47 0.000877911308337
131921.86 0.000872199394502
132226.09 0.000866487480667
132530.88 0.000860775566832
132836.38 0.00085501441236
133142.57 0.000849302498525
133449.48 0.000843935269145
133757.09 0.000838617280402
134065.4 0.000833299291659
134374.59 0.00082793206228
134684.33 0.0008225648329
134994.78 0.00081719760352
135305.97 0.000811830374141
135617.85 0.000806413904125
135930.45 0.000801145156018
136243.94 0.000796171851731
136558.0 0.000791149306807
136872.77 0.000786126761883
137188.27 0.000781104216959
137504.49 0.000776032431398
137821.46 0.000771009886474
138139.15 0.000765938100913
138457.71 0.000760866315353
138776.86 0.000756040732975
139096.76 0.000751362872507
139417.39 0.000746635771402
139738.75 0.000741908670297
140060.86 0.000737181569192
140383.71 0.00073240522745
140707.46 0.000727628885709
141031.8 0.000722901784604
141356.89 0.000718125442862
141682.73 0.000713743026213
142009.32 0.000709311368927
142336.67 0.000704830471005
142664.91 0.000700398813719
142993.76 0.000695917915796
143323.38 0.00069148625851
143653.75 0.000686956119951
143984.88 0.000682475222029
144316.77 0.000678191286653
144649.43 0.000674005832549
144983.02 0.000669820378446
145317.21 0.000665634924343
145652.18 0.000661449470239
145987.92 0.000657264016136
146324.44 0.000653029321396
146661.72 0.000648794626656
146999.95 0.000644559931916
147338.79 0.000640620680995
147678.41 0.000636730670711
148018.83 0.00063279141979
148360.03 0.00062885216887
148702.01 0.000624863677312
149044.78 0.000620924426391
149388.49 0.000616935934834
149732.85 0.000612947443277
150078.0 0.000609057432993
150423.94 0.000605364385254
150770.67 0.000601671337516
151118.2 0.000597978289778
151466.72 0.000594236001403
151815.85 0.000590542953665
152165.8 0.00058680066529
152516.55 0.000583058376915
152868.1 0.00057931608854
153220.49 0.000575770762712
153573.67 0.00057227467752
153927.83 0.000568778592327
154282.64 0.000565282507135
154638.29 0.000561786421943
154994.74 0.000558241096114
155352.01 0.000554745010922
155710.1 0.000551199685093
156069.03 0.000547703599901
156428.95 0.000544453717891
156789.53 0.000541154595245
157150.94 0.000537855472599
157513.18 0.000534556349953
157876.27 0.000531257227307
158240.18 0.000527958104661
158605.11 0.000524609741378
158970.7 0.000521310618732
159337.14 0.000518109977359
159704.42 0.000515007817258
160072.56 0.000511905657158
160441.53 0.000508803497058
160811.37 0.000505701336958
161182.22 0.000502549936221
161553.76 0.000499447776121
161926.16 0.000496296375385
162299.4 0.000493144974648
162673.51 0.000490239777094
163048.49 0.000487324731412
163424.5 0.000484399837604
163801.21 0.000481470019731
164178.79 0.000478530353732
164557.22 0.000475590687732
164936.55 0.000472636249542
165316.73 0.000469681811351
165697.8 0.000466791385988
166079.93 0.000464043758471
166462.75 0.00046129120689
166846.46 0.000458533731245
167231.06 0.000455766407473
167616.53 0.000452994159638
168002.91 0.000450216987738
168390.34 0.000447429967712
168778.5 0.000444638023622
169167.54 0.000441993801441
169557.49 0.000439403743961
169948.33 0.000436803838353
170340.07 0.000434199008682
170732.72 0.000431584330883
171126.46 0.000428964729021
171520.92 0.000426345127158
171916.28 0.000423710753105
172312.56 0.000421105923434
172709.76 0.000418658663799
173107.87 0.000416211404165
173506.88 0.000413754296403
173907.02 0.000411292264577
174307.89 0.000408825308688
174709.69 0.000406353428735
175112.4 0.000403876624719
175516.05 0.000401389972575
175920.63 0.000399001801704
176326.34 0.000396692415852
176732.78 0.000394378105936
177140.17 0.000392058871956
177548.48 0.000389734713913
177957.74 0.000387400707743
178367.95 0.000385066701572
178779.1 0.000382722847274
179191.39 0.000380378992976
179604.44 0.000378187784652
180018.45 0.000376006424454
180433.4 0.000373820140193
180849.31 0.000371628931868
181266.19 0.000369427875416
181684.22 0.000367226818964
182103.01 0.000365020838449
182522.77 0.000362805009806
182943.5 0.000360643345863
183365.2 0.000358585087257
183787.86 0.000356521904587
184211.5 0.000354453797854
184636.34 0.000352380767057
185061.93 0.000350302812196
185488.51 0.000348224857335
185916.07 0.000346137054347
186344.63 0.000344044327296
186774.16 0.000342059929644
187204.68 0.000340114924502
187636.41 0.000338164995296
188068.93 0.000336210142027
188502.44 0.000334250364694
188936.96 0.000332285663297
189372.46 0.000330316037837
189808.99 0.000328341488313
190246.71 0.000326386635043
190685.25 0.000324549959301
191124.79 0.000322708359496
191565.35 0.000320861835627
192006.92 0.000319010387694
192449.51 0.000317158939761
192893.12 0.000315302567765
193337.97 0.000313436347641
193783.63 0.000311570127517
194230.31 0.000309772844285
194678.01 0.000308039573879
195126.76 0.000306296455347
195576.55 0.000304548412751
196027.58 0.000302800370155
196479.44 0.000301047403495
196932.34 0.000299289512772
197386.28 0.000297526697985
197841.27 0.000295758959134
198297.3 0.000294114321874
198754.39 0.000292469684615
199212.75 0.000290820123292
199671.95 0.000289165637905
200132.21 0.000287511152518
200593.53 0.000285851743068
201055.91 0.000284187409554
201519.37 0.000282518151976
201984.11 0.000280888286908
202449.69 0.000279337206858
202916.34 0.000277781202744
203384.09 0.000276220274567
203852.9 0.000274654422326
204322.8 0.000273088570085
204793.78 0.00027151779378
205266.07 0.000269942093412
205739.21 0.00026836146898
206213.47 0.00026686455363
206688.8 0.000265397182662
207165.23 0.000263919963566
207642.76 0.000262442744471
208121.4 0.000260960601312
208601.36 0.000259478458153
209082.2 0.000257991390931
209564.15 0.000256499399644
210047.21 0.000255017256485
210531.37 0.000253628670536
211016.67 0.000252235160523
211503.31 0.000250841650509
211990.84 0.000249438292369
212479.49 0.000248034934228
212969.27 0.000246631576088
213460.19 0.000245223293884
213952.22 0.000243810087616
214445.4 0.000242451046048
214939.95 0.00024113139699
215435.4 0.000239811747931
215932.0 0.000238487174809
216429.73 0.000237162601687
216928.62 0.000235833104501
217428.66 0.000234503607315
217930.09 0.000233169186066
218432.42 0.000231829840753
218935.93 0.000230579128586
219440.58 0.000229328416418
219946.41 0.000228077704251
220453.41 0.000226826992083
220961.57 0.000225571355852
221471.14 0.000224310795558
221981.65 0.000223045311199
222493.34 0.000221779826841
223006.19 0.000220543886865
223520.24 0.000219362111589
224035.48 0.000218180336312
224552.13 0.000216993636972
225069.74 0.000215806937633
225588.55 0.000214615314229
226108.54 0.000213418766762
226629.74 0.000212222219295
227152.13 0.000211025671827
227675.75 0.000209888213124
228200.8 0.000208765526612
228726.81 0.000207642840099
229254.04 0.000206520153587
229782.49 0.000205392543011
230312.16 0.000204264932435
230843.04 0.000203132397795
231375.16 0.000201999863155
231908.76 0.000200872252579
232443.32 0.000199813578894
232979.12 0.000198749981145
233516.15 0.000197686383397
234054.41 0.000196617861585
234593.94 0.000195549339772
235134.94 0.00019448081796
235676.95 0.000193407372084
236220.21 0.000192329002145
236764.71 0.000191290024714
237310.46 0.000190285515729
237857.49 0.000189281006745
238405.76 0.000188271573696
238955.56 0.000187257216584
239506.38 0.000186242859472
240058.44 0.00018522850236
240611.81 0.000184209221184
241166.44 0.000183189940008
241722.34 0.000182229747596
242279.79 0.000181279403312
242838.26 0.000180324134963
243398.02 0.000179363942551
243959.07 0.000178403750139
244521.42 0.000177443557728
245085.05 0.000176478441252
245649.99 0.000175508400713
246216.5 0.000174562980492
246784.05 0.000173661876844
247352.9 0.000172755849132
247923.07 0.00017184982142
248494.54 0.000170938869645
249067.34 0.000170027917869
249641.47 0.000169116966094
250217.17 0.000168196166191
256045.34 0.000159500269783
262009.53 0.000151380488823
268112.37 0.000143718645782
274357.66 0.000136495044406
280748.1 0.000129680140313
287287.72 0.000123254237248
293979.34 0.000117182866767
300827.15 0.000111500497313
307834.16 0.000106138191997
315004.68 0.0001010713305
322341.92 9.62752925044e-05
329850.41 9.17451539455e-05
337533.41 8.74562945055e-05
345395.75 0.000239811747931
