100.06 5.83471324808e-09
101.92 8.59058594729e-09
104.05 1.14821051434e-08
105.99 1.56316439226e-08
107.96 2.1628080331e-08
109.97 3.34211915518e-08
114.09 5.59787015834e-08
118.1 8.75027560628e-08
121.13 3.62262271348e-07
125.1 5.18817946018e-07
127.13 5.98435501841e-07
128.02 6.54667792995e-07
131.0 7.98029632919e-07
131.91 9.72791124892e-07
134.05 1.09652369662e-06
136.86 1.51711156926e-06
140.04 1.7989309225e-06
142.98 5.5337550593e-06
146.98 1.58493481768e-05
151.1 1.87082117348e-05
154.98 2.2234542182e-05
158.95 2.6485756025e-05
161.91 2.98553872563e-05
166.06 3.54008648524e-05
169.93 4.09283997901e-05
173.09 4.57107163192e-05
177.12 5.22418439453e-05
180.0 5.76796655915e-05
182.08 6.15205906478e-05
185.89 6.96653613449e-05
191.1 8.09130157529e-05
194.21 8.89238146013e-05
197.82 9.88604587752e-05
201.96 0.000110667924123
204.77 0.00011967753095
210.02 0.000129725419606
215.9 0.000156687254165
219.92 0.000172991149686
222.98 0.000182823726441
227.12 0.000201376435137
229.75 0.000319164006079
234.02 0.000552107558076
240.03 0.000724464733834
246.19 0.000729488678162
251.92 0.000824178066968
257.19 0.00073624707946
260.17 0.000868998827435
263.79 0.000952838888848
268.7 0.00100004004198
273.69 0.00104718138626
278.78 0.00108647580797
283.96 0.00115350957942
289.91 0.001174957037
295.98 0.00125323487433
300.79 0.00129426375301
307.8 0.00141591497637
317.88 0.00158493481768
328.29 0.0017702226692
338.27 0.00193206544719
347.75 0.00209905178722
356.67 0.00260623092888
365.82 0.00367298177448
375.2 0.00414020859696
384.82 0.0040646101966
394.7 0.00625205948045
404.82 0.00861032287144
414.25 0.00979537564418
421.95 0.0100929845367
429.8 0.0108397579757
440.82 0.0143888157901
451.09 0.016635236611
459.47 0.0165204035978
470.18 0.0189677821917
480.02 0.0237692375564
490.07 0.0226998551209
500.34 0.030833860223
506.13 0.0283805007429
511.99 0.046667658096
520.31 0.0480863242799
529.98 0.0488674280052
539.84 0.0439559243362
549.87 0.0465611983233
560.1 0.0659201304662
570.51 0.0798029632919
579.78 0.0841438904266
590.56 0.0920494256795
600.15 0.0827981910531
609.9 0.0853137517486
619.81 0.115085406599
629.89 0.114821051434
640.12 0.134282854818
650.52 0.13645989736
658.05 0.130622552522
665.67 0.153110684274
674.93 0.168660988146
684.32 0.151711156926
695.44 0.184940960122
705.12 0.156316439226
716.58 0.209426707834
726.54 0.220299958772
734.96 0.229091861346
745.18 0.230682777049
755.55 0.237692375564
764.3 0.22131670941
774.93 0.25646039616
785.71 0.242668472803
794.81 0.270407822555
805.86 0.286436597315
815.2 0.295814626727
824.64 0.310467797683
834.18 0.253529761968
845.79 0.321376933938
855.58 0.324355415218
865.49 0.345156937089
875.51 0.355647411316
885.65 0.365611567566
895.9 0.374989596978
904.19 0.375850844577
914.66 0.375850844577
925.26 0.941929752593
935.97 1.58493481768
944.63 2.31747374776
955.57 2.89080148973
964.41 3.16975001765
975.58 1.04958570247
984.6 2.57644611608
996.01 2.63039370875
1005.22 3.55647411316
1014.52 3.62262271348
1023.91 2.24917202845
1035.77 3.00623259155
1045.35 4.6667658096
1055.02 4.56054527238
1064.78 3.75850844577
1074.64 4.30552028889
1084.58 3.64774243512
1094.62 4.53961217101
1104.74 4.38554454496
1114.97 4.27585509381
1125.28 3.80204929661
1135.7 4.70994780727
1146.2 4.41592744637
1154.15 4.58159799147
1164.83 4.61341630554
1175.61 3.15515665555
1183.76 4.48769807963
1194.71 3.54008648524
1205.76 2.87752392258
1214.12 2.30156459072
1225.36 3.56472773599
1233.85 4.70994780727
1245.27 5.01210217327
1253.9 4.85313022061
1265.5 4.46700421371
1274.27 5.37059648637
1286.06 5.57215234809
1294.98 4.61341630554
1303.95 4.62406228281
1316.02 5.5337550593
1325.14 5.32131398487
1334.33 4.86425466877
1343.58 5.54655415556
1356.01 5.39535735484
1365.41 4.93195829947
1374.87 5.07011676848
1384.4 5.08183930525
1394.0 4.10217016133
1403.66 4.13063917919
1413.39 4.78650314941
1426.47 4.79750797984
1436.36 4.89798686639
1442.99 5.07011676848
1446.31 5.12884907003
1456.34 4.97765226931
1466.43 4.65611983233
1476.6 4.69918221228
1483.41 4.78650314941
1493.7 4.81975687615
1504.05 4.58159799147
1510.99 4.15934743249
1517.97 4.38554454496
1524.97 4.29559201795
1535.54 3.72405854181
1546.19 3.72405854181
1553.32 3.63099595402
1564.09 3.89068602868
1574.93 4.15934743249
1585.85 4.32537683075
1593.17 4.38554454496
1604.21 4.30552028889
1615.33 4.28566374702
1626.53 4.14977801473
1634.04 4.38554454496
1645.36 4.43626245913
1656.77 4.22693144547
1664.42 4.48769807963
1672.1 4.0646101966
1675.95 4.61341630554
1683.69 4.69918221228
1695.36 4.45671708961
1703.19 4.32537683075
1714.99 4.10217016133
1726.88 4.0646101966
1734.85 4.31544855982
1746.88 4.23662048096
1754.94 4.42609495275
1763.04 4.16891685026
1775.26 4.17848626803
1783.45 4.2660464406
1795.82 4.46700421371
1804.11 4.45671708961
1816.61 4.13063917919
1825.0 4.21712279226
1833.42 4.09283997901
1846.13 3.7933172029
1854.65 3.81963310176
1863.21 3.91760001615
1876.13 4.15934743249
1884.79 3.83721690691
1893.49 3.69846034928
1906.61 3.91760001615
1915.41 3.76724053948
1924.25 3.66448891621
1933.13 3.81963310176
1946.53 3.94475323906
1955.52 3.67298177448
1969.07 3.9904472089
1978.16 4.10217016133
1982.72 3.89068602868
1996.47 3.7933172029
2005.68 3.91760001615
2014.94 3.81078139032
2024.24 3.95384418594
2033.58 3.74128349379
2042.97 3.84606861834
2057.13 3.53195248013
2066.63 3.62262271348
2076.16 3.95384418594
2085.75 3.88171469952
2095.38 3.68996749101
2105.05 3.72405854181
2114.76 3.76724053948
2124.52 3.80204929661
2134.33 3.60599585011
2144.18 3.63099595402
2154.08 3.75850844577
2164.02 3.64774243512
2174.01 3.63936919457
2184.05 3.56472773599
2194.13 3.69846034928
2204.26 3.62262271348
2214.43 3.47549291531
2224.65 3.39642560101
2234.92 3.54008648524
2245.24 3.42788506192
2255.6 3.30396110183
2266.01 3.37333938064
2276.47 3.42046876315
2286.98 3.46819623426
2297.53 3.26687960798
2302.83 3.30479842589
2313.46 3.18541993924
2324.14 2.66197278738
2334.87 3.0146058321
2345.64 2.9528830875
2356.47 3.09941479706
2367.35 2.91939012531
2372.8 2.96017976855
2383.76 2.7947484589
2394.76 2.92656718864
2405.81 2.83398307174
2416.92 2.87357653775
2422.49 2.98828993324
2433.67 2.88709334035
2444.9 3.00252444217
2456.19 2.96149556349
2467.53 2.9344619583
2473.22 2.85455731994
2484.63 2.88123207197
2496.1 2.57991503002
2507.62 2.93517966463
2513.4 2.68936524574
2519.2 2.77106414992
2525.0 2.69570498501
2536.66 2.72082470665
2542.51 2.67118335198
2554.24 2.79726043106
2566.03 2.7400831599
2577.88 2.84307401862
2583.82 2.81065761593
2595.74 2.77226032714
2607.73 2.70312128378
2613.74 2.6599392861
2625.8 2.74092048396
2637.92 2.79211686901
2644.0 2.94403137606
2656.21 2.9783616623
2662.33 2.76053779038
2674.62 2.84462904901
2686.96 2.83828930974
2693.16 2.72309744337
2705.59 2.77393497525
2718.08 2.66759482032
2724.34 2.66161393421
2736.92 2.73625539279
2743.23 2.48422085235
2755.89 2.51304872338
2762.24 2.57178102492
2774.99 2.656111519
2787.8 2.54259430073
2794.23 2.19426749401
2807.13 2.30323923883
2813.6 2.60826443016
2826.58 2.68769059763
2833.1 2.59654189339
2846.18 2.54929289317
2852.74 2.46855093076
2865.91 2.63912580246
2872.51 2.63314491635
2885.77 2.61520225804
2892.42 2.59737921745
2912.47 2.73888698268
2932.66 2.65228375189
2952.99 2.60419742761
2966.62 2.62237932137
2987.18 2.6106567846
3007.89 2.61699652387
3028.74 2.60527398711
3049.73 2.59355145034
3070.87 2.5879294174
3092.16 2.58230738447
3106.43 2.57656573381
3127.97 2.52979520447
3149.65 2.53003443991
3171.48 2.51879037404
3193.46 2.41125404188
3208.2 2.46185233832
3230.44 2.36771319104
3252.83 2.46819207759
3267.85 2.5142449006
3290.5 2.4915175334
3313.31 2.47465143459
3320.95 2.51496260693
3328.6 2.53840768046
3336.28 2.56197237171
3343.97 2.42991440652
3351.68 2.49809650811
3359.4 2.4638858396
3367.15 2.45264177372
3374.91 2.28912434762
3382.69 2.34247385168
3390.49 2.49283332834
3398.3 2.50443624739
3406.14 2.41400524949
3413.99 2.4308713483
3421.86 2.50479510055
3429.75 2.45922074844
3437.65 2.49343141695
3445.58 2.26890895259
3453.52 2.49941230306
3461.48 2.3220192212
3469.46 2.37070363409
3477.46 2.29558370462
3485.48 2.33302405163
3493.51 2.33314366935
3501.56 2.35479447705
3509.64 2.3280001073
3517.73 2.27500945642
3525.83 2.32285654525
3533.96 2.41005786466
3542.11 2.4720198447
3550.27 2.47213946242
3558.46 2.40479468489
3566.66 2.44965133067
3574.88 2.23936337524
3583.12 2.16843006604
3591.39 2.11424323793
3592.51 2.15479364572
3595.2 3.2458268889
3597.88 2.15192282039
3600.57 1.72572487658
3603.26 2.74726022323
3605.95 2.10048719989
3608.64 2.77584885881
3611.33 2.39534488484
3614.02 2.3415169099
3616.71 2.05658749588
3619.4 2.42668472803
3622.09 2.06938659215
3624.77 2.27943531214
3627.46 2.34008149723
3630.15 2.38182808224
3632.84 2.04019986796
3635.53 2.43804841163
3638.22 2.10240108344
3640.91 2.66639864309
3643.6 2.73852812951
3646.29 2.81089685138
3648.98 2.63745115435
3651.66 2.36245001127
3654.35 2.48685244224
3657.04 1.85132348478
3659.73 1.59558079495
3662.42 2.64977177972
3665.11 2.51998655126
3667.8 2.43314408502
3670.49 2.4606561611
3673.18 2.0415156629
3675.87 1.76830878565
3678.56 2.17560712936
3681.24 1.57488692903
3683.93 2.37369407714
3686.62 2.74642289917
3689.31 2.28972243624
3692.0 2.68326474191
3694.69 2.06065449843
3697.38 2.4308713483
3700.07 2.98147172308
3702.76 2.12692271647
3705.45 2.50730707272
3708.13 1.69067688401
3710.82 2.22704274986
3713.51 1.83828515307
3716.2 2.34701932512
3718.89 2.38936399874
3721.58 2.98171095852
3724.27 4.48853540368
3726.96 6.60564946694
3729.65 8.15422049711
3732.34 7.92874109097
3735.02 6.48543365624
3737.71 4.05599772061
3740.4 2.97549083697
3743.09 2.22333460048
3745.78 3.08434296408
3748.47 2.76364785115
3751.16 2.29582294006
3753.85 2.47273755103
3756.54 2.51735496137
3759.23 2.92297865698
3761.91 2.83278689452
3764.6 2.83805007429
3767.29 2.67536997225
3769.98 2.68015468114
3772.67 2.78984413229
3775.36 2.94080169757
3778.05 2.73709271685
3780.74 3.09881670845
3783.43 2.81663850204
3786.12 3.13541973141
3788.81 2.98637604968
3791.49 2.75706887644
3794.18 3.22429569892
3796.87 3.15946289355
3799.56 2.76029855493
3802.25 2.37644528475
3804.94 2.78852833735
3807.63 2.7638870866
3810.32 2.83242804135
3813.01 3.3915212744
3815.7 3.16998925309
3818.38 3.42070799859
3821.07 3.08183099191
3823.76 3.41269361121
3826.45 3.15754900999
3829.14 2.84881566928
3831.83 2.37249789992
3834.52 2.83446154263
3837.21 2.57943655914
3839.9 2.47178060926
3842.59 2.67465226592
3845.27 2.85886355794
3847.96 2.68685327357
3850.65 2.91663891771
3853.34 3.03326619674
3856.03 3.07142425009
3858.72 3.04211790818
3861.41 3.12381681236
3864.1 3.14307526562
3866.79 3.38841121363
3869.48 3.34534883367
3872.16 3.41652137832
3874.85 3.70970441516
3877.54 3.4862585103
3880.23 3.15049156439
3882.92 2.91998821392
3885.61 3.14654417956
3888.3 3.23876944329
3890.99 2.750370284
3893.68 2.90228479106
3896.37 2.91484465187
3899.05 2.86436597315
3901.74 2.96927071543
3904.43 3.17955867086
3907.12 2.94486870012
3909.81 2.951806528
3912.5 3.38996624401
3915.19 3.55970379166
3917.88 3.39977489722
3920.57 3.0362566398
3923.26 2.88482060363
3925.95 3.02836187014
3928.63 3.20408030389
3931.32 3.11831439715
3934.01 2.84271516545
3936.7 3.08996499701
3939.39 2.98984496362
3942.08 3.14821882767
3944.77 3.29307588912
3947.46 3.35001392484
3950.15 3.62094806537
3952.84 3.27513323081
3955.52 3.15479780239
3958.21 3.31305204871
3960.9 3.30850657527
3963.59 2.53577609057
3966.28 2.58314470852
3968.97 2.5646039616
3971.66 2.43063211286
3974.35 2.67656614947
3977.04 2.70551363822
3979.73 2.32835896047
3982.41 2.75264302072
3985.1 3.41137781627
3987.79 3.30204721828
3990.48 3.67692915931
3993.17 3.61915379954
3995.86 3.72035039242
3998.55 3.64403428573
4001.24 3.30360224866
4003.93 3.53649795357
4006.62 3.27393705359
4009.31 3.87082948681
4011.99 3.61305329571
4014.68 3.35455939828
4017.37 3.58996707535
4020.06 3.78398702058
4022.75 3.60300540705
4025.44 3.48853124702
4028.13 3.76149888882
4030.82 3.8723845172
4033.51 3.61412985521
4036.2 3.74475240773
4038.88 3.81652304098
4041.57 3.58446466013
4044.26 3.63637875152
4046.95 3.06580221715
4049.64 3.66090038455
4052.33 3.90228894772
4055.02 3.4408037759
4057.71 3.6248954502
4060.4 3.48255036091
4063.09 3.65551758705
4065.77 3.96532748726
4068.46 3.58877089813
4071.15 3.45288516583
4073.84 3.9092267756
4076.53 3.55228749289
4079.22 3.86867636782
4081.91 3.25719057249
4084.6 3.46508617349
4087.29 3.24295606357
4089.98 3.57154594615
4092.66 3.01819436376
4095.35 3.1120942756
4098.04 3.29307588912
4100.73 3.01723742198
4103.42 3.20204680261
4106.11 3.1900850304
4108.8 3.41137781627
4111.49 3.16113754166
4114.18 3.29750174484
4116.87 3.31113816516
4119.56 2.94642373051
4122.24 3.47310056087
4124.93 3.77525492686
4127.62 3.40156916306
4130.31 3.17716631642
4133.0 3.20228603806
4135.69 3.23135314452
4138.38 3.42154532265
4141.07 3.52585197631
4143.76 3.69726417206
4146.45 3.39893757317
4149.13 3.37250205659
4151.82 3.74738399762
4154.51 3.26675999026
4157.2 3.41520558337
4159.89 3.3866169478
4162.58 3.17848211136
4165.27 3.46747852793
4167.96 3.70300582272
4170.65 3.57441677148
4173.34 3.51711988259
4176.02 3.57178518159
4178.71 3.2653245776
4181.4 3.71197715188
4184.09 3.3492962185
4186.78 3.32644923358
4189.47 3.45778949244
4192.16 3.2230995217
4194.85 3.23470244074
4197.54 3.44199995312
4200.23 3.48243074319
4202.91 3.48111494825
4205.6 3.56125882205
4208.29 3.56281385243
4210.98 3.32668846903
4213.67 3.68817322518
4216.36 3.88362858308
4219.05 3.52322038642
4221.74 3.62094806537
4224.43 3.80563782827
4227.12 3.7656855091
4229.81 3.46939241148
4232.49 3.62860359958
4235.18 3.36544461099
4237.87 3.03482122713
4240.56 3.62728780464
4243.25 3.68901054924
4245.94 3.59774222728
4248.63 3.19678362284
4251.32 3.32106643609
4254.01 3.5106605256
4256.7 3.58494313102
4259.38 3.44558848479
4262.07 3.25790827883
4264.76 3.2177167242
4267.45 3.48984704196
4270.14 3.50073225467
4272.83 3.25790827883
4275.52 3.16975001765
4278.21 3.27991793969
4280.9 3.4705885887
4283.59 3.39774139595
4286.27 3.4202295277
4288.96 3.58087612847
4291.65 3.39881795545
4294.34 3.2702289042
4297.03 3.4283635328
4299.72 3.13434317191
4302.41 3.13314699469
4305.1 3.36532499326
4307.79 3.13302737697
4310.48 2.94283519884
4313.16 3.04522796895
4315.85 3.1695107822
4318.54 3.12154407564
4321.23 3.55934493849
4323.92 3.4408037759
4326.61 3.03721358157
4329.3 3.05551509305
4331.99 3.2507312155
4334.68 3.40097107445
4337.37 3.44367460123
4340.06 3.57920148036
4342.74 3.85803039055
4345.43 3.76472856732
4348.12 3.3297985298
4350.81 3.13888864535
4353.5 3.27824329158
4356.19 3.32250184876
4358.88 3.24283644584
4361.57 3.18613764557
4364.26 3.24594650662
4366.95 3.34678424634
4369.63 3.4153252011
4372.32 3.49152169007
4375.01 3.40898546183
4377.7 3.34582730456
4380.39 3.34199953746
4383.08 3.0958262654
4385.77 3.19391279751
4388.46 3.21998946092
4391.15 3.03960593601
4393.84 3.26723846115
4396.52 3.39702368962
4399.21 3.49104321918
4401.9 3.3390090944
4404.59 3.04032364235
4407.28 3.63649836924
4409.97 3.55695258405
4412.66 3.29451130179
4415.35 3.29941562839
4418.04 3.37836332497
4420.73 3.26341069404
4423.41 3.29630556762
4426.1 3.44283727718
4428.79 3.48326806724
4431.48 3.41245437577
4434.17 3.49893798884
4436.86 3.45766987472
4439.55 3.44594733795
4442.24 3.32728655764
4444.93 3.3433153324
4447.62 3.50719161166
4450.31 3.45838758105
4452.99 3.49558869262
4455.68 3.47728718114
4458.37 3.36951161354
4461.06 3.22274066853
4463.75 3.35587519322
4466.44 3.15671168594
4469.13 3.18159217213
4471.82 3.26831502065
4474.51 3.59965611084
4477.2 3.70061346828
4479.88 3.71735994937
4482.57 3.79846076495
4485.26 3.54726354856
4487.95 3.51783758893
4490.64 3.5231007687
4493.33 3.42537308975
4496.02 3.34295647923
4498.71 3.44989472278
4501.4 3.47692832797
4504.09 3.72812554436
4506.77 3.68279042769
4509.46 3.40372228205
4512.15 3.39570789467
4514.84 3.41711946693
4517.53 3.6390103414
4520.22 3.51448829271
4522.91 3.67585259981
4525.6 3.2653245776
4528.29 3.08972576157
4530.98 3.6492974655
4533.66 3.4315932113
4536.35 3.33290859058
4539.04 3.39786101367
4541.73 3.57357944742
4544.42 3.71305371138
4547.11 3.59534987284
4549.8 3.36855467176
4552.49 3.39750216051
4555.18 3.17848211136
4557.87 3.43314824169
4560.56 3.46496655576
4563.24 3.54738316628
4565.93 3.48769392296
4568.62 3.47022973554
4571.31 3.48924895335
4574.0 3.34989430711
4576.69 2.97716548508
4579.38 3.44283727718
4582.07 3.42070799859
4584.76 3.62657009831
4587.45 3.35001392484
4590.13 3.38900930224
4592.82 3.30025295245
4595.51 3.41927258593
4598.2 3.53685680674
4600.89 3.36747811226
4603.58 3.69200099229
4606.27 3.62142653626
4608.96 3.5263304472
4611.65 3.47106705959
4614.34 3.52645006492
4617.02 3.39391362884
4619.71 3.71245562277
4622.4 3.47967953558
4625.09 3.55623487772
4627.78 3.28039641058
4630.47 3.45910528738
4633.16 3.45826796333
4635.85 3.2355397648
4638.54 3.18015675947
4641.23 3.3330282083
4643.91 3.61448870838
4646.6 3.33219088424
4649.29 3.39355477568
4651.98 3.32345879053
4654.67 3.46042108232
4657.36 3.48733506979
4660.05 3.62573277425
4662.74 3.61341214888
4665.43 3.7684367167
4668.12 3.49774181162
4670.81 3.42298073531
4673.49 3.11580242498
4676.18 3.64487160979
4678.87 3.19104197218
4681.56 3.35922448944
4684.25 3.3400856539
4686.94 3.35288475017
4689.63 3.35001392484
4692.32 3.33542056274
4695.01 3.37465517559
4697.7 3.41699984921
4700.38 3.67979998464
4703.07 3.22082678498
4705.76 3.35085124889
4708.45 3.354679016
4711.14 3.31472669682
4713.83 3.39247821618
4716.52 3.31963102342
4719.21 3.67346024537
4721.9 3.5610195866
4724.59 3.55946455621
4727.27 3.71712071393
4729.96 3.45061242911
4732.65 3.43278938852
4735.34 3.46317228993
4738.03 3.13207043519
4740.72 3.54451234095
4743.41 3.6010915235
4746.1 3.66460853393
4748.79 3.5106605256
4751.48 3.76867595215
4754.16 3.66377120988
4756.85 3.39821986684
4759.54 3.32656885131
4762.23 3.39283706934
4764.92 3.35443978055
4767.61 3.66472815165
4770.3 3.23434358758
4772.99 3.27704711436
4775.68 3.19140082535
4778.37 3.31628172721
4781.06 3.63422563252
4783.74 3.41999029226
4786.43 3.03888822968
4789.12 3.41544481882
4791.81 3.28123373463
4794.5 3.54032572068
4797.19 2.99857705734
4799.88 3.32656885131
4802.57 3.5046796395
4805.26 3.4748948267
4807.95 3.16113754166
4810.63 3.05527585761
4813.32 3.44690427973
4816.01 3.52226344464
4818.7 3.39451171745
4821.39 3.09881670845
4824.08 3.34750195267
4826.77 3.33482247413
4829.46 3.3638895806
4832.15 3.53458407002
4834.84 3.46149764182
4837.52 3.1077880376
4840.21 3.3238176437
4842.9 3.40491845927
4845.59 3.11986942754
4848.28 3.2664011371
4850.97 3.39068395035
4853.66 3.44714351517
4856.35 3.94571018084
4859.04 4.78566582535
4861.73 5.4536111855
4864.41 5.56042981133
4867.1 4.60432535867
4869.79 4.22549603281
4872.48 3.25647286616
4875.17 2.66855176209
4877.86 2.92273942153
4880.55 3.02345754353
4883.24 3.15192697706
4885.93 2.96352906476
4888.62 3.00695029788
4891.3 3.04833802973
4893.99 3.13171158202
4896.68 3.26436763582
4899.37 3.2745351422
4902.06 3.3731001452
4904.75 2.99068228768
4907.44 3.04750070567
4910.13 3.25515707122
4912.82 2.99666317378
4915.51 3.24989389145
4918.2 3.12848190353
4920.88 3.3259707627
4923.57 3.18769267596
4926.26 3.10491721227
4928.95 3.2198698432
4931.64 3.3585067831
4934.33 3.26771693204
4937.02 3.05096961961
4939.71 3.34558806912
4942.4 3.38781312502
4945.09 3.23757326607
4947.77 3.34845889445
4950.46 3.19307547345
4953.15 3.40085145672
4955.84 3.93231299597
4958.53 4.05013645222
4961.22 4.14810336662
4963.91 4.09977780689
4966.6 3.7397284634
4969.29 3.27333896498
4971.98 3.24283644584
4974.66 3.38518153513
4977.35 3.27178393459
4980.04 3.50288537367
4982.73 3.07860131341
4985.42 3.1830275848
4988.11 3.29415244862
4990.8 3.15850595177
4993.49 3.14498914917
4996.18 2.96412715338
4998.87 3.33027700069
5001.55 3.81771921821
5004.24 4.66281842477
5006.93 5.27406498464
5009.62 5.13829887007
5012.31 5.08937522174
5015.0 4.02585405464
5017.69 3.48374653813
5020.38 3.18864961774
5023.07 2.90647141133
5025.76 3.02262021948
5028.45 3.25300395222
5031.13 3.22967849641
5033.82 2.96197403438
5036.51 3.27537246625
5039.2 3.10431912366
5041.89 3.07561087036
5044.58 3.1716639012
5047.27 3.15886480494
5049.96 3.16867345815
5052.65 3.1705873417
5055.34 3.13541973141
5058.02 3.04415140945
5060.71 3.41544481882
5063.4 3.24199912179
5066.09 3.1451087669
5068.78 3.10049135656
5071.47 3.10826650849
5074.16 3.18673573418
5076.85 3.15790786316
5079.54 2.89355269734
5082.23 3.253960894
5084.91 3.32453535003
5087.6 3.1131708351
5090.29 3.15707053911
5092.98 3.02513219164
5095.67 3.11364930599
5098.36 3.1797979063
5101.05 2.98386407752
5103.74 3.03266810813
5106.43 3.15455856694
5109.12 3.03685472841
5111.8 3.10372103505
5114.49 3.27082699281
5117.18 3.52154573831
5119.87 3.23924791418
5122.56 3.19247738484
5125.25 2.74642289917
5127.94 3.11281198193
5130.63 3.04379255629
5133.32 3.25132930411
5136.01 2.99451005479
5138.7 3.10599377177
5141.38 2.93063419119
5144.07 3.02333792581
5146.76 3.09020423246
5149.45 3.1315919643
5152.14 3.13637667318
5154.83 3.07046730831
5157.52 3.09738129578
5160.21 3.01831398148
5162.9 2.84821758067
5165.59 2.92644757092
5168.27 2.80228437539
5170.96 2.73888698268
5173.65 2.85874394021
5176.34 2.62931714925
5179.03 2.84486828445
5181.72 2.93171075069
5184.41 3.03314657902
5187.1 2.82178206409
5189.79 3.00443832572
5192.48 3.03482122713
5195.16 3.21508513432
5197.85 3.10683109583
5200.54 3.37226282114
5203.23 3.49176092551
5205.92 3.15826671633
5208.61 2.98326598891
5211.3 2.97656739647
5213.99 3.11747707309
5216.68 3.25563554211
5219.37 3.1592236581
5222.05 2.9458256419
5224.74 3.14857768084
5227.43 3.28673614985
5230.12 2.89953358345
5232.81 2.88769142896
5235.5 2.98565834335
5238.19 3.23709479518
5240.88 3.30025295245
5243.57 3.18314720252
5246.26 2.96855300909
5248.95 3.05647203483
5251.63 2.97226115848
5254.32 2.8830263378
5257.01 3.16640072143
5259.7 3.31855446393
5262.39 3.16281218977
5265.08 3.09271620462
5267.77 2.98852916868
5270.46 2.8202270337
5273.15 3.1061133895
5275.84 3.21436742799
5278.52 2.99235693579
5281.21 3.24008523824
5283.9 3.04474949806
5286.59 3.06113712599
5289.28 2.96017976855
5291.97 3.19486973929
5294.66 3.04618491073
5297.35 3.00934265233
5300.04 3.04235714362
5302.73 2.86041858832
5305.41 3.23494167619
5308.1 3.07620895897
5310.79 3.01939054098
5313.48 3.098577473
5316.17 3.30731039805
5318.86 3.15252506567
5321.55 3.14032405801
5324.24 3.08745302485
5326.93 3.00910341688
5329.62 3.15778824544
5332.3 2.98769184463
5334.99 2.99020381679
5337.68 3.01508430299
5340.37 3.24092256229
5343.06 3.10144829833
5345.75 2.89187804923
5348.44 2.93171075069
5351.13 3.26197528138
5353.82 3.01867283465
5356.51 3.00372061939
5359.2 3.24235797496
5361.88 3.27812367386
5364.57 3.26006139782
5367.26 3.32932005891
5369.95 3.08529990585
5372.64 2.95192614572
5375.33 2.88912684163
5378.02 3.08541952357
5380.71 3.00706991561
5383.4 3.28733423846
5386.09 3.23111390908
5388.77 3.34618615773
5391.46 3.12704649086
5394.15 3.10850574394
5396.84 3.16412798471
5399.53 2.99092152312
5402.22 2.87214112509
5404.91 3.14750112134
5407.6 3.0536012095
5410.29 3.07955825519
5412.98 3.03183078408
5415.66 3.18314720252
5418.35 3.16006098216
5421.04 3.05252465
5423.73 3.13075464025
5426.42 2.97907936864
5429.11 3.01795512832
5431.8 3.11974980981
5434.49 3.15671168594
5437.18 3.11974980981
5439.87 2.98195019397
5442.55 2.87070571242
5445.24 2.88063398336
5447.93 3.05970171332
5450.62 3.00192635356
5453.31 3.27740596753
5456.0 3.01221347766
5458.69 3.04977344239
5461.38 3.11687898448
5464.07 2.98673490285
5466.76 3.13709437952
5469.45 2.89522734545
5472.13 3.07393622225
5474.82 2.90228479106
5477.51 3.07537163492
5480.2 2.80336093489
5482.89 3.10336218189
5485.58 3.06101750827
5488.27 2.8451075199
5490.96 2.99199808262
5493.65 3.1748935797
5496.34 3.06340986271
5499.02 3.31640134493
5501.71 3.24510918256
5504.4 3.34271724379
5507.09 3.07872093114
5509.78 3.1337450833
5512.47 3.01962977642
5515.16 3.00730915105
5517.85 3.1635298961
5520.54 3.19415203295
5523.23 2.99486890795
5525.91 3.10982153888
5528.6 3.19690324056
5531.29 2.91029917844
5533.98 2.92393559875
5536.67 3.00443832572
5539.36 3.30144912967
5542.05 3.0698692197
5544.74 3.09020423246
5547.43 3.04367293856
5550.12 3.17908019997
5552.8 2.83517924896
5555.49 2.90730873538
5558.18 3.1635298961
5560.87 3.20587456972
5563.56 3.40707157827
5566.25 3.1613767771
5568.94 3.11855363259
5571.63 3.06592183487
5574.32 3.22130525587
5577.01 3.14140061751
5579.7 3.19750132917
5582.38 3.13745323268
5585.07 3.01675895109
5587.76 2.84905490473
5590.45 2.86065782377
5593.14 2.99247655351
5595.83 2.96065823943
5598.52 3.08697455396
5601.21 3.02070633592
5603.9 3.0606586551
5606.59 3.10563491861
5609.27 2.99451005479
5611.96 3.11053924521
5614.65 3.12752496175
5617.34 3.17082657715
5620.03 2.68517862546
5622.72 2.7535999625
5625.41 3.06628068804
5628.1 3.2252526407
5630.79 3.04474949806
5633.48 2.94391175834
5636.16 2.99451005479
5638.85 2.99379234845
5641.54 2.88864837074
5644.23 2.84570560851
5646.92 2.7351788333
5649.61 2.85312190728
5652.3 2.86281094277
5654.99 3.1418790884
5657.68 3.20085062539
5660.37 3.02680683975
5663.05 3.05300312089
5665.74 3.054677769
5668.43 2.97034727492
5671.12 3.22154449131
5673.81 3.26245375227
5676.5 2.97046689265
5679.19 3.20659227605
5681.88 2.93422272285
5684.57 3.13410393646
5687.26 3.05120885506
5689.95 2.97501236609
5692.63 3.06149597916
5695.32 2.96795492048
5698.01 3.01161538904
5700.7 2.94905532039
5703.39 2.96484485971
5706.08 2.85838508705
5708.77 3.12441490098
5711.46 3.0400844069
5714.15 2.7730976512
5716.84 2.79977240322
5719.52 2.89163881379
5722.21 3.24678383067
5724.9 3.17884096453
5727.59 3.30659269172
5730.28 3.0763285767
5732.97 3.05874477155
5735.66 3.05300312089
5738.35 3.03577816891
5741.04 3.15599397961
5743.73 2.75623155238
5746.41 2.93948590262
5749.1 3.1202282807
5751.79 2.9918784649
5754.48 3.01436659665
5757.17 2.86161476554
5759.86 2.97800280914
5762.55 2.78745177785
5765.24 3.10671147811
5767.93 2.94594525962
5770.62 3.13745323268
5773.3 2.82955721602
5775.99 3.29068353468
5778.68 2.81017914505
5781.37 3.09690282489
5784.06 2.91974897848
5786.75 2.96412715338
5789.44 2.88003589475
5792.13 2.81867200331
5794.82 2.75228416755
5797.51 2.78470057024
5800.19 3.63494333885
5802.88 3.04403179173
5805.57 2.99881629278
5808.26 3.05934286016
5810.95 2.84032281101
5813.64 2.89809817078
5816.33 3.27286049409
5819.02 3.12525222503
5821.71 3.02262021948
5824.4 3.00228520672
5827.09 2.39594297345
5829.77 3.04869688289
5832.46 3.03876861196
5835.15 2.91041879616
5837.84 3.02022786504
5840.53 3.07345775136
5843.22 2.99917514595
5845.91 3.24427185851
5848.6 2.93984475579
5851.29 2.94702181912
5853.98 2.91149535566
5856.66 2.77560962336
5859.35 2.81819353243
5862.04 2.97297886481
5864.73 2.73553768646
5867.42 2.7535999625
5870.11 3.16998925309
5872.8 3.21221430899
5875.49 3.27166431687
5878.18 3.49714372301
5880.87 3.3195114057
5883.55 3.20168794944
5886.24 3.04056287779
5888.93 2.80049010956
5891.62 2.69534613184
5894.31 2.6085036656
5897.0 2.66663787854
5899.69 2.56113504766
5902.38 2.80647099566
5905.07 2.86675832759
5907.76 3.2177167242
5910.44 3.01149577132
5913.13 2.94235672795
5915.82 2.90838529488
5918.51 2.81053799821
5921.2 2.89953358345
5923.89 3.04534758667
5926.58 2.85766738072
5929.27 2.61101563777
5931.96 2.53242679435
5934.65 2.74953295995
5937.34 3.03075422458
5940.02 2.85659082122
5942.71 2.80623176022
5945.4 2.82214091726
5948.09 2.86759565165
5950.78 2.84570560851
5953.47 2.74367169156
5956.16 2.83230842363
5958.85 2.81472461849
5961.54 2.92250018609
5964.23 3.13637667318
5966.91 3.10085020972
5969.6 3.23709479518
5972.29 3.18541993924
5974.98 2.8635286491
5977.67 2.802882464
5980.36 2.92584948231
5983.05 3.0124527131
5985.74 3.04917535378
5988.43 3.05192656139
5991.12 2.67536997225
5993.8 2.66986755704
5996.49 3.07608934125
5999.18 3.04654376389
6001.87 3.01699818654
6004.56 2.91867241898
6007.25 2.86986838837
6009.94 3.01556277387
6012.63 2.71592038004
6015.32 2.8890072239
6018.01 2.901447467
6020.69 2.70886293444
6023.38 2.99869667506
6026.07 2.85300228955
6028.76 2.46855093076
6031.45 2.86759565165
6034.14 3.14199870612
6036.83 3.07573048808
6039.52 2.88912684163
6042.21 2.86592100354
6044.9 2.84044242873
6047.59 2.87465309725
6050.27 2.96974918631
6052.96 3.07166348553
6055.65 3.18350605569
6058.34 2.72740368136
6061.03 2.68099200519
6063.72 3.06580221715
6066.41 3.11556318954
6069.1 2.89510772773
6071.79 2.81520308937
6074.48 2.91783509493
6077.16 3.12393643009
6079.85 2.9095814721
6082.54 3.06962998426
6085.23 2.73266686113
6087.92 2.83123186413
6090.61 2.74558557512
6093.3 2.98398369524
6095.99 3.20994157227
6098.68 3.24678383067
6101.37 2.94606487734
6104.05 2.49175676884
6106.74 3.07345775136
6109.43 2.7893656614
6112.12 2.74247551434
6114.81 2.85563387944
6117.5 2.64092006829
6120.19 3.16520454421
6122.88 2.68924562801
6125.57 2.44343120912
6128.26 2.75324110933
6130.94 2.73745157002
6133.63 2.87453347953
6136.32 2.93135189752
6139.01 3.1337450833
6141.7 2.94606487734
6144.39 2.96580180148
6147.08 2.91891165443
6149.77 2.80754755516
6152.46 2.95348117611
6155.15 2.82955721602
6157.84 2.92620833547
6160.52 2.80443749439
6163.21 2.57560879203
6165.9 2.9756104547
6168.59 2.80252361083
6171.28 2.74474825106
6173.97 2.92369636331
6176.66 2.68398244824
6179.35 2.87309806687
6182.04 2.86747603393
6184.73 2.61580034665
6187.41 2.78039433225
6190.1 3.01508430299
6192.79 2.89211728468
6195.48 2.67465226592
6198.17 2.93613660641
6200.86 2.78003547908
6203.55 2.71592038004
6206.24 2.80551405388
6208.93 2.73111183075
6211.62 2.63577650624
6214.3 2.80228437539
6216.99 2.7379300409
6219.68 2.7574277296
6222.37 2.58589591613
6225.06 2.88685410491
6227.75 2.69414995462
6230.44 2.81759544382
6233.13 2.77788236008
6235.82 2.57728344014
6238.51 2.65790578483
6241.19 2.67824079758
6243.88 2.48601511818
6246.57 2.76484402837
6249.26 2.78194936263
6251.95 2.70348013694
6254.64 2.65276222278
6257.33 2.58218776674
6260.02 2.33996187951
6262.71 2.6149630226
6265.4 2.73697309913
6268.09 2.62548938214
6270.77 2.80264322855
6273.46 2.72776253453
6276.15 2.8099399096
6278.84 2.88266748463
6281.53 2.70802561038
6284.22 2.58242700219
6286.91 2.47536914092
6289.6 2.51484298921
6292.29 2.55838384005
6294.98 2.72237973703
6297.66 2.79379151712
6300.35 2.92680642408
6303.04 3.23266893947
6305.73 3.17860172908
6308.42 2.86508367949
6311.11 2.77429382842
6313.8 2.83398307174
6316.49 2.82070550459
6319.18 2.64247509868
6321.87 2.97393580659
6324.55 2.702164342
6327.24 2.84654293256
6329.93 3.02812263469
6332.62 3.10587415405
6335.31 2.78147089174
6338.0 2.79163839812
6340.69 2.47812034853
6343.38 2.73075297758
6346.07 2.33003360858
6348.76 2.63063294419
6351.44 2.6312310328
6354.13 2.75228416755
6356.82 2.92034706709
6359.51 3.05252465
6362.2 2.89486849229
6364.89 2.94702181912
6367.58 2.79773890195
6370.27 2.90551446955
6372.96 2.82991606919
6375.65 2.94546678873
6378.34 2.89989243661
6381.02 2.64905407339
6383.71 2.38338311263
6386.4 2.85874394021
6389.09 3.43063626952
6391.78 2.94678258367
6394.47 2.51544107782
6397.16 2.66304934688
6399.85 3.15419971378
6402.54 2.83194957047
6405.23 2.44402929773
6407.91 2.86496406176
6410.6 3.10575453633
6413.29 2.43637376352
6415.98 2.63158988597
6418.67 2.85778699844
6421.36 2.61747499476
6424.05 2.81998779826
6426.74 2.71065720027
6429.43 2.87226074281
6432.12 2.95467735333
6434.8 2.76113587899
6437.49 2.72022661803
6440.18 2.63912580246
6442.87 2.54438856656
6445.56 2.6355372708
6448.25 2.55144601217
6450.94 2.69869542806
6453.63 2.8440309604
6456.32 2.60060889595
6459.01 2.59450839212
6461.69 2.79486807662
6464.38 2.61376684538
6467.07 2.74092048396
6469.76 2.7801550968
6472.45 2.54905365773
6475.14 2.69139874701
6477.83 2.72022661803
6480.52 2.81771506154
6483.21 2.6128099036
6485.9 2.7936718994
6488.59 2.67525035453
6491.27 2.7341022738
6493.96 2.60431704533
6496.65 2.2478562335
6499.34 2.4443881509
6502.03 2.4855366473
6504.72 2.37465101892
6507.41 2.75814543594
6510.1 2.28374155013
6512.79 2.53541723741
6515.48 2.79690157789
6518.16 2.38469890757
6520.85 2.88984454796
6523.54 2.56292931349
6526.23 2.88015551247
6528.92 2.86807412254
6531.61 2.63840809613
6534.3 2.9149642696
6536.99 2.70838446355
6539.68 2.64845598478
6542.37 2.86604062126
6545.05 3.56879473854
6547.74 3.87824578558
6550.43 4.01999278626
6553.12 3.73924999251
6555.81 4.81856069893
6558.5 7.40409776189
6561.19 11.6907184507
6563.88 13.7991004202
6566.57 13.2656053797
6569.26 10.979949946
6571.94 7.7046970975
6574.63 5.02645629992
6577.32 4.01604540143
6580.01 4.81365637232
6582.7 5.94488117012
6585.39 6.4039739875
6588.08 6.0195226287
6590.77 5.19942352606
6593.46 4.16508908315
6596.15 3.16759689865
6598.84 2.67584844314
6601.52 2.54713977417
6604.21 2.67357570642
6606.9 2.76759523598
6609.59 2.43111058374
6612.28 2.43828764707
6614.97 2.51484298921
6617.66 2.66077661016
6620.35 2.94032322668
6623.04 2.72214050159
6625.73 2.42477084447
6628.41 2.51292910565
6631.1 2.68206856469
6633.79 2.59235527312
6636.48 2.58637438702
6639.17 2.70204472428
6641.86 2.96556256604
6644.55 2.81855238559
6647.24 2.54797709823
6649.93 2.38146922908
6652.62 2.52417317153
6655.3 2.69714039767
6657.99 2.74127933712
6660.68 2.8110164691
6663.37 2.60156583772
6666.06 2.48374238146
6668.75 2.4156798976
6671.44 2.30084688439
6674.13 2.13182704308
6676.82 2.84438981356
6687.47 2.64438898223
6702.89 2.63182912141
6718.34 2.66197278738
6733.83 2.64941292656
6749.35 2.6187907897
6764.91 2.66711634943
6780.5 2.66053737471
6796.13 2.64797751389
6811.8 2.6355372708
6827.51 2.64115930373
6843.24 2.65300145822
6859.02 2.60419742761
6874.83 2.59785768834
6890.68 2.53840768046
6906.56 2.58529782752
6922.48 2.58493897435
6938.44 2.63266644547
6954.44 2.61412569854
6970.47 2.64403012906
6986.54 2.50730707272
7002.64 2.62513052897
7018.78 2.60670939977
7034.97 2.58242700219
7051.18 2.65443687089
7067.44 2.50551280688
7083.73 2.57536955658
7100.06 2.45910113071
7116.43 2.45312024461
7132.83 2.43589529263
7149.28 2.45240253828
7165.75 2.45778533577
7182.27 2.39044055823
7198.83 2.31424406926
7215.43 2.35156479856
7232.06 2.45634992311
7248.73 2.43912497112
7265.44 2.50132618661
7282.19 2.43278523185
7298.97 2.32823934275
7315.8 2.44893362434
7332.67 2.45981883705
7349.57 2.55180486533
7366.51 2.5397234754
7383.49 2.55694842738
7400.51 2.53314450069
7417.58 2.50957980944
7434.67 2.60934098966
7451.81 2.50874248538
7468.99 2.46268966238
7486.21 2.56651784515
7503.47 2.48469932324
7520.76 2.5656805211
7538.1 2.54761824506
7555.48 2.56496281476
7572.89 2.54690053873
7590.35 2.54654168556
7607.85 2.51113483982
7625.39 2.44235464962
7642.96 2.48745053085
7660.59 2.4248904622
7678.24 2.37477063664
7695.94 2.40742627477
7713.69 2.38493814302
7731.47 2.37369407714
7749.29 2.35694759605
7767.16 2.34570353017
7785.06 2.32393310475
7803.0 2.34498582384
7821.0 2.38278502402
7839.02 2.30682777049
7857.09 2.34929206184
7875.2 2.39259367723
7893.36 2.38122999363
7911.56 2.34283270484
7929.79 2.29965070717
7948.08 2.24701890945
7966.4 2.27788028175
7984.76 2.33051207947
8003.17 2.26663621587
8021.62 2.34055996812
8040.11 2.36185192266
8058.64 2.3290766668
8077.22 2.28613390457
8095.84 2.31759336548
8114.5 2.30658853505
8133.21 2.3436700289
8151.96 2.27943531214
8170.75 2.09773599228
8189.59 2.23194707647
8208.47 2.20610964849
8227.39 2.30969859582
8246.36 2.31998571992
8265.36 2.2305116638
8284.42 2.18433922307
8303.51 2.20933932699
8322.66 2.27082283615
8341.84 2.17321477492
8361.07 2.29103823118
8380.35 2.248932793
8399.66 2.19223399273
8419.03 2.25335864872
8438.44 2.28422002102
8457.89 2.18613348891
8477.38 2.07297512381
8496.93 2.22596619036
8516.52 2.20527232444
8536.15 2.16460229893
8555.82 1.87632358869
8575.55 2.2142436536
8595.32 2.18350189902
8615.13 2.148214671
8634.99 2.20802353205
8654.9 2.17237745087
8674.85 1.75730395522
8694.84 2.1124489721
8714.89 2.15132473178
8734.98 2.20610964849
8755.11 2.10646808599
8775.3 2.12560692153
8795.53 2.21005703332
8815.8 1.94235257129
8836.13 2.13912372412
8856.5 2.13876487096
8876.91 1.93685015607
8897.38 2.08936275174
8917.89 2.11316667843
8938.44 2.0599367921
8959.05 2.05479323005
8979.7 1.99845328295
9000.4 1.78900265157
9021.15 1.85156272022
9041.95 2.13529595702
9062.79 2.17465018759
9083.68 2.11496094426
9104.62 2.08075027575
9125.61 1.98218527274
9146.65 1.93218506491
9167.73 2.03697018946
9188.87 2.05539131866
9210.05 2.06448226554
9231.28 2.01711364759
9252.56 1.97082158914
9273.89 2.05862099716
9295.27 1.9386444219
9316.7 2.0436687819
9338.17 2.04330992873
9359.7 2.03816636668
9381.28 2.03314242235
9402.9 1.99103698418
9424.58 2.04175489834
9446.3 2.01328588049
9468.08 2.05036737433
9489.91 2.05000852117
9511.78 1.99833366523
9533.71 1.9933097209
9555.69 1.90766343188
9577.71 1.98338144996
9599.8 2.02919503752
9621.92 2.01484091087
9644.1 1.99139583734
9666.33 1.98649151074
9688.62 2.00909926021
9710.95 1.98110871324
9733.34 1.96256796632
9755.78 1.95311816628
9778.27 1.95730478655
9800.81 1.93445780163
9823.4 1.95204160678
9846.04 1.96065408277
9868.75 1.94665880928
9891.5 1.9418741004
9914.3 1.92811806236
9937.15 1.94103677634
9960.06 1.9451037789
9983.02 1.93134774086
10029.1 1.91723284965
10075.39 1.88146715074
10121.89 1.92895538641
10168.62 1.91053425721
10215.56 1.91854864459
10286.36 1.92177832309
10310.07 1.91256775849
10501.76 1.84510336323
10697.0 1.76615566665
10895.87 1.69055726629
11098.44 1.61818854443
11304.78 1.58864296707
11488.47 1.58134628602
11702.05 1.53828390607
11892.19 1.47919275136
12113.28 1.45550844238
12310.11 1.42895330808
12510.13 1.3868478699
12713.4 1.3521587305
12890.26 1.3212973582
13099.71 1.29725419606
13312.57 1.25610569966
13497.76 1.22751706408
13685.54 1.20227772472
13907.91 1.15616509286
14101.39 1.10413138375
14297.56 1.08397579757
14496.46 1.08897581836
14698.13 1.04958570247
14902.6 1.06173886304
15109.92 1.06419102634
15284.87 1.07899970034
15497.5 1.06910731472
15713.1 1.04476510827
15895.05 1.00465728606
16116.17 1.00465728606
16302.79 1.00004004198
16491.58 0.984059114313
16682.53 0.979537564418
16914.6 0.963879604596
17110.47 0.948460880219
17308.61 0.909955935478
17509.01 0.883125680414
17711.76 0.847264287331
17916.86 0.814740228695
18082.65 0.772718522925
18292.02 0.753388299036
18503.84 0.727814030053
18718.11 0.693459820269
18891.29 0.676115250566
19110.05 0.665301808489
19286.88 0.645684502066
19510.22 0.619464297384
19690.73 0.601198671221
19918.74 0.58213160632
20103.06 0.572825347542
20289.06 0.55337550593
20476.8 0.547035766659
20713.91 0.533363461024
20905.56 0.522418439453
21099.01 0.512884907003
21294.22 0.502370509231
21491.26 0.492059461587
21690.13 0.475360827583
21890.81 0.467753140458
22093.37 0.455013853056
22297.79 0.443626245913
22504.11 0.433530510169
22712.35 0.421712279226
22922.49 0.380204929661
23081.4 0.377585301547
23294.95 0.332668846903
23510.51 0.313338623013
23673.46 0.316975001765
23892.52 0.293099304436
24113.6 0.283147109958
24280.74 0.279271495762
24505.42 0.260623092888
24675.27 0.255874269321
24903.6 0.219797564339
25076.21 0.217285592175
25308.25 0.218278419269
25483.66 0.21628080331
25719.47 0.219295169906
25897.74 0.215287976216
26077.27 0.214295149123
26318.54 0.209426707834
26500.99 0.20702239162
26684.67 0.203242471602
26869.65 0.200455378677
27118.26 0.197704171069
27306.25 0.194091715862
27495.51 0.19099361686
27686.12 0.186651493548
27878.02 0.184510336323
28071.27 0.18113711656
28331.0 0.178661029713
28527.39 0.1753954659
28725.12 0.171794972465
28924.25 0.16943850334
29124.73 0.16673514282
29326.63 0.163684890907
29529.9 0.160706409627
29666.19 0.158493481768
29871.85 0.155598732894
30078.89 0.153110684274
30287.41 0.150670482744
30497.34 0.148947987546
30708.75 0.14723745412
30921.6 0.145215914617
31064.32 0.143553228279
31279.66 0.142237433337
31496.47 0.140610632316
31714.81 0.138995793068
31934.63 0.138361819141
32082.02 0.138038851291
32304.42 0.139318760918
32528.33 0.144223087523
32678.5 0.160335594689
32905.0 0.205598940727
33133.11 0.203242471602
33286.03 0.154175282001
33516.74 0.13521587305
33671.47 0.126483779337
33904.86 0.12162729982
34061.34 0.118037571981
34297.47 0.115616509286
34535.18 0.113245686034
34694.62 0.110922709871
34935.09 0.108897581836
35096.34 0.107157143979
35339.63 0.104958570247
35502.74 0.103280333606
35666.6 0.101396354484
35913.85 0.099774338172
36079.61 0.0984059114313
36329.73 0.0966092532455
36497.4 0.0948460880219
36665.85 0.0933293353058
36920.03 0.0916259789433
37090.44 0.0899537231884
37261.63 0.0887192682965
37519.93 0.0868998827435
37693.1 0.0859058594729
37867.08 0.0845314518461
38129.58 0.0831797715865
38305.57 0.0820386185178
38482.36 0.0807276082837
38660.02 0.0792539179476
38927.98 0.0781665928538
39107.69 0.0769165876579
39288.19 0.0758615593491
39469.52 0.0744763861273
39743.14 0.0732861897925
39926.57 0.0719476674823
40110.85 0.0709608212751
40295.98 0.0699871330173
40482.01 0.0687096157454
40668.85 0.0679237273112
40856.56 0.0669919052562
41139.78 0.0660720449733
41329.66 0.0651653426399
41520.42 0.0642717982559
41712.1 0.0632442820231
41904.62 0.0625205948045
42098.03 0.0615205906478
42292.38 0.0609559949995
42487.58 0.0601198671221
42683.68 0.0592957010169
42880.73 0.05754688992
43078.64 0.0557215234809
43277.47 0.0555935325183
43477.21 0.0539535735484
43677.93 0.0530911297722
43879.52 0.0523626578446
44082.04 0.0510528437878
44285.55 0.0505851384944
44489.95 0.049890159529
44695.29 0.0488674280052
44901.63 0.0487549873464
45108.87 0.0479750797984
45317.07 0.0472083301998
45526.28 0.0469918221228
45736.4 0.0465611983233
45947.5 0.0456054527238
46053.41 0.0456054527238
46266.02 0.0450839194555
46479.56 0.0445671708961
46694.08 0.0443626245913
46909.65 0.0439559243362
47126.16 0.0434535299034
47343.67 0.0433530510169
47452.8 0.0428566374702
47671.86 0.0425623778738
47891.89 0.0422693144547
48112.94 0.0416891685026
48335.0 0.0417848626803
48446.47 0.0413063917919
48670.07 0.0409283997901
48894.71 0.0406496904976
49120.43 0.0405683504466
49347.14 0.0404882065728
49460.89 0.0403075838125
49689.17 0.0403207417619
49918.57 0.0402394017109
50148.97 0.0402525596603
50264.56 0.0400731330772
50496.56 0.0399929892034
50729.68 0.0400049509756
50846.61 0.0400109318617
50963.82 0.0400169127478
51081.29 0.0400228936339
51199.04 0.039936768874
51317.05 0.0399427497601
51435.4 0.0399487306462
51553.96 0.0399547115323
51672.8 0.0400527980644
51791.91 0.0401508845965
51911.29 0.0400647598366
52030.95 0.0400707407227
52150.94 0.0401688272548
52271.16 0.0401748081409
52391.64 0.040180789027
52512.41 0.0402788755592
52633.46 0.0404702639145
52754.78 0.0405695466238
52876.38 0.0404822256867
52998.32 0.0404882065728
53120.49 0.0405874892822
53242.94 0.0406867719915
53365.67 0.0407860547008
53488.68 0.0408865335874
53611.97 0.0409858162967
53735.55 0.0411807931837
53859.48 0.0412812720703
53983.63 0.041382947134
54108.06 0.0415791201983
54232.78 0.0416807952621
54357.79 0.041783666503
54483.09 0.0419822319217
54608.74 0.0421819935176
54734.62 0.0423817551135
54860.79 0.0425839090638
54987.24 0.0427860630142
55113.99 0.0429894131417
55241.03 0.0432932421558
55368.37 0.0435994635244
55496.06 0.0438064021836
55623.98 0.04401453702
55752.2 0.0444284143384
55880.71 0.0447418127703
56009.52 0.0450587997339
56138.62 0.0455863138883
56268.09 0.0459092817379
56397.79 0.0462334457648
56527.79 0.0467753140458
56658.09 0.047323163213
56788.69 0.047766944962
56919.6 0.0483267559013
57050.8 0.0488925477268
57182.37 0.0496939864648
57314.18 0.0503913577846
57446.29 0.0510994946994
57578.71 0.051936818754
57711.43 0.0526652906815
57844.46 0.0536521368888
57977.8 0.0547825243625
58111.5 0.055808844418
58245.45 0.0568531071319
58379.71 0.0583196204047
58514.28 0.0596856547909
58649.16 0.0610839859622
58784.35 0.0628028926286
58919.92 0.0645708425611
59143.24 0.0647095991187
59446.22 0.0654404634007
59749.2 0.0797658817981
60052.19 0.0914429638285
60355.17 0.100067401591
60658.14 0.101257597926
60961.13 0.112311471624
61264.11 0.145550844238
61567.1 0.216687503565
61870.08 0.300659144472
62173.07 0.333075547158
62476.05 0.302453410303
62779.03 0.242716319892
63082.01 0.194091715862
63385.0 0.16570643041
63687.98 0.142775713086
63990.96 0.127584262381
64293.95 0.117785178587
64596.93 0.106056660936
64899.91 0.0990291197634
65202.9 0.0947850829836
65505.88 0.0909764547123
65808.86 0.0909010955474
66111.85 0.0907551619264
66414.83 0.093200148166
66717.82 0.0907025301287
67020.8 0.0937802941181
67323.78 0.0932444067231
67626.77 0.0912432022326
67929.74 0.0881403185216
68232.73 0.0937133081937
68535.71 0.0908388943319
68838.69 0.0937491935103
69141.68 0.0983209828486
69444.66 0.107171498106
69747.64 0.139833117123
70050.63 0.14074221181
70353.61 0.12769191833
70656.6 0.1197851869
70959.58 0.125921576044
71262.56 0.129318719351
71565.55 0.132141697592
71868.53 0.130742170244
72171.51 0.134976637606
72474.5 0.139163257879
72777.48 0.15340972858
73080.46 0.166208824843
73383.44 0.168852376501
73666.6 0.161902586848
73686.43 0.180885919344
73989.42 0.202656344764
74273.76 0.203421898185
74292.39 0.224677967401
74880.94 0.246998634342
75488.11 0.292931839625
76095.28 0.321149660266
76702.45 0.303888822968
77309.64 0.28830263378
77916.81 0.278541827657
78523.98 0.258135044269
79131.16 0.228290422608
79738.33 0.194570186751
80345.5 0.168852376501
80952.68 0.146651327282
81559.85 0.13364888089
82167.03 0.126196696804
82774.2 0.126124926171
83381.38 0.12925891049
83988.55 0.131388105943
84595.73 0.137991004202
85202.89 0.152775754653
85810.07 0.15698629847
86417.25 0.147644154375
87024.42 0.126005308449
87631.58 0.101362861521
88238.76 0.0807300006381
88845.93 0.0670708529527
89453.12 0.0605313520861
90060.29 0.0581246435177
90667.46 0.0500014040106
91274.64 0.0446114294532
91881.81 0.0432848689153
92488.98 0.0417884512119
93096.15 0.0407453846753
93703.33 0.0385372415255
94310.5 0.0386006389182
94917.67 0.0391879619337
95524.85 0.0396460978093
96132.03 0.0405528001427
96739.2 0.041940365719
97346.38 0.0377214486609
97953.51 0.0368793398974
98560.73 0.0342872238597
99167.86 0.0337967911991
99775.1 0.0336329149199
100382.23 0.0334498998051
100989.46 0.0343936836324
101596.6 0.0326867387381
102203.73 0.0318338643797
102810.96 0.0317991752402
103418.09 0.0336305225654
104025.32 0.0361939303498
104632.46 0.0396269589738
105239.59 0.0454236337862
105846.82 0.046121005106
106453.96 0.0442932463125
107061.18 0.0452836810514
107668.31 0.0439607090451
108275.54 0.0459930141434
108882.68 0.0502382471003
109489.81 0.0593746487135
110097.04 0.0721402520149
110704.17 0.0780517598406
111311.4 0.107618868387
111918.53 0.168469599791
112525.76 0.19191467332
113132.9 0.166089207121
113740.03 0.127297179848
114347.26 0.101738461169
114954.4 0.0851163825072
115561.62 0.073153414121
116168.75 0.0655552964139
116775.99 0.0619703532829
117383.12 0.0596186688666
117990.25 0.0610301579872
118597.49 0.0638507438741
119204.62 0.0673854475618
119811.84 0.0663459695569
120418.97 0.0655552964139
121026.12 0.0623076752591
121633.34 0.061018196215
122240.47 0.0647658194481
122847.7 0.0698005293708
123454.84 0.0691163160005
124062.07 0.0696031601294
124669.2 0.0732395388809
125276.34 0.0787969782492
125883.57 0.0828663731547
126490.7 0.0877814653553
127097.93 0.095788675672
127705.06 0.134270893045
128312.19 0.138254163191
128919.42 0.0813221083625
129526.56 0.0542239096003
130133.79 0.048671254941
130740.91 0.0480037880517
131348.14 0.0480946975205
131955.28 0.0473578523524
132562.42 0.0464355997151
133169.65 0.0460958853844
133776.77 0.0457011469015
134384.01 0.0461903833848
134991.14 0.0460265071056
135598.37 0.0448219566441
136205.5 0.0440492261594
136812.64 0.0430492220028
137419.87 0.0413494541719
138027.01 0.0407322267259
138634.22 0.0401628463687
139241.36 0.0403614117874
139848.59 0.0407513655614
140455.73 0.0387645151975
141062.85 0.0386664286654
141670.1 0.0386114045132
142192.55 0.039227435782
143089.11 0.0373685763807
143985.78 0.0362094806537
144882.35 0.0340037298584
145778.91 0.0324415224079
146675.49 0.0326616190165
147572.15 0.033103008411
148468.73 0.0326759731432
149365.29 0.0305013229556
150261.96 0.0310001288567
151158.53 0.0312262063514
152055.09 0.0341508596565
152951.67 0.0314857768084
153848.34 0.0331544440315
154744.91 0.0410264863222
155641.47 0.0540851530427
156538.14 0.043294438333
157434.71 0.0332501382092
158331.27 0.0328386532452
159227.94 0.0346735891021
160124.52 0.0342202379353
161021.08 0.0347800488747
161917.65 0.0364247925534
162814.33 0.0412645255892
163710.88 0.0480946975205
164607.46 0.0524643329084
165504.03 0.0491700608421
166400.7 0.0442107100842
167297.27 0.0463602405502
168193.85 0.0460265071056
169090.52 0.0478686200257
169987.08 0.0564667418895
170883.65 0.0569822942717
171780.32 0.0487179058526
172676.88 0.0487980497264
173573.45 0.0493112097541
174470.01 0.0467753140458
175366.68 0.0417597429586
176263.26 0.0381616418782
177159.82 0.0342477500114
178056.48 0.0376759939265
178953.06 0.038886525274
179849.62 0.0373147484058
180746.29 0.034039615175
181642.86 0.0350755046483
182539.44 0.0348470347991
183436.0 0.0353518215863
184332.67 0.0359367522473
185229.24 0.0360826858683
186125.8 0.0401257648749
187022.48 0.0665014725956
187919.06 0.0550014247939
188815.6 0.0401867699132
189712.18 0.0360013458172
190608.86 0.0323290817491
191505.42 0.0347417712036
192402.0 0.0324690344839
193298.67 0.0353697642446
194195.23 0.0321664016471
195091.8 0.0328171220552
195988.38 0.0360611546783
196885.04 0.0334415265645
197781.6 0.0377680995725
198678.18 0.033156836386
199574.85 0.0353494292319
200994.65 0.0316998925309
202710.72 0.0374415431912
204427.79 0.0370192926322
206145.84 0.033135305196
207864.76 0.0377956116486
209584.55 0.0371401065315
211305.33 0.034131720821
213027.01 0.0371078097466
214749.63 0.0398087779114
216473.25 0.0379606841051
218197.74 0.0358195268797
219923.22 0.0381365221565
221649.58 0.039319541428
223376.89 0.0373829305074
225105.2 0.0369295793407
226834.4 0.0373948922796
228564.57 0.0400707407227
230295.72 0.0397405958098
232027.74 0.0379606841051
233760.85 0.0378948943579
235494.73 0.0398518402913
237229.67 0.0408183514858
238965.62 0.0400910757355
240702.44 0.0391090142371
242440.22 0.0402310284703
244179.0 0.0413853394885
245918.64 0.0412776835386
247659.37 0.040787250878
249400.99 0.0406126090038
251143.68 0.0412250517409
252887.22 0.0416496946543
254631.78 0.0421150075932
256377.29 0.0418016091614
258123.79 0.0429535278251
259871.25 0.0442729112997
261619.73 0.0438339142597
263369.15 0.0421999361759
265119.56 0.0426449141021
266870.93 0.0427764935964
268623.29 0.0426772108871
270376.75 0.0443961175535
272131.06 0.0427023306087
273886.35 0.0437071194742
275642.71 0.0448111910491
277400.08 0.0441652553498
279158.31 0.043862622513
280917.6 0.0440480299822
282677.9 0.0454367917357
284439.27 0.0446556880104
286201.59 0.0447310471753
287964.83 0.043202332687
289729.19 0.0452143027726
291494.48 0.0430851073194
293260.8 0.0447513821881
295028.13 0.0437214736009
296796.44 0.0461628713087
298565.82 0.0464379920695
300336.17 0.0458410996363
302107.5 0.0451497092026
303879.91 0.046131770701
305653.41 0.0457896640158
307427.86 0.0454391840901
309203.32 0.0466592848554
310979.72 0.0475863222016
312757.32 0.0476772316704
314535.8 0.0469942144773
316315.42 0.0480851281027
318095.95 0.0467310554887
319877.64 0.0483399138508
321660.34 0.0477406290631
323443.96 0.0478470888358
325228.71 0.0487143173209
327014.52 0.0480097689378
328801.38 0.0501054714288
330589.28 0.0479798645073
332378.18 0.0572921041719
334168.09 0.0763340493513
335959.1 0.0604595814529
337751.28 0.049174845551
339544.31 0.0510600208511
341338.53 0.0495097751728
