100.01 5.84520362385e-13
102.1 9.02792456615e-13
104.0 1.26880536498e-12
105.93 1.83735673888e-12
107.9 2.66672877097e-12
109.91 4.68583659846e-12
114.03 8.87894221114e-12
118.04 1.5593671104e-11
121.07 5.71006721261e-11
125.04 9.5991159e-11
127.07 1.21905227368e-10
127.95 1.38333901188e-10
130.93 1.93030917475e-10
132.14 2.352333541e-10
133.98 2.90617129198e-10
137.1 4.31513453047e-10
139.97 5.80348117994e-10
142.9 1.34396114779e-09
146.9 3.17662872704e-09
151.02 4.46227075965e-09
154.89 6.2683356656e-09
158.87 8.72442147861e-09
161.82 1.10518323208e-08
165.97 1.50660483399e-08
169.84 2.00267730755e-08
173.0 2.4732547833e-08
177.03 3.22739718755e-08
179.9 3.91341754843e-08
181.98 4.43956341186e-08
185.8 5.67462159655e-08
191.0 7.59274634078e-08
194.1 9.03807825825e-08
198.17 1.12371833548e-07
201.85 1.38762202382e-07
205.13 1.62154462858e-07
209.91 2.00193885721e-07
215.79 2.75312746012e-07
219.8 3.31434971445e-07
222.86 3.75040463706e-07
227.0 4.48387043194e-07
230.16 7.53902407893e-07
233.9 1.33329054045e-06
239.9 1.99196977769e-06
246.06 2.25762728558e-06
251.79 2.80574204647e-06
257.06 2.66377496963e-06
260.04 3.36659507563e-06
264.26 3.89698702848e-06
269.18 4.39765635537e-06
274.18 4.92823292081e-06
279.28 5.47210159227e-06
283.81 6.11898408542e-06
289.76 6.63811467067e-06
295.83 7.59293095336e-06
301.32 8.06904680662e-06
308.34 9.35579651473e-06
317.71 1.14048115808e-05
328.12 1.33962275207e-05
338.09 1.54496732888e-05
348.37 1.76125943189e-05
357.3 1.99473896645e-05
365.62 2.26445795118e-05
375.0 2.5059312106e-05
384.62 2.69737445986e-05
395.4 3.10296830616e-05
404.61 3.45779369196e-05
414.03 3.74782006089e-05
421.73 3.98061652888e-05
429.57 4.22762816582e-05
440.59 4.66552921426e-05
450.85 5.00946245762e-05
460.29 5.29376583646e-05
469.93 5.67185240779e-05
479.77 6.11861486025e-05
489.82 6.40550281526e-05
500.08 6.95712521523e-05
505.87 7.93963338547e-05
511.72 0.000141304317659
520.04 0.000150053107999
529.71 0.000161131709144
539.55 0.000162591994681
549.59 0.000212322932468
559.8 0.000256962255197
570.21 0.000294918602397
579.48 0.000296949340817
590.25 0.000362652959342
599.84 0.000382314199502
609.59 0.000452208523676
619.49 0.000541044098933
629.56 0.000598550918743
639.79 0.000632353482811
650.18 0.000729108937908
657.71 0.000786948060368
665.33 0.000857211609709
674.58 0.000907924686441
685.54 0.000922176777899
695.08 0.00118777890201
704.75 0.00116047470089
716.2 0.00144656882179
726.16 0.00154598269809
734.57 0.00164532272935
744.79 0.00188397141625
755.15 0.0020506765793
765.66 0.00221664329201
774.52 0.00246993175679
785.3 0.00272543557258
794.39 0.00290672512973
805.44 0.00309835299157
814.77 0.00328130406198
824.2 0.0036640059479
835.67 0.00318881315756
845.35 0.00403175421455
855.14 0.00425956614279
865.04 0.00465814471091
875.05 0.005082015203
885.19 0.00559560741074
895.44 0.00599307830336
905.81 0.00617215250951
914.19 0.00964822284725
924.77 0.0659473071351
935.48 0.147549761365
944.14 0.291004815624
955.07 0.413642954949
963.91 0.496090934812
975.07 0.0935930415382
984.09 0.485475711251
995.49 0.499820109002
1004.7 0.686592659891
1013.99 0.648027091164
1025.74 0.269885136053
1035.23 0.487580294705
1044.8 0.903401678141
1054.47 0.907223158623
1064.23 0.756025452605
1074.08 0.894004897633
1084.01 0.743250261816
1094.04 0.950422503199
1104.17 0.928287454419
1114.38 0.917136854365
1124.7 0.845617939455
1135.1 1.03728272381
1145.61 0.958526995622
1156.21 1.02164603798
1164.22 1.06735611369
1174.99 0.787003444143
1185.86 1.04625489538
1194.08 0.757908500959
1205.13 0.570489806027
1216.28 0.331785735354
1224.72 0.719121397132
1236.05 1.07989130812
1244.62 1.20588939647
1256.13 1.17995132846
1264.84 1.03696888242
1273.61 1.3142015993
1285.39 1.37776371186
1294.3 1.15357019026
1306.28 1.14426571604
1315.33 1.38795432647
1324.45 1.34962875411
1333.63 1.23038748632
1345.97 1.42384301274
1355.3 1.39724033943
1364.69 1.28252207995
1374.15 1.34228117328
1383.68 1.36967768069
1396.48 1.22169223363
1406.16 1.2755806468
1415.91 1.30751862377
1425.72 1.33711202093
1435.61 1.33930891068
1442.23 1.40935092492
1445.56 1.4308213684
1455.58 1.4036833186
1465.67 1.31809692482
1475.83 1.31708155561
1486.06 1.34049043121
1496.36 1.36428699325
1506.73 1.3107862665
1513.68 1.1929295931
1517.17 1.2680853759
1524.18 1.23943350292
1534.74 1.10870933243
1545.38 1.20891704284
1556.09 1.14805027401
1563.27 1.16950225623
1574.11 1.24607955593
1585.02 1.29742031545
1596.01 1.3322936325
1603.38 1.30198024626
1614.49 1.30947551716
1625.68 1.24905181853
1633.18 1.32298915828
1644.5 1.34281654977
1655.9 1.25158101092
1663.55 1.36587466147
1671.23 1.23697815556
1675.08 1.37349916117
1686.69 1.42308610114
1694.47 1.34946260278
1706.22 1.30478635754
1714.1 1.25732246228
1725.98 1.25255945762
1733.94 1.3264414136
1745.96 1.29721724161
1754.02 1.3768591102
1766.18 1.27111302228
1774.33 1.31231855095
1786.63 1.3314074921
1794.88 1.40652635239
1803.16 1.39951107421
1815.66 1.3158446513
1824.04 1.33665048947
1836.69 1.29186347668
1845.16 1.19952026233
1853.68 1.21000625708
1866.53 1.24150116386
1875.15 1.32345068974
1883.8 1.23725507443
1896.86 1.19281882555
1905.62 1.25403635829
1914.41 1.2190891962
1923.25 1.19880027326
1936.58 1.22124916343
1945.52 1.28084210543
1954.5 1.21111393259
1968.05 1.30375252707
1977.13 1.33306900535
1986.26 1.26913766763
1995.42 1.23923042908
2004.63 1.26411620535
2013.89 1.23426435058
2023.18 1.27652217098
2037.21 1.22442449987
2046.61 1.2633408325
2056.06 1.2136800475
2065.55 1.22370451079
2075.08 1.29490958431
2079.86 1.24598724964
2084.66 1.28170978458
2094.28 1.21991995283
2103.95 1.22987057109
2113.66 1.23703353933
2123.42 1.2557163328
2133.22 1.1759452354
2143.06 1.20192022592
2152.96 1.2369596943
2162.89 1.20177253585
2172.88 1.18925580268
2182.91 1.17684983706
2192.98 1.22505218265
2203.11 1.19281882555
2213.27 1.14284419915
2223.49 1.11016777184
2233.75 1.17971133211
2244.06 1.13017977591
2254.42 1.09272188268
2264.83 1.10928163144
2275.28 1.13547815706
2285.78 1.16702844761
2296.33 1.1142661712
2306.93 1.12432755701
2317.58 1.09094960188
2322.93 0.902109390055
2333.65 1.03794732911
2344.42 1.00484629286
2355.24 1.08398970748
2366.11 1.01145542336
2377.03 1.04684565565
2382.51 0.980274357977
2393.51 1.04058728906
2404.56 1.00975698759
2415.66 1.03076589961
2426.81 1.08919578234
2432.4 1.05338094111
2443.63 1.11053699701
2454.91 1.0977248837
2466.24 1.09508492376
2477.62 1.06515922394
2483.33 1.09621106052
2494.8 1.04679027187
2506.31 1.14771797136
2512.09 1.05031637222
2517.88 1.07104836536
2523.69 1.03109820226
2535.33 1.04298725265
2547.04 1.03815040295
2552.91 1.1034478738
2564.69 1.08578044954
2576.53 1.14219805511
2582.47 1.13824734582
2594.39 1.13040131101
2606.36 1.09960793206
2612.37 1.08827271942
2624.43 1.13697351899
2636.54 1.16616076846
2642.62 1.25680554704
2654.82 1.28021442265
2667.07 1.19208037521
2673.22 1.23827044364
2685.56 1.24694723507
2697.96 1.19640030967
2704.18 1.22855982174
2716.66 1.17876980793
2722.92 1.17747751984
2735.49 1.23308283004
2748.12 1.10163867048
2754.45 1.12606291529
2767.17 1.16846842576
2773.54 1.21938457633
2786.35 1.167342289
2792.77 0.965449967509
2805.66 1.03226126154
2812.13 1.2283567479
2825.11 1.27465758388
2838.15 1.24013503074
2844.69 1.21340312862
2857.82 1.18056054999
2864.41 1.27240531036
2877.63 1.27853444814
2884.26 1.28309437896
2897.58 1.28039903523
2910.95 1.3754375933
2931.13 1.33995505472
2951.45 1.32662602618
2971.91 1.35337638955
2992.51 1.36173933959
3013.25 1.38287748042
3027.16 1.3896712235
3048.14 1.39834801493
3069.27 1.41034783287
3090.54 1.42574452235
3111.97 1.43473515517
3133.54 1.42400916406
3148.0 1.43442131378
3169.82 1.45020568968
3191.8 1.39698188181
3206.53 1.44335656283
3228.76 1.40331409343
3251.14 1.47891294644
3273.67 1.53017986093
3288.78 1.52737374965
3311.58 1.5302352447
3319.21 1.51832773305
3326.86 1.54871496433
3334.53 1.59067740459
3342.22 1.5142293337
3349.93 1.58417904165
3357.65 1.55746560079
3365.39 1.44887647908
3373.15 1.43431054623
3380.92 1.51795850789
3388.72 1.57716376347
3396.53 1.52227844235
3404.36 1.57439457471
3412.2 1.52310919897
3420.07 1.57526225386
3427.96 1.58115139527
3435.86 1.60177262087
3443.78 1.50045723496
3451.72 1.61752007426
3459.67 1.55050570639
3467.65 1.54917649578
3475.64 1.5693915737
3483.65 1.56806236309
3491.69 1.58486210821
3499.74 1.49776189124
3507.8 1.58360674264
3515.89 1.52002616882
3523.99 1.58510210456
3532.12 1.61534164577
3540.26 1.64236892802
3548.42 1.68920514049
3556.6 1.63638748031
3564.8 1.65233800753
3568.81 1.50957709659
3571.51 1.76330863157
3574.21 1.4472703496
3576.91 1.16651153237
3579.61 2.03424605935
3582.31 1.38752971753
3585.01 1.12755827722
3587.71 1.2844051283
3590.41 1.53641976625
3593.11 1.56274552068
3595.81 1.14976717104
3598.51 1.0662853607
3601.21 1.55968095179
3603.91 1.62759992132
3606.61 1.28902044289
3609.31 1.48297442328
3612.01 1.60286183511
3614.71 1.40826171068
3617.41 1.83065530209
3620.11 1.89984809845
3622.81 1.92495540982
3625.51 1.85240266445
3628.21 1.8278122683
3630.91 1.97480080741
3633.61 1.76749933722
3636.31 1.59158200625
3639.01 1.65145186713
3641.71 1.42205227068
3644.41 1.76504398986
3647.11 1.72874915591
3649.81 1.35496405777
3652.51 1.33816431266
3655.21 1.41442777097
3657.91 1.90741721438
3660.61 1.79131436051
3663.31 1.61043095104
3666.01 1.67163002253
3668.71 1.82314156994
3671.41 1.69952498392
3674.11 1.63251061605
3676.81 1.52777989734
3679.51 1.59996341755
3682.21 1.58683746285
3684.91 1.55035801632
3687.61 1.45328871983
3690.31 1.58416058039
3693.01 1.60267722253
3695.71 1.56368704486
3698.41 1.97406235708
3701.11 1.82072314509
3703.81 2.05732263231
3706.51 1.6002957202
3709.21 1.36954845188
3711.91 1.70761101508
3714.61 1.73665057449
3717.31 1.79744349829
3720.01 2.14464438438
3722.71 2.47362400846
3725.41 2.46125496536
3728.11 3.04481534231
3730.81 2.7702964304
3733.51 2.28199614662
3736.21 1.97166239349
3738.91 1.77510537567
3741.61 1.8086125596
3744.31 1.87529462482
3747.01 1.71281708994
3749.71 1.6479626893
3752.41 1.45814403078
3755.11 1.70607873064
3757.81 2.17529007327
3760.51 2.40107126308
3763.21 2.15941339107
3765.91 1.85997178038
3768.61 1.74325970499
3771.31 1.75719795505
3774.01 2.31688792494
3776.71 2.08095304302
3779.41 2.48968530324
3782.11 2.48636227674
3784.81 2.63442156883
3787.51 2.445009058
3790.21 2.3274108422
3792.91 2.03036919509
3795.61 2.24433517956
3798.31 1.70659564587
3801.01 1.77789302568
3803.71 2.07006090058
3806.41 2.34845667674
3809.11 2.51239265103
3811.81 2.34624132574
3814.51 2.43190156456
3817.21 2.4878391774
3819.91 2.75423513563
3822.61 2.57534554206
3825.31 2.64051378409
3828.01 2.12839847702
3830.71 1.80174497149
3833.41 1.81088329438
3836.11 1.77449615414
3838.81 1.78188065749
3841.51 2.10292194047
3844.21 2.39719439883
3846.91 2.53251542265
3849.61 2.79060381461
3852.31 2.84081843736
3855.01 2.97669329894
3857.71 2.68998995651
3860.41 2.69958981086
3863.11 2.7985421557
3865.81 3.06512272651
3868.51 2.9296170901
3871.21 2.7872807881
3873.91 2.84838755329
3876.61 2.56149959829
3879.31 2.54931516776
3882.01 2.27387319294
3884.71 1.91664784356
3887.41 1.91757090648
3890.11 1.77831763462
3892.81 1.87160237315
3895.51 2.19504361972
3898.21 2.42322477312
3900.91 2.5794070189
3903.61 2.72986627458
3906.31 2.73854306602
3909.01 2.83491083469
3911.71 3.00512363682
3914.41 2.94844757364
3917.11 2.7839577616
3919.81 3.05699977283
3922.51 2.98370857712
3925.21 2.90044830189
3927.91 2.47048559454
3930.61 2.23196613645
3933.31 2.11529098358
3936.01 2.09775278813
3938.71 2.40014820017
3941.41 2.66063655571
3944.11 2.76457344031
3946.81 2.89140228529
3949.51 2.85466438114
3952.21 2.93460162986
3954.91 2.91558653375
3957.61 2.68482080417
3960.31 2.40753270351
3963.01 2.15202888773
3965.71 1.74748733315
3968.41 1.52761374601
3971.11 1.62874451934
3973.81 1.72686610756
3976.51 2.01153871156
3979.21 2.56279188637
3981.91 2.62002178731
3984.61 2.7228509964
3987.31 2.85300286788
3990.01 2.90247904031
3992.71 3.03964618996
3995.41 3.14672148849
3998.11 2.93774004378
4000.81 3.07158416694
4003.51 3.16758271044
4006.21 3.33502632382
4008.91 3.47754723841
4011.61 3.19029005823
4014.31 3.15484444217
4017.01 3.38210253265
4019.71 3.27447339638
4022.41 3.21262818085
4025.11 3.25859671419
4027.81 3.24253541941
4030.51 3.03872312705
4033.21 3.19361308474
4035.91 3.22924331338
4038.61 3.30604214819
4041.31 3.24899685984
4044.01 3.26450431686
4046.71 3.0957684154
4049.41 3.12253724003
4052.11 3.20284371392
4054.81 3.33779551258
4057.51 3.23736626707
4060.21 2.97521639827
4062.91 3.16370584618
4065.61 3.15133680308
4068.31 3.10998358434
4071.01 2.9534321134
4073.71 2.92167874901
4076.41 3.11016819692
4079.11 3.08118402129
4081.81 3.11127587243
4084.51 2.89934062638
4087.21 2.81072658623
4089.91 2.86444884807
4092.61 2.61429879721
4095.31 2.66285190671
4098.01 2.23768912655
4100.71 1.91627861839
4103.41 1.98975442669
4106.11 2.36857944836
4108.81 2.52937700873
4111.51 2.494669843
4114.21 2.73411236401
4116.91 2.83989537444
4119.61 2.90063291447
4122.31 2.80611127163
4125.01 2.7510967217
4127.71 2.88069475543
4130.41 3.07693793186
4133.11 2.89601759988
4135.81 3.01675422959
4138.51 3.14413691232
4141.21 3.14173694873
4143.91 3.04389227939
4146.61 3.10961435917
4149.31 3.17016728661
4152.01 2.87497176534
4154.71 2.91854033508
4157.41 3.23108943922
4160.11 3.0968760909
4162.81 3.2753964593
4165.51 3.11699886252
4168.21 3.03946157738
4170.91 2.88752542103
4173.61 2.98020093803
4176.31 2.7488813707
4179.01 2.80574204647
4181.71 3.17219802503
4184.41 3.08376859746
4187.11 3.08247630937
4189.81 2.85854124539
4192.51 2.84358762612
4195.21 2.82475714258
4197.91 2.8256802055
4200.61 2.82494175517
4203.31 2.82844939426
4206.01 2.74075841702
4208.71 2.95287827564
4211.41 2.8629719474
4214.11 2.87238718917
4216.81 2.93035554044
4219.51 2.91484808341
4222.21 2.88512545744
4224.91 2.74961982103
4227.61 2.7974344802
4230.31 2.89952523897
4233.01 2.85872585798
4235.71 2.94327842129
4238.41 2.90007907672
4241.11 2.95620130215
4243.81 3.07306106761
4246.51 2.85706434473
4249.21 2.91226350724
4251.91 2.96949340817
4254.61 2.96118584191
4257.31 3.05219984565
4260.01 2.98887772946
4262.71 2.99552378247
4265.41 3.00493902424
4268.11 3.05109217015
4270.81 2.92980170269
4273.51 2.77565019533
4276.21 2.88364855677
4278.91 2.87275641434
4281.61 2.86592574874
4284.31 2.73023549975
4287.01 2.79780370537
4289.71 2.6562058537
4292.41 2.61134499587
4295.11 2.65786736696
4297.81 2.66432880738
4300.51 2.55596122078
4303.21 2.4392860679
4305.91 2.44316293216
4308.61 2.52346940605
4311.31 2.46439337928
4314.01 2.61651414822
4316.71 2.76678879132
4319.41 2.71915874473
4322.11 2.65897504246
4324.81 2.6992205857
4327.51 2.59879134018
4330.21 2.56537646254
4332.91 2.46882408129
4335.61 2.28384227246
4338.31 2.08556835761
4341.01 1.99658509228
4343.71 2.10790648023
4346.41 2.23215074904
4349.11 2.39165602132
4351.81 2.49005452841
4354.51 2.61577569788
4357.21 2.7398353541
4359.91 2.85946430831
4362.61 2.92223258676
4365.31 2.83768002344
4368.01 2.86647958649
4370.71 2.94992447431
4373.41 2.91410963308
4376.11 2.9466014478
4378.81 2.92555561326
4381.51 2.79983444379
4384.21 2.75238900979
4386.91 2.74961982103
4389.61 2.79318839078
4392.31 2.85632589439
4395.01 2.98407780228
4397.71 2.93940155704
4400.41 2.8821716561
4403.11 2.84617220229
4405.81 2.80869584781
4408.51 2.8358338976
4411.21 2.89177151045
4413.91 2.96118584191
4416.61 3.00973895141
4419.31 2.9929392063
4422.01 2.98943156721
4424.71 2.96820112009
4427.41 2.94567838488
4430.11 2.95878587832
4432.81 3.00124677256
4435.51 2.87977169252
4438.21 2.89103306012
4440.91 2.94401687163
4443.61 2.85023367913
4446.31 2.92906325235
4449.01 3.05312290857
4451.71 3.11072203467
4454.41 3.08930697497
4457.11 2.87607944084
4459.81 2.96764728234
4462.51 2.91189428207
4465.21 2.91503269599
4467.91 3.0472153059
4470.61 3.00013909706
4473.31 3.1229064652
4476.01 3.11515273668
4478.71 3.11090664726
4481.41 2.96838573267
4484.11 3.10001450482
4486.81 3.1262294917
4489.51 3.12364491553
4492.21 3.09890682932
4494.91 3.01878496801
4497.61 3.05626132249
4500.31 3.31102668795
4503.01 3.25675058835
4505.71 3.2381047174
4508.41 3.25767365127
4511.11 3.23570475381
4513.81 3.17921330321
4516.51 3.07749176962
4519.21 3.0968760909
4521.91 3.0392769648
4524.61 3.06050741192
4527.31 2.90986354365
4530.01 3.11810653802
4532.71 3.11681424993
4535.41 3.08579933588
4538.11 3.03761545154
4540.81 3.11866037577
4543.51 3.08875313722
4546.21 3.02690792169
4548.91 2.92075568609
4551.61 2.9375554312
4554.31 3.02155415677
4557.01 3.10167601807
4559.71 3.15373676667
4562.41 3.10758362075
4565.11 2.9907238553
4567.81 3.10056834257
4570.51 3.12604487912
4573.21 3.05663054766
4575.91 3.1827209423
4578.61 3.09872221674
4581.31 3.01380042825
4584.01 3.00401596132
4586.71 3.09613764056
4589.41 3.05072294498
4592.11 3.15262909116
4594.81 2.94253997096
4597.51 2.93589391795
4600.21 3.13822930964
4602.91 3.13767547189
4605.61 3.0392769648
4608.31 3.2765041348
4611.01 3.17847485288
4613.71 3.12844484271
4616.41 3.11441428635
4619.11 3.19933607483
4621.81 3.23792010482
4624.51 3.16518274685
4627.21 3.15502905475
4629.91 3.17404415087
4632.61 3.16776732303
4635.31 3.20321293909
4638.01 3.1725672502
4640.71 3.10629133267
4643.41 3.02376950777
4646.11 3.00733898782
4648.81 2.98998540496
4651.51 3.03595393829
4654.21 3.09336845181
4656.92 3.00143138515
4659.62 3.13490628313
4662.32 3.02321567002
4665.02 2.96727805717
4667.72 2.93700159345
4670.42 2.94050923254
4673.12 3.02524640844
4675.82 3.04130770322
4678.52 2.98075477578
4681.22 3.10739900817
4683.92 3.21465891927
4686.62 3.14930606466
4689.32 3.06586117684
4692.02 3.09041465047
4694.72 3.02893866011
4697.42 2.95952432866
4700.12 3.19047467082
4702.82 2.98555470295
4705.52 3.0664150146
4708.22 2.93626314312
4710.92 3.08746084913
4713.62 3.08173785904
4716.32 3.13896775997
4719.02 3.06512272651
4721.72 3.30271912168
4724.42 3.18807470723
4727.12 3.13084480629
4729.82 2.95915510349
4732.52 3.17127496211
4735.22 3.07103032919
4737.92 3.1555828925
4740.62 3.10906052142
4743.32 3.19878223708
4746.02 3.13102941888
4748.72 3.17422876345
4751.42 3.14266001165
4754.12 3.13841392222
4756.82 3.11773731285
4759.52 3.17995175355
4762.22 3.04130770322
4764.92 3.12955251821
4767.62 2.97207798435
4770.32 3.11792192544
4773.02 3.07749176962
4775.72 3.12235262744
4778.42 3.1838286178
4781.12 3.13066019371
4783.82 3.03853851446
4786.52 3.02930788528
4789.22 3.04223076614
4791.92 3.03632316346
4794.62 3.12586026653
4797.32 3.20690519076
4800.02 3.06899959077
4802.72 3.05109217015
4805.42 3.00973895141
4808.12 3.02764637203
4810.82 3.13269093213
4813.52 2.96764728234
4816.22 3.00807743816
4818.92 3.02967711045
4821.62 2.96857034526
4824.32 2.9838931897
4827.02 3.04370766681
4829.72 2.9951545573
4832.42 3.08506088555
4835.12 3.09429151473
4837.82 3.09170693856
4840.52 2.90746358006
4843.22 2.85724895731
4845.92 2.77066565557
4848.62 2.74648140711
4851.32 2.70789737713
4854.02 2.5533766446
4856.72 2.41417875652
4859.42 2.38334845505
4862.12 2.47048559454
4864.82 2.45220894876
4867.52 2.494669843
4870.22 2.47343939588
4872.92 2.58273004541
4875.62 2.71638955598
4878.32 2.90377132839
4881.02 2.93552469278
4883.72 2.86943338783
4886.42 2.91854033508
4889.12 2.82014182799
4891.82 2.82291101675
4894.52 2.93478624245
4897.22 3.05349213374
4899.92 3.0189695806
4902.62 3.0900454253
4905.32 2.98629315329
4908.02 2.90801741782
4910.72 3.00973895141
4913.42 2.96893957042
4916.12 2.83601851019
4918.82 2.95121676239
4921.52 2.83804924861
4924.22 2.87109490108
4926.92 2.94623222263
4929.62 3.104814432
4932.32 2.94401687163
4935.02 2.89823295088
4937.72 3.02616947136
4940.42 2.98315473936
4943.12 3.00900050108
4945.82 3.04610763039
4948.52 3.14524458782
4951.22 3.10389136908
4953.92 3.12549104137
4956.62 3.03632316346
4959.32 3.0053082494
4962.02 2.98961617979
4964.72 3.00161599773
4967.42 3.03613855088
4970.12 3.02487718327
4972.82 3.00733898782
4975.52 3.0403846403
4978.22 3.02709253428
4980.92 2.91632498408
4983.62 2.87829479185
4986.32 2.93995539479
4989.02 2.93330934178
4991.72 2.86131043415
4994.42 2.94530915971
4997.12 2.87811017926
4999.82 2.8437722387
5002.52 2.92463255034
5005.22 3.12253724003
5007.92 3.16112127001
5010.62 2.98703160362
5013.32 2.869802613
5016.02 2.83731079827
5018.72 2.7839577616
5021.42 2.85761818248
5024.12 2.86057198381
5026.82 2.90949431848
5029.52 2.9838931897
5032.22 2.88438700711
5034.92 2.88032553027
5037.62 2.822357179
5040.32 2.81884953991
5043.02 2.78248086093
5045.72 2.96893957042
5048.42 2.92352487484
5051.12 2.80001905637
5053.82 2.87275641434
5056.52 2.93774004378
5059.22 3.01084662691
5061.92 3.04776914365
5064.62 3.0042005739
5067.32 2.95213982531
5070.02 2.87644866601
5072.72 2.94789373589
5075.42 2.91429424566
5078.12 2.79466529145
5080.82 2.80149595704
5083.52 2.81017274848
5086.22 2.8618642719
5088.92 2.96284735516
5091.62 2.95047831206
5094.32 2.9466014478
5097.02 2.96044739157
5099.72 2.86094120898
5102.42 2.95398595115
5105.12 2.91429424566
5107.82 2.84211072545
5110.52 2.78635772518
5113.22 2.90543284164
5115.92 3.00401596132
5118.62 3.00844666333
5121.32 2.83731079827
5124.02 2.79503451662
5126.72 2.84820294071
5129.42 2.7872807881
5132.12 2.85484899372
5134.82 2.79023458944
5137.52 2.86629497391
5140.22 2.81460345048
5142.92 2.75885045022
5145.62 2.7669734039
5148.32 2.76217347672
5151.02 2.77583480791
5153.72 2.78303469868
5156.42 2.7680810794
5159.12 2.79226532786
5161.82 2.80075750671
5164.52 2.63866765826
5167.22 2.47787009789
5169.92 2.45165511101
5172.62 2.59085299909
5175.32 2.66912873456
5178.02 2.68925150618
5180.72 2.66137500605
5183.42 2.634790794
5186.12 2.65989810538
5188.82 2.70808198971
5191.52 2.73614310243
5194.22 2.77177333107
5196.92 2.87441792759
5199.62 2.90155597739
5202.32 2.78358853643
5205.02 2.82660326842
5207.72 2.69423604594
5210.42 2.72894321166
5213.12 2.86094120898
5215.82 2.94087845771
5218.52 2.98149322611
5221.22 2.90210981514
5223.92 2.77380406949
5226.62 2.70051287378
5229.32 2.74278915544
5232.02 2.81977260283
5234.72 2.91687882183
5237.42 2.93515546761
5240.12 2.78857307619
5242.82 2.8980483383
5245.52 2.85226441755
5248.22 2.84284917578
5250.92 2.84617220229
5253.62 2.87183335142
5256.32 2.89657143763
5259.02 2.85798740764
5261.72 2.74168147994
5264.42 2.63922149601
5267.12 2.69312837043
5269.82 2.63829843309
5272.52 2.67189792331
5275.22 2.74685063228
5277.92 2.8618642719
5280.62 2.77103488074
5283.32 2.82309562933
5286.02 2.92721712652
5288.72 2.96007816641
5291.42 2.92094029867
5294.12 2.91706343441
5296.82 2.84192611286
5299.52 2.87626405343
5302.22 2.9093097059
5304.92 2.88198704352
5307.62 2.92334026226
5310.32 2.96524731875
5313.02 2.81128042398
5315.72 2.92001723575
5318.42 2.81312654981
5321.12 2.71546649306
5323.82 2.82254179158
5326.52 2.59269912492
5329.22 2.72488173482
5331.92 2.74943520845
5334.62 2.80260363255
5337.32 2.83897231153
5340.02 2.85318748047
5342.72 2.73448158917
5345.42 2.72820476133
5348.12 2.84247995062
5350.82 2.90598667939
5353.52 2.93330934178
5356.22 2.9951545573
5358.92 3.03263091179
5361.62 2.94272458354
5364.32 2.74961982103
5367.02 2.59620676401
5369.72 2.81183426173
5372.42 2.8437722387
5375.12 2.81644957632
5377.82 2.83195703335
5380.52 2.89620221246
5383.22 2.89860217605
5385.92 2.85355670564
5388.62 2.83971076186
5391.32 2.77657325825
5394.02 2.80186518221
5396.72 2.72358944674
5399.42 2.80832662264
5402.12 2.79448067886
5404.82 2.7702964304
5407.52 2.78469621193
5410.22 2.70623586387
5412.92 2.70734353938
5415.62 2.80020366896
5418.32 2.9002636893
5421.02 2.87847940443
5423.72 2.88881770911
5426.42 2.83232625851
5429.12 2.78654233777
5431.82 2.84395685129
5434.52 2.82328024192
5437.22 2.87829479185
5439.92 2.84395685129
5442.62 2.88383316936
5445.32 2.63054470457
5448.02 2.92647867618
5450.72 2.78358853643
5453.42 2.79724986762
5456.12 2.84598758971
5458.82 2.81054197364
5461.52 2.79318839078
5464.22 2.6992205857
5466.92 2.77454251983
5469.62 2.77749632117
5472.32 2.85946430831
5475.02 2.74500450644
5477.72 2.74149686735
5480.42 2.80389592063
5483.12 2.85004906655
5485.82 2.80223440738
5488.52 2.76660417873
5491.22 2.76494266548
5493.92 2.79558835437
5496.62 2.79097303977
5499.32 2.87257180175
5502.02 2.75257362237
5504.72 2.67189792331
5507.42 2.7398353541
5510.12 2.8415568877
5512.82 2.72100487057
5515.52 2.8923253482
5518.22 2.76143502639
5520.92 2.81017274848
5523.62 2.75866583763
5526.32 2.80094211929
5529.02 2.72211254607
5531.72 2.90580206681
5534.42 2.872017964
5537.12 2.72949704942
5539.82 2.78746540069
5542.52 2.82918784459
5545.22 2.80518820872
5547.92 2.8155265134
5550.62 2.80168056963
5553.32 2.9262940636
5556.02 2.80001905637
5558.72 2.84321840095
5561.42 2.75940428797
5564.12 2.7568197118
5566.82 2.83509544727
5569.52 2.83435699693
5572.22 2.71860490698
5574.92 2.77878860925
5577.62 2.72340483416
5580.32 2.9386631067
5583.02 2.84100304995
5585.72 2.79780370537
5588.42 2.70697431421
5591.12 2.66783644647
5593.82 2.59491447593
5596.52 2.57109945264
5599.22 2.75829661247
5601.92 2.76974259265
5604.62 2.79208071528
5607.32 2.84229533803
5610.02 2.91337118274
5612.72 2.79392684111
5615.42 2.81275732465
5618.12 2.78432698676
5620.82 2.73023549975
5623.52 2.77361945691
5626.22 2.85761818248
5628.92 2.82955706976
5631.62 2.8415568877
5634.32 2.91115583174
5637.02 2.69405143335
5639.72 2.69405143335
5642.42 2.80795739747
5645.12 2.72118948315
5647.82 2.70918966521
5650.52 2.72894321166
5653.22 2.78045012251
5655.92 2.71029734072
5658.62 2.63719075759
5661.32 2.76992720524
5664.02 2.78820385102
5666.72 2.81275732465
5669.42 2.85946430831
5672.12 2.78118857284
5674.82 2.8042651458
5677.52 2.76475805289
5680.22 2.67171331073
5682.92 2.66875950939
5685.62 2.66248268155
5688.32 2.62759090324
5691.02 2.89712527538
5693.72 2.79835754312
5696.42 2.76641956615
5699.12 2.86112582157
5701.82 2.73946612893
5704.52 2.67466711207
5707.22 2.68537464192
5709.92 2.64199068476
5712.62 2.75977351314
5715.32 2.82364946708
5718.02 2.89564837471
5720.72 2.8437722387
5723.42 2.75294284754
5726.13 2.80703433455
5728.83 2.80260363255
5731.53 2.88715619586
5734.23 2.81737263924
5736.93 2.78008089734
5739.63 2.82863400684
5742.33 2.85872585798
5745.03 2.84709526521
5747.73 2.88567929519
5750.43 2.76383498998
5753.13 2.78340392384
5755.83 2.75035827137
5758.53 2.76734262907
5761.23 2.70198977445
5763.93 2.76826569198
5766.63 2.89306379854
5769.33 2.86832571233
5772.03 2.81072658623
5774.73 2.83989537444
5777.43 2.7658657284
5780.13 2.6539905027
5782.83 2.67872858891
5785.53 2.76568111581
5788.23 2.74297376802
5790.93 2.7590350628
5793.63 2.86592574874
5796.33 2.82512636775
5799.03 2.81884953991
5801.73 2.75848122505
5804.43 2.87515637792
5807.13 2.76845030457
5809.83 2.80260363255
5812.53 2.78635772518
5815.23 2.81072658623
5817.93 2.88937154687
5820.63 2.85761818248
5823.33 2.89417147404
5826.03 2.89158689787
5828.73 2.75626587405
5831.43 2.79392684111
5834.13 2.89675605021
5836.83 2.97133953401
5839.53 2.9962622328
5842.23 2.89454069921
5844.93 2.84857216588
5847.63 2.7850654371
5850.33 2.71029734072
5853.03 2.78008089734
5855.73 2.72783553616
5858.43 2.66912873456
5861.13 2.77841938409
5863.83 2.71675878114
5866.53 2.7658657284
5869.23 2.88623313294
5871.93 2.81829570216
5874.63 2.76254270189
5877.33 2.6934975956
5880.03 2.62943702907
5882.73 2.56906871422
5885.43 2.53048468423
5888.13 2.50777733644
5890.83 2.46365492895
5893.53 2.49263910458
5896.23 2.54783826709
5898.93 2.59122222425
5901.63 2.63663691983
5904.33 2.68408235384
5907.03 2.73300468851
5909.73 2.75072749654
5912.43 2.67448249949
5915.13 2.7217433209
5917.83 2.77657325825
5920.53 2.82328024192
5923.23 2.77565019533
5925.93 2.72118948315
5928.63 2.76420421514
5931.33 2.69626678436
5934.03 2.78931152652
5936.73 2.81164964914
5939.43 2.79318839078
5942.13 2.66211345638
5944.83 2.73115856267
5947.53 2.79891138087
5950.23 2.79669602987
5952.93 2.7760194205
5955.63 2.70734353938
5958.33 2.82420330483
5961.03 2.87589482826
5963.73 2.83103397043
5966.43 2.81995721541
5969.13 2.86592574874
5971.83 2.81866492732
5974.53 2.82401869225
5977.23 2.68832844326
5979.93 2.71140501622
5982.63 2.67503633724
5985.33 2.60617584353
5988.03 2.80740355972
5990.73 2.74961982103
5993.43 2.85946430831
5996.13 2.72358944674
5998.83 2.69183608235
6001.53 2.52808472064
6004.23 2.72506634741
6006.93 2.58716074741
6009.63 2.6709748604
6012.33 2.65583662854
6015.03 2.73134317525
6017.73 2.68131316508
6020.43 2.66506725772
6023.13 2.6065450687
6025.83 2.7499890462
6028.53 2.72912782425
6031.23 2.55762273403
6033.93 2.67245176106
6036.63 2.74038919185
6039.33 2.75645048663
6042.03 2.72340483416
6044.73 2.76863491715
6047.43 2.68537464192
6050.13 2.76678879132
6052.83 2.72580479774
6055.53 2.77435790725
6058.23 2.75921967539
6060.93 2.77952705959
6063.63 2.68371312867
6066.33 2.78211163576
6069.03 2.77306561916
6071.73 2.74537373161
6074.43 2.82124950349
6077.13 2.81275732465
6079.83 2.64679061194
6082.53 2.56869948905
6085.23 2.64586754902
6087.93 2.70346667512
6090.63 2.72322022157
6093.33 2.72266638382
6096.03 2.70162054928
6098.73 2.65177515169
6101.43 2.60322204219
6104.13 2.71749723148
6106.83 2.76660417873
6109.53 2.71786645665
6112.23 2.63497540658
6114.93 2.65417511528
6117.63 2.73374313884
6120.33 2.86906416266
6123.03 2.85300286788
6125.73 2.6709748604
6128.43 2.67762091341
6131.13 2.73171240042
6133.83 2.72395867191
6136.53 2.62223713831
6139.23 2.6336831185
6141.93 2.81829570216
6144.63 2.87331025209
6147.33 2.81164964914
6150.03 2.70586663871
6152.73 2.70531280096
6155.43 2.64808290002
6158.13 2.71103579105
6160.83 2.56777642613
6163.53 2.50390047218
6166.23 2.48119312439
6168.93 2.57793011823
6171.63 2.56962255197
6174.33 2.56094576053
6177.03 2.66395958222
6179.73 2.57220712814
6182.43 2.63239083041
6185.13 2.61429879721
6187.83 2.68482080417
6190.53 2.59362218784
6193.23 2.63995994634
6195.93 2.63331389333
6198.63 2.6528828272
6201.33 2.65306743978
6204.03 2.70088209895
6206.73 2.71362036722
6209.43 2.64734444969
6212.13 2.59509908851
6214.83 2.70272822479
6217.53 2.59343757526
6220.23 2.46273186603
6222.93 2.51626951529
6225.63 2.49226987941
6228.33 2.53583844916
6231.03 2.58383772091
6233.73 2.5613149857
6236.43 2.55060745585
6239.13 2.48433153832
6241.83 2.53233081007
6244.53 2.54451524059
6247.23 2.4562704256
6249.93 2.44667057125
6252.63 2.45073204809
6255.33 2.45497813751
6258.03 2.45793193885
6260.73 2.41233263069
6263.43 2.59122222425
6266.13 2.54396140284
6268.83 2.51774641596
6271.53 2.44205525666
6274.23 2.4867315019
6276.93 2.66617493322
6279.63 2.45202433617
6282.33 2.53953070083
6285.03 2.61208344621
6287.73 2.53325387299
6290.43 2.55189974393
6293.13 2.70697431421
6295.83 2.67355943657
6298.53 2.7702964304
6301.23 2.74518911903
6303.93 2.72137409573
6306.63 2.61116038329
6309.33 2.58531462158
6312.03 2.55633044594
6314.73 2.47953161114
6317.43 2.42747086255
6320.13 2.5794070189
6322.83 2.63719075759
6325.53 2.5240232438
6328.23 2.60931425745
6330.93 2.5974990521
6333.63 2.58328388316
6336.33 2.51146958811
6339.03 2.55688428369
6341.73 2.63903688342
6344.43 2.76641956615
6347.13 2.6709748604
6349.83 2.6460521616
6352.53 2.62297558864
6355.23 2.59232989976
6357.93 2.46291647861
6360.63 2.54746904193
6363.33 2.52051560471
6366.03 2.43503997848
6368.73 2.54008453858
6371.43 2.57977624407
6374.13 2.56556107513
6376.83 2.89934062638
6379.53 2.8144188379
6382.23 2.5703610023
6384.93 2.35196431583
6387.63 2.47048559454
6390.33 2.57811473081
6393.03 2.62777551582
6395.73 2.52863855839
6398.43 2.61079115812
6401.13 2.56851487646
6403.83 2.57294557847
6406.53 2.60174514152
6409.23 2.59472986334
6411.93 2.74371221836
6414.63 2.69072840685
6417.33 2.55097668102
6420.03 2.45073204809
6422.73 2.48506998865
6425.43 2.69534372144
6428.13 2.58642229708
6430.83 2.60192975411
6433.53 2.68962073135
6436.23 2.3748562762
6438.93 2.57313019106
6441.63 2.72248177124
6444.33 2.56906871422
6447.03 2.38537919347
6449.73 2.44740902158
6452.43 2.44537828316
6455.13 2.61651414822
6457.83 2.69331298302
6460.53 2.5703610023
6463.23 2.33737992172
6465.93 2.40273277634
6468.63 2.52642320739
6471.33 2.67522094982
6474.03 2.58919148583
6476.73 2.6054373932
6479.43 2.50777733644
6482.13 2.60396049253
6484.83 2.41731717045
6487.53 2.38076387888
6490.23 2.42876315063
6492.93 2.33664147139
6495.63 2.25467348424
6498.33 2.35399505425
6501.03 2.38667148156
6503.73 2.60322204219
6506.43 2.51682335304
6509.13 2.59399141301
6511.83 2.63866765826
6514.53 2.56426878704
6517.23 2.53103852198
6519.93 2.58402233349
6522.63 2.6189141118
6525.33 2.56519184996
6528.03 2.62888319132
6530.73 2.51866947888
6533.43 2.52882317098
6536.13 2.53214619748
6538.83 2.55097668102
6541.53 2.54396140284
6544.23 2.77011181782
6546.93 2.72432789707
6549.63 2.68002087699
6552.33 2.65306743978
6555.03 2.76420421514
6557.73 3.04499995489
6560.43 3.27115036987
6563.13 3.3217342178
6565.83 3.01047740175
6568.53 2.70475896321
6571.23 2.61171422104
6573.93 2.62316020123
6576.63 2.82494175517
6579.33 3.20118220067
6582.03 3.46333206947
6584.73 3.36567201271
6587.43 3.09189155114
6590.13 2.84746449037
6592.83 2.71325114205
6595.53 2.59399141301
6598.23 2.48857762774
6600.93 2.46162419052
6603.63 2.46107035277
6606.33 2.45073204809
6609.03 2.46605489253
6611.73 2.41528643203
6614.43 2.48396231315
6617.13 2.58457617124
6619.83 2.58679152225
6622.53 2.48506998865
6625.23 2.47343939588
6627.93 2.4675317932
6630.63 2.46513182961
6633.33 2.46494721703
6636.03 2.46974714421
6638.73 2.48359308798
6641.43 2.53177697232
6644.13 2.51423877687
6646.83 2.44999359775
6649.53 2.37079479936
6652.23 2.46623950512
6654.93 2.447224409
6657.63 2.38445613055
6660.33 2.31319567326
6663.03 2.53528461141
6665.73 2.36839483578
6668.43 2.40347122667
6671.13 2.40180971342
6673.83 2.31448796135
6676.53 2.55836118436
6679.23 2.24655053056
6681.93 2.44205525666
6684.63 2.44685518383
6687.33 2.31079570967
6690.03 2.37448705104
6692.73 2.27018094127
6695.43 2.27442703069
6698.13 2.41030189227
6700.83 2.54082298892
6703.53 2.48710072707
6714.83 2.49300832975
6730.31 2.48691611449
6745.82 2.45811655144
6761.38 2.45202433617
6776.96 2.4461167335
6792.58 2.42876315063
6808.25 2.47362400846
6823.94 2.47897777339
6839.67 2.47860854822
6855.44 2.46679334287
6871.24 2.39368675974
6887.08 2.43227078972
6902.95 2.43190156456
6918.87 2.4370707169
6934.82 2.4088249916
6950.8 2.46457799186
6966.83 2.44150141891
6982.89 2.41879407112
6998.99 2.44648595866
7015.12 2.4291323758
7031.29 2.37910236563
7047.5 2.47934699856
7063.75 2.42248632279
7080.03 2.42211709762
7096.35 2.33959527273
7112.71 2.36617948477
7129.11 2.33331844488
7145.54 2.34384136215
7162.01 2.34347213698
7178.52 2.31098032226
7195.07 2.14649051022
7211.66 2.25762728558
7228.28 2.3364568588
7244.95 2.32538010378
7261.65 2.31430334876
7278.38 2.34070294823
7295.17 2.30304198116
7311.98 2.35085664033
7328.84 2.39405598491
7345.73 2.4381783924
7362.67 2.32279552761
7379.64 2.42617857446
7396.65 2.34347213698
7413.7 2.39220985907
7430.79 2.33737992172
7447.92 2.36950251128
7465.09 2.41860945853
7482.3 2.39054834582
7499.55 2.37910236563
7516.84 2.37873314046
7534.16 2.41694794528
7551.53 2.43891684273
7568.94 2.41067111743
7586.39 2.41030189227
7603.88 2.36045649468
7621.41 2.34919512708
7638.98 2.31651869977
7656.58 2.32150323953
7674.23 2.1071680299
7691.93 2.27830389495
7709.66 2.13578298036
7727.43 2.261873375
7745.25 2.29824205399
7763.1 2.26630407701
7780.99 2.15405962615
7798.93 2.23436610004
7816.91 2.24433517956
7834.93 2.2856883983
7852.99 2.28531917313
7871.1 2.28494994796
7889.24 2.25319658357
7907.42 2.24230444114
7925.66 2.17085937126
7943.92 2.19559745747
7962.24 2.21036646416
7980.59 2.23565838812
7998.99 2.2404583153
8017.43 2.23473532521
8035.91 2.16845940767
8054.44 2.20852033833
8073.0 2.28033463337
8091.61 2.21276642775
8110.27 2.24304289147
8128.96 2.25818112333
8147.7 2.25781189816
8166.49 2.257442673
8185.31 2.19042830513
8204.18 2.05326115547
8223.09 2.20981262641
8242.05 2.12470622535
8261.05 2.26058108692
8280.09 2.26002724917
8299.18 2.15295195065
8318.31 2.17750542427
8337.48 2.15719804007
8356.71 2.16181335466
8375.97 2.22698159669
8395.28 2.11658327166
8414.63 2.21092030191
8434.03 2.14519822213
8453.47 2.12027552334
8472.96 2.11990629817
8492.49 2.16882863284
8512.07 2.05658418197
8531.69 2.1579364904
8551.36 1.40595405338
8571.07 2.14722896055
8590.83 2.12710618893
8610.64 2.05935337073
8630.48 2.11178334449
8650.38 2.13578298036
8670.32 1.45367640626
8690.31 2.03406144677
8710.34 2.0811376556
8730.42 2.1488904738
8750.55 2.03756908586
8770.72 2.09904507622
8790.93 2.13781371878
8811.2 2.11769094717
8831.51 2.08815293378
8851.87 2.10236810272
8872.28 1.834864469
8892.73 2.02538465534
8913.23 2.07227625159
8933.78 2.07172241383
8954.37 2.01486173807
8975.01 1.94157054235
8995.7 1.88397141625
9016.44 1.90538647596
9037.23 1.95393958546
9058.06 2.17676697394
9078.94 1.98033918492
9099.87 1.98440066176
9120.84 2.12101397367
9141.87 1.99270822803
9162.95 1.85074115119
9184.07 1.79999115195
9205.24 1.97775460875
9226.46 1.91461710514
9247.73 1.92310928399
9269.05 1.98569294985
9290.42 1.9580010623
9311.83 2.04513820179
9333.3 2.04476897662
9354.82 2.03959982428
9376.38 2.02040011558
9397.99 2.03406144677
9419.66 2.00101579429
9441.37 2.0144925129
9463.14 2.03276915868
9484.95 2.02298469175
9506.82 1.99012365186
9528.73 1.96243176431
9550.7 1.86071023071
9572.72 1.95707799938
9594.78 1.9975081552
9616.9 1.98347759885
9639.07 1.98753907569
9661.29 1.96889320474
9683.56 1.97756999617
9705.88 1.95892412522
9728.26 1.94507818144
9750.68 1.93566293968
9773.16 1.93972441652
9795.69 1.92144777074
9818.27 1.9388013536
9840.91 1.92957072442
9863.59 1.91572478064
9886.33 1.91092485347
9909.13 1.90169422428
9931.97 1.90575570112
9954.86 1.90520186337
9977.81 1.9004019362
10000.81 1.8913559196
10023.86 1.85203343928
10070.14 1.81741857984
10116.61 1.85886410487
10163.31 1.8452396962
10233.76 1.83970131869
10280.99 1.83460601138
10304.69 1.82574460737
10496.27 1.76445322959
10691.42 1.69265739581
10890.18 1.60904635667
11092.64 1.57605608797
11298.87 1.5295706394
11508.93 1.51206936647
11695.95 1.46746696626
11913.39 1.42092613392
12106.96 1.38858200926
12303.68 1.3600962876
12503.6 1.32607218843
12706.77 1.29291576841
12913.24 1.26348852257
13092.88 1.24043041087
13305.62 1.2066278468
13490.72 1.18460356557
13709.93 1.16296697077
13900.65 1.13128745141
14094.03 1.09539876515
14290.1 1.07787903096
14488.9 1.07787903096
14690.46 1.0485071689
14894.82 1.05334401859
15102.02 1.05092559374
15312.11 1.05819932954
15489.42 1.05334401859
15704.9 1.0317443463
15886.76 1.00132019251
16107.77 1.00593550711
16294.27 1.00362784981
16482.95 0.983043546732
16712.25 0.976268264912
16905.78 0.956256260843
17101.54 0.938791910429
17299.55 0.900687873161
17499.88 0.882208153537
17702.52 0.852263992467
17907.51 0.825218248961
18114.86 0.789901861707
18282.48 0.775483618923
18494.19 0.754345478094
18708.34 0.723718250465
18881.44 0.708875398738
19100.08 0.695934056624
19321.25 0.673854391618
19500.02 0.647990168647
19680.46 0.633239623213
19908.35 0.617399863535
20092.55 0.607541551567
20278.47 0.588267997833
20513.29 0.58152963853
20703.08 0.566982166937
20894.66 0.555351574167
21087.98 0.545216343324
21283.11 0.534028820754
21480.05 0.523081294543
21678.79 0.506484623272
21879.39 0.499543190126
22081.85 0.487044918212
22286.15 0.474860487691
22492.37 0.465131404532
22700.48 0.45363004057
22910.53 0.412996810906
23122.53 0.410375312218
23282.8 0.365902140814
23498.24 0.347237808606
23715.65 0.351446975514
23880.05 0.32663504427
24101.0 0.317182879987
24324.01 0.314450613748
24492.6 0.294955524914
24719.24 0.291078660657
24890.58 0.254802287968
25002.33 0.263755998275
25097.37 0.258660690966
25192.32 0.258679152225
25287.36 0.25138695517
25382.3 0.249097759133
25477.34 0.250445430993
25572.38 0.244390138249
25667.32 0.259989901569
25762.36 0.264069839668
25857.41 0.251959254179
25952.35 0.259196067459
26047.39 0.255614583336
26142.33 0.255688428369
26237.37 0.239571749816
26332.41 0.241307108102
26427.36 0.244113219374
26522.4 0.233590302105
26617.44 0.238242539213
26712.38 0.227036555385
26807.42 0.218987446738
26902.36 0.21861822157
26997.41 0.215369040098
27092.45 0.214796741089
27187.39 0.218987446738
27282.43 0.207190702642
27377.47 0.20506765793
27472.41 0.200692339697
27567.45 0.185757181679
27662.4 0.185351033995
27757.44 0.18330921882
27852.48 0.192107854557
27947.42 0.176936392432
28042.46 0.151932464101
28137.5 0.159473888143
28232.45 0.169531581701
28327.49 0.167166694504
28422.43 0.159832036555
28517.47 0.158098524395
28612.51 0.136677926313
28707.45 0.139541267485
28802.49 0.147948524545
28897.53 0.139354808776
28992.48 0.149460501605
29087.52 0.140619404974
29182.46 0.131558619368
29277.5 0.144492576979
29372.54 0.119088039342
29467.49 0.12152307932
29562.53 0.128104517928
29657.57 0.13158446513
29752.51 0.129153117403
29847.55 0.130755554629
29942.49 0.129077426244
30037.54 0.129466958795
30132.58 0.125636247684
30227.52 0.13133154589
30322.56 0.127343914083
30417.6 0.120295405639
30512.54 0.11226475825
30607.58 0.108452508397
30702.53 0.11472564399
30797.57 0.113265358453
30892.61 0.113243204943
30987.55 0.11485856505
31082.59 0.104501799107
31177.63 0.0966723794337
31272.57 0.0963363845314
31367.62 0.100074789351
31462.56 0.103067359332
31557.6 0.114432109982
31652.64 0.11865419977
31747.59 0.128407282565
31842.62 0.127452835507
31937.67 0.124020887577
32032.61 0.130875552808
32127.65 0.136583773895
32222.59 0.133829354147
32317.63 0.159494195527
32412.68 0.167905144839
32507.62 0.18902482441
32602.66 0.212913692735
32697.7 0.211787555975
32792.64 0.188821750568
32887.68 0.176295786766
32982.62 0.156953926376
33077.66 0.1471306908
33172.71 0.14592886288
33267.65 0.139406500299
33362.69 0.130615249065
33457.73 0.132758601162
33552.67 0.124630109103
33647.71 0.116540385687
33742.66 0.120192022592
33837.7 0.118899734506
33932.74 0.115875780386
34027.68 0.116438848766
34122.72 0.119460956761
34217.76 0.114310265677
34312.71 0.117738521355
34407.75 0.120400634811
34502.69 0.118611738876
34597.73 0.117803135759
34692.77 0.115768705087
34787.72 0.119913257591
34882.75 0.119664030603
34977.8 0.12464487811
35072.74 0.108044514587
35167.78 0.111319541821
35262.72 0.115521324225
35357.76 0.11382104233
35452.8 0.115305327502
35547.75 0.11356812309
35642.79 0.116509001548
35737.83 0.123105209162
35832.77 0.113869041602
35927.81 0.111867841195
36022.75 0.114358264948
36117.8 0.111949070732
36212.83 0.106227926764
36307.78 0.110239558207
36402.82 0.107051298887
36497.86 0.114871487931
36592.81 0.102679672906
36687.85 0.101850762405
36782.79 0.107662366539
36877.83 0.103416277115
36972.87 0.104570105763
37067.81 0.102343678004
37162.85 0.105225480435
37257.89 0.109384801944
37352.84 0.105764549179
37447.88 0.104490722352
37542.82 0.104104882052
37637.86 0.107256218855
37732.9 0.104684565565
37827.84 0.10614115885
37922.89 0.0982009716264
38017.92 0.0979609752676
38112.87 0.0965745347643
38207.91 0.0923598294794
38302.85 0.0977154405313
38397.89 0.0937093474659
38492.94 0.0897438691689
38587.88 0.0923579833535
38682.92 0.0950957879692
38777.96 0.101230464124
38872.9 0.0932201241192
38967.94 0.0923025995784
39062.88 0.0948982525047
39157.93 0.0961000804243
39252.97 0.0993935689168
39347.91 0.0958010080388
39442.95 0.0898472522157
39537.99 0.0942004169384
39632.93 0.0938219611419
39727.98 0.0999234070319
39822.92 0.0933659680603
39917.96 0.0981474339771
40013.0 0.101193541607
40107.94 0.111131236986
40202.98 0.114301035047
40298.03 0.112968132193
40392.96 0.106178081366
40488.01 0.0933530451794
40582.95 0.090353090695
40677.99 0.0915973795088
40773.03 0.0862011536885
40867.97 0.0759533091695
40963.01 0.0829981253619
41058.06 0.0845747168264
41153.0 0.0843716429844
41248.04 0.0868989892547
41342.99 0.0908016992733
41438.02 0.087369751343
41533.06 0.0848460973244
41628.01 0.0890331107218
41723.05 0.0865556098491
41818.09 0.0881192784327
41913.03 0.0773619031828
42008.07 0.076082537978
42103.02 0.0744653317452
42198.06 0.0779951243448
42293.1 0.0696986348351
42388.04 0.0663497625675
42483.08 0.0614372217163
42578.12 0.0641676418286
42673.07 0.0581271180912
42768.1 0.0702487803344
42863.05 0.0736622670063
42958.09 0.0796160228293
43053.13 0.0714044551081
43148.07 0.0735238075685
43243.11 0.0702395497052
43338.15 0.0770332927839
43433.1 0.0731915049179
43528.14 0.0627756629478
43623.08 0.0742382582673
43718.12 0.0794406408748
43813.16 0.0758536183743
43908.11 0.0674297461819
44003.15 0.0732062739246
44098.19 0.0754603935711
44193.13 0.0611547644633
44288.17 0.0670199062462
44383.11 0.0598753992585
44478.15 0.0582415778931
44573.2 0.0668463704175
44668.14 0.0609276909854
44763.18 0.0604938514138
44858.22 0.0541339479067
44953.16 0.0528730439603
45048.2 0.0558508449347
45143.14 0.0514146045494
45238.19 0.0547671690686
45333.23 0.04894448818
45428.17 0.0499783186485
45523.21 0.0508072291491
45618.25 0.0347883952649
45713.2 0.0467402139311
45808.23 0.037487431238
45903.18 0.0473162051921
45998.22 0.0507924601424
46093.26 0.0428485806675
46188.2 0.0465740626058
46283.25 0.0541173327741
46378.28 0.0519259814061
46473.23 0.0606876946266
46568.27 0.0621664414217
46663.21 0.0552730075479
46758.25 0.0529413506162
46853.29 0.0627645861928
46948.24 0.0600083203187
47043.28 0.0570360577218
47138.32 0.0566336022894
47233.26 0.0556570017219
47328.3 0.0599049372719
47423.24 0.0594840205811
47518.28 0.0558877674514
47613.33 0.0559893043725
47708.27 0.0492343299363
47803.31 0.05694375143
47898.35 0.0585351119011
47993.29 0.0607726164151
48088.33 0.0627904319545
48183.27 0.0607670780376
48278.32 0.0524853575346
48373.36 0.0582803465357
48468.3 0.0526035095881
48564.32 0.0477980440355
49049.97 0.0533788824395
49540.47 0.0590151046187
50035.87 0.0647085566987
50536.23 0.0704592386797
51041.59 0.0762671505617
51552.01 0.0821322923446
52067.53 0.0880583562801
52388.08 0.0917413773241
52692.3 0.0926884398783
52996.53 0.0764129945028
53300.75 0.0849144039803
53604.97 0.0682235802916
53909.19 0.0570932876227
54213.42 0.0599178601527
54517.63 0.0622329019518
54821.86 0.071936139349
55126.08 0.0676069742622
55430.31 0.0634864213949
55734.53 0.053587494659
56038.76 0.074625944693
56342.98 0.0908293911608
56647.2 0.106894378191
56951.41 0.0993566464001
57255.65 0.088702654197
57559.87 0.0814972250568
57864.09 0.0750376307545
58168.32 0.0762837656942
58472.54 0.0707121579194
58776.76 0.0729035092874
59080.98 0.0732210429313
59385.21 0.0660451518044
59689.43 0.081166768532
59993.65 0.094905637008
60297.88 0.0962440782396
60602.1 0.100139403755
60906.31 0.109737411979
61210.54 0.143567667935
61514.76 0.178038529556
61818.98 0.231744176269
62123.21 0.280186518221
62427.43 0.258273004541
62731.66 0.217159782159
63035.88 0.179402816549
63340.1 0.161168631661
63644.33 0.110575553109
63948.54 0.125475634736
64252.77 0.111197697516
64557.0 0.102127681281
64861.21 0.0928287454419
65165.43 0.0954280906198
65469.67 0.0894817193001
65773.88 0.0867309918036
66078.1 0.102027990486
66382.33 0.0942761080977
66686.55 0.0946102568742
66990.78 0.100388630743
67295.0 0.102000298598
67599.22 0.0952804005529
67903.45 0.0996187962689
68207.66 0.0940176504806
68511.89 0.100545551439
68816.11 0.102871669993
69120.33 0.115390249291
69424.56 0.124493495791
69728.78 0.158412365787
70033.0 0.153047524106
70337.23 0.136967768069
70641.44 0.132295223577
70945.68 0.122270760284
71249.89 0.136185010714
71554.11 0.131106318538
71858.35 0.140693250007
72162.56 0.133508128251
72466.78 0.151101707474
72771.01 0.148363902859
73075.23 0.155837020245
73379.45 0.178937592838
73683.67 0.19196016449
73967.99 0.192587847274
73987.9 0.215498268907
74292.13 0.224784281865
74577.63 0.235602579267
74596.34 0.245220894876
75187.3 0.268075932733
75796.95 0.301878496801
76406.61 0.301749267993
77016.26 0.298518547779
77625.93 0.296635499425
78235.59 0.279540374178
78845.24 0.262445248931
79454.91 0.229344212681
80064.56 0.203664602294
80674.22 0.17840037022
81283.88 0.162342767693
81893.53 0.164439966644
82503.2 0.147571914875
83112.85 0.147643913782
83722.51 0.143399670484
84332.17 0.146565776294
84941.84 0.147789757723
85551.48 0.150006954853
86161.14 0.141049552294
86770.8 0.123005518367
87380.46 0.101178772601
87990.11 0.0835002715895
88599.77 0.0675922052555
89209.42 0.0591055647846
89819.09 0.0520053648171
90428.75 0.0447057832592
91038.41 0.0364720620279
91648.07 0.0344985535086
92257.72 0.0347182424831
92867.38 0.0303410781246
93477.03 0.0282364946708
94086.7 0.0295693975249
94696.35 0.0289435608662
95306.0 0.0277675787083
95915.67 0.0298573931554
96525.33 0.0331213436345
97134.99 0.0266746722131
97744.65 0.0242100942212
98354.26 0.0239276369682
98963.97 0.0224211982855
99573.59 0.0223842757688
100183.31 0.0236894867353
100792.92 0.0237337937554
101402.63 0.0228384227246
102012.26 0.0240605580284
102621.88 0.0254709981676
103231.58 0.0264365219801
103841.2 0.0254580752867
104450.92 0.0279208071528
105060.54 0.030878300743
105670.15 0.0314413691232
106279.87 0.0319785917416
106889.49 0.031511521905
107499.2 0.033771179929
108108.81 0.0345520911578
108718.53 0.0364739081537
109328.15 0.0404135406891
109937.76 0.0462546828361
110547.48 0.0522361305466
111157.09 0.0684100390011
111766.81 0.106973761602
112376.42 0.13106570377
112986.14 0.122752599127
113595.75 0.103761502646
114205.37 0.0886952696937
114815.09 0.0787335746794
115424.71 0.0720358301442
116034.41 0.0683675781069
116644.03 0.0632648862945
117253.75 0.064309793518
117863.37 0.0658882311083
118472.98 0.0700198607306
119082.7 0.0705958519917
119692.32 0.0781778908026
120302.03 0.0786652680234
120911.64 0.0768486802002
121521.27 0.0786652680234
122130.98 0.0816467612496
122740.59 0.0884312736991
123350.31 0.0903346294366
123959.93 0.0922269084191
124569.64 0.0954280906198
125179.26 0.10100154452
125788.88 0.107226680842
126398.59 0.111779227155
127008.21 0.120409865441
127617.92 0.162545841535
128227.53 0.176148096699
128837.15 0.119431418747
129446.86 0.0836295003981
130056.49 0.082737821619
130666.2 0.0821747532388
131275.81 0.0803397041572
131885.52 0.0797729435254
132495.15 0.0782628125911
133104.77 0.0780338929873
133714.48 0.0775465157665
134324.09 0.0783145041145
134933.81 0.0815803007194
135543.43 0.0807200060796
136153.14 0.0786449606392
136762.75 0.0778640494104
137372.37 0.0766640676166
137982.09 0.0758443877451
138591.71 0.0770942149365
139201.41 0.0752388584707
139811.03 0.0763040730784
140420.75 0.0744967158844
141030.37 0.0764259173836
141639.98 0.0708893859997
142249.71 0.0703133947387
142774.3 0.075224089464
143674.53 0.0750062466153
144574.86 0.0682568105567
145475.1 0.0700327836115
146375.33 0.066298071044
147275.58 0.0672543642274
148175.91 0.0688438785727
149076.16 0.0656574653787
149976.38 0.0654617760401
150876.72 0.0712659956703
151776.96 0.0549573200298
152677.19 0.0590520271354
153577.44 0.0590834112746
154477.77 0.0621590569184
155378.01 0.0743231800558
156278.24 0.0704758538123
157178.58 0.0621756720509
158078.82 0.0584834203777
158979.05 0.0588969525651
159879.39 0.0590944880296
160779.63 0.05744035928
161679.86 0.0571339023912
162580.1 0.0559929966241
163480.45 0.0695121761256
164380.67 0.0694143314562
165280.91 0.0687128036383
166181.15 0.0702875489769
167081.49 0.0629621216573
167981.73 0.0644445607041
168881.98 0.0717792186529
169782.31 0.0759791549312
170682.54 0.0777938966286
171582.78 0.0670309830012
172483.12 0.0653750081257
173383.35 0.0647159412021
174283.59 0.0645460976251
175183.82 0.0593344843884
176084.16 0.0584852665035
176984.4 0.056683447687
177884.63 0.0577191242814
178784.96 0.0547524000619
179685.21 0.0562717616255
180585.43 0.056853291264
181485.77 0.0559985350016
182386.01 0.0654248535233
183286.26 0.0560373036442
184186.49 0.0552619307928
185086.82 0.0571339023912
185987.07 0.0604680056521
186887.29 0.0643042551405
187787.64 0.0676697425406
188687.89 0.0601966251541
189588.1 0.0620039823481
190488.34 0.0639608757349
191388.7 0.0648654773948
192288.92 0.064175026332
193189.17 0.0650242442168
194089.5 0.0677288185674
194989.73 0.0644279455716
195889.98 0.0700863212608
196790.22 0.0698518632795
197690.55 0.0713047643129
198590.78 0.0743933328375
199491.03 0.0742142586314
200391.36 0.0864226887888
201816.98 0.0774911319914
203540.07 0.0897106389038
205264.16 0.0894318739025
206989.24 0.0847980980526
208715.19 0.0928416683227
210442.02 0.0956163954551
212169.84 0.0899986345343
213898.56 0.098284047289
215628.23 0.105509783813
217358.9 0.102814440092
219090.45 0.103818732547
220822.99 0.108024207203
222556.41 0.114797642897
224290.79 0.109923870689
226026.17 0.107294987497
227762.44 0.113518277693
229499.69 0.119977871995
231237.92 0.121733537666
232977.03 0.117444987347
234717.23 0.12184245909
236458.21 0.134471805938
238200.25 0.136838539261
239943.3 0.132033073708
241687.22 0.136290239887
243432.11 0.145683328144
245178.0 0.150318950119
246924.76 0.155768713589
248672.62 0.160718176957
250421.36 0.160537256625
252171.17 0.165058418799
253921.85 0.199160055253
255673.55 0.174593658745
257426.2 0.18377444253
259179.84 0.182186774311
260934.46 0.181614475302
262690.09 0.186181790621
264446.67 0.188840211826
266204.23 0.200193885721
267962.78 0.197461619483
269722.3 0.196686246632
271482.93 0.197092394316
273244.43 0.203387683418
275006.9 0.211289101999
276770.44 0.216735173217
278535.0 0.217510546068
280300.42 0.219282826872
282066.91 0.219910509656
283834.42 0.226058108692
285602.99 0.230359581891
287372.52 0.239608672333
289142.97 0.290340210322
290914.56 0.242174787245
292687.06 0.246125496536
294460.61 0.249005452841
296235.17 0.246900869387
298010.71 0.260820658195
299787.33 0.259380680043
301564.93 0.265011363844
303343.51 0.262703706548
305123.16 0.268832844326
306903.92 0.26381138205
308685.63 0.2637006145
310468.35 0.271731261889
312252.03 0.282586481809
314036.9 0.280924968556
315822.66 0.279577296695
317609.55 0.29285094146
319397.37 0.290247904031
321186.35 0.291558653375
322976.34 0.28528182553
324767.26 0.281128042398
326559.31 0.289786372571
328352.43 0.288014091768
330146.6 0.317275186278
331941.81 0.302413873294
333738.03 0.327964254872
335535.27 0.316370584618
337333.6 0.294309380871
339133.11 0.31059221075
340933.47 0.32200126842
342735.04 0.337877950615
