100.03 1.03859727104e-22
101.89 1.30150717627e-22
104.02 1.50121709325e-22
105.96 1.7637007779e-22
107.93 2.12053265109e-22
109.93 2.85397303258e-22
114.06 3.71067640705e-22
118.07 4.58613348724e-22
121.09 1.45025816019e-21
125.06 1.6882767833e-21
127.09 1.78006764834e-21
127.98 1.85542344764e-21
130.96 1.96999154071e-21
131.86 2.26169690861e-21
134.01 2.34660004901e-21
137.13 2.84084543858e-21
140.0 3.05105743077e-21
142.93 7.31888938564e-21
146.94 1.60120844233e-20
151.05 2.776230398e-20
154.93 8.9216492709e-20
158.9 3.46295700345e-19
161.85 9.69276755205e-19
166.01 3.70215199537e-18
169.87 1.31657833613e-17
173.03 2.78253846265e-17
177.06 1.0457918745e-16
179.94 2.40678239552e-16
182.02 4.11575645039e-16
185.83 1.15729117936e-15
191.04 3.93043574033e-15
194.14 7.95140073276e-15
198.21 1.93845121747e-14
201.9 4.57556321675e-14
205.18 8.46150152807e-14
209.95 2.18497720344e-13
215.84 6.83044059601e-13
219.85 1.38180713435e-12
222.91 2.26698204386e-12
227.05 4.42024843582e-12
230.21 1.72363604297e-08
233.95 2.88039870881e-08
239.95 4.23100649639e-08
246.11 5.1339121822e-08
251.84 6.61375005095e-08
257.11 6.72115763819e-08
260.09 8.32613387049e-08
263.71 9.85012819177e-08
269.23 1.1361676872e-07
274.24 1.32264771725e-07
278.69 1.53973038525e-07
283.87 1.83837462427e-07
289.82 2.14508295675e-07
295.89 2.62688270526e-07
300.69 3.07219797175e-07
307.7 4.04057113931e-07
317.78 6.00408412714e-07
328.19 9.27779919116e-07
338.16 1.43365260623e-06
347.64 2.22555340306e-06
357.38 4.64989608665e-06
365.7 1.05303762443e-05
375.08 1.57560110963e-05
384.7 2.11558849231e-05
394.57 4.89147791384e-05
404.69 8.96290742346e-05
414.12 0.000129253949517
421.82 0.000160859058286
429.66 0.000209137916312
440.68 0.000351921812058
450.95 0.000491415284893
460.39 0.000576028595291
470.03 0.000796981346201
479.87 0.00118426241793
489.92 0.00133181998422
500.18 0.00208660549258
505.97 0.00298848824899
511.83 0.0132264771725
520.15 0.0145695834778
529.82 0.0161602386985
539.67 0.0157196971025
549.7 0.0242349024242
559.92 0.0318744801775
570.33 0.039034985994
579.6 0.0392139986394
590.37 0.0505173685355
599.97 0.0524131976945
609.71 0.0633056909473
619.62 0.0784228826318
629.69 0.0859891504446
639.92 0.0936372526095
650.32 0.106768256371
657.85 0.113355921722
665.47 0.127187632125
674.72 0.136284884276
685.69 0.132569945663
695.23 0.17637007779
704.9 0.162347420566
716.35 0.213025048041
726.32 0.228795209661
734.73 0.243474246585
744.95 0.268808798116
755.31 0.290034583215
765.82 0.296103964336
774.69 0.339970586874
785.46 0.351921812058
794.56 0.387656145847
805.61 0.415377532651
814.94 0.438973104199
824.38 0.48133943028
835.85 0.393043574033
845.52 0.520534675213
855.31 0.538828062692
865.22 0.589446019286
875.24 0.630158609499
885.37 0.67833858435
895.62 0.71852266104
906.0 0.726859535669
914.38 0.936372526095
924.97 5.01695725387
935.68 10.627895514
944.33 19.8363059941
955.27 28.212392917
964.11 30.5804744835
975.27 5.11021431771
984.3 23.7387816641
995.69 26.0881095248
1004.91 39.7595609873
1014.21 38.9446272301
1025.95 17.637007779
1035.44 26.3898736985
1045.02 51.8130791118
1054.69 50.4014365365
1064.45 38.4092941762
1074.3 46.3915532793
1084.24 35.5996480844
1094.27 48.6914395523
1104.4 46.0727402822
1114.62 43.3960750127
1124.93 38.0580884147
1135.34 50.0553454221
1145.84 45.1282354674
1153.79 48.023125676
1164.46 49.029006255
1175.24 32.1694248218
1186.11 47.5815611507
1194.33 32.4677792308
1205.39 22.8266696136
1213.74 17.1170186661
1224.97 33.2230421063
1236.31 49.7109591899
1244.88 53.3883903914
1256.39 50.1695725387
1265.1 43.4949581883
1273.87 55.1375996694
1285.66 56.9430700646
1294.57 43.1966037792
1303.54 43.6961343041
1315.61 54.8835722012
1324.73 51.4567587033
1333.91 45.1282354674
1346.25 53.8828062692
1355.58 52.0534675213
1364.98 45.9670375773
1374.44 47.6923785026
1383.97 48.023125676
1393.56 39.4867798134
1406.46 40.8745540359
1416.2 43.5955462462
1426.02 44.4070702387
1435.91 44.7139490594
1442.53 46.713776041
1445.86 46.9302960979
1455.88 45.3362311125
1465.97 41.633226676
1476.13 41.9230566733
1486.37 42.4072432571
1496.67 42.6033047259
1503.58 39.6692022235
1510.52 35.1120517359
1517.49 37.5363944195
1524.49 36.85103172
1535.06 31.4380302991
1545.7 32.7678385222
1556.42 31.5096353573
1563.6 33.0713075782
1574.44 35.1120517359
1585.35 36.5970042517
1596.34 36.85103172
1603.71 36.4282209003
1614.83 36.5134650172
1626.02 34.8699584441
1633.53 37.1067640705
1644.85 37.3624964211
1656.25 35.1921812058
1663.9 37.7085875356
1671.58 34.5494405646
1675.43 37.9711394155
1683.16 38.9446272301
1694.83 36.6805434862
1706.58 35.274015558
1714.45 32.9195730502
1726.34 32.6178088765
1734.31 34.7096995044
1746.33 33.8419143947
1754.39 35.5178137322
1766.55 33.2230421063
1774.7 32.9945878731
1787.01 33.8419143947
1795.25 35.43597938
1803.54 35.5178137322
1816.04 32.0961148813
1824.43 33.2230421063
1837.07 31.947790118
1845.55 29.339320142
1854.07 29.0034583215
1866.92 29.7467870206
1875.54 32.392764408
1884.2 29.2711248485
1892.89 27.6975184512
1906.01 30.0229779592
1914.81 28.212392917
1923.65 27.4434909829
1936.98 29.0699487327
1945.92 29.6785917271
1954.91 27.1928732794
1968.46 29.9530777834
1977.54 30.9350900096
1982.1 29.0034583215
1995.84 28.212392917
2005.05 29.4058105531
2014.31 28.4084543858
2023.61 29.9530777834
2032.95 27.6344378047
2047.04 28.4732399146
2056.49 26.5126252268
2065.98 27.0667119864
2075.52 29.2046344373
2080.3 26.9422555758
2085.09 28.212392917
2094.72 26.6353767551
2104.39 27.1928732794
2114.1 27.4434909829
2123.86 27.6975184512
2133.66 26.4512494626
2143.51 26.1477804066
2153.41 27.1928732794
2163.35 26.6353767551
2173.33 26.3898736985
2183.36 25.5527764709
2193.44 26.5126252268
2203.57 25.9687677612
2213.74 25.0873435928
2223.95 24.2911635413
2234.22 25.0873435928
2244.53 24.4599468927
2254.89 23.6296691945
2265.3 24.1786413071
2275.76 24.4019808933
2286.26 24.5690593623
2296.81 23.1949241985
2307.42 23.3006269034
2312.74 22.3544172062
2323.41 18.3377144196
2334.13 21.2479485693
2344.91 21.1490653938
2355.73 21.6417763892
2366.61 20.8097938086
2377.53 20.8080889263
2383.01 20.0562358156
2394.01 20.8080889263
2405.06 20.1005627563
2416.16 20.2846900488
2427.31 20.6614690453
2432.91 19.9130256992
2444.14 20.5659956344
2455.42 20.2829851664
2466.76 20.1414799324
2472.44 19.5925078198
2483.85 19.9556477577
2495.32 17.9080840706
2506.84 19.8618792291
2512.62 18.6224297699
2518.41 19.4083805274
2524.21 18.7929180037
2535.86 18.8355400621
2547.57 18.3206655962
2553.44 18.8781621205
2565.23 18.6173151229
2577.07 19.1833360589
2583.01 18.9634062374
2594.93 18.8304254151
2606.91 18.4024999484
2612.92 18.1910945386
2624.98 18.3581730077
2637.1 18.3564681253
2643.18 18.8270156504
2655.38 18.7400666512
2667.63 17.8143155421
2673.78 18.1859798916
2686.12 18.0189014225
2692.32 17.5278953094
2704.74 17.5261904271
2717.23 17.2056725477
2723.49 17.2056725477
2736.06 17.4443560749
2742.37 16.429780596
2755.03 16.3910797669
2767.74 16.5419618538
2774.12 16.88788248
2786.93 16.69386687
2793.35 15.1894786956
2806.25 15.758738908
2812.72 16.5772529181
2825.7 16.5001922365
2832.21 15.7935185077
2845.29 15.7202085672
2851.85 15.6475805796
2865.01 15.9375810652
2878.23 15.6820192029
2884.87 15.6455347208
2898.18 15.4656696343
2911.56 15.6438298385
2931.74 15.3572391176
2952.06 15.040983444
2972.53 14.9363036685
2993.13 14.730183394
3006.95 14.5607180896
3027.79 14.4592775906
3048.78 14.2270726162
3069.91 14.030670171
3091.19 13.8369955375
3112.62 13.6460487157
3126.99 13.396112965
3148.66 13.3028559012
3170.49 13.0288813096
3192.46 12.7018848773
3207.2 12.6720494364
3229.43 12.4683159971
3251.82 12.3813669979
3266.83 12.2108787642
3289.47 12.0700554831
3312.27 11.9307665962
3319.91 12.2364519992
3327.56 12.2925426281
3335.23 12.1795089292
3342.92 11.6310482813
3350.63 12.1506964177
3358.35 11.2873440021
3366.09 11.6298548636
3373.85 11.4436817124
3381.63 11.364575172
3389.43 11.790625268
3397.24 11.7902842916
3405.07 11.2334697202
3412.92 11.2849571668
3420.79 11.4414653654
3428.67 11.4411243889
3436.58 11.4672090887
3444.5 11.1286194565
3452.44 11.4665271357
3460.4 10.9248860172
3468.38 10.8994832704
3476.37 10.7992361889
3484.38 10.7245623426
3492.42 10.9992188871
3500.47 10.8479958238
3508.54 10.5036095916
3516.62 10.4309816041
3524.73 10.649036055
3532.86 10.5997649555
3541.0 10.6974547134
3549.16 10.7961674007
3557.34 10.6231218435
3565.54 10.7211525779
3573.77 10.5250911091
3582.0 10.0511338193
3590.26 9.79932269812
3598.54 10.0504518664
3606.83 10.0732972897
3613.66 10.8877195822
3616.37 11.417085548
3619.07 10.3283476874
3621.77 10.5182715797
3624.47 11.772383027
3627.17 11.8317129324
3629.87 10.7429750718
3632.57 10.5663492617
3635.27 9.69805268729
3637.97 9.91065151475
3640.67 10.1385942832
3643.37 10.5590182676
3646.07 10.1287059657
3648.77 8.88192551244
3651.47 9.97680094943
3654.17 9.40856366642
3656.87 8.76497058411
3659.57 9.19170263312
3662.28 8.53600488621
3664.98 8.49952040419
3667.68 9.13424809836
3670.38 9.43192055444
3673.08 8.39398818752
3675.78 9.45135621309
3678.48 9.58075678249
3681.18 9.82097470381
3683.88 9.04968593443
3686.58 8.62482925598
3689.28 9.66361406408
3691.98 10.1622921477
3694.68 8.78679307802
3697.38 9.98430243172
3700.08 8.95728131175
3702.78 9.06639378133
3705.48 9.13782835127
3708.19 9.88678316203
3710.89 11.916786561
3713.59 10.3462489519
3716.29 13.466865582
3718.99 26.4870519917
3721.69 54.5119078517
3724.39 93.1820490255
3727.09 112.184667557
3729.79 95.2432517712
3732.49 59.2617100433
3735.19 29.4927595523
3737.89 15.292624077
3740.59 13.1671472672
3743.29 11.8138116678
3745.99 11.2546102612
3748.69 10.4507582392
3751.39 10.4661021802
3754.1 9.2684223383
3756.8 9.53131519471
3759.5 9.56166210031
3762.2 9.76437261021
3764.9 9.54785255338
3767.6 10.1503579714
3770.3 9.59933999996
3773.0 10.9339218936
3775.7 10.2671424115
3778.4 9.12913345135
3781.1 10.3097644699
3783.8 10.327324758
3786.5 9.66617138758
3789.2 9.24523593851
3791.9 10.730017966
3794.6 9.71544248713
3797.3 10.7632631716
3800.01 11.3979908658
3802.71 10.9392070288
3805.41 10.1513809008
3808.11 10.4749675684
3810.81 10.68040589
3813.51 9.93827060861
3816.21 9.89598952665
3818.91 10.3544323871
3821.61 9.96111603193
3824.31 10.077900472
3827.01 10.4413813863
3829.71 10.6249972141
3832.41 10.1021098012
3835.11 12.0734652478
3837.81 11.0824171451
3840.51 10.2246908413
3843.21 9.99828246688
3845.92 10.3704582811
3848.62 11.0140513634
3851.32 11.0280313986
3854.02 10.6185186612
3856.72 10.4983244564
3859.42 11.3628702896
3862.12 14.5869732776
3864.82 22.1447166787
3867.52 25.9363749968
3870.22 26.4717080507
3872.92 19.0742235893
3875.62 12.3295385749
3878.32 10.4381421099
3881.02 10.9893305695
3883.72 13.56455534
3886.42 15.9696328531
3889.12 16.8868595506
3891.83 13.9084301074
3894.53 11.2399482731
3897.23 9.94338525562
3899.93 10.0405635488
3902.63 9.4281698133
3905.33 9.58246166482
3908.03 9.85081014471
3910.73 9.83683010954
3913.43 9.59882853526
3916.13 10.8191833123
3918.83 10.5170781621
3921.53 9.3690103962
3924.23 10.6060730201
3926.93 9.47130333643
3929.63 9.46380185415
3932.33 8.76224277237
3935.03 8.96580572344
3937.74 9.57359627667
3940.44 10.1665543536
3943.14 10.1870129416
3945.84 9.90366149716
3948.54 9.94594257913
3951.24 10.2976598053
3953.94 9.5418854652
3956.64 10.8089540183
3959.34 9.89718294428
3962.04 12.8589045406
3964.74 17.1255430778
3967.44 20.9103818665
3970.14 19.8993866405
3972.84 15.913371736
3975.54 11.9191733963
3978.24 9.70299684607
3980.94 10.204061765
3983.65 9.18437163907
3986.35 10.5689065852
3989.05 10.2632211821
3991.75 10.5748736733
3994.45 9.78500168649
3997.15 9.96742409658
3999.85 9.63377862318
4002.55 10.2461723587
4005.25 10.0825036543
4007.95 10.707343031
4010.65 9.74800573977
4013.35 9.20602364476
4016.05 9.87433752096
4018.75 9.77715922774
4021.45 10.4475189628
4024.15 9.58757631184
4026.85 9.5135844184
4029.56 10.085913419
4032.26 9.99674807278
4034.96 9.77767069244
4037.66 9.63906375842
4040.36 9.82455495672
4043.06 9.93537230864
4045.76 9.31956880842
4048.46 9.6319032526
4051.16 9.51938101835
4053.86 9.70981637542
4056.56 9.55109182982
4059.26 9.39475411949
4061.96 9.88848804436
4064.66 9.89240927374
4067.36 9.65321428182
4070.06 9.88149802678
4072.76 10.0911985543
4075.47 9.80307343927
4078.17 10.3881890574
4080.87 10.0456781959
4083.57 9.73112740463
4086.27 9.54461327694
4088.97 9.614683941
4091.67 10.0037380904
4094.37 11.8235294972
4097.07 14.5491248897
4099.77 18.956586708
4102.47 19.0503552366
4105.17 15.7553291434
4107.87 11.6400841577
4110.57 9.78687705706
4113.27 8.67733963197
4115.97 8.98882163499
4118.67 8.88363039478
4121.38 8.91141997688
4124.08 10.2920336936
4126.78 9.13220223955
4129.48 9.41981588985
4132.18 9.92889375576
4134.88 9.09963898691
4137.58 9.47727042462
4140.28 9.50966318902
4142.98 9.36764649033
4145.68 9.16101475105
4148.38 9.3391749553
4151.08 8.9059643534
4153.78 9.48801118334
4156.48 9.45084474839
4159.18 9.24455398558
4161.88 9.89786489722
4164.58 9.60718245871
4167.29 9.53983960639
4169.99 9.37668236672
4172.69 9.2972348498
4175.39 9.06127913432
4178.09 9.64929305244
4180.79 9.38946898425
4183.49 8.7922487015
4186.19 8.98268405857
4188.89 9.4276583486
4191.59 9.153683757
4194.29 8.82344804827
4196.99 8.90374800636
4199.69 8.62568169715
4202.39 9.1096977927
4205.09 8.80759264254
4207.79 8.97450062336
4210.49 8.77230157816
4213.2 9.24319007971
4215.9 9.78210338652
4218.6 9.11873366909
4221.3 9.40225560178
4224.0 8.81918584243
4226.7 8.79531748971
4229.4 8.8619783891
4232.1 8.48929111017
4234.8 8.9499503177
4237.5 9.24881619142
4240.2 9.09094408699
4242.9 9.07219038128
4245.6 9.14652325119
4248.3 9.03127320519
4251.0 8.84424761279
4253.7 8.88550576535
4256.4 8.23134241254
4259.11 8.49883845126
4261.81 8.90528240046
4264.51 8.66472350268
4267.21 8.68450013779
4269.91 8.97569404099
4272.61 8.46542275745
4275.31 8.93170807669
4278.01 7.8797956746
4280.71 8.13007240171
4283.41 8.32835021753
4286.11 8.90153165932
4288.81 8.3559693114
4291.51 8.22384093026
4294.21 8.27890862975
4296.91 8.82174316594
4299.61 8.23100143608
4302.31 8.25060758295
4305.02 8.53856220972
4307.72 8.40387650507
4310.42 7.8509831631
4313.12 8.39859136983
4315.82 8.51742166874
4318.52 8.661313738
4321.22 8.01618626158
4323.92 8.13620997812
4326.62 8.08506350801
4329.32 9.15590010404
4332.02 10.2216220531
4334.72 15.7834597019
4337.42 24.299687953
4340.12 29.7416723736
4342.82 26.5092154621
4345.52 17.945591482
4348.22 11.5057394295
4350.93 8.77332450756
4353.63 8.79344211914
4356.33 8.5288443804
4359.03 9.72839959289
4361.73 10.6585833961
4364.43 10.4026805573
4367.13 9.50369610084
4369.83 9.716806393
4372.53 8.45348858109
4375.23 8.73479416674
4377.93 9.04883349326
4380.63 8.86930938315
4383.33 8.69200162007
4386.03 8.68825087893
4388.73 8.22111311852
4391.43 8.53054926273
4394.13 8.71092581401
4396.84 9.12026806319
4399.54 8.09836159024
4402.24 8.42126630491
4404.94 8.06170661998
4407.64 8.63335366767
4410.34 8.68722794953
4413.04 8.03306459672
4415.74 8.27089568277
4418.44 8.15121294269
4421.14 8.27225958864
4423.84 8.72405340801
4426.54 8.29067231788
4429.24 7.98549837951
4431.94 7.70930744087
4434.64 7.37259317926
4437.34 8.21548700681
4440.04 8.07722104925
4442.75 8.35426442906
4445.45 8.48656329843
4448.15 8.45434102226
4450.85 8.16468151316
4453.55 8.23918487129
4456.25 8.78815698389
4458.95 7.98720326185
4461.65 8.67205449673
4464.35 8.04516926131
4467.05 9.27643528529
4469.75 10.0306752313
4472.45 10.136207448
4475.15 9.03314857576
4477.85 8.91806901799
4480.55 8.18735644824
4483.25 8.29118378258
4485.95 8.04414633191
4488.66 8.44002001062
4491.36 8.17371738954
4494.06 7.84910779253
4496.76 7.79932522828
4499.46 7.94151241521
4502.16 8.0678441964
4504.86 8.48093718672
4507.56 8.36892641716
4510.26 8.39143086401
4512.96 8.4586032281
4515.66 8.63932075585
4518.36 7.90161816852
4521.06 8.29016085318
4523.76 7.8959920568
4526.46 8.9802972233
4529.16 8.1259806841
4531.86 8.36722153482
4534.57 8.28811499437
4537.27 8.07432274928
4539.97 8.21105431273
4542.67 7.98549837951
4545.37 7.7377789759
4548.07 8.0521592789
4550.77 8.02931385558
4553.47 8.2543583241
4556.17 7.96708565027
4558.87 7.89224131566
4561.57 8.20934943039
4564.27 8.51094311585
4566.97 8.00101280878
4569.67 8.23270631841
4572.37 8.430813646
4575.07 7.8080201282
4577.77 8.12921996054
4580.48 8.0253926262
4583.18 8.12103652532
4585.88 7.56524488337
4588.58 8.30465235305
4591.28 7.78278786961
4593.98 8.14098364867
4596.68 7.43720821985
4599.38 8.23747998896
4602.08 8.03238264378
4604.78 7.99027205005
4607.48 8.06818517287
4610.18 7.63105334159
4612.88 8.45280662815
4615.58 7.60565059477
4618.28 7.73095944656
4620.98 7.97901982663
4623.68 7.16255167531
4626.39 7.88303495104
4629.09 7.33355137374
4631.79 7.87297614525
4634.49 8.36381177015
4637.19 7.5775200362
4639.89 7.91696210955
4642.59 8.50633993354
4645.29 8.50599895708
4647.99 8.36688055836
4650.69 8.09103059619
4653.39 8.40012576393
4656.09 8.41768605201
4658.79 8.89096138883
4661.49 8.532936098
4664.19 8.06085417882
4666.89 7.48306955472
4669.59 7.96503979146
4672.3 7.9536170798
4675.0 8.23594559485
4677.7 7.96589223263
4680.4 8.0557395318
4683.1 7.89854938031
4685.8 7.73897239354
4688.5 7.57189392449
4691.2 7.56354000104
4693.9 8.14916708389
4696.6 8.54776857434
4699.3 8.25316490646
4702.0 8.03187117908
4704.7 8.00476354992
4707.4 7.89275278036
4710.1 7.55109435997
4712.8 8.26083687698
4715.5 7.791823746
4718.21 7.8206362575
4720.91 7.7220940584
4723.61 7.62747308868
4726.31 7.47931881358
4729.01 7.56507439514
4731.71 8.28811499437
4734.41 7.75107705814
4737.11 7.50915425448
4739.81 7.29638493879
4742.51 7.78653861075
4745.21 8.10108940198
4747.91 7.49193494287
4750.61 7.71374013495
4753.31 7.49346933698
4756.01 7.1129395993
4758.71 7.28598515653
4761.41 7.23296331584
4764.12 7.17295145757
4766.82 7.30030616816
4769.52 7.60667352417
4772.22 7.20346885141
4774.92 7.44095896099
4777.62 7.22409792769
4780.32 7.5476845953
4783.02 7.32281061501
4785.72 7.09708419356
4788.42 7.0128630061
4791.12 7.24046479813
4793.82 6.94330380674
4796.52 7.08088781136
4799.22 7.28240490362
4801.92 7.24114675106
4804.62 7.19153467505
4807.32 7.00212224738
4810.03 7.07321584084
4812.73 7.36321632641
4815.43 7.42237574351
4818.13 7.23364526878
4820.83 7.21097033369
4823.53 6.98268658873
4826.23 7.36082949114
4828.93 7.3454855501
4831.63 7.57121197155
4834.33 7.57206441272
4837.03 7.16732534586
4839.73 7.06298654682
4842.43 6.87238070151
4845.13 6.91534373641
4847.83 7.49466275461
4850.53 8.37762131708
4853.23 12.6693216247
4855.94 25.6738231169
4858.64 46.430765573
4861.34 58.4808739328
4864.04 49.0801527251
4866.74 27.9822338015
4869.44 13.7887473673
4872.14 8.6476746793
4874.84 7.71305818201
4877.54 7.05718994687
4880.24 7.14158162256
4882.94 6.98933562985
4885.64 7.25785459797
4888.34 6.95864774778
4891.04 6.68382071501
4893.74 6.8551613899
4896.44 7.11038227579
4899.15 7.16903022819
4901.85 7.15351579892
4904.55 6.77281557301
4907.25 6.86044652515
4909.95 7.01695472371
4912.65 7.00126980621
4915.35 6.74945868499
4918.05 7.34531506187
4920.75 7.41947744354
4923.45 7.17295145757
4926.15 7.02496767069
4928.85 7.0285479236
4931.55 6.85499090167
4934.25 6.82038179022
4936.95 6.63386766253
4939.65 7.07082900557
4942.35 7.28325734479
4945.06 7.28666710946
4947.76 9.03331906399
4950.46 14.4718937199
4953.16 31.2709518301
4955.86 54.5749884981
4958.56 72.564906921
4961.26 72.4370407457
4963.96 42.9596251344
4966.66 19.0588796483
4969.36 9.94594257913
4972.06 7.93469288586
4974.76 7.10765446405
4977.46 6.91466178347
4980.16 6.88721317784
4982.86 7.34139383249
4985.56 7.96964297377
4988.26 7.96282344442
4990.97 7.80614475763
4993.67 9.1521493629
4996.37 14.7658154348
4999.07 37.3965940679
5001.77 101.402991656
5004.47 193.60643822
5007.17 235.341957836
5009.87 183.325997726
5012.57 91.8386017437
5015.27 33.4566109865
5017.97 14.2381543514
5020.67 8.98046771154
5023.37 7.57393978329
5026.07 7.42067086117
5028.77 7.18539709863
5031.47 6.98933562985
5034.17 6.93188109508
5036.88 7.44351628449
5039.58 7.16579095175
5042.28 7.01030568259
5044.98 6.81799495495
5047.68 6.9966666239
5050.38 6.82447350783
5053.08 6.87425607208
5055.78 7.21847181597
5058.48 7.04781309401
5061.18 6.80111661981
5063.88 6.9102290894
5066.58 6.38273849425
5069.28 6.50139830492
5071.98 6.2465183955
5074.68 6.40490196463
5077.38 6.58527851591
5080.08 6.67171605041
5082.79 6.43013422322
5085.49 6.45604843475
5088.19 6.2182173487
5090.89 5.94765252178
5093.59 6.14456643173
5096.29 6.49679512261
5098.99 6.44956988187
5101.69 6.4335439879
5104.39 6.80708370799
5107.09 6.84902381349
5109.79 6.32204468304
5112.49 6.11336708496
5115.19 6.23441373091
5117.89 6.34113936522
5120.59 6.41257393515
5123.29 6.35290305335
5125.99 6.04824057968
5128.7 6.00169729187
5131.4 6.52628958705
5134.1 6.39688901765
5136.8 6.44309132899
5139.5 6.08421359699
5142.2 5.87587697538
5144.9 6.25896403656
5147.6 6.12052759078
5150.3 6.74724233795
5153.0 7.02036448838
5155.7 6.71808884999
5158.4 6.49730658731
5161.1 6.31045148315
5163.8 6.15684158456
5166.5 6.22179760161
5169.2 6.02420173872
5171.9 5.94782301001
5174.61 6.35205061218
5177.31 6.23458421914
5180.01 6.03681786802
5182.71 5.97799942738
5185.41 6.16485453155
5188.11 6.07176795593
5190.81 6.01056268002
5193.51 6.45502550535
5196.21 7.04747211755
5198.91 7.19767225146
5201.61 7.08634343484
5204.31 6.70581369716
5207.01 6.22537785452
5209.71 6.03409005628
5212.41 6.33159202413
5215.11 6.59772415698
5217.81 6.262203313
5220.52 6.1616152551
5223.22 6.1873589784
5225.92 6.07892846175
5228.62 6.28777654806
5231.32 6.26629503061
5234.02 6.20065706063
5236.72 6.18070993728
5239.42 5.92344319259
5242.12 6.16195623157
5244.82 6.24771181314
5247.52 6.3622799062
5250.22 6.08131529702
5252.92 5.97663552151
5255.62 5.9699864804
5258.32 5.73317832375
5261.02 5.9437312924
5263.72 5.63378368349
5266.43 6.01192658589
5269.13 6.28487824809
5271.83 6.46764163464
5274.53 6.39484315884
5277.23 5.9280463749
5279.93 5.99027458021
5282.63 5.76642352933
5285.33 5.73045051201
5288.03 5.96879306276
5290.73 6.1145605026
5293.43 5.8855948047
5296.13 6.27891115991
5298.83 6.3496637769
5301.53 5.92975125724
5304.23 5.96657671572
5306.93 6.10484267327
5309.63 6.39416120591
5312.34 6.09427240278
5315.04 6.02403125049
5317.74 6.05540108549
5320.44 6.11745880257
5323.14 6.08762336167
5325.84 5.86735256369
5328.54 5.66634693613
5331.24 5.98891067434
5333.94 6.11575392023
5336.64 5.9846484685
5339.34 5.99078604491
5342.04 5.5938894368
5344.74 5.60531214846
5347.44 5.6105972837
5350.14 6.22520736628
5352.84 6.01380195646
5355.54 5.70078555934
5358.25 6.02113295051
5360.95 6.08762336167
5363.65 5.88065064592
5366.35 5.97868138032
5369.05 5.84331372274
5371.75 6.14831717287
5374.45 6.044830815
5377.15 5.86922793426
5379.85 6.5508398927
5382.55 6.25896403656
5385.25 6.1034787674
5387.95 5.96453085692
5390.65 5.98584188613
5393.35 5.98925165081
5396.05 5.93128565134
5398.75 5.87178525777
5401.45 5.73334881198
5404.16 5.54905103133
5406.86 5.77580038218
5409.56 5.90622388098
5412.26 6.02522466812
5414.96 6.23492519561
5417.66 6.08319066759
5420.36 5.5231368198
5423.06 5.49364235536
5425.76 6.11916368491
5428.46 5.80734070542
5431.16 5.64963908922
5433.86 5.53899222554
5436.56 5.65714057151
5439.26 5.62099706596
5441.96 5.97186185097
5444.66 5.99555971546
5447.36 6.02232636815
5450.07 5.91150901623
5452.77 5.86411328725
5455.47 5.83717614632
5458.17 5.53865124907
5460.87 5.31650508052
5463.57 5.98447798026
5466.27 5.10799797068
5468.97 5.69584140056
5471.67 5.65066201863
5474.37 6.13007493187
5477.07 6.28300287752
5479.77 5.58724039568
5482.47 5.70249044168
5485.17 5.77648233512
5487.87 5.49602919064
5490.57 5.95072130999
5493.27 5.34003245678
5495.98 5.66566498319
5498.68 5.72704074734
5501.38 5.76795792343
5504.08 5.65918643031
5506.78 6.05284376199
5509.48 5.68885138298
5512.18 6.28215043635
5514.88 6.09273800868
5517.58 6.33108055943
5520.28 5.9138958515
5522.98 5.2339887754
5525.68 5.82097976412
5528.38 5.6116202131
5531.08 5.4806852496
5533.78 6.28573068926
5536.48 5.41555874432
5539.18 5.44062051468
5541.89 5.87775234595
5544.59 5.53114976678
5547.29 5.4786393908
5549.99 5.90690583392
5552.69 5.66020935972
5555.39 5.63582954229
5558.09 5.61741681305
5560.79 5.44471223229
5563.49 5.38742818575
5566.19 5.79012139381
5568.89 5.09009670613
5571.59 5.36032055659
5574.29 5.88235552826
5576.99 5.81876341708
5579.69 5.75295495886
5582.39 5.72601781793
5585.09 5.60019750144
5587.8 5.46789863207
5590.5 5.70607069459
5593.2 5.1313548587
5595.9 5.82814026994
5598.6 5.51853363749
5601.3 5.14022024685
5604.0 5.35997958012
5606.7 5.20176649923
5609.4 5.43942709704
5612.1 5.11208968829
5614.8 5.73965687663
5617.5 5.44897443813
5620.2 5.09896209429
5622.9 5.45698738511
5625.6 5.40567042676
5628.3 5.12589923522
5631.0 5.87127379307
5633.71 5.48886868482
5636.41 5.0297438714
5639.11 5.07253641806
5641.81 5.20875651681
5644.51 5.56899815467
5647.21 5.04764513594
5649.91 5.5367758785
5652.61 5.6530488539
5655.31 5.15692809376
5658.01 5.4958587024
5660.71 5.10885041184
5663.41 5.19835673455
5666.11 4.79839133823
5668.81 4.95592246619
5671.51 5.11140773535
5674.21 5.28547622198
5676.91 5.21029091091
5679.62 4.98320058359
5682.32 5.09504086491
5685.02 5.3361112274
5687.72 5.02343580675
5690.42 5.19767478162
5693.12 5.17210154656
5695.82 5.05974980053
5698.52 5.23126096366
5701.22 5.86309035785
5703.92 5.5226253551
5706.62 5.25615224578
5709.32 5.14141366449
5712.02 5.45562347924
5714.72 5.45374810867
5717.42 5.68407771244
5720.12 5.69737579467
5722.82 5.60326628965
5725.53 5.53097927855
5728.23 5.03860925955
5730.93 5.12300093524
5733.63 5.04116658305
5736.33 5.72243756503
5739.03 5.30917408647
5741.73 5.02292434205
5744.43 4.71024892139
5747.13 5.12896802342
5749.83 5.63139684822
5752.53 5.51853363749
5755.23 5.36560569184
5757.93 5.37771035643
5760.63 5.24387709296
5763.33 4.89130742561
5766.03 5.40549993853
5768.74 4.81561064983
5771.44 5.26416519277
5774.14 5.49415382007
5776.84 5.09333598258
5779.54 4.98439400122
5782.24 4.66643344532
5784.94 5.24080830475
5787.64 5.0757756945
5790.34 4.88312399039
5793.04 5.67060914197
5795.74 5.22819217545
5798.44 5.26569958687
5801.14 5.50915678463
5803.84 4.98712181296
5806.54 4.79327669122
5809.24 5.62082657772
5811.94 5.71902780035
5814.65 5.29536453954
5817.35 5.35469444488
5820.05 5.34548808026
5822.75 5.35963860366
5825.45 5.02531117732
5828.15 4.90818576075
5830.85 5.38146109757
5833.55 5.30900359824
5836.25 5.28564671022
5838.95 4.96325346024
5841.65 4.62074259869
5844.35 4.80538135581
5847.05 5.10595211187
5849.75 5.25717517519
5852.45 4.99274792468
5855.15 4.96700420138
5857.85 5.12300093524
5860.56 5.12589923522
5863.26 5.29604649248
5865.96 5.28308938671
5868.66 5.89190286935
5871.36 7.80665622233
5874.06 9.87791777387
5876.76 10.4715578037
5879.46 8.8074221543
5882.16 6.56072821026
5884.86 5.27251911622
5887.56 5.19085525227
5890.26 4.99087255411
5892.96 4.90937917838
5895.66 5.08003790034
5898.36 5.10100795309
5901.06 5.33167853332
5903.76 5.27422399856
5906.47 5.09828014135
5909.17 5.08310668855
5911.87 5.19187818167
5914.57 5.22358899314
5917.27 5.1035652766
5919.97 4.98643986003
5922.67 4.87732739044
5925.37 4.89437621382
5928.07 5.28513524552
5930.77 5.13254827633
5933.47 4.80435842641
5936.17 4.84868536718
5938.87 4.77690982078
5941.57 5.16988519952
5944.27 5.2036418698
5946.97 5.25581126932
5949.67 4.99360036585
5952.38 4.90972015485
5955.08 5.28718110432
5957.78 5.28036157497
5960.48 5.21625799909
5963.18 5.36782203887
5965.88 5.5807618428
5968.58 5.40498847383
5971.28 5.22410045784
5973.98 4.83402337908
5976.68 4.93802120165
5979.38 4.91636919597
5982.08 4.78066056192
5984.78 4.86607516702
5987.48 4.61562795167
5990.18 5.3366226921
5992.88 4.81578113807
5995.58 5.104588206
5998.29 5.33935050384
6000.99 4.88005520218
6003.69 4.66472856299
6006.39 4.87374713754
6009.09 4.80947307342
6011.79 4.7573036739
6014.49 4.70649818025
6017.19 4.68944935688
6019.89 4.63710946912
6022.59 4.57897298142
6025.29 5.19682234045
6027.99 4.9291558135
6030.69 5.05190734178
6033.39 4.34267628948
6036.09 4.8584031965
6038.79 4.63284726328
6041.49 5.27183716329
6044.2 5.17465887006
6046.9 5.3371341568
6049.6 4.91585773127
6052.3 4.7295140918
6055.0 4.87647494928
6057.7 4.63642751619
6060.4 4.76071343858
6063.1 4.35273509527
6065.8 5.28428280435
6068.5 4.91347089599
6071.2 4.90631039018
6073.9 4.74008436229
6076.6 4.84885585541
6079.3 4.74553998577
6082.0 4.45434608257
6084.7 4.3974030125
6087.4 4.8573802671
6090.11 4.39450471253
6092.81 4.79549303826
6095.51 4.75167756219
6098.21 5.27115521035
6100.91 4.82072529685
6103.61 4.61255916347
6106.31 4.60284133414
6109.01 4.73326483295
6111.71 4.98149570125
6114.41 4.84732146131
6117.11 4.79054887948
6119.81 4.69592790976
6122.51 4.44974290026
6125.21 4.77912616782
6127.91 4.6991671862
6130.61 4.89164840208
6133.31 4.73923192113
6136.02 4.5702780815
6138.72 4.7567922092
6141.42 4.72576335066
6144.12 4.57334686971
6146.82 4.09802567408
6149.52 4.0066439808
6152.22 3.9919819927
6154.92 4.24038334924
6157.62 4.33551578366
6160.32 4.58852032251
6163.02 4.13638552667
6165.72 4.65501073366
6168.42 5.10953236478
6171.12 4.75184805042
6173.82 4.60096596357
6176.52 4.91619870773
6179.22 4.80333549701
6181.93 4.79361766768
6184.63 4.4120650006
6187.33 4.95507002502
6190.03 4.49986644097
6192.73 4.52134795842
6195.43 4.60045449887
6198.13 4.44258239444
6200.83 4.49662716453
6203.53 4.89437621382
6206.23 4.6546697572
6208.93 4.53959019943
6211.63 4.44820850615
6214.33 5.08702791793
6217.03 4.61886722811
6219.73 4.84459364957
6222.43 4.49117154105
6225.13 4.05881338032
6227.84 4.51640379965
6230.54 4.33892554834
6233.24 3.98789027509
6235.94 3.90264615823
6238.64 4.2078200966
6241.34 4.24072432571
6244.04 4.72269456245
6246.74 4.56993710504
6249.44 4.52765602307
6252.14 4.53481652889
6254.84 4.64341753377
6257.54 4.74877926221
6260.24 4.41581574175
6262.94 4.16400462053
6265.64 4.44667411205
6268.34 4.46338195896
6271.04 4.43968409447
6273.75 4.63352921622
6276.45 4.27601539009
6279.15 4.35017777176
6281.85 4.42485161813
6284.55 4.26987781368
6287.25 4.83248898497
6289.95 4.67922006285
6292.65 4.83999046726
6295.35 6.18957532544
6298.05 7.79847278711
6300.75 8.22639825376
6303.45 7.37174073809
6306.15 5.68970382415
6308.85 5.929580769
6311.55 5.36714008594
6314.25 5.55552958421
6316.95 4.78850302067
6319.66 4.76139539151
6322.36 4.66847930413
6325.06 4.31642110148
6327.76 4.81237137339
6330.46 4.69729181563
6333.16 4.10416325049
6335.86 4.56601587566
6338.56 4.39893740661
6341.26 4.86010807884
6343.96 4.28453980178
6346.66 4.30397546042
6349.36 4.77708030901
6352.06 4.8416953496
6354.76 4.38717371848
6357.46 4.54521631114
6360.16 5.38845111516
6362.86 5.82387806409
6365.57 5.58638795451
6368.27 5.61809876598
6370.97 5.17755717004
6373.67 4.68262982753
6376.37 4.8725537199
6379.07 5.00775088924
6381.77 4.49304691162
6384.47 4.4828176176
6387.17 4.7871391148
6389.87 4.30056569575
6392.57 4.29545104874
6395.27 4.37489856565
6397.97 4.4408775121
6400.67 4.60795598116
6403.37 4.42451064167
6406.07 4.40268814775
6408.77 4.20986595541
6411.48 4.24464555509
6414.18 4.52390528193
6416.88 4.30380497219
6419.58 4.17065366165
6422.28 4.27379904305
6424.98 4.42297624756
6427.68 4.68944935688
6430.38 4.32784381314
6433.08 4.31147694271
6435.78 4.39808496544
6438.48 4.279595643
6441.18 4.28863151939
6443.88 4.23083600815
6446.58 4.05148238627
6449.28 4.59533985186
6451.98 4.29101835466
6454.68 4.08575052125
6457.39 4.39893740661
6460.09 4.20423984369
6462.79 3.87110583499
6465.49 4.16690292051
6468.19 4.394845689
6470.89 4.06870169788
6473.59 3.92600304625
6476.29 4.31693256619
6478.99 3.99522126914
6481.69 4.4095076771
6484.39 3.88099415255
6487.09 4.58766788134
6489.79 3.94458626373
6492.49 3.81791350607
6495.19 3.90776080524
6497.89 4.06000679796
6500.59 4.24311116098
6503.3 4.74025485053
6506.0 4.40558644772
6508.7 4.54282947587
6511.4 3.96453338707
6514.1 4.5257806525
6516.8 4.14678530893
6519.5 4.47344076475
6522.2 4.68876740394
6524.9 4.82072529685
6527.6 4.8275448262
6530.3 4.0051095867
6533.0 4.74877926221
6535.7 4.73258288001
6538.4 4.94705707804
6541.1 5.21131384031
6543.8 6.65620162114
6546.5 7.74903119933
6549.21 8.23713901249
6551.91 11.1850510619
6554.61 23.6586521942
6557.31 67.8048754353
6560.01 139.065547368
6562.71 172.994410762
6565.41 134.612394703
6568.11 66.2380885674
6570.81 23.8274355456
6573.51 10.0042495551
6576.21 7.64401044736
6578.91 9.07508868125
6581.61 11.9737296311
6584.31 12.1324541767
6587.01 9.69191511088
6589.71 6.55544307501
6592.41 5.28002059851
6595.12 4.83589874965
6597.82 4.34489263652
6600.52 4.82430554976
6603.22 4.61613941638
6605.92 4.39075397139
6608.62 4.61204769877
6611.32 4.51998405255
6614.02 4.44633313558
6616.72 4.02147645714
6619.42 4.12121207387
6622.12 4.35767925405
6624.82 4.06034777443
6627.52 4.37762637739
6630.22 4.28914298409
6632.92 4.12359890914
6635.62 4.01721425129
6638.32 3.90179371706
6641.03 4.21600353182
6643.73 4.25163557267
6646.43 4.54726216995
6649.13 4.24038334924
6651.83 4.36160048342
6654.53 4.47327027651
6657.23 4.47855541176
6659.93 4.44172995327
6662.63 4.38904908905
6665.33 4.22896063758
6668.03 4.05199385097
6670.73 4.91023161955
6673.43 5.54461833725
6676.13 6.17457236087
6678.83 6.06665330892
6681.53 4.89352377265
6684.24 4.58937276368
6686.94 3.85490945279
6689.64 4.34949581883
6692.34 3.9317996462
6695.04 4.33261748369
6697.74 4.16059485586
6700.44 4.151218003
6703.14 4.96564029551
6705.84 4.43218261218
6716.24 4.27311709012
6731.72 4.21327572008
6747.24 4.17338147339
6762.79 4.18156490861
6778.38 4.16110632056
6794.0 4.12172353857
6809.67 4.15854899705
6825.37 4.1476377501
6841.1 4.1653685264
6856.87 4.12598574441
6872.68 4.0030637279
6888.52 4.02948940412
6904.4 4.03750235111
6920.32 4.04551529809
6936.27 4.08165880364
6952.26 4.11797279743
6968.29 4.1072320387
6984.35 3.94833700487
7000.45 4.0763736684
7016.59 4.05625605682
7032.76 3.99931298675
7048.97 4.16724389697
7065.23 3.90571494644
7081.51 3.94970091074
7097.84 3.7447740538
7114.2 3.78688464753
7130.6 3.80308102973
7147.04 3.66430360748
7163.51 3.7311349951
7180.03 3.67879510735
7196.58 3.54445037917
7213.17 3.57599070241
7229.8 3.69192270134
7246.46 3.68220487202
7263.17 3.77546193587
7279.91 3.6881719602
7296.69 3.6279896137
7313.51 3.76284580657
7330.37 3.82268717661
7347.27 3.90145274059
7364.21 3.69038830724
7381.18 3.8898595407
7398.2 3.78245195345
7415.25 3.84263429996
7432.35 3.76250483011
7449.48 3.74392161263
7466.65 3.8034220062
7483.86 3.80205810033
7501.12 3.70573224828
7518.41 3.74733137731
7535.74 3.82439205895
7553.11 3.77921267701
7570.53 3.77784877114
7587.98 3.75926555367
7605.47 3.64708429587
7623.0 3.6709526486
7640.57 3.58621999643
7658.19 3.59321001402
7675.84 3.18659557658
7693.54 3.46074065641
7711.27 3.31139296367
7729.05 3.45818333291
7746.87 3.46483237402
7764.72 3.40823028042
7782.62 3.26109893472
7800.57 3.3823160689
7818.55 3.38879462178
7836.57 3.41897103915
7854.64 3.45733089174
7872.74 3.45596698587
7890.89 3.40720735102
7909.08 3.35930015734
7927.31 3.2665545582
7945.59 3.25035817599
7963.9 3.28667216978
7982.26 3.34651353981
8000.66 3.31463224011
8019.11 3.31326833424
8037.59 3.2665545582
8056.12 3.25785965828
8074.69 3.30184562258
8093.3 3.24046985844
8111.96 3.29178681679
8130.66 3.29809488144
8149.4 3.19955268234
8168.19 3.22802421738
8187.02 3.06026379539
8205.89 3.01713027226
8224.81 3.22427347623
8243.77 3.16409112973
8262.77 3.16289771209
8281.83 3.08958777159
8300.92 3.13135738885
8320.05 3.08720093632
8339.23 3.10015804208
8358.46 3.08481410104
8377.72 3.15539622981
8397.03 2.92336174371
8416.39 3.13118690062
8435.79 3.01661880755
8455.24 2.92660102015
8474.73 2.91858807316
8494.27 3.07611920112
8513.85 2.92966980835
8533.47 3.02446126631
8553.15 2.30397799058
8572.86 3.02889396038
8592.63 2.94518423762
8612.44 2.87698894413
8632.29 2.99053410779
8652.19 2.96189208453
8672.14 2.05301931053
8692.13 2.82618345048
8712.16 2.89079849106
8732.24 2.98439653138
8752.38 2.81612464469
8772.55 2.84766496793
8792.77 2.96001671396
8813.05 2.88483140288
8833.36 2.79208580374
8853.72 2.85584840315
8874.14 2.51504242393
8894.59 2.79498410371
8915.09 2.84561910913
8935.65 2.79259726844
8956.25 2.72150367497
8976.89 2.72031025734
8997.58 2.39570066032
9018.33 2.5017443417
9039.12 2.73565419837
9059.95 2.90307364389
9080.84 2.61614194653
9101.77 2.73207394547
9122.75 2.85959914429
9143.79 2.61273218186
9164.86 2.42604756593
9185.99 2.48725284183
9207.16 2.64563641097
9228.39 2.50805240635
9249.66 2.54180907663
9270.98 2.61784682887
9292.36 2.68365528709
9313.78 2.6154599936
9335.25 2.60216191137
9356.77 2.59500140555
9378.34 2.56414303524
9399.96 2.57488379397
9421.63 2.56772328815
9443.35 2.53140929437
9465.12 2.55357276475
9486.93 2.54658274717
9508.81 2.49884604173
9530.73 2.47480720077
9552.69 2.34063296083
9574.72 2.45554203036
9596.79 2.51146217102
9618.91 2.48725284183
9641.09 2.48622991243
9663.31 2.45656495976
9685.59 2.4724203655
9707.91 2.45417812449
9730.29 2.44173248343
9752.72 2.4294573306
9775.2 2.42826391296
9797.74 2.39928091323
9820.33 2.43150318941
9842.96 2.41905754834
9865.65 2.40132677204
9888.39 2.39467773092
9911.2 2.38240257809
9934.04 2.38683527217
9956.94 2.38018623105
9979.89 2.37353718994
10025.96 2.31182044933
10072.24 2.26220837332
10118.73 2.30721726702
10165.43 2.283860379
10235.9 2.27516547908
10283.14 2.26237886155
10306.85 2.24567101464
10498.46 2.155482739
10693.65 2.06273713986
10892.46 1.91185505301
11094.96 1.81314236568
11301.23 1.77188421312
11511.34 1.7515961133
11698.39 1.70778063724
11888.47 1.65746955946
12109.5 1.61229017753
12306.26 1.57560110963
12506.22 1.5256139595
12709.43 1.48062211462
12886.23 1.43696007796
13095.62 1.40748266235
13308.4 1.36598582626
13493.54 1.33797460946
13712.79 1.30750836209
13903.56 1.26313027486
14096.98 1.2034934907
14293.09 1.15996784463
14491.93 1.14932937884
14693.53 1.11543631798
14897.94 1.11543631798
15105.17 1.10520702395
15315.31 1.10520702395
15492.66 1.10266674927
15708.18 1.06522753315
15890.08 1.01029622424
16111.13 1.00102166432
16297.68 0.99184939735
16486.4 0.967043359343
16715.75 0.958177971189
16909.31 0.936372526095
17105.12 0.919272556253
17303.17 0.886027350676
17503.54 0.867853304961
17706.23 0.840319455214
17911.26 0.817422885424
18118.65 0.784228826318
18286.3 0.761110621825
18498.05 0.736969487929
18712.26 0.705412115866
18885.39 0.683044059601
19104.07 0.670564320893
19280.85 0.646320894057
19504.1 0.620082754886
19684.57 0.600408412714
19912.51 0.581364877007
20096.75 0.56813499007
20282.71 0.545067932047
20517.58 0.532656388631
20707.41 0.514567587033
20899.03 0.499394134231
21092.39 0.486914395523
21287.56 0.472542237419
21484.54 0.459670375773
21683.32 0.443047772985
21883.96 0.432954869548
22086.46 0.420185300842
22290.81 0.40779080625
22497.08 0.396692022235
22705.22 0.385866019393
22915.32 0.345494405646
23074.15 0.343908865073
23287.67 0.300911732527
23503.15 0.279532508018
23720.61 0.285397303258
23885.05 0.262688270526
24106.04 0.254351395896
24273.15 0.256124473527
24497.73 0.242349024242
24724.41 0.242349024242
24895.78 0.211558849231
25126.15 0.214013879797
25300.3 0.218497720344
25475.69 0.220015065624
25711.43 0.222555340306
25889.64 0.216485959186
26129.2 0.215002711552
26310.31 0.20963233219
26492.7 0.20675108104
26676.32 0.202045605789
26923.17 0.198363059941
27109.78 0.195635248201
27297.68 0.190742235893
27486.91 0.187690496509
27677.43 0.182575849498
27869.3 0.180069672462
28127.15 0.175977954852
28322.14 0.173164898996
28518.44 0.169218096385
28716.14 0.165365062303
28915.17 0.162347420566
29115.62 0.159017785361
29317.43 0.155398320159
29520.66 0.151860689309
29725.28 0.149088550629
29931.34 0.145359972957
30069.49 0.14237813375
30277.9 0.138818339429
30487.8 0.136284884276
30699.11 0.133488877243
30911.93 0.130450776918
31126.19 0.127774111649
31269.85 0.125153707496
31486.62 0.122587859579
31704.86 0.120073158131
31924.64 0.117880679445
32071.99 0.115463156291
32294.32 0.11361676872
32518.16 0.112575085612
32668.24 0.113095074725
32894.71 0.118971804141
33122.71 0.116801488926
33275.62 0.106522753315
33506.26 0.101728624182
33738.5 0.0985012819177
33894.25 0.0958177971189
34129.18 0.0936372526095
34286.74 0.0917158502154
34524.38 0.0900416557602
34683.73 0.088195268189
34924.17 0.0863863880292
35085.36 0.0848093718672
35328.58 0.0830703918832
35491.64 0.0815547514853
35737.64 0.0800646843226
35902.62 0.0784228826318
36068.33 0.0771697941139
36318.32 0.0757615613033
36485.99 0.0742067086117
36738.88 0.072853032036
36908.45 0.0713578502262
37078.84 0.0700553201205
37335.84 0.0689352124249
37508.16 0.0673667206746
37681.32 0.0667495532685
37942.49 0.0655305623974
38117.66 0.0644837646423
38293.59 0.0635989307093
38470.33 0.0625811159539
38737.01 0.061438844788
38915.81 0.0604568325617
39095.42 0.0594901642765
39275.9 0.0586735256369
39457.18 0.0577051524694
39730.67 0.0570709362399
39914.08 0.0561332509544
40098.31 0.0554666419605
40283.38 0.054806852496
40469.3 0.0540311310326
40656.13 0.053512846802
40937.93 0.0529280721604
41126.92 0.0522989705779
41316.74 0.0517994400531
41507.44 0.0511856824117
41699.01 0.0504628123007
41891.52 0.0499803305992
42084.86 0.0493887364282
42279.11 0.049029006255
42474.29 0.0484493462604
42670.33 0.0480981404989
42867.27 0.0465552219837
43065.17 0.0451657428788
43263.94 0.0453566897006
43463.62 0.0440030131248
43664.22 0.0433841408363
43865.8 0.0429715593107
44068.26 0.0417866660863
44271.65 0.0416758487344
44476.04 0.0412803160322
44681.32 0.0404210553342
44887.54 0.0406870169788
45094.77 0.0402096499244
45302.9 0.0396453338707
45511.99 0.0398158221045
45722.1 0.039621465518
45933.13 0.0389770199945
46145.13 0.0393248159913
46251.5 0.038913939348
46465.02 0.0388133512901
46679.48 0.0388031219961
46894.93 0.0387042388206
47111.42 0.0385149968811
47328.86 0.0387724341141
47547.3 0.038584897057
47656.91 0.0384468015876
47876.92 0.0384365722936
48097.89 0.0382507401188
48319.88 0.038595126351
48542.9 0.0384092941762
48654.85 0.0382729035892
48879.41 0.0383530330591
49105.02 0.0383513281767
49331.71 0.0388662026426
49445.42 0.0390793129348
49673.64 0.0398703783392
49902.9 0.0403000086882
50133.28 0.0410126495052
50248.84 0.0413246429729
50480.76 0.0418548613798
50713.76 0.0425845510202
50830.71 0.0429033640172
50947.88 0.0432221770143
51065.32 0.0435426948937
51183.03 0.0438649176555
51301.01 0.0441888452995
51419.26 0.044514477826
51537.78 0.0448401103524
51656.64 0.0453771482886
51775.71 0.0458118932846
51895.06 0.0461443453404
52014.68 0.0464785022785
52134.58 0.0468143640989
52254.75 0.0472593383889
52375.26 0.0475986099741
52495.99 0.0480486989111
52617.0 0.0486147198471
52738.28 0.0491875603124
52859.85 0.0495353563092
52981.69 0.0497706300717
53103.82 0.0501218358332
53226.29 0.0507066104749
53348.98 0.0511788628823
53471.95 0.0516562299368
53595.21 0.0521353018735
53718.75 0.0526194884573
53842.57 0.0531053799234
53966.68 0.0535946811542
54091.14 0.054089097032
54215.83 0.0545869226745
54340.8 0.0550864531993
54466.06 0.0557189645465
54591.6 0.0562287243653
54717.44 0.0567418939488
54843.63 0.057258473297
54970.05 0.0579114432322
55096.76 0.058436546992
55223.76 0.0591014511036
55351.05 0.0597714698621
55478.64 0.0603102126807
55606.53 0.060852365264
55734.76 0.0615411377282
55863.23 0.0620935196055
55992.0 0.0627925213638
56121.07 0.0635000475337
56250.43 0.0642126883507
56380.09 0.064785528816
56510.11 0.0655118086917
56640.38 0.0663966426247
56770.94 0.0669848270311
56901.8 0.0677332703771
57032.96 0.0684885332526
57164.42 0.0694091697147
57296.19 0.0703434452355
57428.33 0.071124281346
57560.7 0.0719136418681
57693.38 0.0727098219196
57826.37 0.0736833097342
57959.66 0.0746687317251
58093.27 0.0756660878924
58227.18 0.0766753782361
58361.46 0.0776983076385
58495.98 0.0787331712172
58630.82 0.0797799689723
58765.97 0.0810279428431
58901.43 0.0822929655374
59253.7 0.0817337641308
59550.66 0.0557956842516
59847.63 0.087770752487
60144.69 0.081841171718
60441.66 0.0909179652816
60738.62 0.0566754035377
61035.59 0.0458374665197
61332.56 0.070270135295
61629.63 0.104751380566
61926.59 0.123346532219
62223.56 0.120209548718
62520.52 0.129230081165
62817.49 0.10989671546
63114.56 0.0807756202572
63411.52 0.102835092819
63708.49 0.10625679167
64005.46 0.0953131519471
64302.43 0.0831624555294
64599.49 0.0745238167265
64896.45 0.0678082852
65193.42 0.0389855444062
65490.39 0.0563872784227
65787.35 0.0666728335634
66084.42 0.0705071139399
66381.38 0.0764571532969
66678.36 0.0953728228289
66975.31 0.0620048657239
67272.29 0.0582779929347
67569.35 0.0642791787619
67866.32 0.0523467072833
68163.28 0.0168912922447
68460.26 0.0525547029285
68757.22 0.0813450509579
69054.29 0.0442536308284
69351.25 0.0511208968829
69648.22 0.0773317579359
69945.18 0.0679924124924
70242.15 0.0883947394224
70539.21 0.0735349849709
70836.18 0.0812001359592
71133.15 0.0725086458038
71430.11 0.0760326375949
71727.08 0.0735707874999
72024.14 0.0919801069777
72321.11 0.112968913432
72618.08 0.111236752977
72915.05 0.125888511784
73212.01 0.0627822920697
73509.08 0.109236925995
73806.04 0.100632384839
74103.01 0.104780363566
74399.97 0.172721629588
74993.91 0.0994815892617
75587.94 0.103414752814
76181.87 0.0994304427916
76775.81 0.105291828267
77369.84 0.113159860254
77963.78 0.105162257209
78557.81 0.081385968134
79151.74 0.087315548903
79745.68 0.0806034271412
80339.7 0.062465183955
80933.64 0.0506077272993
81527.57 0.0615684158456
82121.6 0.0712078205805
82715.54 0.0728513271536
83309.47 0.0609222654398
83903.5 0.0667700118566
84497.43 0.0716186972238
85091.47 0.0719375102208
85685.4 0.0771510404082
86279.34 0.0788405788044
86873.37 0.066959253796
87467.3 0.0649491975204
88061.24 0.0574119127074
88655.26 0.0540873921497
89249.2 0.0603255566217
89843.13 0.0864238954406
90437.16 0.0661681883915
91031.1 0.0492046091358
91625.13 0.0462040162222
92219.06 0.0501116065392
92813.0 0.0380035321799
93407.02 0.0449355837633
94000.96 0.0449321739986
94594.89 0.0428982493702
95188.92 0.0493000825467
95782.85 0.0464188313967
96376.78 0.0503008484786
96970.82 0.0545801031452
97564.76 0.0502514068908
98158.79 0.048892615668
98752.72 0.0572294902973
99346.66 0.0506725128282
99940.69 0.0526467665747
100534.62 0.0490494648431
101128.56 0.049291558135
101722.58 0.0504201902422
102316.52 0.0517414740536
102910.45 0.0581501267594
103504.48 0.0633738862408
104098.42 0.0626663600708
104692.45 0.155280683278
105286.38 0.194254293508
105880.31 0.0882447097768
106474.35 0.0631710052426
107068.28 0.0543704026177
107662.21 0.0565850447738
108256.24 0.0576608255286
108850.18 0.0616928722562
109444.12 0.0592497758669
110038.14 0.0618394921372
110632.08 0.0658817681589
111226.11 0.0762338137107
111820.04 0.0957973385308
112413.98 0.108657266001
113008.01 0.105450382324
113601.94 0.093684989315
114195.88 0.082144640774
114789.9 0.0794065997404
115383.84 0.0814473438981
115977.77 0.0757615613033
116571.8 0.0712368035802
117165.73 0.0794117143874
117759.77 0.0714703724604
118353.7 0.0692778937747
118947.63 0.0793196507412
119541.67 0.0792395212713
120135.6 0.0764043019445
120729.54 0.0802522213797
121323.56 0.0771305818201
121917.5 0.0804090705547
122511.44 0.0820986089509
123105.46 0.0883930345401
123699.4 0.0881270728955
124293.43 0.0860778043261
124887.36 0.0865568762629
125481.3 0.0883845101284
126075.33 0.088336773423
126669.26 0.0928853994988
127263.19 0.107959969125
127857.23 0.135897875986
128451.15 0.125874872725
129045.08 0.0928700555578
129639.12 0.0932263759663
130233.05 0.0879787481322
130826.98 0.0863591099118
131421.02 0.0909776361634
132014.95 0.0877571134283
132608.99 0.0931121488497
133202.92 0.0947079187173
133796.85 0.0917601771562
134390.89 0.0936406623742
134984.82 0.0913987421007
135578.75 0.0965901088177
136172.79 0.0987178019746
136766.72 0.0904235494038
137360.65 0.0939952779004
137954.68 0.0988081607385
138548.61 0.0933320786712
139142.65 0.0971851127534
139736.58 0.0971936371651
140330.51 0.0936713502563
140924.55 0.0918334870967
141518.48 0.08457068834
142112.41 0.0858288915049
143154.93 0.0947147382467
143986.53 0.0933303737888
144818.11 0.0907253135775
145649.69 0.0949363729505
146481.18 0.0945135621309
147312.77 0.0935162059636
148144.35 0.0938299043136
148975.84 0.0950949270079
149807.42 0.0959303193532
150639.0 0.0981926982147
151470.49 0.0965918137
152302.07 0.0947675895991
153133.67 0.0956865211789
153965.16 0.0970043952256
154796.75 0.157207200319
155628.33 0.290477852623
156459.8 0.170573477843
157291.4 0.10344885046
158122.98 0.0969873464023
158954.56 0.100221508196
159786.05 0.0998822366109
160617.65 0.0971544248713
161449.22 0.100927329484
162280.72 0.107665024481
163112.29 0.107644565892
163943.87 0.106882483488
164775.38 0.10646819708
165606.95 0.107078544957
166438.54 0.105165666974
167270.02 0.106654029255
168101.62 0.110680961335
168933.2 0.108174784299
169764.67 0.107716170951
170596.27 0.111054330567
171427.85 0.114208362891
172259.44 0.117727240035
173090.93 0.114532290535
173922.52 0.119382680785
174754.09 0.122009904466
175585.6 0.120908550476
176417.18 0.12459450609
177248.76 0.124961055792
178080.25 0.124868992146
178911.82 0.134967010229
179743.41 0.135374477108
180574.9 0.136532092215
181406.49 0.134808456172
182238.07 0.1375857095
183069.54 0.131751602141
183901.14 0.130633199328
184732.74 0.130423498801
185564.32 0.13090427562
186395.8 0.157868694666
187227.39 0.187417715335
188058.96 0.163433430615
188890.47 0.126415320426
189722.05 0.123043063163
190553.63 0.123609084099
191385.12 0.125080397556
192216.72 0.122448059227
193048.29 0.122581040049
193879.78 0.125341244553
194711.36 0.122906672576
195542.94 0.125985690077
196374.45 0.127852536236
197206.01 0.131069649206
198037.61 0.13435495747
198869.19 0.134170830178
199700.67 0.140599941472
200532.26 0.145458856133
202195.34 0.139727041715
203858.5 0.148832818278
205521.59 0.1509639212
207184.65 0.140765315059
208847.81 0.151930589485
210510.88 0.154163985347
212174.06 0.148778262044
213837.14 0.153447934765
215500.21 0.156431478856
217163.39 0.157681157609
218826.46 0.157329951847
220489.52 0.158308554309
222152.68 0.158114197723
223815.77 0.154435061639
225478.93 0.156232007622
227142.01 0.160368052172
228805.08 0.154145231641
230468.26 0.151908426015
232131.33 0.15573418198
233794.4 0.157357229965
235457.55 0.156443413032
237120.64 0.156063224271
238783.81 0.158777396952
240446.88 0.155473334982
242109.95 0.1548152504
243773.13 0.157481686375
245436.2 0.157077629261
247099.27 0.157522603551
248762.45 0.158651235659
250425.53 0.160241890879
252088.68 0.165714563182
253751.75 0.167734848752
255414.82 0.166422089352
257078.0 0.168510570215
258741.07 0.172499994884
260404.15 0.169414157854
262067.31 0.168554897156
263730.38 0.170079061965
265393.55 0.170392760315
267056.62 0.167508099401
268719.72 0.169156720621
270382.89 0.168825973448
272045.93 0.169131147386
273709.0 0.171204284308
275372.2 0.170467775138
277035.27 0.172858020175
278698.43 0.171766895479
280361.51 0.172687531941
282024.58 0.17065872196
283687.74 0.172653434295
285350.82 0.1694772385
287013.89 0.171494114305
288677.05 0.17186918842
290340.12 0.173352436053
292003.29 0.173284240759
293666.39 0.173352436053
295329.46 0.173744558991
296992.63 0.171187235485
298655.7 0.171835090773
300318.77 0.171187235485
301981.94 0.172602287825
303645.01 0.173625217227
305308.18 0.174597000159
306971.25 0.178160204244
308634.32 0.176353028967
310297.48 0.177410056016
311960.59 0.176029101322
313623.66 0.178006764834
315286.82 0.175858613089
316949.87 0.174204877222
318613.06 0.178245448361
320276.13 0.184195487718
321939.21 0.180905064807
323602.37 0.18208143362
325265.44 0.182371263617
326928.52 0.184348927128
328591.71 0.18364992537
330254.78 0.179234280117
331917.92 0.183956804191
333580.99 0.242246731302
335244.09 0.234574760784
336907.23 0.198260767
338570.3 0.184144341248
340233.37 0.187707545333
341896.57 0.182814533025
343559.61 0.177256616605
