101.98 2.49979972789e-13
104.11 3.75750660337e-13
106.05 5.73962903029e-13
108.02 8.86940898108e-13
110.03 1.56998733688e-12
113.9 3.25764323937e-12
117.9 6.23595106946e-12
120.92 2.7919053691e-11
124.88 4.89668641025e-11
126.91 6.27941278316e-11
128.09 7.2092788306e-11
131.07 1.01834551151e-10
131.98 1.28501800174e-10
134.12 1.59182550661e-10
136.93 2.48257601172e-10
140.12 3.3798726021e-10
143.06 1.01834551151e-09
147.06 3.0331983648e-09
150.84 4.2354781412e-09
155.06 5.91401244946e-09
159.04 8.18260659174e-09
162.0 1.03014992757e-08
166.15 1.40574498424e-08
170.02 1.8616637266e-08
173.18 2.29563698637e-08
176.81 2.98469294605e-08
180.1 3.6132781016e-08
182.18 4.10112242378e-08
186.0 5.21073753406e-08
191.21 6.9646054794e-08
193.87 8.29635823748e-08
197.93 1.02778904436e-07
202.07 1.27026248166e-07
204.88 1.47877139455e-07
210.14 1.81508993958e-07
216.03 2.49979972789e-07
220.04 3.01232601093e-07
223.1 3.39548662517e-07
227.25 4.06350926168e-07
229.88 6.80631899123e-07
234.16 1.27616468969e-06
240.16 1.87024875647e-06
245.76 2.10816139665e-06
252.06 2.62363878372e-06
256.75 2.52292565209e-06
259.72 3.1325700855e-06
263.94 3.6132781016e-06
268.85 4.0728991381e-06
273.85 4.54883173133e-06
278.94 5.06876260264e-06
284.12 5.63499897879e-06
290.07 6.09376151229e-06
296.15 6.9807024104e-06
300.96 7.54946063907e-06
307.97 8.68751366078e-06
318.06 1.05171981511e-05
327.72 1.23281028887e-05
337.68 1.42200288455e-05
347.94 1.62519981021e-05
356.87 1.82769920219e-05
366.02 2.06013888584e-05
375.41 2.2746036632e-05
385.04 2.45413810028e-05
394.92 2.8047829139e-05
405.05 3.11100019796e-05
413.53 3.37209241879e-05
422.19 3.58017208018e-05
430.04 3.80976797268e-05
441.07 4.17736822029e-05
451.34 4.46582522381e-05
459.73 4.73045876945e-05
470.44 5.05711915588e-05
480.29 5.41876353902e-05
490.35 5.67416817755e-05
499.47 6.07981083876e-05
506.42 6.35184897266e-05
512.28 7.79628024774e-05
519.41 8.20138634458e-05
530.28 8.68751366078e-05
540.14 8.88979842702e-05
550.18 0.000102542816115
560.41 0.000116117894591
569.52 0.000128501800174
580.11 0.000130889511606
589.53 0.000150624349012
600.49 0.000158452823122
610.25 0.000171754253772
620.16 0.000203658371014
630.24 0.000221257682241
640.48 0.000232219692252
649.39 0.000261757560637
658.43 0.000281127534274
664.52 0.000301232601093
675.32 0.000315430094235
684.71 0.000322035201589
694.24 0.000403555425818
705.52 0.000400776022398
715.33 0.000481840166915
725.28 0.000513926716042
735.37 0.000545632304469
745.6 0.000622146383156
754.24 0.00067746616936
764.73 0.000727634937644
775.37 0.000814504708608
784.34 0.000895150332919
795.26 0.000956962547959
804.46 0.00102306727793
815.66 0.00108369905137
825.1 0.00121311837661
834.65 0.00104689073581
844.32 0.00133937197209
854.1 0.00141223741308
865.98 0.00154847110578
876.01 0.00169785062546
884.11 0.00188323361414
894.35 0.00202724749016
904.71 0.00207924057729
915.18 0.00330292927192
925.78 0.0235449809739
934.34 0.0538174059772
945.16 0.107377261058
953.91 0.156279737437
964.95 0.18234603437
973.88 0.030054043306
985.16 0.165921799106
994.28 0.177785237253
1005.79 0.261156608546
1015.1 0.253456909885
1024.49 0.106883621841
1033.97 0.183188440425
1045.94 0.359669826267
1055.62 0.360496135392
1065.39 0.291005684264
1075.24 0.352292066226
1085.19 0.283729871452
1095.23 0.380976797268
1105.37 0.372305917103
1115.6 0.363833565753
1125.92 0.333351344082
1133.72 0.427464733996
1144.21 0.39346265008
1154.8 0.424524361267
1165.49 0.445552318797
1176.27 0.31615445613
1184.42 0.442488536263
1195.38 0.306834333081
1203.67 0.223307358121
1214.81 0.142854896983
1226.05 0.308959127973
1234.55 0.480729478676
1245.97 0.538174059772
1254.6 0.52107911905
1266.21 0.451755002876
1274.99 0.592796312299
1283.83 0.627941278316
1295.71 0.504547570912
1304.69 0.50338859188
1313.73 0.636633621056
1325.89 0.615063733516
1335.08 0.551963763995
1344.33 0.662066772036
1353.65 0.64849169356
1366.18 0.585981944842
1375.65 0.622146383156
1385.18 0.636633621056
1394.78 0.563499897879
1404.45 0.592796312299
1414.19 0.607981083876
1423.99 0.629336345669
1433.86 0.630838725896
1440.48 0.66973964248
1447.13 0.68374397245
1453.81 0.66973964248
1463.88 0.625043830736
1474.03 0.627941278316
1484.25 0.644038209316
1494.54 0.66056439181
1504.9 0.632287449686
1511.84 0.566129063275
1515.33 0.609376151229
1525.83 0.594137723216
1536.41 0.523482927412
1543.5 0.583299123009
1554.2 0.554485616519
1564.97 0.566129063275
1575.82 0.607981083876
1586.74 0.642535829089
1594.07 0.662066772036
1605.12 0.65299883424
1616.24 0.659008355146
1623.7 0.627941278316
1634.96 0.67279805937
1646.29 0.686909702213
1653.89 0.638136001283
1665.36 0.70289932034
1673.04 0.630838725896
1676.9 0.711055098713
1684.64 0.746253721167
1696.32 0.70450901344
1704.15 0.680631899123
1715.96 0.651496454013
1723.88 0.65299883424
1735.83 0.69967993414
1743.84 0.686909702213
1755.93 0.737722347737
1764.03 0.67746616936
1776.26 0.70128962724
1784.46 0.717654840424
1796.83 0.768950393877
1805.12 0.767179731467
1813.46 0.71432814135
1826.03 0.73267864269
1834.45 0.707782056077
1842.92 0.654501214466
1855.7 0.662066772036
1864.26 0.68535366555
1872.87 0.742873365657
1885.85 0.690075431977
1894.55 0.66668122559
1903.3 0.707782056077
1916.49 0.686909702213
1925.34 0.67746616936
1934.22 0.69646054794
1943.15 0.734341992227
1956.62 0.693294818177
1965.65 0.760150738264
1974.73 0.783276662467
1983.84 0.744536715194
1993.0 0.727634937644
2006.81 0.74974138955
2016.08 0.72929828718
2025.38 0.763638406647
2034.73 0.730961636717
2044.12 0.761921400674
2053.56 0.73267864269
2063.04 0.73943935371
2072.56 0.792344600264
2077.34 0.761921400674
2086.93 0.790520281418
2096.56 0.751458395524
2106.24 0.760150738264
2115.96 0.770721056287
2125.72 0.783276662467
2135.54 0.73267864269
2145.39 0.756663069881
2155.3 0.785047324878
2165.24 0.761921400674
2175.24 0.758380075854
2185.28 0.753175401497
2195.37 0.790520281418
2205.5 0.770721056287
2215.68 0.7360589982
2225.91 0.717654840424
2236.18 0.770721056287
2246.5 0.73943935371
2256.87 0.712664791813
2267.29 0.72929828718
2272.52 0.751458395524
2283.01 0.774262381107
2293.54 0.734181022917
2304.13 0.74072710819
2314.77 0.710411221473
2325.45 0.570636203955
2336.18 0.665608096856
2346.97 0.642750454836
2352.38 0.699787247013
2363.23 0.643930896443
2374.14 0.667861667196
2385.1 0.618766027646
2396.11 0.661261925486
2407.17 0.637116528986
2412.72 0.65332077286
2423.86 0.698177553913
2435.04 0.672690746496
2446.28 0.712289196757
2457.58 0.7038651362
2463.24 0.700538437127
2474.61 0.6765003535
2486.03 0.692007063697
2497.51 0.657559631356
2503.27 0.73090798028
2514.82 0.65267689562
2520.62 0.66619831766
2526.43 0.641999264723
2532.25 0.652301300563
2543.94 0.64607715391
2555.68 0.695226449897
2567.48 0.677573482233
2573.4 0.719210877087
2585.28 0.712342853193
2597.21 0.703918792637
2603.2 0.67988070901
2615.21 0.67183224351
2627.28 0.70483095206
2633.34 0.732839612
2645.49 0.797710243931
2657.71 0.819709382964
2663.83 0.744000150827
2676.13 0.778769521787
2682.3 0.784027852581
2694.68 0.744965966687
2707.12 0.769057706751
2713.36 0.729244630744
2725.88 0.72559599305
2732.16 0.764926161127
2744.78 0.665930035476
2757.45 0.684280536817
2763.8 0.714757392843
2776.56 0.74813169645
2782.96 0.70289932034
2795.8 0.571065455449
2802.25 0.611790690879
2815.18 0.743731868644
2828.18 0.785691202118
2834.7 0.760579989757
2847.78 0.73782966061
2854.35 0.70611870654
2867.52 0.784671729821
2874.13 0.791754379461
2887.4 0.787783803148
2894.06 0.789393496248
2907.41 0.859254176788
2927.57 0.827596879155
2947.86 0.815685150214
2968.29 0.832211332708
2988.87 0.837416007065
3009.59 0.850454521175
3030.45 0.853781220248
3051.45 0.857107919322
3072.61 0.864458851145
3086.79 0.872024408715
3108.18 0.877443708818
3129.73 0.866819734358
3151.42 0.872185378025
3173.27 0.879589966285
3187.92 0.837684289248
3210.01 0.870468372052
3232.27 0.830708952481
3247.18 0.891716320972
3269.69 0.928739262272
3292.36 0.923749213662
3307.55 0.921173704702
3322.82 0.922837054239
3330.48 0.944085003159
3338.16 0.901374479572
3345.85 0.932817151459
3353.57 0.892628480395
3361.3 0.908993693579
3369.05 0.902501264742
3376.81 0.849864300371
3384.6 0.873419476068
3392.4 0.942153371439
3400.22 0.984005392039
3408.06 0.913876429315
3415.91 0.928470980089
3423.79 0.983254201926
3431.68 0.976225208723
3439.59 0.969249871956
3447.52 0.873580445378
3455.47 0.920851766082
3463.43 0.869126961135
3471.42 0.933192746516
3479.42 0.862688188735
3487.44 0.911461889665
3495.48 0.904915804392
3503.54 0.949504303262
3511.62 0.931904992036
3519.71 0.935982881222
3527.82 0.885384861445
3535.96 0.944085003159
3544.11 0.981537195953
3552.28 0.992590421906
3560.47 0.976493490906
3568.68 0.908940037142
3576.9 0.881897193062
3585.15 0.840045172461
3593.41 0.883453229725
3601.7 0.979605564233
3609.33 0.383895707423
3612.07 0.656432846186
3614.8 0.690290057723
3617.53 0.941402181326
3620.27 0.814933960101
3623.0 0.982663981123
3625.74 0.990712446623
3628.47 0.991249010989
3631.21 0.834518559485
3633.94 0.901696418192
3636.67 1.11106383407
3639.41 1.07012397289
3642.14 1.08090891666
3644.88 1.05853418257
3647.61 0.966674362996
3650.35 0.882111818808
3653.08 1.11449784601
3655.81 1.19922135951
3658.55 1.06631436589
3661.28 1.06953375209
3664.02 0.994039145696
3666.75 0.72575696236
3669.48 1.03272543653
3672.22 1.11895133026
3674.95 0.941563150636
3677.69 1.0574073974
3680.42 0.974669172059
3683.16 1.02108198978
3685.89 1.12839486311
3688.62 0.994843992246
3691.36 1.03932517824
3694.09 0.956533296466
3696.83 1.01045801532
3699.56 0.827972474211
3702.3 1.02236974426
3705.03 0.984434643533
3707.76 1.05585136074
3710.5 1.02526719184
3713.23 0.987761342606
3715.97 0.961898940133
3718.7 1.00439483797
3721.44 1.39447713254
3724.17 2.0719433019
3726.9 2.64778418022
3729.64 2.4544600389
3732.37 2.1759831326
3735.11 1.22953724623
3737.84 1.03894958319
3740.58 1.10580550327
3743.31 1.14953549916
3746.04 1.00321439637
3748.78 0.998546286376
3751.51 1.10398118443
3754.25 1.06872890554
3756.98 1.03787645445
3759.72 1.22476182337
3762.45 1.17910019576
3765.18 1.05971462418
3767.92 1.13982368412
3770.65 1.22519107486
3773.39 1.2097380211
3776.12 1.31184622008
3778.86 1.405101107
3781.59 1.42946112925
3784.32 1.44974326231
3787.06 1.44947498013
3789.79 1.36754160134
3792.53 1.25180466745
3795.26 1.1073078835
3798.0 1.07935288
3800.73 1.23801496322
3803.46 1.19551906538
3806.2 1.3262261451
3808.93 1.63458968663
3811.67 1.56762645367
3814.4 1.53634475109
3817.13 1.35809806848
3819.87 1.34307426622
3822.6 1.37618028764
3825.34 1.34720581184
3828.07 1.24499029999
3830.81 1.08783059699
3833.54 1.06690458669
3836.27 0.979873846416
3839.01 1.1185757352
3841.74 1.33035769073
3844.48 1.4489920722
3847.21 1.39082849485
3849.95 1.48209809362
3852.68 1.461869617
3855.41 1.41298860319
3858.15 1.4753373826
3860.88 1.43750959475
3863.62 1.54358837004
3866.35 1.59762040177
3869.09 1.7151816545
3871.82 1.50361432472
3874.55 1.33620624232
3877.29 1.32735293027
3880.02 1.24563417723
3882.76 1.41942737559
3885.49 1.32906993625
3888.23 1.2773451313
3890.96 1.4473823791
3893.69 1.44035338589
3896.43 1.42994403718
3899.16 1.45317727426
3901.9 1.56236812287
3904.63 1.49631704934
3907.37 1.59182550661
3910.1 1.62954598158
3912.83 1.53634475109
3915.57 1.48022011834
3918.3 1.58538673421
3921.04 1.54010070166
3923.77 1.56306565655
3926.51 1.40461819907
3929.24 1.15109153582
3931.97 1.12308287588
3934.71 1.02752076218
3937.44 1.19986523675
3940.18 1.40241828517
3942.91 1.42141266375
3945.65 1.3701171103
3948.38 1.53945682442
3951.11 1.54138845614
3953.85 1.42940747281
3956.58 1.44507515232
3959.32 1.4409436067
3962.05 1.29977352183
3964.78 1.10505431316
3967.52 1.09668390904
3970.25 1.16729577969
3972.99 1.1561888973
3975.72 1.39555026128
3978.46 1.60722490393
3981.19 1.48757105016
3983.92 1.60861997128
3986.66 1.61425389713
3989.39 1.7210302061
3992.13 1.78466673999
3994.86 1.64328202937
3997.6 1.71802544565
4000.33 1.78144735379
4003.06 1.72553734678
4005.8 1.79099819951
4008.53 1.85313235317
4011.27 1.83580132413
4014.0 1.9071643849
4016.74 1.93769489736
4019.47 1.92122237131
4022.2 1.97482515154
4024.94 1.81680694555
4027.67 1.78166197953
4030.41 1.82549928829
4033.14 1.68159272515
4035.88 1.80258798983
4038.61 1.89573556389
4041.34 1.93576326564
4044.08 1.86525870786
4046.81 1.83091858839
4049.55 1.76572601784
4052.28 1.75569226419
4055.02 1.76975025059
4057.75 1.74533657191
4060.48 1.81948976738
4063.22 1.75579957706
4065.95 1.84626432928
4068.69 1.82067020899
4071.42 1.7296688924
4074.15 1.65953992968
4076.89 1.69055335007
4079.62 1.66093499703
4082.36 1.74179524709
4085.09 1.73396140734
4087.83 1.6636714753
4090.56 1.72886404585
4093.29 1.72698607057
4096.03 1.65224265429
4098.76 1.62439496366
4101.5 1.62240967551
4104.23 1.61339539415
4106.97 1.64516000465
4109.7 1.70402111568
4112.43 1.7709306922
4115.17 1.76631623865
4117.9 1.70766975337
4120.64 1.76057499992
4123.37 1.79148110744
4126.11 1.73895145595
4128.84 1.7532240681
4131.57 1.81965073669
4134.31 1.81535822176
4137.04 1.77715483885
4139.78 1.78096444586
4142.51 1.72113751897
4145.25 1.80677319189
4147.98 1.76513579704
4150.71 1.71936685656
4153.45 1.79443221146
4156.18 1.7167913476
4158.92 1.75955552763
4161.65 1.83488916471
4164.39 1.81519725245
4167.12 1.81482165739
4169.85 1.81401681084
4172.59 1.7242495923
4175.32 1.7795693785
4178.06 1.72923964091
4180.79 1.70981601084
4183.53 1.71995707737
4186.26 1.76057499992
4188.99 1.7719501645
4191.73 1.76840883968
4194.46 1.75885799395
4197.2 1.76926734266
4199.93 1.75977015337
4202.67 1.74909252248
4205.4 1.77506223782
4208.13 1.90619856904
4210.87 1.87861916059
4213.6 1.89262349056
4216.34 1.84079137274
4219.07 1.76529676635
4221.8 1.79158842032
4224.54 1.76706742876
4227.27 1.78654471527
4230.01 1.75901896326
4232.74 1.7886373163
4235.48 1.80060270168
4238.21 1.81986536244
4240.94 1.82963083391
4243.68 1.88752612908
4246.41 1.77087703576
4249.15 1.81943611095
4251.88 1.75816046027
4254.62 1.81718254061
4257.35 1.81090473752
4260.08 1.82523100611
4262.82 1.83703542217
4265.55 1.90099389468
4268.29 1.85763949385
4271.02 1.78198391815
4273.76 1.80441230868
4276.49 1.9242807882
4279.22 1.82287012289
4281.96 1.79373467778
4284.69 1.8449765748
4287.43 1.86584892866
4290.16 1.68604620939
4292.9 1.75649711074
4295.63 1.735517444
4298.36 1.61779522195
4301.1 1.57368963101
4303.83 1.61881469425
4306.57 1.63990167386
4309.3 1.67225650517
4312.04 1.67284672597
4314.77 1.7843984578
4317.5 1.85340063536
4320.24 1.77828162402
4322.97 1.82233355853
4325.71 1.81460703165
4328.44 1.82496272392
4331.18 1.81085108108
4333.91 1.77645730518
4336.64 2.01624792064
4339.38 2.05370011344
4342.11 1.89450146584
4344.85 1.81975804957
4347.58 1.85313235317
4350.32 1.71131839106
4353.05 1.78665202814
4355.78 1.77989131712
4358.52 1.87872647346
4361.25 1.94627992723
4363.99 1.9258904813
4366.72 1.8492154333
4369.45 1.83188440425
4372.19 1.8697121921
4374.92 1.83784026872
4377.66 1.83741101723
4380.39 1.91236905925
4383.13 1.77168188231
4385.86 1.80768535132
4388.59 1.73943436388
4391.33 1.80645125327
4394.06 1.7687307783
4396.8 1.97149845246
4399.53 1.87352179911
4402.27 1.86643914947
4405.0 1.77135994369
4407.73 1.88618471816
4410.47 1.98480524876
4413.2 1.86402460982
4415.94 1.82769920219
4418.67 1.92717823578
4421.41 2.0011168055
4424.14 1.93345603887
4426.87 1.93892899541
4429.61 1.97128382672
4432.34 1.91210077707
4435.08 1.9651133365
4437.81 1.96076716513
4440.55 1.95797703042
4443.28 1.9302903091
4446.01 2.0317009744
4448.75 2.02638898717
4451.48 1.93812414886
4454.22 1.91832492372
4456.95 1.92041752476
4459.69 1.95652830663
4462.42 1.94102159644
4465.15 1.93898265184
4467.89 1.96194760674
4470.62 2.05117826091
4473.36 2.13005322281
4476.09 2.06217783043
4478.83 2.09957636679
4481.56 1.99451706379
4484.29 1.99961442528
4487.03 1.97815185061
4489.76 2.02064774845
4492.5 2.0123846572
4495.23 2.01791127018
4497.97 2.06877757214
4500.7 2.15870575999
4503.43 2.08444525165
4506.17 2.18521203971
4508.9 2.15500346586
4511.64 2.08696710417
4514.37 2.07419687224
4517.1 2.04554433506
4519.84 2.0278913674
4522.57 2.01619426421
4525.31 2.02714017729
4528.04 1.92009558614
4530.78 2.0256914535
4533.51 2.10805408378
4536.24 2.03567155072
4538.98 2.04404195484
4541.71 2.02547682775
4544.45 2.02102334351
4547.18 2.03706661807
4549.92 2.07569925247
4552.65 1.95041147285
4555.38 1.94896274906
4558.12 1.97777625555
4560.85 2.06056813733
4563.59 2.08659150911
4566.32 2.07806013568
4569.06 2.07231889696
4571.79 2.0558463709
4574.52 2.02998396843
4577.26 2.12796062178
4579.99 2.08551838038
4582.73 2.00009733321
4585.46 2.07763088419
4588.2 2.05600734021
4590.93 2.06362655422
4593.66 2.0638948364
4596.4 2.07446515443
4599.13 2.07591387822
4601.87 2.08498181601
4604.6 2.11948290479
4607.34 2.14293076761
4610.07 2.18456816247
4612.8 2.22631287019
4615.54 2.25362399646
4618.27 2.12452660984
4621.01 2.2119866016
4623.74 2.16712982055
4626.48 2.13869190912
4629.21 2.20077240634
4631.94 2.1287118119
4634.68 2.14706231324
4637.41 2.10649804712
4640.15 2.05150019953
4642.88 2.03835437255
4645.62 2.06201686112
4648.35 1.98754172703
4651.08 2.03475939129
4653.82 2.01785761374
4656.55 2.04028600427
4659.29 2.06647034536
4662.02 2.01828686524
4664.75 2.08390868728
4667.49 2.13520424073
4670.22 2.04436389346
4672.96 2.05783165906
4675.69 2.10182993713
4678.43 2.10714192436
4681.16 2.14824275484
4683.89 2.12817524753
4686.63 2.0880402329
4689.36 2.07274814845
4692.1 2.07693335051
4694.83 2.06598743743
4697.57 2.04130547657
4700.3 2.01716008007
4703.03 2.03787146462
4705.77 2.07897229511
4708.5 2.06400214928
4711.24 2.00986280468
4713.97 2.05284161045
4716.71 2.0949082568
4719.44 2.15655950253
4722.17 2.14373561416
4724.91 2.03180828728
4727.64 2.02075506132
4730.38 1.98931238944
4733.11 1.98802463496
4735.85 2.08932798738
4738.58 2.10585416988
4741.31 2.0665240018
4744.05 2.09104499336
4746.78 2.12796062178
4749.52 2.09018649037
4752.25 2.12060968996
4754.99 2.11615620572
4757.72 2.12259497812
4760.45 2.06824100777
4763.19 2.00937989675
4765.92 2.02563779706
4768.66 2.07586022178
4771.39 2.15393033713
4774.13 2.16428602941
4776.86 2.12881912477
4779.59 2.14207226463
4782.33 2.11234659871
4785.06 2.12372176329
4787.8 2.11433188687
4790.53 2.14915491427
4793.27 2.14652574887
4796.0 2.1582765085
4798.73 2.20238209944
4801.47 2.17319299789
4804.2 2.13295067039
4806.94 2.13166291591
4809.67 2.17834401581
4812.4 2.14668671818
4815.14 2.18413891097
4817.87 2.2124158531
4820.61 2.17206621272
4823.34 2.08696710417
4826.08 2.08181608625
4828.81 2.05176848172
4831.54 2.06019254227
4834.28 2.10166896782
4837.01 2.01211637502
4839.75 1.95271869963
4842.48 2.00884333238
4845.22 1.98002982589
4847.95 1.9377485538
4850.68 1.99897054804
4853.42 2.12254132168
4856.15 2.44270927927
4858.89 2.76008710216
4861.62 2.83552805211
4864.36 2.54642717135
4867.09 2.19647989141
4869.82 1.95727949675
4872.56 1.85828337109
4875.29 1.89240886481
4878.03 1.92143699705
4880.76 1.9383387746
4883.5 1.90271090065
4886.23 1.93431454185
4888.96 1.93984115483
4891.7 1.94568970643
4894.43 2.02322325741
4897.17 2.06942144938
4899.9 2.13638468234
4902.64 2.09190349634
4905.37 2.04651015092
4908.1 2.03942750128
4910.84 2.02429638614
4913.57 2.04033966071
4916.31 1.98378577646
4919.04 1.94375807471
4921.78 1.95239676101
4924.51 1.98968798449
4927.24 2.03787146462
4929.98 2.02477929407
4932.71 2.05010513218
4935.45 2.02215012868
4938.18 2.08868411014
4940.92 2.14164301313
4943.65 2.0965179499
4946.38 2.10343963023
4949.12 2.11325875814
4951.85 2.1186244018
4954.59 2.21080616
4957.32 2.23972697936
4960.05 2.25142408255
4962.79 2.19089962199
4965.52 2.14067719727
4968.26 1.98469793588
4970.99 2.06249976905
4973.73 2.09260103002
4976.46 2.1206633464
4979.19 2.02751577234
4981.93 1.94783596389
4984.66 2.04972953712
4987.4 2.00648244917
4990.13 1.99000992311
4992.87 2.07044092168
4995.6 2.04640283805
4998.33 2.07274814845
5001.07 2.21166466298
5003.8 2.3454301596
5006.54 2.44018742675
5009.27 2.36839511449
5012.01 2.18998746257
5014.74 2.06834832065
5017.47 1.9866295676
5020.21 1.96001597502
5022.94 1.95497226997
5025.68 1.99102939541
5028.41 2.03250582095
5031.15 1.98899045082
5033.88 1.95078706791
5036.61 1.93764124093
5039.35 1.99339027862
5042.08 1.94917737481
5044.82 1.98990261024
5047.55 2.04999781931
5050.29 2.00074121045
5053.02 2.02810599315
5055.75 2.05970963434
5058.49 2.08648419624
5061.22 2.15897404218
5063.96 2.0584755363
5066.69 1.9838394329
5069.43 1.95642099376
5072.16 1.99532191034
5074.89 1.97337642775
5077.63 1.97439590004
5080.36 1.97879572785
5083.1 1.98786366565
5085.83 2.0289108397
5088.56 2.03932018841
5091.3 2.05992426009
5094.03 2.05708046895
5096.77 2.05541711941
5099.5 2.02123796925
5102.24 1.9618939503
5104.97 2.02193550293
5107.7 2.02150625144
5110.44 2.04769059253
5113.17 2.01292122157
5115.91 2.04168107162
5118.64 2.04033966071
5121.38 2.06373386709
5124.11 2.04710037173
5126.84 2.00294112435
5129.58 1.99129767759
5132.31 1.99591213115
5135.05 1.96323536122
5137.78 1.97203501683
5140.52 1.98265899129
5143.25 1.94665552229
5145.98 1.9796005744
5148.72 1.96849369201
5151.45 1.97509343372
5154.19 1.98807829139
5156.92 1.97010338511
5159.66 1.94043137563
5162.39 1.91392509592
5165.12 1.8626831989
5167.86 1.80344649282
5170.59 1.77468664277
5173.33 1.83542572907
5176.06 1.95277235607
5178.8 1.90067195606
5181.53 1.84771305307
5184.26 1.85297138386
5187.0 1.87137554164
5189.73 1.96634743454
5192.47 2.01801858305
5195.2 2.03400820118
5197.94 2.04302248254
5200.67 1.99113670828
5203.4 1.99870226585
5206.14 1.92637338923
5208.87 1.92900255462
5211.61 1.92213453073
5214.34 1.93055859129
5217.08 2.00353134515
5219.81 2.00438984814
5222.54 1.97466418223
5225.28 1.97439590004
5228.01 1.95250407388
5230.75 1.95550883434
5233.48 2.01860880386
5236.21 2.06893854145
5238.95 2.11840977606
5241.68 2.121843788
5244.42 2.10767848872
5247.15 2.01549673053
5249.89 2.00540932044
5252.62 2.08664516555
5255.35 2.03422282693
5258.09 1.97546902878
5260.82 1.94944565699
5263.56 1.86348804545
5266.29 1.83499647758
5269.03 1.83778661229
5271.76 1.92857330313
5274.49 2.03738855669
5277.23 2.11926827904
5279.96 2.12350713754
5282.7 2.10005927472
5285.43 2.07698700695
5288.17 2.15317914702
5290.9 2.19723108152
5293.63 2.1963189221
5296.37 2.18108049408
5299.1 2.16986629882
5301.84 2.14915491427
5304.57 2.20576245495
5307.31 2.20372351036
5310.04 2.1995383083
5312.77 2.18714367143
5315.51 2.16975898595
5318.24 2.14926222714
5320.98 2.10757117585
5323.71 2.06609475031
5326.45 2.05337817482
5329.18 2.07349933857
5331.91 2.09206446565
5334.65 2.10376156885
5337.38 2.12366810685
5340.12 2.08122586545
5342.85 2.07317739995
5345.59 2.14421852209
5348.32 2.11395629181
5351.05 2.13869190912
5353.79 2.17045651962
5356.52 2.1647152809
5359.26 2.21778149676
5361.99 2.18199265351
5364.73 2.08734269923
5367.46 1.95668927594
5370.19 1.99253177564
5372.93 2.08911336164
5375.66 2.11062959274
5378.4 2.12576070788
5381.13 2.14561358945
5383.86 2.1888606774
5386.6 2.11111250067
5389.33 2.05343183125
5392.07 2.05225138965
5394.8 2.10526394907
5397.54 2.10075680839
5400.27 2.07848938718
5403.0 1.9721423297
5405.74 1.99505362816
5408.47 2.04602724299
5411.21 2.08095758326
5413.94 2.11840977606
5416.68 2.15221333116
5419.41 2.08026004959
5422.14 2.12978494063
5424.88 2.20066509347
5427.61 2.17871961087
5430.35 2.12720943167
5433.08 2.105746857
5435.82 2.10826870953
5438.55 2.14888663208
5441.28 2.18585591695
5444.02 2.22786890686
5446.75 2.12055603352
5449.49 2.09034745968
5452.22 2.20307963312
5454.96 2.05557808872
5457.69 2.04860275195
5460.42 2.11486845124
5463.16 2.08498181601
5465.89 2.0691531672
5468.63 2.11079056205
5471.36 2.18896799027
5474.1 2.07430418512
5476.83 2.08771829428
5479.56 2.05713412538
5482.3 2.08090392683
5485.03 2.08669882199
5487.77 2.04602724299
5490.5 2.07816744856
5493.24 2.10177628069
5495.97 2.14679403105
5498.7 2.14609649738
5501.44 2.07054823455
5504.17 2.10864430458
5506.91 2.01995021477
5509.64 2.10360059954
5512.38 2.17308568502
5515.11 2.16101298677
5517.84 1.97530805947
5520.58 2.11127346998
5523.31 2.04211032312
5526.05 2.1872509843
5528.78 2.01506747904
5531.51 2.05123191735
5534.25 2.02826696246
5536.98 2.03277410314
5539.72 2.12651189799
5542.45 2.07988445453
5545.19 2.18150974558
5547.92 2.1448087429
5550.65 2.19551407555
5553.39 2.16230074125
5556.12 2.15897404218
5558.86 2.10542491838
5561.59 2.08401600015
5564.33 2.12044872065
5567.06 2.05928038285
5569.79 2.06689959686
5572.53 2.18290481293
5575.26 2.08305018429
5578.0 2.18521203971
5580.73 2.1164244879
5583.47 2.14990610438
5586.2 2.09303028151
5588.93 2.08358674866
5591.67 2.08702076061
5594.4 2.03454476555
5597.14 2.1067663293
5599.87 2.12490220489
5602.61 2.05917306998
5605.34 2.16353483929
5608.07 2.13617005659
5610.81 2.1077858016
5613.54 2.16165686401
5616.28 2.15269623909
5619.01 2.11604889284
5621.75 2.14207226463
5624.48 2.11277585021
5627.21 2.19036305763
5629.95 2.18134877627
5632.68 2.16230074125
5635.42 2.11561964135
5638.15 2.04302248254
5640.89 2.14019428934
5643.62 2.15554003023
5646.35 2.20624536288
5649.09 2.16407140366
5651.82 2.22422026916
5654.56 2.20796236885
5657.29 2.0810112397
5660.03 2.11460016905
5662.76 2.15757897482
5665.49 2.11395629181
5668.23 2.0134041295
5670.96 2.08342577935
5673.7 2.14722328255
5676.43 2.1099857155
5679.16 2.1051566362
5681.9 2.11835611962
5684.63 2.13305798327
5687.37 2.14550627657
5690.1 2.06808003846
5692.84 2.06614840674
5695.57 2.11889268399
5698.3 2.11191734722
5701.04 2.08127952188
5703.77 2.20270403806
5706.51 2.06867025927
5709.24 2.08551838038
5711.98 2.10188359356
5714.71 2.11486845124
5717.44 2.19647989141
5720.18 2.18800217441
5722.91 2.16621766113
5725.65 2.23377111489
5728.38 2.30180747659
5731.12 2.33609393962
5733.85 2.18467547534
5736.58 2.17324665433
5739.32 2.18955821108
5742.05 2.24509262303
5744.79 2.14555993301
5747.52 2.20050412416
5750.26 2.17753916926
5752.99 2.23607834167
5755.72 2.08508912889
5758.46 2.15741800551
5761.19 2.15596928172
5763.93 2.12018043847
5766.66 2.19551407555
5769.4 2.1448087429
5772.13 2.16584206607
5774.86 2.19224103291
5777.6 2.12822890397
5780.33 2.06850928996
5783.07 2.03223753877
5785.8 2.05300257976
5788.54 2.0900791775
5791.27 2.2361319981
5794.0 2.22862009697
5796.74 2.18864605165
5799.47 2.17635872766
5802.21 2.17340762364
5804.94 2.18918261602
5807.68 2.17474903456
5810.41 2.17764648214
5813.14 2.17287105927
5815.88 2.11899999686
5818.61 2.1073565501
5821.35 2.13101903867
5824.08 2.18853873878
5826.81 2.23275164259
5829.55 2.15237430047
5832.28 2.24809738348
5835.02 2.03583252003
5837.75 2.19637257853
5840.49 2.16546647101
5843.22 2.15843747781
5845.95 2.22185938595
5848.69 2.26435528379
5851.42 2.19653354784
5854.16 2.13815534475
5856.89 2.09887883311
5859.63 2.04956856781
5862.36 2.21509867493
5865.09 2.082030712
5867.83 1.92921718037
5870.56 2.16814929285
5873.3 2.11127346998
5876.03 2.0578853155
5878.77 2.27492560182
5881.5 2.15146214104
5884.23 1.99344393506
5886.97 1.89155036183
5889.7 1.83682079643
5892.44 1.78316435976
5895.17 1.8739510506
5897.91 1.96484505432
5900.64 1.99913151735
5903.37 2.02241841086
5906.11 2.08476719027
5908.84 2.09624966771
5911.58 2.03202291302
5914.31 2.10113240345
5917.05 2.12924837626
5919.78 2.1319311981
5922.51 2.0107749641
5925.25 1.99907786091
5927.98 2.07323105638
5930.72 2.14711596967
5933.45 2.16069104815
5936.19 2.17410515732
5938.92 2.07188964547
5941.65 2.08879142302
5944.39 2.12238035237
5947.12 2.12973128419
5949.86 2.14067719727
5952.59 2.10612245206
5955.33 2.10671267286
5958.06 2.05997791653
5960.79 2.1158342671
5963.53 2.19744570727
5966.26 2.3025586667
5969.0 2.27100868194
5971.73 2.1067663293
5974.46 2.03803243393
5977.2 2.02553048419
5979.93 2.07532365741
5982.67 2.09222543496
5985.4 2.14298442405
5988.14 2.09989830541
5990.87 2.08358674866
5993.6 2.11079056205
5996.34 2.15210601828
5999.07 2.11341972745
6001.81 2.0868597913
6004.54 2.11921462261
6007.28 2.02397444752
6010.01 2.13622371303
6012.74 2.17292471571
6015.48 2.11599523641
6018.21 2.01190174927
6020.95 2.11765858594
6023.68 2.16841757503
6026.42 2.15103288955
6029.15 2.09721548357
6031.88 2.10934183826
6034.62 2.11787321169
6037.35 2.1657347532
6040.09 2.13547252292
6042.82 2.13665296452
6045.56 2.10462007183
6048.29 2.08305018429
6051.02 2.0816014605
6053.76 2.12404370191
6056.49 2.1266728673
6059.23 2.12844352971
6061.96 2.10268844011
6064.7 2.15865210356
6067.43 2.15849113425
6070.16 2.03502767348
6072.9 2.16219342838
6075.63 2.16777369779
6078.37 2.17421247019
6081.1 2.06716787904
6083.84 2.06888488501
6086.57 2.09614235484
6089.3 2.13971138141
6092.04 2.15226698759
6094.77 2.19996755979
6097.51 2.08476719027
6100.24 2.13493595855
6102.98 1.96479139788
6105.71 2.06507527801
6108.44 2.09426437956
6111.18 2.10054218265
6113.91 2.14840372415
6116.65 2.06282170767
6119.38 2.14491605577
6122.11 2.07366030788
6124.85 2.03239850808
6127.58 2.15173042323
6130.32 2.02413541683
6133.05 2.05552443228
6135.79 2.15870575999
6138.52 2.08031370602
6141.25 2.03411551405
6143.99 2.1186244018
6146.72 2.03749586956
6149.46 2.04860275195
6152.19 2.01678448501
6154.93 1.98244436554
6157.66 1.90700341559
6160.39 1.94166547368
6163.13 1.95416742342
6165.86 1.98201511405
6168.6 2.01978924546
6171.33 1.9226710951
6174.07 1.99897054804
6176.8 2.07285546133
6179.53 2.05670487389
6182.27 2.04329076472
6185.0 1.94885543619
6187.74 1.96790347121
6190.47 1.9812102675
6193.21 2.00251187286
6195.94 2.08133317832
6198.67 2.05123191735
6201.41 2.03867631117
6204.14 1.91408606523
6206.88 1.93914362115
6209.61 2.00793117296
6212.35 2.04028600427
6215.08 2.00846773733
6217.81 1.9779908813
6220.55 2.02531585844
6223.28 2.01088227698
6226.02 2.01866246029
6228.75 2.04441754989
6231.49 1.98024445164
6234.22 1.96489871075
6236.95 2.03443745267
6239.69 1.97182039108
6242.42 2.05987060365
6245.16 2.04828081333
6247.89 1.96575721374
6250.63 1.95438204917
6253.36 1.9339389468
6256.09 2.03062784567
6258.83 2.03411551405
6261.56 2.00546297687
6264.3 2.11406360469
6267.03 2.00100949263
6269.76 2.05289526689
6272.5 2.02397444752
6275.23 2.10215187575
6277.97 1.93415357254
6280.7 1.95776240468
6283.44 2.05439764711
6286.17 1.92503197831
6288.9 2.06748981766
6291.64 2.1958896706
6294.37 2.23033710294
6297.11 2.14153570026
6299.84 2.19814324094
6302.58 2.16981264238
6305.31 2.06663131467
6308.04 2.05691949964
6310.78 2.01313584732
6313.51 1.96715228109
6316.25 1.92444175751
6318.98 1.99178058552
6321.72 2.04710037173
6324.45 2.12661921087
6327.18 2.0993080846
6329.92 2.10912721251
6332.65 2.11148809573
6335.39 2.12844352971
6338.12 2.00165336987
6340.86 2.14926222714
6343.59 2.00664341848
6346.32 2.15763263126
6349.06 2.04575896081
6351.79 2.04769059253
6354.53 2.02231109799
6357.26 2.04055428645
6360.0 2.13971138141
6362.73 2.0976983915
6365.46 2.09641063702
6368.2 2.09184983991
6370.93 2.05563174516
6373.67 2.10993205906
6376.4 2.13461401993
6379.14 2.04350539047
6381.87 2.05911941354
6384.6 2.05074900942
6387.34 2.09437169243
6390.07 2.05359280056
6392.81 2.07505537523
6395.54 2.00530200756
6398.27 2.05863650561
6401.01 1.92696361003
6403.74 2.01957461972
6406.48 2.00852139376
6409.21 2.08122586545
6411.95 2.06223148687
6414.68 2.04103719438
6417.41 1.94810424608
6420.15 1.96811809695
6422.88 2.05434399068
6425.62 2.0723725534
6428.35 2.10322500448
6431.09 2.01528210478
6433.82 2.07698700695
6436.55 2.01737470581
6439.29 2.06598743743
6442.02 2.03395454474
6444.76 2.00138508769
6447.49 2.00294112435
6450.23 2.08836217152
6452.96 2.05337817482
6455.69 2.05777800262
6458.43 2.09903980242
6461.16 2.12001946916
6463.9 2.05348548769
6466.63 1.94048503207
6469.37 1.94708477378
6472.1 2.08380137441
6474.83 2.15698875402
6477.57 2.17576850685
6480.3 2.14040891509
6483.04 2.08165511694
6485.77 2.03604714577
6488.51 2.07607484753
6491.24 2.05005147574
6493.97 2.09056208543
6496.71 1.99220983702
6499.44 1.93141709427
6502.18 2.04280785679
6504.91 2.15709606689
6507.65 2.13826265762
6510.38 2.06625571962
6513.11 2.16594937894
6515.85 2.11985849985
6518.58 2.10290306586
6521.32 2.10622976493
6524.05 2.00878967595
6526.79 1.9753617159
6529.52 2.02778405453
6532.25 2.11749761663
6534.99 2.09506922611
6537.72 2.07628947327
6540.46 2.25206795979
6543.19 2.63555051266
6545.92 2.919071124
6548.66 3.11244892175
6551.39 2.91874918538
6554.13 3.03915422927
6556.86 4.73131727244
6559.6 6.89324241863
6562.33 7.95832268648
6565.06 7.00216498507
6567.8 4.67379757233
6570.53 2.94386039774
6573.27 2.4699667491
6576.0 2.94858216417
6578.74 3.99676065446
6581.47 4.90484218862
6584.2 4.96906894331
6586.94 3.96923490245
6589.67 2.94294823832
6592.41 2.28780314662
6595.14 2.07854304361
6597.88 1.95685024525
6600.61 1.99966808171
6603.34 2.01367241168
6606.08 2.09356684588
6608.81 2.04098353795
6611.55 2.06029985515
6614.28 2.0954984776
6617.02 2.01651620283
6619.75 2.05649024814
6622.48 2.057456064
6625.22 2.09517653898
6627.95 2.05938769572
6630.69 2.04608089943
6633.42 2.04184204093
6636.16 1.95169922733
6638.89 2.01775030087
6641.62 2.0198429019
6644.36 2.05981694722
6647.09 2.04747596678
6649.83 2.03636908439
6652.56 2.07151405041
6655.3 2.07929423373
6658.03 2.0745724673
6660.76 2.07575290891
6663.5 2.01748201869
6666.23 1.94944565699
6668.97 2.01978924546
6671.7 2.0369593052
6674.44 1.96516699294
6677.17 1.98587837749
6679.9 2.03486670417
6682.64 1.97267889407
6685.37 2.04978319356
6688.11 1.96446945926
6690.84 1.98469793588
6693.57 2.03175463084
6696.31 2.07822110499
6699.04 2.02681823867
6701.78 2.07307008707
6704.51 2.06046082446
6707.25 2.08047467533
6709.98 2.32198229677
6712.71 2.73057606199
6715.45 3.07370897448
6718.18 2.99773146016
6720.92 2.67477336786
6723.65 2.44630426053
6726.39 2.62074133614
6729.12 2.90860811885
6731.85 2.73996593841
6734.59 2.52303296496
6737.32 2.22615190088
6740.06 2.02923277832
6742.79 1.91907611384
6745.53 1.85205922444
6748.26 1.96382558202
6750.99 1.95958672352
6753.73 2.02155990787
6756.46 2.04350539047
6759.2 2.02858890108
6761.93 2.02708652085
6764.67 1.9323292537
6767.4 1.90534006605
6770.13 1.989258733
6772.87 2.06217783043
6775.6 2.00127777481
6778.34 1.97868841498
6781.07 2.00422887883
6783.81 1.96709862466
6786.54 1.89535996883
6789.27 2.02697920798
6799.97 2.0236525089
6815.64 2.04205666668
6831.35 2.07489440592
6847.11 1.9721423297
6862.89 2.00846773733
6878.71 1.99435609448
6894.57 1.98947335875
6910.46 1.9983266708
6926.39 1.99805838861
6942.36 2.03486670417
6958.36 2.01592598202
6974.4 2.08165511694
6990.48 2.07178233259
7006.59 2.0011168055
7022.75 1.95078706791
7038.93 2.05654390458
7055.16 2.12361445041
7071.43 1.98153220612
7087.73 2.04613455587
7104.07 1.95824531261
7120.44 1.94000212414
7136.86 1.8868285954
7153.31 1.9083448265
7169.8 1.93018299623
7186.33 1.87727774967
7202.89 1.88999432516
7219.5 1.9651133365
7236.14 1.96929853856
7252.82 1.9419874123
7269.54 1.92390519314
7286.3 1.95035781642
7303.09 2.01855514742
7319.93 1.98593203393
7336.8 2.01324316019
7353.72 2.03620811508
7370.67 1.98040542095
7387.66 2.0638948364
7404.69 2.05879747492
7421.76 1.97487880797
7438.87 2.02987665556
7456.02 2.04833446977
7473.2 2.07650409902
7490.43 2.03357894969
7507.7 2.07580656534
7525.01 2.09946905391
7542.36 2.10397619459
7559.74 2.06995801375
7577.17 2.0365300537
7594.63 2.01753567512
7612.14 1.98952701518
7629.69 1.99376587368
7647.28 1.99344393506
7664.91 1.93431454185
7682.58 1.93399260323
7700.29 1.93812414886
7718.04 1.93780221024
7735.83 1.91966633464
7753.66 1.89739891342
7771.54 1.94574336286
7789.45 1.90990086317
7807.41 1.90517909674
7825.41 1.985449126
7843.45 1.90013539169
7861.53 1.95298698181
7879.65 1.94370441827
7897.82 1.97037166729
7916.02 1.91633963557
7934.27 1.89847204216
7952.56 1.81267539993
7970.89 1.89342833711
7989.27 1.91939805246
8007.68 1.87105360302
8026.15 1.95888918985
8044.65 1.98577106462
8063.19 1.96269879685
8081.78 1.90448156306
8100.41 1.83950361826
8119.08 1.94365076183
8137.8 1.95228944814
8156.56 1.88999432516
8175.36 1.89841838572
8194.2 1.86338073258
8213.1 1.9463872401
8232.03 1.90609125616
8251.0 1.9367290815
8270.03 1.99060014392
8289.09 1.91387143948
8308.2 1.90909601662
8327.35 1.90432059375
8346.55 1.86493676924
8365.79 1.92127602774
8385.08 1.8685317505
8404.4 1.90732535421
8423.78 1.91574941476
8443.2 1.78756418757
8462.66 1.88006788438
8482.17 1.87974594576
8501.72 1.88806269344
8521.32 1.83623057562
8540.97 1.84862521249
8560.65 1.81449971877
8580.39 1.87362911198
8600.17 1.83059664977
8619.99 1.79271520549
8639.86 1.87684849818
8659.78 1.80028076306
8679.74 1.75091684132
8699.75 1.75054124627
8719.81 1.84540582629
8739.91 1.85780046316
8760.06 1.74147330847
8780.25 1.83585498057
8800.49 1.83971824401
8820.78 1.88221414185
8841.11 1.88183854679
8861.5 1.84712283227
8881.92 1.75145340569
8902.39 1.79191035894
8922.92 1.79985151156
8943.49 1.82447981599
8964.1 1.75005833834
8984.77 1.74571216697
9005.48 1.84449366687
9026.24 1.533876555
9047.05 1.88672128253
9067.91 1.89069185884
9088.81 1.68862171835
9109.76 1.73154686769
9130.76 1.83800123803
9151.81 1.77527686357
9172.9 1.79958322938
9194.05 1.75826777315
9215.25 1.77822796759
9236.49 1.66302759806
9257.78 1.74506828973
9279.12 1.84808864813
9300.51 1.75236556511
9321.95 1.80527081167
9343.44 1.80071001455
9364.98 1.77565245863
9386.57 1.79582727881
9408.21 1.76266760095
9429.9 1.80333917995
9451.63 1.78230585677
9473.43 1.81090473752
9495.26 1.8063439404
9517.15 1.77296963679
9539.09 1.7644919198
9561.08 1.76003843556
9583.12 1.79647115605
9605.21 1.77962303494
9627.36 1.78332532907
9649.55 1.76663817727
9671.79 1.76218469302
9694.09 1.7821985439
9716.43 1.76137984647
9738.83 1.74485366398
9761.29 1.74447806892
9783.79 1.72414227943
9806.34 1.75177534431
9828.94 1.739327051
9851.6 1.74292203226
9874.31 1.73455162814
9897.07 1.73015180033
9919.89 1.72183505265
9942.76 1.73337118653
9965.68 1.72897135873
9988.65 1.72462518736
10034.76 1.70412842855
10081.08 1.67606611217
10127.61 1.71432315152
10174.36 1.69785062546
10221.32 1.70096269879
10268.5 1.70407477211
10292.17 1.6958653373
10507.69 1.64612582051
10703.04 1.58452823122
10902.02 1.52368183204
11104.7 1.47877139455
11311.16 1.44845550783
11494.95 1.44180210968
11708.66 1.40896437044
11898.91 1.3642685587
12092.25 1.34248404541
12288.73 1.32102147075
12488.4 1.29092020978
12691.32 1.2644675865
12897.54 1.23849787115
13107.11 1.21869864602
13289.45 1.18548531172
13505.38 1.16654458958
13693.26 1.14787214962
13915.76 1.11149308556
14109.35 1.07125075806
14305.63 1.05660255085
14504.64 1.06143163015
14706.42 1.03014992757
14911.01 1.0397007733
15083.68 1.04206165651
15293.49 1.05660255085
15506.25 1.04930527546
15685.81 1.03251081079
15904.02 0.99978038442
16088.19 1.00439483797
16312.0 0.99978038442
16500.87 0.986044336633
16691.94 0.979283625613
16885.23 0.961416032203
17080.76 0.946016634879
17318.37 0.909691227255
17518.9 0.886940898108
17681.01 0.854854348982
17885.75 0.825826216745
18092.86 0.788695962571
18302.35 0.770721056287
18514.28 0.748024383577
18685.6 0.715991490887
18901.95 0.70128962724
19120.84 0.690075431977
19297.77 0.66973964248
19521.23 0.644038209316
19701.84 0.626492554526
19884.15 0.609376151229
20114.4 0.599664336192
20300.51 0.580616301176
20488.35 0.573962903029
20677.92 0.559636634439
20917.36 0.548154156992
21110.92 0.539408157815
21306.24 0.528328103643
21503.39 0.517489503437
21702.37 0.50107599946
21903.17 0.494197244279
22105.84 0.480729478676
22310.37 0.468705071219
22516.81 0.459095203412
22725.17 0.447612725965
22882.68 0.40541730417
23094.42 0.402627169463
23308.1 0.356369955412
23523.77 0.337209241879
23686.82 0.341904180087
23906.0 0.316884183669
24127.21 0.307537232402
24294.44 0.304017370156
24519.25 0.285039088507
24689.19 0.281776777158
24917.65 0.243723632273
25090.36 0.241491524508
25322.53 0.242607578391
25498.04 0.240933497567
25674.8 0.243723632273
25912.35 0.239275513674
26091.98 0.238175556722
26272.83 0.232756256619
26515.94 0.231151929162
26699.73 0.226414065804
26884.82 0.223822459913
27071.16 0.221257682241
27321.66 0.217222718203
27511.03 0.213745781107
27701.74 0.209362050232
27893.75 0.207446515443
28087.12 0.203658371014
28281.79 0.200862870664
28477.82 0.197198136039
28675.24 0.193152440715
28873.99 0.190941795524
29074.15 0.187888744277
29275.67 0.184460097974
29478.61 0.181508993958
29682.94 0.178606180734
29888.7 0.175349235028
30095.87 0.172940061022
30304.5 0.169785062546
30514.55 0.168229025883
30726.05 0.165921799106
30867.9 0.163646766191
31081.85 0.161768790908
31297.32 0.159917643843
31514.24 0.158087959353
31732.71 0.156279737437
31879.17 0.15520124306
32100.13 0.154492978096
32322.65 0.155560741185
32471.84 0.160287873256
32696.94 0.175751658303
32923.57 0.220747946092
33075.53 0.218220727925
33304.81 0.169007044214
33535.66 0.14924537859
33690.48 0.140574498424
33923.99 0.135176660896
34080.56 0.131490463697
34316.82 0.128796910576
34475.21 0.126151648248
34714.2 0.123565408001
34874.42 0.121311837661
35116.14 0.119369474653
35278.26 0.116922741141
35522.78 0.115055497145
35686.73 0.113215081368
35934.12 0.111149308556
36099.97 0.109625465755
36266.59 0.107624080667
36518.0 0.105660255085
36686.55 0.10397007733
36940.87 0.102070639472
37111.37 0.10020876112
37282.65 0.0988351563409
37541.11 0.0968069430349
37714.38 0.0956962547959
37888.45 0.0941670463509
38063.36 0.0926593004806
38327.18 0.0913930085752
38504.08 0.0901374479572
38681.84 0.0884901953515
38860.37 0.0870790310672
39129.72 0.0858824925295
39310.36 0.0845088877508
39491.8 0.0831567455468
39674.07 0.0818260659174
39857.23 0.0803344169781
40133.49 0.0792344600264
40318.72 0.0781452343621
40504.85 0.0768950393877
40691.8 0.0758380075854
40879.61 0.074974138955
41068.34 0.073943935371
41257.88 0.072929828718
41543.85 0.0719264533524
41735.64 0.0707782056077
41928.27 0.069967993414
42121.79 0.0690075431977
42316.24 0.0682187935787
42511.55 0.067279805937
42707.76 0.0665125188926
42904.93 0.0644038209316
43102.95 0.0623595106946
43301.89 0.0623595106946
43501.75 0.0603795881816
43702.58 0.0594137723216
43904.29 0.0585981944842
44106.92 0.0571333737632
44310.54 0.0566129063275
44515.06 0.0558348879959
44720.52 0.0545632304469
44926.97 0.0544398206425
45134.33 0.0536886305292
45342.65 0.0527110102531
45551.92 0.0525897467062
45656.97 0.052107911905
45867.7 0.0510390756866
46079.4 0.0510390756866
46292.13 0.050338859188
46505.79 0.0498768772683
46720.43 0.0496477642838
46936.07 0.0491927577008
47152.75 0.0486299016802
47261.44 0.0486299016802
47479.58 0.0480729478676
47698.77 0.0476324285226
47918.92 0.0473045876945
48140.09 0.0467626576842
48251.05 0.0468705071219
48473.81 0.0463339427552
48697.54 0.0459095203412
48922.3 0.0455934839292
49148.1 0.0451755002876
49261.44 0.0449678498777
49488.8 0.0445552318797
49717.22 0.0444559674719
49946.74 0.0443282651526
50061.87 0.0442139769425
50292.93 0.044087347752
50525.05 0.0439607185614
50758.31 0.0439360366006
50875.31 0.0439242321845
50992.58 0.0439118912041
51110.12 0.0437986761227
51227.93 0.0437863351423
51346.02 0.0437739941618
51464.43 0.0437621897458
51583.06 0.0437498487653
51701.96 0.0438389184502
51821.14 0.0438265774698
51940.59 0.0438147730537
52060.32 0.0438024320733
52180.32 0.0437906276572
52300.66 0.0437788232411
52421.21 0.043867892926
52542.05 0.0439569626109
52663.16 0.0440460322957
52784.55 0.044135638545
52906.22 0.0440224234636
53028.24 0.0440106190475
53150.47 0.0441002252968
53272.98 0.044189831546
53395.78 0.0442799743596
53518.86 0.0443701171732
53642.23 0.0444607965512
53765.88 0.0445509393648
53889.87 0.0447451756655
54014.09 0.0448363916078
54138.6 0.0449276075502
54263.39 0.0450193600569
54388.47 0.0451111125636
54513.84 0.0453074951218
54639.5 0.0455044142443
54765.51 0.0455977764441
54891.75 0.0457963052598
55018.28 0.0459953706398
55145.1 0.0461955091486
55272.21 0.0465040336594
55399.62 0.0468141678634
55527.38 0.0469096763206
55655.37 0.0472230299108
55783.66 0.047537993194
55912.25 0.0478551027347
56041.13 0.0481743585329
56170.31 0.0486079025412
56299.78 0.0489319874186
56429.62 0.0492587551179
56559.69 0.0498162454949
56690.07 0.0502648133054
56820.74 0.0507166005022
56951.72 0.0511732167782
57082.99 0.0518718235836
57214.64 0.0524593615651
57346.52 0.0531756749946
57478.71 0.0539032562758
57611.2 0.0546383494582
57744.0 0.0553841739279
57877.11 0.0563982805809
58010.52 0.0574338498085
58144.3 0.0583513748756
58278.32 0.0595586447006
58412.66 0.0607927427439
58547.31 0.0620483033619
58682.26 0.0634809302209
58817.53 0.0652408613436
58953.11 0.0668988452366
59213.91 0.0745985438984
59521.99 0.0770077179047
59830.07 0.0808602500574
60138.16 0.0990444164439
60446.23 0.103213521573
60754.31 0.104871505466
61062.4 0.118478777805
61370.47 0.170310895625
61678.55 0.254369069308
61986.63 0.315413997304
62294.71 0.310354195327
62602.79 0.270696722986
62910.87 0.222395198698
63218.95 0.17220496784
63527.04 0.144824088208
63835.11 0.134028413151
64143.18 0.120077739617
64451.27 0.101577000255
64759.35 0.0966459737249
65067.43 0.0930831863302
65375.52 0.0991302667426
65683.59 0.0896545400272
65991.66 0.099527324374
66299.76 0.101271158566
66607.83 0.101265792922
66915.91 0.100552162314
67223.99 0.0975688644356
67532.07 0.0970591282873
67840.16 0.0909315632199
68148.23 0.0955943075662
68456.31 0.0987922311916
68764.4 0.103760817227
69072.47 0.104844677248
69380.55 0.112367309668
69688.63 0.143944122647
69996.71 0.147603491628
70304.79 0.117775878484
70612.87 0.108885006929
70920.95 0.1208128328
71229.04 0.127315992924
71537.11 0.13379232483
71845.2 0.134103532162
72153.27 0.136823913501
72461.35 0.145532353172
72769.44 0.159016215707
73077.51 0.166340319312
73385.59 0.173465894101
73693.68 0.187598999519
74001.75 0.206421677502
74309.83 0.229724667947
74617.91 0.242897323149
74905.83 0.262385340946
74925.99 0.270358687435
75234.08 0.290356441381
75523.21 0.319980160065
75542.15 0.323226374483
76140.6 0.338464802497
76757.98 0.321943985647
77375.37 0.305299758993
77992.75 0.300223860084
78610.15 0.281272406653
79227.54 0.245054311903
79844.92 0.204146644588
80462.32 0.175064855914
81079.7 0.159466929775
81697.08 0.14415338275
82314.47 0.137650222626
82931.86 0.1397481893
83549.26 0.137559006684
84166.64 0.141540314284
84784.03 0.148521016695
85401.41 0.161119548024
86018.81 0.163872123225
86636.19 0.146857667158
87253.58 0.120914780029
87870.97 0.0938880328802
88488.35 0.0767072418594
89105.74 0.0675588194076
89723.13 0.0600361869869
90340.51 0.0536414128649
90957.91 0.0482221127615
91575.29 0.047167763781
92192.68 0.0439011599167
92810.08 0.0427454002709
93427.46 0.0415322282379
94044.84 0.042231908172
94662.22 0.037328246425
95279.62 0.0361767792941
95897.01 0.0396107912408
96514.39 0.0435126873152
97131.79 0.0426697446952
97749.18 0.0370690858359
98366.56 0.0360372725588
98983.95 0.0335991240766
99601.3 0.0326472588901
100218.74 0.0338212617244
100836.08 0.0353349098028
101453.53 0.0335926853042
102070.88 0.0334156190632
102688.32 0.0332154805545
103305.68 0.033535272917
103923.02 0.0358339146638
104540.46 0.0379291985157
105157.8 0.0450413591959
105775.25 0.0470153795009
106392.6 0.0438544788168
107009.94 0.044743029408
107627.39 0.0467583651692
108244.74 0.0475857474227
108862.18 0.0527571547886
109479.52 0.0621985413846
110096.97 0.0734878556594
110714.32 0.0808817126321
111331.67 0.111288815291
111949.11 0.174426344318
112566.45 0.195540152146
113183.9 0.163008254595
113801.24 0.130036374263
114418.69 0.106905084416
115036.03 0.0919242072982
115653.38 0.0819602070091
116270.83 0.0754999720344
116888.18 0.0707782056077
117505.61 0.070064575
118122.96 0.069984090345
118740.41 0.0744161120137
119357.76 0.0769272332497
119975.1 0.0775979387081
120592.55 0.0767823608707
121209.9 0.0748668260817
121827.34 0.0744804997377
122444.68 0.0776676920757
123062.04 0.0829421198001
123679.48 0.0839991516025
124296.82 0.0874063353308
124914.27 0.0908457129212
125531.62 0.0973059478959
126149.06 0.101898938875
126766.41 0.106690458669
127383.75 0.121805476878
128001.2 0.170182120177
128618.54 0.133658183738
129235.99 0.0766965105721
129853.33 0.0645325963796
130470.68 0.0616244175123
131088.12 0.0611737034443
131705.47 0.0620965941549
132322.92 0.0593386533102
132940.26 0.0587430668632
133557.7 0.0594674287582
134175.05 0.0601917906532
134792.41 0.0606210421466
135409.85 0.0604654384802
136027.19 0.0594191379652
136644.63 0.0576270129806
137261.99 0.0552500328362
137879.43 0.0548744377795
138496.77 0.0542359261832
139114.12 0.0554217334335
139731.57 0.0571011799012
140348.92 0.0564197431555
140966.35 0.0570958142575
141583.7 0.0569455762349
142201.14 0.0571280081195
142818.5 0.0546920058949
143435.83 0.0534772241687
144053.29 0.0493585560901
144584.53 0.0525280418041
145496.18 0.0516652463025
146407.93 0.050665090323
147319.58 0.0504252460511
148231.23 0.0501000880449
149142.88 0.0494884046669
150054.64 0.049232463464
150966.29 0.0494229438141
151877.94 0.04952811043
152789.69 0.0498205380098
153701.34 0.0496010831839
154612.99 0.0530721180719
155524.64 0.0596015698499
156436.4 0.0570475234645
157348.05 0.0525253589822
158259.7 0.0517559256804
159171.45 0.0536993618165
160083.1 0.0547617592625
160994.75 0.0537100931038
161906.5 0.0549119972852
162818.16 0.0601595967912
163729.8 0.068470978831
164641.46 0.0721625416737
165553.22 0.0686426794283
166464.85 0.0663354526516
167376.51 0.068068555556
168288.17 0.0679773396136
169199.92 0.0699250682647
170111.57 0.0801788133118
171023.23 0.0790949532911
171934.98 0.071448911066
172846.63 0.0713415981927
173758.28 0.074024420026
174670.03 0.0687875518073
175581.68 0.0633145952673
176493.33 0.0619731843506
177404.98 0.0620429377183
178316.73 0.0620161094999
179228.39 0.0613239414669
180140.03 0.0585820975532
181051.78 0.0582708902206
181963.44 0.0582816215079
182875.08 0.0578845638766
183786.83 0.0581582117036
184698.49 0.0597410765852
185610.15 0.0629014407049
186521.79 0.0820245947331
187433.54 0.0889892002125
188345.2 0.06716712742
189256.84 0.0619785499943
190168.61 0.0620965941549
191080.26 0.0613775979036
191991.89 0.0615010077079
192903.55 0.0614902764206
193815.31 0.0603903194689
194726.96 0.0618390432589
195638.61 0.0615278359263
196550.37 0.0619946469253
197462.01 0.0609000556172
198373.67 0.0611039500766
199285.32 0.0619517217759
200197.07 0.0623273168326
201108.72 0.0625848677286
202020.37 0.0622790260396
202932.13 0.0632448418996
204025.92 0.0596927857922
205781.13 0.0651764736196
207537.41 0.0634058112096
209294.59 0.0613668666163
211052.86 0.0665983691913
212812.14 0.0660618048246
214572.5 0.0632502075433
216333.75 0.0663247213643
218096.11 0.066491056318
219859.47 0.067279805937
221623.91 0.0650476981716
223389.35 0.0689270585427
225155.78 0.071175263239
226923.29 0.0704884608497
228691.81 0.0700538437127
230461.33 0.0720659600877
232231.93 0.0729512912927
234003.54 0.0740512482444
235776.23 0.072833247132
237550.02 0.0723396079147
239324.8 0.0738849132907
241100.58 0.0750385266791
242877.46 0.0755214346091
244655.32 0.0763638406647
246434.39 0.0762404308604
248214.34 0.0753229057934
249995.37 0.0778393926731
251777.52 0.0768252860201
253560.75 0.0763584750211
255344.98 0.0778930491097
257130.29 0.0755375315401
258916.71 0.0809300034251
260704.22 0.0807904966898
262492.74 0.0791486097278
264282.31 0.0800339409328
266073.03 0.0810963383788
267864.68 0.0810909727351
269657.58 0.0824270180081
271451.44 0.0829099259381
273246.42 0.0829421198001
275042.49 0.0831299173285
276839.64 0.0837094068445
278637.88 0.0845196190381
280437.21 0.0861400434255
282237.66 0.0870575684925
284039.19 0.0858502986675
285841.81 0.0855068974728
287645.52 0.0861668716438
289450.32 0.0874921856295
291256.24 0.0875243794915
293063.24 0.0868107488838
294871.33 0.0880609438582
296680.6 0.0884848297078
298490.99 0.0887048210982
300302.35 0.0889784689252
302114.91 0.0912052110469
303928.56 0.0913286208512
305743.43 0.0931100145486
307559.29 0.0909744883692
309376.33 0.0933407372262
311194.55 0.0909583914382
313013.79 0.0926485691932
314834.22 0.0933836623756
316655.79 0.0952294437969
318478.39 0.0948753113149
320302.21 0.0981644508826
322127.23 0.103068649194
323953.28 0.0963079381739
325780.45 0.0979605564233
327608.86 0.0981429883079
329438.42 0.10113165183
331269.07 0.101931132737
333100.84 0.107339701553
334933.79 0.123876615334
336767.95 0.110221052202
338603.25 0.105397338545
340439.68 0.0989371035706
342277.23 0.100815078854
344116.02 0.104892968041
345955.96 0.109738144272
347797.04 0.129896867528
