100.02 3.91128147985e-11
102.12 5.55044772148e-11
104.01 7.33369842886e-11
105.95 9.91571396923e-11
107.92 1.34067947448e-10
109.92 2.13953561574e-10
114.05 3.61672096874e-10
118.06 5.74548220744e-10
121.09 1.48704664723e-09
125.05 2.30845593364e-09
127.08 2.8400527395e-09
127.96 3.1574403206e-09
130.95 4.21040740496e-09
131.85 4.86764440402e-09
134.0 5.85231289498e-09
137.12 8.02271070935e-09
139.99 1.04069525153e-08
142.92 1.69561302029e-08
146.92 2.74363119588e-08
151.04 3.7266561378e-08
154.91 5.01556381754e-08
158.89 6.67299171516e-08
161.84 8.19071794445e-08
165.99 1.06739379259e-07
169.86 1.37190690622e-07
173.02 1.64559434453e-07
177.05 2.07653290258e-07
179.92 2.46221907708e-07
182.01 2.75002277547e-07
185.82 3.39885941278e-07
191.03 4.37841464006e-07
194.13 5.08532334342e-07
198.19 6.14212537554e-07
201.88 7.367665109e-07
205.16 8.42026696024e-07
209.94 1.02170312931e-06
215.82 1.32838937999e-06
219.83 1.54997631377e-06
222.89 1.73111367953e-06
227.03 2.00604291046e-06
230.19 4.90142846761e-06
233.93 7.53914205874e-06
239.93 9.93854103921e-06
246.09 1.10745986583e-05
251.82 1.28624147797e-05
257.09 1.25408270177e-05
260.07 1.47340519021e-05
264.3 1.63051021669e-05
269.21 1.77961663784e-05
274.21 1.93792693362e-05
279.31 2.09570764137e-05
283.85 2.26627150831e-05
289.79 2.40615579319e-05
295.86 2.66273205984e-05
300.67 2.7754064773e-05
307.67 3.085489396e-05
317.75 3.56723188101e-05
328.16 4.00240714324e-05
338.14 4.47008815313e-05
347.61 4.96972706101e-05
357.35 5.49949770126e-05
365.67 6.14212537554e-05
375.05 6.7347161124e-05
384.67 7.43578108584e-05
395.45 8.59649194054e-05
404.66 9.75720279524e-05
414.09 0.000110490323399
421.78 0.000122270917678
429.63 0.000136874763973
440.65 0.000163803401895
450.91 0.000192003051075
460.35 0.000219943384739
469.99 0.000263223509434
479.83 0.00031574403206
489.88 0.00037525876893
500.14 0.000458477135275
505.93 0.00175116497781
511.79 0.00668851412275
520.1 0.00693942927604
529.77 0.00735068176893
539.62 0.0071832223835
549.66 0.00942593635559
559.87 0.0115165307333
570.28 0.0130715107408
579.55 0.0129517142775
590.32 0.0154285426794
599.92 0.0159707312457
609.66 0.0187200235549
619.57 0.0218427667291
629.64 0.0236762369905
639.87 0.0250221210369
650.27 0.0278818963649
657.8 0.0294670081048
665.41 0.0318665897018
674.67 0.0339885941278
685.63 0.0343812197316
695.17 0.0414302189436
704.84 0.0408622814423
716.29 0.0490142846761
726.26 0.0517991872145
734.67 0.0549949770126
744.89 0.0603018142432
755.25 0.0643175523953
765.76 0.0685999107249
774.62 0.0741861512921
785.4 0.08059781871
794.49 0.0851778420322
805.55 0.0898108241568
814.87 0.0944766772621
824.31 0.102405888293
835.78 0.0955705504559
845.46 0.112027954834
855.25 0.118120043272
865.15 0.126277525002
875.17 0.134687017586
885.3 0.143987678981
895.55 0.152168900864
905.92 0.157515913738
914.3 0.227156738854
924.89 1.31620885545
935.6 2.7690148977
944.26 5.49949770126
955.19 7.367665109
964.03 9.14799395142
975.19 2.74363119588
984.22 9.91571396923
995.61 9.75720279524
1004.83 11.4900513321
1014.12 10.6005260688
1025.87 4.57436220883
1035.36 9.02253637478
1044.94 13.5620188207
1054.61 13.4687017586
1064.37 12.0594497658
1074.21 13.4067947448
1084.15 12.0039343316
1094.18 13.8779454693
1104.31 13.314573382
1114.53 13.3452529641
1124.84 12.3688022183
1135.25 13.8779454693
1145.75 13.1317742056
1153.69 13.6246563007
1164.37 13.9099033673
1175.14 11.1255486785
1186.02 13.7190690622
1194.24 12.0039343316
1205.29 9.80230908553
1213.64 5.06194842375
1224.87 10.6494673069
1236.21 13.4687017586
1244.77 14.0709711731
1256.29 13.9420438818
1265.0 13.4067947448
1273.77 14.4652403259
1285.56 14.5990982643
1294.47 13.2228998689
1306.44 13.4067947448
1315.5 14.5990982643
1324.62 14.1359826684
1333.8 13.5307913889
1346.14 14.2996071061
1355.47 14.2667361253
1364.87 13.7190690622
1374.33 13.7824370085
1383.86 13.9099033673
1393.45 12.4544493849
1406.34 12.832830897
1416.09 13.5307913889
1425.91 13.4067947448
1435.79 13.5932462524
1442.42 13.8142122899
1445.74 13.750661727
1455.76 13.5932462524
1465.85 13.1924029034
1476.02 13.1924029034
1486.25 13.1620885545
1496.55 13.1317742056
1503.46 12.7152258324
1510.4 12.0316920487
1517.37 12.340314035
1524.37 12.3972904017
1534.94 11.4900513321
1545.58 11.6500234386
1556.29 11.3324532409
1563.47 11.7037127072
1574.31 12.1429055337
1585.22 12.2270917678
1596.21 12.3688022183
1603.58 12.0872074829
1614.7 12.0316920487
1625.89 11.9213916466
1633.39 12.2270917678
1644.72 12.1429055337
1656.12 11.9487841305
1663.76 12.340314035
1671.44 11.893816546
1675.29 12.3972904017
1686.91 12.3972904017
1694.69 12.0872074829
1706.44 11.8392141946
1714.32 11.5165307333
1726.2 11.4637545475
1734.17 11.7847944598
1746.19 11.5698547688
1754.25 11.8120043272
1766.41 11.358567409
1774.56 11.4109783617
1786.86 11.5165307333
1795.11 11.7037127072
1803.39 11.7037127072
1815.89 11.2285444183
1824.28 11.3848641936
1836.92 11.2027954834
1845.4 10.6248140713
1853.92 10.5517674473
1866.77 10.7232443971
1875.39 11.0745986583
1884.04 10.4069525153
1897.1 10.0075700989
1905.86 10.5517674473
1914.66 10.1934737568
1923.49 9.98437779575
1936.83 10.3116266711
1945.77 10.5274794449
1954.75 9.93854103921
1968.3 10.4310579013
1977.38 10.6985911615
1981.94 10.2641463655
1995.68 10.0767817751
2004.89 10.2641463655
2014.15 10.2170312931
2023.44 10.4310579013
2032.78 10.0305797854
2046.87 10.0767817751
2056.32 9.7122791215
2065.81 9.87024244581
2075.35 10.2878865183
2080.13 9.84741537583
2084.93 10.0305797854
2094.55 9.7122791215
2104.22 9.89288689924
2113.93 9.89288689924
2123.69 10.0075700989
2133.49 9.80230908553
2143.34 9.66772068089
2153.23 9.8247709224
2163.17 9.7122791215
2173.16 9.64544146058
2183.19 9.57915164934
2193.26 9.6899999012
2203.39 9.55705504559
2213.56 9.42593635559
2223.77 9.27527769367
2234.04 9.38265623089
2244.35 9.31800996869
2254.71 9.14799395142
2265.12 9.19017837676
2275.57 9.21099666459
2286.08 9.2287104709
2296.63 8.95332469858
2307.23 9.01212723086
2312.55 8.88685227077
2323.22 7.95404688283
2333.95 8.65821633778
2344.72 8.53604585921
2355.54 8.65164214163
2366.41 8.47103436389
2377.34 8.48728723772
2382.82 8.29243536831
2393.82 8.40456193609
2404.87 8.28622640528
2415.97 8.26394718497
2427.12 8.33717642549
2432.71 8.16460377639
2443.94 8.25591205633
2455.22 8.2146407138
2466.56 8.11748870393
2472.24 8.04133759846
2483.65 8.0753042786
2495.12 7.72650664919
2506.63 8.03184153734
2512.41 7.77544788725
2518.2 7.90017499766
2524.01 7.77234340573
2535.66 7.7155496556
2547.36 7.6417725654
2553.23 7.76430827709
2565.02 7.68998333722
2576.86 7.7579166975
2582.8 7.72066291928
2594.72 7.66423440227
2606.7 7.57329135544
2612.71 7.51960208683
2624.77 7.5338461785
2636.88 7.51321050724
2642.96 7.65126862652
2655.16 7.63045033869
2667.42 7.47084346534
2673.56 7.50353182956
2685.91 7.50042734804
2692.1 7.36182137908
2704.52 7.37551762108
2717.01 7.27124356537
2723.27 7.20294497197
2735.84 7.26631291826
2742.15 7.01813701336
2754.8 7.01503253184
2767.52 7.04425118142
2773.9 7.12423723466
2786.7 7.03950315087
2793.13 6.67481788075
2806.02 6.79589265997
2812.49 7.00078844017
2825.47 6.94929057028
2831.98 6.82091112867
2845.06 6.81780664715
2858.19 6.76776970974
2864.78 6.82876364075
2878.0 6.77854408678
2884.63 6.76137813015
2897.95 6.72722883344
2911.33 6.75498655055
2931.51 6.64231213309
2951.83 6.54643843915
2972.29 6.52653323412
2992.89 6.46206958848
3006.71 6.41440666634
3027.55 6.36546542829
3048.53 6.30246271513
3069.66 6.22558114341
3090.94 6.16385674617
3112.37 6.1026801986
3126.73 6.0298161912
3148.41 5.98361420155
3170.23 5.92408120302
3192.21 5.79807577669
3206.94 5.79497129518
3229.17 5.71096767762
3251.55 5.70640226363
3266.56 5.6901493898
3289.2 5.63335563967
3312.0 5.57710973922
3319.64 5.6532608447
3327.29 5.67773146372
3334.96 5.66312213893
3342.65 5.34482147503
3350.35 5.66001765741
3358.08 5.29295837202
3365.82 5.40216307484
3373.58 5.32655981904
3381.35 5.26410495556
3389.15 5.48543622615
3396.96 5.49657583631
3404.79 5.33295139864
3412.64 5.30683723057
3420.51 5.44142563522
3428.39 5.42736416011
3436.3 5.4761227816
3444.22 5.27652288163
3452.16 5.51081992798
3460.12 5.24931301421
3468.09 5.24766946517
3476.09 5.23415583974
3484.1 5.14887390626
3492.13 5.31615067513
3500.18 5.25369581164
3508.25 5.10906349621
3516.34 5.07235756767
3524.45 5.17699685649
3532.57 5.21151138631
3540.71 5.25807860908
3548.88 5.34189961007
3557.06 5.3404386776
3565.26 5.32655981904
3573.48 5.14412587571
3581.71 4.99091058195
3589.97 4.88718437593
3598.25 5.02250324682
3606.54 5.05573946072
3614.85 5.11289844397
3623.19 5.15855258394
3631.54 5.38755375005
3633.61 5.09427155486
3636.33 4.93667346367
3639.05 5.39175393093
3641.77 5.17809255585
3644.49 4.68612354349
3647.21 4.81651176725
3649.93 5.16731817881
3652.65 5.19690206152
3655.37 5.14723035723
3658.08 5.5057066643
3660.8 4.54167384461
3663.52 4.91895965736
3666.24 4.89649782049
3668.96 5.02725127737
3671.68 4.61654663417
3674.4 5.17717947305
3677.12 5.2566176766
3679.84 4.70036763516
3682.56 4.63718230544
3685.28 4.71132462875
3687.99 4.94434335918
3690.71 4.84061715316
3693.43 4.95055232222
3696.15 4.8709315021
3698.87 5.38116217045
3701.59 4.99310198067
3704.31 5.20785905511
3707.03 4.91165499496
3709.75 4.87129673522
3712.47 4.87695784858
3715.19 5.74548220744
3717.9 7.44965994439
3720.62 14.0313433796
3723.34 25.0385565273
3726.06 33.1613411115
3728.78 31.8045000715
3731.5 21.442836463
3734.22 12.0479449226
3736.94 7.55082951858
3739.66 6.57054382505
3742.38 5.83185984028
3745.1 5.09901958541
3747.81 5.32382057064
3750.53 4.913298544
3753.25 5.83240768995
3755.97 5.87167025033
3758.69 5.81542434988
3761.41 5.94088192653
3764.13 5.6163722996
3766.85 5.30720246369
3769.57 5.43777330402
3772.29 5.6782793134
3775.01 5.68302734396
3777.72 5.90691524639
3780.44 6.37697027156
3783.16 6.56287392954
3785.88 6.64304259933
3788.6 6.07912266237
3791.32 5.5831360857
3794.04 5.53474269732
3796.76 5.4355819053
3799.48 5.39485841244
3802.2 5.77762272199
3804.92 6.01356331737
3807.63 6.45257352736
3810.35 6.80411040516
3813.07 6.6313551395
3815.79 6.66477396996
3818.51 6.53036818188
3821.23 6.7716046575
3823.95 6.25918259043
3826.67 6.0020584741
3829.39 5.48744500831
3832.11 5.10358499941
3834.83 5.18521460168
3837.54 5.28108829563
3840.26 5.82181592948
3842.98 6.38098783588
3845.7 6.43029430705
3848.42 6.9746742721
3851.14 6.79607527653
3853.86 6.78146595173
3856.58 7.10067969843
3859.3 7.35908213068
3862.02 7.59301394391
3864.74 8.19327457629
3867.45 8.19126579413
3870.17 8.08516557283
3872.89 7.0438859483
3875.61 6.72284603601
3878.33 6.37660503844
3881.05 6.00863267025
3883.77 6.32291576984
3886.49 6.20293668998
3889.21 6.28858385657
3891.93 6.06926136814
3894.65 5.92809876734
3897.36 6.05446942679
3900.08 6.40454537211
3902.8 6.62149384526
3905.52 6.60231910648
3908.24 6.90217549782
3910.96 6.97668305426
3913.68 6.9505688862
3916.4 6.68047899411
3919.12 6.72467220161
3921.84 6.6304420567
3924.56 6.58953594728
3927.27 6.43449448793
3929.99 6.14267322522
3932.71 6.20384977278
3935.43 6.21078920206
3938.15 6.48087909415
3940.87 6.63829456878
3943.59 6.99786657521
3946.31 6.72996808184
3949.03 6.63445962102
3951.75 6.68979243867
3954.47 6.6267897255
3957.18 6.56652626074
3959.9 5.98781438243
3962.62 5.92590736862
3965.34 6.19818865943
3968.06 6.08222714389
3970.78 5.80793707093
3973.5 5.9706484258
3976.22 5.95074322077
3978.94 6.07291369934
3981.66 6.44417316561
3984.38 6.59611014344
3987.09 6.91477604046
3989.81 6.92116762005
3992.53 6.78877061413
3995.25 7.0088235688
3997.97 7.23654641899
4000.69 7.08771392268
4003.41 7.50097519772
4006.13 7.62716324061
4008.85 7.4082059853
4011.57 7.12825479898
4014.29 7.34575112181
4017.0 7.30447977928
4019.72 7.31087135887
4022.44 7.24951219475
4025.16 7.22997222284
4027.88 7.02361551016
4030.6 7.34775990397
4033.32 7.33662029382
4036.04 7.26905216666
4038.76 7.32201096903
4041.48 7.48472232389
4044.2 7.34173355749
4046.91 7.48654848949
4049.63 7.31854125439
4052.35 7.30776687735
4055.07 7.33205487982
4057.79 7.50079258116
4060.51 7.43377230368
4063.23 7.07529599661
4065.95 7.39341404394
4068.67 7.42811119033
4071.39 7.27124356537
4074.11 7.10195801435
4076.82 6.78566613261
4079.54 7.00845833568
4082.26 6.56561317794
4084.98 6.64413829869
4087.7 6.46882640119
4090.42 6.2807313445
4093.14 6.31835035584
4095.86 6.35249965254
4098.58 7.0926445698
4101.3 7.1950924599
4104.02 6.90254073094
4106.73 6.41897208034
4109.45 6.15162143665
4112.17 5.96736132772
4114.89 6.31999390488
4117.61 6.34683853918
4120.33 6.74238600792
4123.05 6.77963978613
4125.77 6.90838446086
4128.49 6.85104286105
4131.21 6.73215948056
4133.93 6.72156772009
4136.64 6.79187509565
4139.36 6.93194199709
4142.08 6.79680574277
4144.8 6.60925853575
4147.52 6.82748532483
4150.24 6.63098990638
4152.96 6.80776273636
4155.68 6.98216155106
4158.4 6.88592262399
4161.12 6.802101623
4163.84 6.76156074671
4166.55 6.73855106016
4169.27 6.83241597194
4171.99 6.73617704488
4174.71 6.72448958505
4177.43 6.62624187582
4180.15 6.82054589555
4182.87 6.75589963335
4185.59 6.62642449238
4188.31 6.78438781669
4191.03 6.72448958505
4193.75 6.741107692
4196.46 6.37934428684
4199.18 6.68230515971
4201.9 6.69070552147
4204.62 6.55502141746
4207.34 6.78347473389
4210.06 6.82565915923
4212.78 6.85542565849
4215.5 6.44362531593
4218.22 6.39669286003
4220.94 6.56798719322
4223.66 6.44380793249
4226.37 6.73690751112
4229.09 6.61291086695
4231.81 6.57310045689
4234.53 6.36546542829
4237.25 6.52580276788
4239.97 6.57017859193
4242.69 6.7042191469
4245.41 6.45951295664
4248.13 6.55976944802
4250.85 6.69399261954
4253.57 6.53712499459
4256.28 6.60560620455
4259.0 6.58588361609
4261.72 6.70403653034
4264.44 6.79552742685
4267.16 6.74768188815
4269.88 6.53146388124
4272.6 6.62258954462
4275.32 6.4883663731
4278.04 6.61418918287
4280.76 6.53420312963
4283.48 6.47485274767
4286.19 6.51831548892
4288.91 6.37477887285
4291.63 6.43723373633
4294.35 6.21973741349
4297.07 6.25078222868
4299.79 6.1746311232
4302.51 6.07839219613
4305.23 6.27214836618
4307.95 6.00954575305
4310.67 6.32291576984
4313.39 6.15417806849
4316.1 6.11455027499
4318.82 6.12495941891
4321.54 6.17243972448
4324.26 6.02342461161
4326.98 5.8167026658
4329.7 5.7798141207
4332.42 6.13902089402
4335.14 7.16423026128
4337.86 8.8348065512
4340.58 9.69712194703
4343.3 8.42209312584
4346.01 6.63957288469
4348.73 5.67407913253
4351.45 5.82565087724
4354.17 5.85833924146
4356.89 6.08368807637
4359.61 6.44654718088
4362.33 6.44563409809
4365.05 6.50060168261
4367.77 6.38573586644
4370.49 6.44307746625
4373.21 6.1691526264
4375.92 6.21042396894
4378.64 6.35962169837
4381.36 6.15162143665
4384.08 5.84884318035
4386.8 6.01009360273
4389.52 6.15527376785
4392.24 6.32419408575
4394.96 6.2005626747
4397.68 6.32145483736
4400.4 6.35140395318
4403.12 6.06086100638
4405.83 6.26228707195
4408.55 6.37605718876
4411.27 6.41075433515
4413.99 6.3932231454
4416.71 6.32839426663
4419.43 6.28547937506
4422.15 6.38555324988
4424.87 6.30191486545
4427.59 6.43157262297
4430.31 6.40052780779
4433.03 6.3212722208
4435.74 6.37423102317
4438.46 6.38610109956
4441.18 6.33770771119
4443.9 6.38372708428
4446.62 6.526168001
4449.34 6.28858385657
4452.06 6.19234492951
4454.78 6.1432210749
4457.5 6.24219925036
4460.22 6.19106661359
4462.94 6.29004478905
4465.65 6.41605021538
4468.37 6.43394663825
4471.09 6.58935333072
4473.81 6.59976247464
4476.53 6.4191546969
4479.25 6.28639245786
4481.97 6.25589549235
4484.69 6.39340576196
4487.41 6.32382885263
4490.13 6.12148970427
4492.85 6.39121436324
4495.56 6.51813287236
4498.28 6.42792029178
4501.0 6.53055079844
4503.72 6.57583970529
4506.44 6.44106868409
4509.16 6.36564804485
4511.88 6.32163745392
4514.6 6.37167439133
4517.32 6.39176221292
4520.04 6.39030128044
4522.76 6.20403238934
4525.47 6.03219020648
4528.19 6.08569685853
4530.91 6.01137191865
4533.63 6.00881528681
4536.35 6.08916657317
4539.07 6.19672772695
4541.79 6.27744424642
4544.51 6.32565501823
4547.23 6.29168833809
4549.95 6.15143882009
4552.67 6.1331771641
4555.38 6.09848001772
4558.1 6.23179010645
4560.82 6.26593940315
4563.54 6.15436068505
4566.26 6.09774955148
4568.98 6.15618685065
4571.7 6.19636249383
4574.42 6.20366715622
4577.14 6.29278403745
4579.86 6.27872256234
4582.58 6.11071532724
4585.29 6.10578468012
4588.01 6.21772863134
4590.73 6.17700513848
4593.45 6.24712989748
4596.17 6.17499635632
4598.89 6.19417109511
4601.61 6.22959870773
4604.33 6.30173224889
4607.05 6.21078920206
4609.77 6.30775859536
4612.49 6.25479979299
4615.2 6.16696122768
4617.92 6.24073831788
4620.64 6.26977435091
4623.36 6.2096935027
4626.08 6.3435514411
4628.8 6.27287883242
4631.52 6.17700513848
4634.24 6.08752302413
4636.96 6.16130011433
4639.68 6.19983220847
4642.4 6.17426589008
4645.11 6.11582859091
4647.83 6.08642732477
4650.55 6.15709993345
4653.27 6.31597634056
4655.99 6.23142487333
4658.71 6.17864868752
4661.43 6.14011659338
4664.15 6.14997788761
4666.87 5.97977925379
4669.59 5.94763873925
4672.31 6.05300849431
4675.02 6.0298161912
4677.74 6.0011453913
4680.46 6.01502424985
4683.18 6.18065746968
4685.9 6.096288619
4688.62 6.15454330161
4691.34 6.23233795613
4694.06 6.10961962788
4696.78 5.93668174566
4699.5 5.93850791125
4702.22 6.01977228041
4704.93 6.05410419367
4707.65 6.01137191865
4710.37 5.98032710347
4713.09 5.9346729635
4715.81 5.78657093342
4718.53 5.89340162096
4721.25 6.04205150072
4723.97 6.12970744947
4726.69 5.9246290527
4729.41 5.93120324886
4732.13 5.97484860667
4734.84 5.79223204678
4737.56 5.90563693047
4740.28 5.93394249726
4743.0 5.95585648444
4745.72 6.09117535533
4748.44 6.04223411728
4751.16 5.95403031885
4753.88 5.99621474418
4756.6 6.0676178191
4759.32 6.0630524051
4762.04 5.80081502509
4764.75 5.85706092554
4767.47 5.93120324886
4770.19 6.07620079742
4772.91 6.09610600244
4775.63 6.05045186247
4778.35 6.0416862676
4781.07 5.8959582528
4783.79 5.97302244107
4786.51 5.91367205911
4789.23 5.88408817641
4791.95 5.85578260962
4794.66 5.8276596594
4797.38 5.87678351401
4800.1 6.03273805616
4802.82 5.85231289498
4805.54 5.86619175354
4808.26 5.86564390386
4810.98 5.95074322077
4813.7 5.79752792701
4816.42 5.85614784274
4819.14 5.8313119906
4821.86 5.74694313992
4824.57 5.78638831686
4827.29 5.69836713499
4830.01 5.60669362192
4832.73 5.61436351744
4835.45 5.56085686539
4838.17 5.52999466677
4840.89 5.50735021334
4843.61 5.39431056276
4846.33 5.26410495556
4849.05 5.59007551497
4851.77 5.73507306353
4854.48 7.54735980394
4857.2 11.8304485997
4859.92 15.5483391427
4862.64 14.8326648444
4865.36 10.5890212256
4868.08 6.88610524055
4870.8 5.44799983137
4873.52 5.28711464211
4876.24 5.34317792599
4878.96 5.40471970668
4881.68 5.38444926853
4884.39 5.37787507237
4887.11 5.55683930107
4889.83 5.64486048294
4892.55 5.62459004479
4895.27 5.65435654406
4897.99 5.50497619806
4900.71 5.49054948983
4903.43 5.72722055145
4906.15 5.73087288265
4908.87 5.4779489472
4911.59 5.58934504873
4914.3 5.66348737205
4917.02 5.50789806302
4919.74 5.58240561946
4922.46 5.52542925277
4925.18 5.52086383877
4927.9 5.55501313547
4930.62 5.5453344578
4933.34 5.56286564755
4936.06 5.58624056722
4938.78 5.33642111328
4941.5 5.47210521728
4944.21 5.83332077275
4946.93 5.7242986865
4949.65 5.99493642826
4952.37 7.35013391925
4955.09 10.1489153162
4957.81 12.2155869246
4960.53 11.5422796682
4963.25 8.7360109923
4965.97 6.59008379696
4968.69 5.82291162884
4971.4 5.6791923962
4974.12 5.80720660469
4976.84 5.48397529367
4979.56 5.44270395114
4982.28 5.59007551497
4985.0 5.55519575203
4987.72 5.47356614976
4990.44 5.69215817195
4993.16 5.49876723503
4995.88 5.85779139178
4998.6 7.74367260583
5001.31 13.5256781252
5004.03 22.3486146001
5006.75 26.0940802435
5009.47 20.5425368227
5012.19 11.823691787
5014.91 7.19436199366
5017.63 5.74712575648
5020.35 5.6541739275
5023.07 5.45767850905
5025.79 5.47119213448
5028.51 5.29843686882
5031.22 5.45110431289
5033.94 5.38152740357
5036.66 5.47940987968
5039.38 5.36710069534
5042.1 5.48580145927
5044.82 5.41092866972
5047.54 5.42535537795
5050.26 5.41805071555
5052.98 5.36326574758
5055.7 5.46242653961
5058.42 5.28437539371
5061.13 5.50716759678
5063.85 5.40070214236
5066.57 5.3736748915
5069.29 5.34354315911
5072.01 5.24273881805
5074.73 5.31268096049
5077.45 5.3745879743
5080.17 5.49127995607
5082.89 5.3008108841
5085.61 5.24292143461
5088.33 5.24620853269
5091.04 5.29186267266
5093.76 5.42097258051
5096.48 5.27104438483
5099.2 5.22027698118
5101.92 5.25862645876
5104.64 5.32564673624
5107.36 5.25150441293
5110.08 5.23671247157
5112.8 5.28455801027
5115.52 5.3745879743
5118.24 5.31505497577
5120.95 5.31140264457
5123.67 5.19452804624
5126.39 5.11381152676
5129.11 4.96826612853
5131.83 5.0084417717
5134.55 5.00186757555
5137.27 5.25643506004
5139.99 5.32290748785
5142.71 5.17279667561
5145.43 5.1291513178
5148.15 5.0849581103
5150.86 5.14010831139
5153.58 5.20913737103
5156.3 5.23981695309
5159.02 5.10614163125
5161.74 5.06888785303
5164.46 5.09646295357
5167.18 4.84810443212
5169.9 4.74145636114
5172.62 4.88645390969
5175.34 5.07290541735
5178.06 4.92169890575
5180.77 4.98086667116
5183.49 4.88061017978
5186.21 4.99328459723
5188.93 4.94160411078
5191.65 5.11162012805
5194.37 5.08550595998
5197.09 5.32345533753
5199.81 5.38353618573
5202.53 5.21845081558
5205.25 5.0102679373
5207.97 5.03108622513
5210.68 4.99291936411
5213.4 5.06633122119
5216.12 5.1163681586
5218.84 5.03638210537
5221.56 5.15836996738
5224.28 5.04423461744
5227.0 4.84006930348
5229.72 5.02980790921
5232.44 5.09536725422
5235.16 5.14485634195
5237.88 5.15289147058
5240.59 5.01063317042
5243.31 5.1181943242
5246.03 5.13335149867
5248.75 5.21352016847
5251.47 5.15252623746
5254.19 5.10048051789
5256.91 5.08276671158
5259.63 5.02049446466
5262.35 4.92206413887
5265.07 4.83623435572
5267.79 4.90489818224
5270.5 5.12896870124
5273.22 5.10121098413
5275.94 5.03985182001
5278.66 5.06852261991
5281.38 5.058113476
5284.1 5.19799776088
5286.82 5.11837694076
5289.54 5.1992760768
5292.26 5.21991174806
5294.98 5.14376064259
5297.7 5.11746385796
5300.41 5.19872822712
5303.13 5.02706866081
5305.85 5.18137965393
5308.57 5.25460889444
5311.29 5.27140961795
5314.01 5.05281759576
5316.73 5.10687209749
5319.45 5.05391329512
5322.17 4.94269981014
5324.89 5.03419070665
5327.61 4.86271375691
5330.32 4.97648387372
5333.04 5.05062619704
5335.76 5.05300021232
5338.48 5.06085272439
5341.2 5.02962529265
5343.92 5.01702475002
5346.64 4.99839786091
5349.36 5.05409591168
5352.08 5.053548062
5354.8 5.0794796135
5357.52 5.05884394224
5360.23 5.13663859675
5362.95 5.03820827097
5365.67 5.00131972587
5368.39 4.99474552971
5371.11 5.04825218176
5373.83 5.00004140995
5376.55 5.01738998314
5379.27 4.95164802158
5381.99 4.90380248288
5384.71 5.10011528477
5387.43 4.9078200472
5390.14 4.88974100777
5392.86 4.87074888554
5395.58 4.91019406248
5398.3 4.87969709698
5401.02 4.76464866424
5403.74 4.87805354794
5406.46 4.89028885745
5409.18 4.78272770367
5411.9 4.97118799349
5414.62 4.96516164701
5417.34 4.82217288061
5420.05 4.76994454448
5422.77 4.91001144592
5425.49 4.97757957308
5428.21 4.91001144592
5430.93 4.89887183577
5433.65 5.03236454105
5436.37 4.9059938816
5439.09 4.92991665095
5441.81 4.96479641389
5444.53 4.95931791709
5447.25 4.80245029214
5449.96 4.6614703079
5452.68 4.85394816203
5455.4 4.89594997081
5458.12 4.71881190771
5460.84 4.84883489836
5463.56 4.85358292891
5466.28 4.93667346367
5469.0 5.06468767215
5471.72 4.91658564208
5474.44 4.95603081901
5477.16 4.84390425124
5479.87 4.86527038875
5482.59 4.9169508752
5485.31 4.92772525223
5488.03 4.82710352773
5490.75 5.00113710931
5493.47 4.71424649371
5496.19 4.82418166277
5498.91 4.88481036066
5501.63 4.71954237395
5504.35 4.65398302895
5507.07 4.7998936603
5509.78 4.84262593532
5512.5 4.53765628029
5515.22 4.91037667904
5517.94 4.71114201219
5520.66 4.78528433551
5523.38 4.80281552526
5526.1 4.74930887321
5528.82 4.65562657799
5531.54 4.58696275146
5534.26 4.90033276825
5536.98 4.77779705656
5539.69 4.86527038875
5542.41 4.86125282443
5545.13 4.8090244883
5547.85 4.85157414675
5550.57 5.00223280867
5553.29 4.93521253119
5556.01 4.90142846761
5558.73 4.80153720934
5561.45 4.72374255483
5564.17 4.82235549717
5566.89 4.81906839909
5569.6 4.75917016745
5572.32 4.81340728574
5575.04 4.89156717337
5577.76 4.90234155041
5580.48 4.88663652625
5583.2 4.72063807331
5585.92 4.68740185941
5588.64 4.71187247843
5591.36 4.64996546463
5594.08 4.78857143359
5596.8 4.77104024384
5599.51 4.8117637367
5602.23 4.8700184193
5604.95 4.95840483429
5607.67 4.89887183577
5610.39 4.85723526011
5613.11 4.78382340303
5615.83 4.71223771155
5618.55 4.79934581062
5621.27 4.8367822054
5623.99 4.72538610387
5626.71 4.47666234929
5629.42 4.75551783625
5632.14 4.75223073817
5634.86 4.71260294467
5637.58 4.73104721722
5640.3 4.8349560398
5643.02 4.72173377267
5645.74 4.75588306937
5648.46 4.64193033599
5651.18 4.62841671056
5653.9 4.77980583871
5656.62 4.77743182344
5659.33 4.68009719701
5662.05 4.65361779583
5664.77 4.62239036408
5667.49 4.64156510287
5670.21 4.6687749703
5672.93 4.67187945182
5675.65 4.80957233798
5678.37 4.84372163468
5681.09 4.82655567805
5683.81 4.81833793285
5686.53 4.71954237395
5689.24 4.82253811373
5691.96 4.67534916645
5694.68 4.62092943161
5697.4 4.64795668247
5700.12 4.62074681505
5702.84 4.62932979336
5705.56 4.54386524333
5708.28 4.553543921
5711.0 4.56979679483
5713.72 4.49054120784
5716.44 4.68429737789
5719.15 4.65215686335
5721.87 4.63535613984
5724.59 4.67133160214
5727.31 4.60595487369
5730.03 4.7084027638
5732.75 4.61161598705
5735.47 4.70895061348
5738.19 4.72776011914
5740.91 4.64046940351
5743.63 4.62750362776
5746.35 4.7279427357
5749.06 4.6023025425
5751.78 4.64558266719
5754.5 4.75990063369
5757.22 4.74565654201
5759.94 4.69068895749
5762.66 4.58550181899
5765.38 4.68447999445
5768.1 4.60723318961
5770.82 4.65580919455
5773.54 4.50405483327
5776.26 4.62257298064
5778.97 4.55883980124
5781.69 4.71442911027
5784.41 4.62512961248
5787.13 4.64704359967
5789.85 4.64083463663
5792.57 4.59298909794
5795.29 4.72392517139
5798.01 4.58513658587
5800.73 4.58458873619
5803.45 4.65288732959
5806.17 4.60376347498
5808.88 4.54386524333
5811.6 4.6706011359
5814.32 4.75752661841
5817.04 4.76976192792
5819.76 4.64759144935
5822.48 4.7712228604
5825.2 4.76610959672
5827.92 4.65434826207
5830.64 4.65124378055
5833.36 4.693793439
5836.08 4.54751757453
5838.79 4.67534916645
5841.51 4.70128071796
5844.23 4.7648312808
5846.95 4.74638700825
5849.67 4.48067991361
5852.39 4.17023176178
5855.11 4.58093640499
5857.83 4.66000937542
5860.55 4.30792464794
5863.27 4.59901544442
5865.99 4.43119082587
5868.7 4.83806052132
5871.42 5.2907669733
5874.14 5.77050067615
5876.86 5.70567179739
5879.58 5.19124094816
5882.3 4.54076076181
5885.02 4.57892762283
5887.74 4.37257091015
5890.46 4.47994944737
5893.18 4.30646371546
5895.9 4.34919599048
5898.61 4.24364361886
5901.33 4.3144988441
5904.05 4.44780893282
5906.77 4.30774203138
5909.49 4.33111695105
5912.21 4.37677109102
5914.93 4.53272563318
5917.65 4.42918204371
5920.37 4.53418656565
5923.09 4.29368055627
5925.81 4.24090437046
5928.52 4.2407217539
5931.24 4.33166480073
5933.96 4.39485013045
5936.68 4.34919599048
5939.4 4.36143129999
5942.12 4.49145429064
5944.84 4.48652364352
5947.56 4.47319263465
5950.28 4.36161391655
5953.0 4.39959816101
5955.72 4.38444098654
5958.43 4.36252699935
5961.15 4.30828988106
5963.87 4.3837105203
5966.59 4.4142074858
5969.31 4.55043943949
5972.03 4.50588099887
5974.75 4.33823899689
5977.47 4.29167177411
5980.19 4.37677109102
5982.91 4.25460061245
5985.63 4.19762424577
5988.34 4.25642677805
5991.06 4.39211088206
5993.78 4.3135857613
5996.5 4.22373841383
5999.22 4.32216873962
6001.94 4.35942251783
6004.66 4.30865511418
6007.38 4.37202306047
6010.1 4.28929775883
6012.82 4.28801944292
6015.54 4.3081072645
6018.25 4.38498883622
6020.97 4.43009512651
6023.69 4.44598276723
6026.41 4.39265873174
6029.13 4.30408970019
6031.85 4.35923990127
6034.57 4.31705547594
6037.29 4.35978775095
6040.01 4.47282740153
6042.73 4.42954727683
6045.45 4.30116783523
6048.16 4.28783682636
6050.88 4.2525918303
6053.6 4.23506064055
6056.32 4.27249703532
6059.04 4.30737679826
6061.76 4.33148218417
6064.48 4.29915905307
6067.2 4.35814420192
6069.92 4.38425836998
6072.64 4.40891160557
6075.36 4.28363664548
6078.07 4.27067086973
6080.79 4.18191922162
6083.51 4.23341709151
6086.23 4.27961908116
6088.95 4.30847249762
6091.67 4.32034257402
6094.39 4.27505366716
6097.11 4.31194221226
6099.83 4.29422840595
6102.55 4.2516787475
6105.27 4.19105004961
6107.98 4.32600368737
6110.7 4.22921691063
6113.42 4.10375933398
6116.14 4.20529414128
6118.86 4.23086045967
6121.58 4.10905521422
6124.3 4.13717816444
6127.02 4.18593678593
6129.74 4.18484108657
6132.46 4.18611940249
6135.18 4.07691469968
6137.89 4.01847740051
6140.61 4.21132048776
6143.33 4.1391869466
6146.05 4.07563638376
6148.77 4.067236022
6151.49 4.22136439855
6154.21 4.1318822842
6156.93 4.0403913877
6159.65 3.88991534234
6162.37 4.00733779036
6165.09 4.0413044705
6167.8 4.0690621876
6170.52 4.08056703087
6173.24 4.02048618267
6175.96 4.05554856217
6178.68 4.17534502546
6181.4 4.25971387613
6184.12 4.21223357056
6186.84 4.21533805208
6189.56 4.00916395595
6192.28 4.16146616691
6195.0 4.07581900032
6197.71 3.856861745
6200.43 4.05500071249
6203.15 4.20858123936
6205.87 4.35704850256
6208.59 4.17534502546
6211.31 4.15270057203
6214.03 4.25533107869
6216.75 4.10649858238
6219.47 4.11069876326
6222.19 4.14667422556
6224.91 4.0959068219
6227.62 4.04897436601
6230.34 4.1059507327
6233.06 3.99418939804
6235.78 4.1041245671
6238.5 4.03199102594
6241.22 4.00952918907
6243.94 4.05080053161
6246.66 4.0644967736
6249.38 4.11197707918
6252.1 4.08805430983
6254.82 4.0035028426
6257.53 4.10156793526
6260.25 3.9629619663
6262.97 4.05481809593
6265.69 4.08093226399
6268.41 3.98615426941
6271.13 4.14393497716
6273.85 4.1446654434
6276.57 3.88114974747
6279.29 4.05883566025
6282.01 3.91675997665
6284.73 4.11690772629
6287.44 4.15233533891
6290.16 4.11270754542
6292.88 4.24218268638
6295.6 4.70274165044
6298.32 5.26958345236
6301.04 5.38152740357
6303.76 4.85577432763
6306.48 4.25825294365
6309.2 4.13224751732
6311.92 4.08093226399
6314.64 3.89247197418
6317.35 3.94470031031
6320.07 4.01555553555
6322.79 3.82782571198
6325.51 3.94579600967
6328.23 4.08732384359
6330.95 3.9010549525
6333.67 3.80426817575
6336.39 4.01007703875
6339.11 3.88717609394
6341.83 4.05865304369
6344.55 4.0644967736
6347.26 3.96460551534
6349.98 4.13790863068
6352.7 4.04349586921
6355.42 4.02779084506
6358.14 4.20328535912
6360.86 4.32673415361
6363.58 4.33184741729
6366.3 4.46150517482
6369.02 4.19378929801
6371.74 4.09974176966
6374.46 3.92351678936
6377.17 4.17278839362
6379.89 4.04696558385
6382.61 3.96332719942
6385.33 4.03637382338
6388.05 4.06577508952
6390.77 3.90854223145
6393.49 3.98432810381
6396.21 3.91840352569
6398.93 3.82673001262
6401.65 3.84115672085
6404.37 3.87183630291
6407.08 3.77596260897
6409.8 3.77888447393
6412.52 3.95072665679
6415.24 4.18611940249
6417.96 4.14302189436
6420.68 3.9702666287
6423.4 4.10211578494
6426.12 4.13133443452
6428.84 3.95803131918
6431.56 4.04733081697
6434.28 4.03326934186
6436.99 4.01336413683
6439.71 4.07381021816
6442.43 3.99491986428
6445.15 3.93867396383
6447.87 4.0367390565
6450.59 4.01701646803
6453.31 4.01811216739
6456.03 4.0367390565
6458.75 4.06851433792
6461.47 3.95474422111
6464.19 3.86270547492
6466.9 3.78071063952
6469.62 3.94451769375
6472.34 3.90415943401
6475.06 3.93849134727
6477.78 3.93374331672
6480.5 4.02249496483
6483.22 3.98724996877
6485.94 3.92096015752
6488.66 4.01628600179
6491.38 3.84864399981
6494.1 3.64886148328
6496.81 3.55390087213
6499.53 3.73213463459
6502.25 3.8992287869
6504.97 3.88480207867
6507.69 3.93776088104
6510.41 4.01866001707
6513.13 4.07399283472
6515.85 3.91018578049
6518.57 3.83732177309
6521.29 3.85302679724
6524.01 4.07344498504
6526.72 3.9602227179
6529.44 3.91566427729
6532.16 3.88863702642
6534.88 3.74400471099
6537.6 4.03546074058
6540.32 4.27505366716
6543.04 4.91439424336
6545.76 5.82692919316
6548.48 6.08222714389
6551.2 6.24439064908
6553.92 8.68213910713
6556.63 18.0019752414
6559.35 34.5309653107
6562.07 44.5127864746
6564.79 36.5488782976
6567.51 18.6122797846
6570.23 7.70459266201
6572.95 4.91932489048
6575.67 5.21717249967
6578.39 7.21627598085
6581.11 9.87681664197
6583.82 10.2822254049
6586.54 7.80010112283
6589.26 5.19270188064
6591.98 4.05773996089
6594.7 3.90269850154
6597.42 3.82746047886
6600.14 3.87585386723
6602.86 3.83677392341
6605.58 3.92132539064
6608.3 3.91639474353
6611.02 3.90087233594
6613.73 4.08020179775
6616.45 3.81011190567
6619.17 4.00459854196
6621.89 3.89904617034
6624.61 3.75751833642
6627.33 3.90087233594
6630.05 3.80682480759
6632.77 3.865992573
6635.49 3.86854920483
6638.21 3.77413644337
6640.93 3.89174150794
6643.64 3.70930756461
6646.36 3.9215080072
6649.08 3.71551652764
6651.8 3.70236813533
6654.52 3.6483136336
6657.24 3.6833760131
6659.96 3.76701439753
6662.68 3.75678787018
6665.4 3.76317944977
6668.12 3.75112675682
6670.84 3.71095111364
6673.55 4.00277237636
6676.27 4.30189830147
6678.99 4.14302189436
6681.71 3.96369243254
6684.43 3.87731479971
6687.15 3.81960796678
6689.87 3.88534992834
6692.59 3.77705830833
6695.31 3.70035935317
6698.03 3.78180633888
6700.75 3.7940416484
6703.46 3.89028057546
6706.18 4.14430021028
6708.9 5.22210314678
6711.62 7.43742463488
6714.34 9.6494590249
6717.06 10.0167009268
6719.78 7.80521438651
6722.5 5.77397039079
6725.22 5.97192674172
6727.94 7.5502816689
6730.66 8.21975397747
6733.37 7.07858309468
6736.09 5.11582030892
6738.81 4.05883566025
6741.53 3.80262462671
6744.25 3.74236116195
6746.97 3.58056288988
6749.69 3.65707922848
6752.41 3.70255075189
6762.24 3.73962191355
6777.83 3.70583784997
6793.45 3.72355165628
6809.12 3.73249986771
6824.81 3.71588176076
6840.54 3.70784663213
6856.32 3.67424518511
6872.12 3.6159905025
6887.96 3.63315645913
6903.84 3.62530394705
6919.76 3.62585179673
6935.71 3.60119856115
6951.69 3.64338298648
6967.72 3.59389389875
6983.78 3.55335302245
6999.88 3.57015374596
7016.02 3.56248385045
7032.19 3.53837846454
7048.4 3.60466827578
7064.65 3.58038027332
7080.94 3.58074550644
7097.26 3.54020463014
7113.62 3.54075247982
7130.02 3.51682971047
7146.46 3.52541268879
7162.93 3.49363740737
7179.44 3.38315438863
7195.99 3.30663805003
7212.58 3.3300129697
7229.21 3.41584275285
7245.87 3.36945814664
7262.58 3.40908594014
7279.32 3.38607625359
7296.1 3.30937729843
7312.92 3.40251174398
7329.78 3.43446964196
7346.68 3.46679277306
7363.61 3.38059775679
7380.58 3.42807806237
7397.6 3.365988432
7414.65 3.38205868927
7431.74 3.34370921169
7448.88 3.35192695689
7466.05 3.39904202934
7483.26 3.38388485487
7500.51 3.33786548178
7517.8 3.33074343594
7535.13 3.36982337976
7552.5 3.35484882185
7569.91 3.3245344729
7587.36 3.33256960154
7604.85 3.27979341573
7622.38 3.28034126541
7639.96 3.22829554584
7657.57 3.25860989478
7675.22 2.98614598742
7692.91 3.20017259562
7710.65 3.07069745465
7728.42 3.17168441227
7746.24 3.17953692435
7764.09 3.15798817028
7781.99 2.90725563354
7799.93 3.12274317422
7817.91 3.13041306974
7835.93 3.15981433588
7854.0 3.16766684795
7872.1 3.15360537284
7890.25 3.13954389773
7908.44 3.10411628511
7926.67 3.03380890955
7944.94 3.03435675923
7963.26 3.03472199235
7981.62 3.06321017569
8000.01 3.04969655026
8018.46 3.03618292483
8036.94 3.00185101157
8055.47 2.9885200027
8074.04 3.03746124075
8092.65 2.98249365622
8111.31 3.00367717717
8130.0 2.9903461683
8148.74 2.9092644157
8167.53 2.90962964882
8186.36 2.83092191151
8205.23 2.79238981737
8224.15 2.90433376858
8243.1 2.83877442358
8262.11 2.9525445404
8281.15 2.87913268332
8300.24 2.88607211259
8319.38 2.8732889534
8338.56 2.8409658223
8357.78 2.89410724123
8377.04 2.9147429125
8396.35 2.77759787602
8415.71 2.89556817371
8435.11 2.86945400564
8454.55 2.75330987355
8474.05 2.76024930283
8493.58 2.93775259905
8513.16 2.71696917813
8532.79 2.9183952437
8552.46 2.13898776606
8572.17 2.90597731762
8591.93 2.85338374837
8611.74 2.73157850292
8631.59 2.84114843886
8651.49 2.84808786814
8671.43 2.06356712682
8691.42 2.70838619982
8711.46 2.76554518306
8731.54 2.83037406183
8751.67 2.69103762663
8771.84 2.73523083412
8792.06 2.77376292826
8812.33 2.72354337429
8832.65 2.67423690312
8853.0 2.70564695142
8873.42 2.39519879959
8893.87 2.69414210814
8914.37 2.72573477301
8934.92 2.65798402928
8955.52 2.63406125994
8976.16 2.58055460789
8996.86 2.43665275869
9017.6 2.43135687845
9038.38 2.63588742554
9059.22 2.77339769514
9080.1 2.50075117121
9101.03 2.5891375862
9122.01 2.66821055664
9143.05 2.51353433041
9164.12 2.34625756154
9185.24 2.33584841763
9206.42 2.50330780305
9227.64 2.41875633582
9248.91 2.45290563252
9270.23 2.4930812757
9291.61 2.53398738512
9313.03 2.59954673012
9334.49 2.59406823332
9356.01 2.58256339005
9377.58 2.55937108694
9399.2 2.56558004998
9420.87 2.54841409335
9442.58 2.53124813672
9464.35 2.52595225648
9486.17 2.52065637624
9508.04 2.49801192282
9529.95 2.4470619026
9551.92 2.28946381141
9573.94 2.43683537525
9596.01 2.47116728851
9618.13 2.46021029492
9640.31 2.44925330132
9662.53 2.42733931414
9684.8 2.43336566061
9707.13 2.41693017022
9729.51 2.41181690654
9751.93 2.40122514607
9774.41 2.39611188239
9796.95 2.38004162512
9819.53 2.3860679716
9842.17 2.36999771433
9864.86 2.35411007362
9887.6 2.3491794265
9910.39 2.33877028259
9933.23 2.33383963547
9956.13 2.32890898835
9979.09 2.318682461
10025.15 2.2458184536
10071.42 2.20071216331
10117.92 2.24234873896
10164.61 2.22262615049
10235.07 2.20856467538
10282.32 2.19925123083
10306.02 2.17952864236
10497.62 2.10885603368
10692.78 2.02448718301
10891.57 1.91564771331
11094.07 1.89811652356
11300.32 1.82525251616
11510.41 1.77961663784
11697.44 1.71524430048
11887.51 1.65700787953
12108.51 1.60445083359
12305.25 1.56071416749
12505.21 1.51818277069
12708.4 1.47342345186
12885.18 1.42667361253
13094.56 1.39099033673
13307.33 1.34997465737
13492.46 1.32228998689
13711.69 1.28624147797
13902.43 1.25408270177
14095.83 1.22553973346
14291.92 1.19213916466
14490.74 1.1730739958
14692.33 1.14637545475
14896.72 1.12285444183
15103.96 1.0973063851
15314.08 1.08224051891
15491.41 1.07478976327
15706.92 1.04069525153
15888.78 1.00767817751
16109.82 0.998437779575
16296.37 0.987024244581
16485.07 0.949131308403
16714.41 0.925391155616
16907.94 0.891917540188
17103.73 0.869601796568
17301.78 0.82856785556
17502.13 0.8134472044
17704.78 0.787643484487
17909.8 0.764414658068
18117.19 0.730009698184
18284.83 0.715035140272
18496.55 0.692354163533
18710.73 0.659665799312
18883.87 0.647631368015
19102.52 0.631433279152
19279.28 0.611400242531
19502.53 0.585231289498
19682.97 0.573233381513
19910.89 0.557601403986
20095.13 0.544909553073
20281.06 0.525205226261
20515.91 0.514430849227
20705.75 0.498104928772
20897.32 0.483422557356
21090.69 0.471333341091
21285.85 0.458477135275
21482.79 0.447008815313
21681.58 0.428874990915
21882.18 0.422008608263
22084.66 0.41050376499
22289.02 0.398396287069
22495.24 0.388443684555
22703.4 0.378728483568
22913.45 0.352632577159
23125.48 0.349400264049
23285.79 0.320126829497
23501.24 0.309261144184
23718.7 0.309973348767
23883.1 0.288625472915
24104.1 0.28400527395
24327.11 0.282690434719
24495.75 0.268738529543
24722.4 0.268738529543
24893.78 0.253124813672
25124.13 0.251371694697
25298.27 0.247920241715
25473.61 0.242277390014
25709.33 0.240067729639
25887.55 0.232982207115
26127.07 0.229786417317
26308.19 0.223522669313
26490.54 0.221988690209
26674.18 0.215944082077
26920.97 0.213460496862
27107.59 0.209570764137
27295.48 0.205261013323
27484.67 0.200604291046
27675.2 0.196933698192
27931.29 0.194230973105
28124.89 0.189811652356
28319.83 0.186341937718
28516.15 0.182525251616
28713.8 0.17755260269
28912.85 0.175114671615
29113.25 0.171918881817
29315.07 0.168005408939
29518.26 0.164559434453
29722.88 0.161557218209
29928.9 0.158242727647
30067.03 0.154997631377
30275.47 0.151120681811
30485.31 0.148704664723
30696.64 0.145990982643
30909.41 0.143326607034
31123.68 0.14038648042
31267.33 0.138142122899
31484.05 0.135620188207
31702.31 0.133452529641
31922.04 0.131620885545
32069.41 0.130413790084
32291.69 0.130413790084
32515.54 0.13314573382
32665.61 0.14432004112
32892.02 0.178370724878
33120.04 0.176329071739
33272.91 0.137190690622
33503.57 0.121710284839
33735.78 0.114372751463
33891.49 0.109982649363
34126.43 0.106739379259
34283.94 0.104069525153
34521.61 0.101700988372
34680.94 0.0996155072576
34921.32 0.0975720279524
35082.54 0.0957915164934
35325.7 0.0938265623089
35488.74 0.0921136189771
35734.76 0.0902253637478
35899.69 0.0887826929246
36065.39 0.0871610578727
36315.4 0.085570467636
36483.01 0.0838155224954
36735.93 0.0824751169458
36905.48 0.0807840876011
37075.81 0.0794929885227
37332.83 0.0782219772658
37505.14 0.0762643277437
37678.24 0.0757402182168
37939.44 0.0745294704247
38114.55 0.0731689770535
38290.46 0.0719984049046
38467.23 0.0710104493155
38733.86 0.0697138717403
38912.63 0.0685999107249
39092.27 0.067347161124
39272.7 0.0665765192412
39544.95 0.0653621191179
39727.47 0.0644654718088
39910.83 0.0632875949975
40095.04 0.0622758992557
40280.13 0.0614212537554
40466.05 0.0603018142432
40746.52 0.0597484860667
40934.63 0.0589285377128
41123.57 0.0581195463525
41313.37 0.0571900280626
41504.1 0.0564066030206
41695.65 0.0553766456228
41888.1 0.05474296616
42081.48 0.0539905859332
42275.7 0.0533733419608
42470.82 0.0526410495556
42666.89 0.051919714144
42863.82 0.0501556381754
43061.65 0.0485650479387
43260.41 0.0485650479387
43460.12 0.0469160204029
43660.71 0.0459536311322
43862.22 0.0454276954397
44064.71 0.0438864116742
44268.09 0.0436837072927
44472.41 0.0429861120339
44677.72 0.0417187531082
44883.93 0.0419105004961
45091.09 0.0411453371101
45299.2 0.0402085141579
45508.33 0.0402085141579
45718.37 0.0398396287069
45929.38 0.0388443684555
46141.42 0.0390233326842
46247.78 0.0384882661637
46461.23 0.0380481602543
46675.67 0.0378728483568
46891.15 0.0376117066762
47107.58 0.0371807315948
47325.0 0.037266561378
47543.48 0.0368410647934
47653.07 0.0365872277751
47873.01 0.0362512133049
48093.97 0.035836673714
48315.99 0.0360010286179
48538.99 0.0355901413581
48650.88 0.0352632577159
48875.43 0.0351007289776
49101.06 0.0347793238322
49327.69 0.0346204474251
49555.36 0.0346113165971
49669.64 0.0347537575138
49898.89 0.0349564618953
50129.19 0.0353216950151
50244.74 0.0353801323142
50476.7 0.0354970069126
50709.68 0.0358585877012
50826.56 0.0359973762867
50943.72 0.0362183423242
51061.15 0.0362731272921
51178.91 0.0363279122601
51296.88 0.03646487468
51415.12 0.0366018370999
51533.64 0.036824629303
51652.42 0.0371314251236
51771.49 0.0373542173267
51890.82 0.0374053499635
52010.49 0.0375404862178
52130.38 0.0376774486377
52250.55 0.037812584892
52370.99 0.0380353770951
52491.71 0.0382581692982
52612.7 0.0385722697812
52734.04 0.0388863702642
52855.59 0.0389320244042
52977.43 0.0389776785442
53099.55 0.0392022969129
53221.95 0.0395200497271
53344.63 0.0397464942613
53467.59 0.0399729387956
53590.89 0.0402925177754
53714.43 0.0405226146409
53838.24 0.0407508853408
53962.34 0.0410741166518
54086.73 0.0413060396829
54211.4 0.0416329233251
54336.36 0.0417680595794
54461.67 0.0421953823295
54587.21 0.042525918303
54713.04 0.0428601066076
54839.15 0.0430956819698
54965.56 0.043532135548
55092.26 0.0438718023494
55219.31 0.0443155605899
55346.6 0.0448652364352
55474.18 0.0451081164599
55602.05 0.0454569140893
55730.22 0.0461252906985
55858.68 0.0464795668247
55987.44 0.0469434128868
56116.55 0.0475223073817
56245.91 0.0479952842718
56375.56 0.0485851357603
56505.5 0.0491804657456
56635.75 0.0498963226604
56766.3 0.050508088136
56897.22 0.0511235059429
57028.37 0.0518667553416
57159.82 0.0527414886635
57291.58 0.0535066520495
57423.64 0.0544069516898
57556.01 0.0553200344893
57688.68 0.0563792105367
57821.72 0.0574584744056
57955.0 0.0585559999306
58088.59 0.0598105756971
58222.49 0.0610925439476
58356.69 0.0625443455987
58491.21 0.0641787638098
58626.04 0.0658533576641
58761.24 0.0677270035686
58896.69 0.0694929057028
59191.77 0.0710743651115
59498.13 0.0710524511243
59804.51 0.0943981521414
60110.88 0.104529718884
60417.25 0.107351144735
60723.63 0.103947172058
61029.99 0.131031034056
61336.36 0.159438866114
61642.73 0.235301437426
61949.1 0.300349456061
62255.47 0.299418111605
62561.84 0.25568144551
62868.22 0.21674759494
63174.59 0.175903575154
63480.96 0.142625359444
63787.32 0.128965640764
64093.7 0.105402626041
64400.07 0.0998529087855
64706.44 0.0783132855458
65012.82 0.0894875928458
65319.18 0.075070015442
65625.55 0.0674402955696
65931.93 0.080042664368
66238.29 0.0773527224407
66544.66 0.0884685924416
66851.04 0.0728475719081
67157.41 0.0777690881973
67463.78 0.0813702867584
67770.15 0.082378330169
68076.52 0.0771792367088
68382.9 0.0850280964531
68689.26 0.0828494808936
68995.63 0.0907330377843
69302.0 0.0914014143935
69608.37 0.0927874740831
69914.75 0.112334750654
70221.12 0.0942045785879
70527.49 0.097824038805
70833.86 0.100314928682
71140.22 0.107279924276
71446.61 0.0987225122797
71752.97 0.108001259688
72059.34 0.109033043251
72365.72 0.126434575244
72672.08 0.121984209679
72978.45 0.124219436372
73284.83 0.147198078104
73591.2 0.151385475822
73897.57 0.171416686277
74203.93 0.17612088886
74490.26 0.190523856939
74510.31 0.189464680892
74816.69 0.201206925693
75104.21 0.234899680994
75123.05 0.221148654034
75718.17 0.269870752214
76332.13 0.271313423037
76946.1 0.241820848614
77560.06 0.234844896026
78174.03 0.226608889175
78787.99 0.220509496074
79401.94 0.182015751414
80015.92 0.14384706423
80629.88 0.118479797895
81243.83 0.112221528387
81857.8 0.105422713862
82471.76 0.102856951196
83085.73 0.107729161014
83699.69 0.10197126088
84313.66 0.110371622635
84927.61 0.120484927723
85541.59 0.13427430416
86155.54 0.132006206486
86769.5 0.117857075426
87383.47 0.0933681947436
87997.43 0.0770094033081
88611.38 0.060407731848
89225.35 0.0595129107045
89839.31 0.0638993604732
90453.28 0.0531122002801
91067.24 0.0415142225611
91681.21 0.0380298985983
92295.17 0.0386982752075
92909.13 0.0352449960599
93523.09 0.0358951110131
94137.05 0.0346807108898
94751.02 0.0331613411115
95364.98 0.0338826765231
95978.93 0.0359864192931
96592.91 0.0427359273468
97206.87 0.03782171572
97820.83 0.0355645750397
98434.8 0.0335503143841
99048.72 0.0333056081938
99662.73 0.0295236192384
100276.65 0.03155614155
100890.68 0.03295863673
101504.6 0.0304184403819
102118.61 0.0291090796474
102732.54 0.0281302548864
103346.46 0.0307690641769
103960.47 0.0320419015993
104574.39 0.0431395099442
105188.42 0.0513225579931
105802.34 0.0463773015512
106416.26 0.0427797553212
107030.28 0.0414210881156
107644.21 0.0378052802296
108258.22 0.0401464245275
108872.14 0.0446077470858
109486.16 0.0530227181658
110100.09 0.0617755298816
110714.0 0.0703804221839
111328.02 0.097942739569
111941.94 0.157357037331
112555.96 0.17866473754
113169.88 0.14583028007
113783.9 0.110495801896
114397.82 0.0843305011943
115011.74 0.0671079334305
115625.77 0.0574511697432
116239.69 0.0548196651151
116853.7 0.0500880700482
117467.62 0.0501428550162
118081.65 0.0488645390969
118695.57 0.0506286150655
119309.49 0.0524164311869
119923.51 0.0515307408714
120537.43 0.0500460682395
121151.45 0.0496680519605
121765.37 0.0476464866424
122379.3 0.0514175186043
122993.31 0.0540198045828
123607.23 0.0548726239175
124221.25 0.0548908855735
124835.18 0.0559117121433
125449.19 0.0577561393983
126063.12 0.0633825556087
126677.04 0.0705813003998
127291.06 0.0828586117216
127904.98 0.114157263922
128519.0 0.0971940116734
129132.92 0.0535924818326
129746.83 0.0413060396829
130360.85 0.038318432763
130974.78 0.0356978851284
131588.8 0.036455743852
132202.71 0.0365507044632
132816.73 0.035431264951
133430.66 0.0324418318655
134044.59 0.0331485579523
134658.61 0.0342844329549
135272.52 0.0374181331227
135886.54 0.0345601839603
136500.47 0.0355773581989
137114.49 0.0342698236301
137728.4 0.0300769474149
138342.32 0.0314502239453
138956.34 0.0320802510769
139570.27 0.0332928250346
140184.28 0.0309133312592
140798.2 0.0320382492681
141412.22 0.0333421315058
142026.15 0.0329513320676
142640.06 0.029101774985
143254.1 0.0279823354728
143782.39 0.0267898493367
144688.97 0.0272007365965
145595.67 0.0287091493812
146502.27 0.0287621081836
147408.85 0.0268628959607
148315.45 0.0261324297211
149222.14 0.0246495832547
150128.74 0.0251061246545
151035.33 0.025882245034
151942.02 0.0269907275526
152848.62 0.0289447247435
153755.2 0.0280645129248
154661.8 0.0477651874064
155568.5 0.0743760725144
156475.1 0.0528620155931
157381.68 0.03440678605
158288.37 0.0306083616041
159194.97 0.0288260239796
160101.56 0.0285758392925
161008.25 0.0307270623681
161914.85 0.0319998997906
162821.44 0.0351062074744
163728.04 0.0380463340887
164634.74 0.0405810519401
165541.31 0.0387128845323
166447.91 0.0364612223488
167354.51 0.0359992024523
168261.21 0.0355937936893
169167.81 0.0382472123046
170074.41 0.0434043039561
170981.1 0.0407782778248
171887.68 0.0379385903184
172794.28 0.0394871787463
173700.98 0.0415982261787
174607.56 0.0394743955871
175514.16 0.0367114070359
176420.75 0.0342259956557
177327.44 0.0370163766909
178234.04 0.0341511228661
179140.62 0.035495180747
180047.32 0.0324272225407
180953.92 0.0343008684452
181860.5 0.0321697331913
182767.19 0.031205517755
183673.79 0.0344652233492
184580.39 0.0330846421563
185486.98 0.033632491836
186393.67 0.0580501520597
187300.27 0.0698782266442
188206.86 0.0450222866767
189113.56 0.0389155889138
190020.16 0.0363133029353
190926.73 0.034702624877
191833.33 0.0341273827133
192740.04 0.0353454351678
193646.63 0.0353070856903
194553.23 0.0339703324718
195459.92 0.0342460834773
196366.5 0.03782171572
197273.1 0.0374930059122
198179.7 0.0371003803084
199086.4 0.0382435599734
199992.98 0.0370583784997
200899.58 0.0339666801406
201806.27 0.0328344574693
203241.95 0.0336708413136
204977.21 0.0370474215061
206713.47 0.0362019068338
208450.74 0.0355937936893
210188.87 0.0370620308309
211927.9 0.0397556250893
213667.91 0.0369634178885
215408.84 0.0385028754884
217150.73 0.0421351188648
218893.62 0.0394890049119
220637.39 0.0371606437732
222382.16 0.0375313553898
224127.82 0.0411727295941
225874.45 0.0409937653654
227622.08 0.0387366246851
229370.61 0.0414156096188
231120.13 0.0429148915755
232870.63 0.0415927476819
234622.02 0.0410467241678
236374.5 0.0412366453901
238127.78 0.0417717119106
239882.11 0.0423433017431
241637.47 0.0418045828914
243393.71 0.0399601556364
245150.92 0.0405938350993
246909.14 0.0429641980467
248668.23 0.043413434784
250428.43 0.042047462916
252189.52 0.0410357671742
253951.69 0.0419945041137
255714.72 0.0424145222014
257478.79 0.0451957724086
259243.82 0.0462129466473
261009.84 0.044529221965
262776.85 0.0440270264253
264544.87 0.0440489404125
266313.86 0.0444050427043
268083.83 0.0451409874407
269854.79 0.0449693278744
271626.74 0.0449218475688
273399.8 0.0446077470858
275173.73 0.0441840766668
276948.65 0.0454952635669
278724.65 0.0432947340201
280501.66 0.0456559661396
282279.55 0.0464412173471
284058.51 0.0451482921031
285838.49 0.0458331042027
287619.56 0.0462494699592
289401.58 0.0468393214477
291184.53 0.0472410778795
292968.63 0.046355387564
294753.65 0.0474291729362
296539.72 0.046956196046
298326.81 0.0464704359967
300114.89 0.0483696482196
301904.05 0.0471990760707
303694.2 0.049547525031
305485.34 0.0489448903833
307277.56 0.0498762348388
309070.89 0.0487020103586
310865.18 0.0485102629707
312660.49 0.0500917223794
314456.76 0.0502725127737
316254.23 0.0490106323449
318052.6 0.0516311799794
319852.11 0.0500442420739
321652.55 0.0496717042917
323454.16 0.0491384639368
325256.79 0.0501629428378
327060.35 0.0520913737103
328865.06 0.054096503538
330670.84 0.0531176787769
332477.68 0.0621973741349
334285.56 0.0796628219234
336094.47 0.0663482485414
337904.39 0.0554588230748
339715.43 0.052998978013
341527.64 0.0547046166824
343340.72 0.0532473365344
345155.0 0.0553492531388
