102.0 7.23221999446e-05
103.89 8.30362087286e-05
106.07 9.82358064678e-05
108.04 0.000117832971401
110.05 0.000166060094411
113.92 0.000217396146029
117.92 0.000269311380837
120.95 0.000855589124071
124.91 0.00102392194036
126.94 0.00109210359665
128.11 0.00114621937549
131.1 0.00124814857506
132.01 0.00143306469118
134.15 0.00150753110123
136.96 0.00183349328763
140.15 0.00197820106318
143.08 0.00442855085392
147.09 0.00897980404307
150.87 0.00962201081343
155.09 0.0104055805324
159.07 0.0113049868893
162.03 0.0119197308701
166.18 0.0129201862089
170.06 0.0137805109037
172.82 0.0144966559536
176.84 0.0153909570482
180.13 0.0160792872215
181.8 0.0165678079967
186.03 0.0174689747887
190.81 0.0186746968748
193.91 0.0195109036071
197.97 0.0204298507949
202.11 0.0214913932361
204.92 0.0222466199479
210.18 0.0225564565476
216.07 0.024961211066
220.09 0.0260773269992
223.15 0.0266230619191
226.77 0.027814876567
229.93 0.041905400114
234.2 0.0692255943825
240.21 0.0891801276665
245.81 0.0843847021115
252.11 0.0897980404307
256.8 0.0733274084585
259.77 0.0873510354669
263.99 0.0923137023683
268.9 0.0923137023683
273.9 0.0916781852518
278.99 0.0908384576491
284.18 0.091047949441
290.13 0.0867489666197
296.2 0.0871503458512
301.02 0.083803758487
308.03 0.0849709270417
318.12 0.0863511082587
327.79 0.0851663353517
337.75 0.0830362087286
348.01 0.0807722890282
356.94 0.0798480605347
366.09 0.0802177519321
374.62 0.0783904201678
385.12 0.0734964102402
394.99 0.0750350306275
405.13 0.0746899853233
413.61 0.0728221635487
422.27 0.0705124725325
430.12 0.0685918377012
441.15 0.0678066835905
451.43 0.0658068291741
459.82 0.0632806046251
470.53 0.0616979733572
480.39 0.0608512040136
490.45 0.0579781737251
499.56 0.0579781737251
506.51 0.0560100071427
512.38 0.0590555600833
519.51 0.0574465222869
530.38 0.0551139456128
540.25 0.0515543455863
550.29 0.0496900446823
560.52 0.0508466506256
569.63 0.0508466506256
580.22 0.0490087562499
589.65 0.0482236021392
600.61 0.0453171235815
610.37 0.0394707181967
620.28 0.0449016608682
630.36 0.0429792656017
640.61 0.0430796104095
649.52 0.0416166887369
658.55 0.0398351282885
664.65 0.0404829684515
675.45 0.0399266709202
684.84 0.0373476333145
694.37 0.0380430052286
705.65 0.0350960366607
715.47 0.0365818439913
725.42 0.0358318985851
735.51 0.0351770166811
745.75 0.034060900748
754.38 0.0332106105339
764.88 0.0298041683721
775.52 0.031862117151
784.5 0.0302178706501
795.41 0.030356945033
804.62 0.0300787962673
815.81 0.0295295404769
825.26 0.0291246403749
834.82 0.0261371817968
844.48 0.027814876567
854.26 0.0270561289847
864.15 0.0268695228508
874.16 0.0265632071215
884.28 0.0260773269992
894.52 0.0256601038507
904.88 0.0250193054285
915.36 0.0264399766557
925.96 0.0541087370989
934.53 0.0873510354669
945.35 0.131603095737
954.09 0.165297825958
965.14 0.182504319854
974.07 0.0604322204298
985.35 0.158222636785
994.47 0.158951456969
1005.98 0.208101048037
1015.29 0.200108672112
1024.69 0.10145388206
1034.17 0.152849788476
1046.14 0.248467827764
1055.82 0.242253491417
1065.59 0.199193245795
1075.45 0.227131352827
1085.4 0.183349328763
1095.45 0.231884527937
1105.58 0.221955673264
1115.81 0.213928088634
1126.14 0.192433174528
1133.94 0.232412658505
1144.43 0.212942244908
1155.02 0.221445147048
1165.71 0.224525908693
1173.79 0.16153577588
1184.65 0.213928088634
1195.61 0.158222636785
1203.9 0.121693605851
1215.04 0.0815204739992
1226.28 0.150753110123
1234.78 0.209051683059
1246.21 0.225036434909
1254.85 0.215899776087
1263.55 0.19065513495
1275.24 0.232958393425
1284.08 0.240581077952
1295.96 0.196464571195
1304.94 0.193313392141
1313.99 0.231884527937
1326.15 0.221445147048
1335.34 0.198277819477
1344.59 0.228170009611
1353.91 0.220424094617
1366.44 0.199193245795
1375.91 0.205249142971
1385.45 0.206182173641
1395.05 0.177522288165
1404.72 0.181659310946
1414.46 0.189352412883
1424.27 0.191535352563
1434.14 0.190232630495
1440.76 0.197820106318
1447.41 0.199650958953
1454.09 0.193753500947
1464.17 0.180004501834
1474.32 0.178754592824
1484.54 0.180004501834
1494.83 0.181236806492
1505.19 0.171895937184
1512.14 0.154620786314
1515.62 0.16340535809
1526.13 0.158951456969
1536.71 0.139401823787
1543.8 0.148001549865
1554.5 0.140368302726
1565.28 0.143306469118
1576.13 0.151101676297
1583.4 0.156411148938
1594.38 0.158587046877
1605.43 0.154265178398
1616.56 0.153555723002
1624.02 0.145971768049
1635.28 0.153555723002
1646.61 0.154265178398
1654.21 0.14363743094
1665.68 0.154620786314
1673.37 0.138761025365
1677.22 0.154976394229
1684.97 0.159319387931
1696.65 0.149716213775
1704.48 0.143968392763
1716.29 0.13685623445
1724.21 0.13560280457
1736.17 0.14297726773
1744.18 0.139081424576
1756.27 0.146644254306
1764.38 0.1349796105
1776.61 0.137488230697
1784.81 0.139081424576
1793.05 0.146644254306
1805.47 0.144966559536
1813.81 0.134358176865
1826.38 0.136227759075
1834.81 0.130999266454
1843.28 0.120301101587
1856.06 0.120855638684
1864.62 0.124240955623
1873.23 0.13221044589
1886.21 0.122255184688
1894.92 0.117832971401
1903.67 0.12367057461
1916.86 0.119197308701
1925.71 0.115949305709
1934.6 0.117021410762
1943.53 0.123955765116
1957.0 0.116484478018
1966.03 0.126260174827
1975.11 0.128017089182
1984.23 0.122536854324
1993.39 0.119197308701
2007.2 0.12141369665
2016.47 0.117832971401
2025.77 0.120577489918
2035.12 0.116752064172
2044.52 0.121133787449
2053.96 0.114886002833
2063.44 0.115150068117
2072.96 0.123385384103
2077.74 0.128017089182
2087.33 0.13654287698
2096.96 0.128311081865
2106.64 0.128017089182
2116.37 0.131905890596
2126.14 0.129499375642
2135.95 0.121693605851
2145.81 0.130397197607
2155.71 0.132515001184
2165.66 0.125103568883
2175.66 0.124240955623
2185.7 0.130698232031
2195.79 0.133742024536
2205.93 0.130096163184
2216.11 0.117561864376
2226.34 0.120301101587
2236.61 0.13654287698
2246.94 0.130710555077
2257.31 0.116781991571
2262.51 0.115188797692
2272.96 0.119806419289
2283.45 0.134446198626
2293.99 0.121230611387
2304.58 0.129921880096
2315.21 0.119331101778
2325.9 0.0970105435506
2336.64 0.103726603937
2347.42 0.0920373140379
2352.83 0.114549759705
2363.69 0.0935548092025
2374.6 0.101892230432
2385.56 0.085745518541
2396.58 0.0940336475839
2407.64 0.0914862978122
2413.19 0.0962465146627
2424.33 0.119250121758
2435.52 0.117093588606
2446.76 0.130198268427
2452.4 0.132935745203
2463.72 0.122100266388
2475.09 0.113185422405
2486.52 0.0952501083249
2492.25 0.0983784017211
2503.75 0.124445166109
2515.31 0.0881150643549
2526.92 0.0839709998334
2532.74 0.100036731704
2544.43 0.101212702435
2556.18 0.142993111647
2562.07 0.119496582689
2573.9 0.140419355347
2585.78 0.130469375451
2597.71 0.122626636521
2603.7 0.112104515176
2615.72 0.106096149751
2627.79 0.125827107761
2633.85 0.181483267423
2646.01 0.227976361736
2652.11 0.30334059375
2664.35 0.205601230016
2676.65 0.227553857282
2682.82 0.258907208652
2695.2 0.19642936249
2707.64 0.235123728752
2713.88 0.180022106186
2726.41 0.148392366485
2732.69 0.180074919243
2745.31 0.121489395365
2757.98 0.149147593197
2764.34 0.183507767933
2777.1 0.193524644368
2783.5 0.133900463706
2796.35 0.0816331418536
2802.79 0.0918137387642
2815.73 0.174578840468
2822.22 0.233363293527
2835.25 0.21732572862
2841.78 0.162239949971
2854.9 0.112264714782
2868.08 0.212484531749
2874.69 0.286000306777
2887.96 0.264522997022
2894.62 0.323972894596
2907.98 0.433102274241
2928.13 0.37905691281
2948.43 0.348214087655
2968.87 0.359727334031
2989.45 0.365677605095
3010.17 0.361610999723
3031.04 0.390270885198
3052.05 0.406924602434
3073.2 0.448382852001
3087.39 0.434246557138
3108.79 0.510350171947
3130.34 0.468821504972
3152.04 0.472219144957
3166.59 0.521493726926
3188.54 0.451217152714
3210.64 0.497199720811
3232.89 0.422346015012
3247.81 0.596717124123
3270.33 0.698082984422
3293.0 0.68715068167
3308.19 0.637013486441
3323.46 0.595995345681
3331.13 0.628492979948
3338.81 0.569307147658
3346.5 0.649230906907
3354.22 0.633052507183
3361.95 0.478081394259
3369.7 0.596417850135
3377.47 0.568321303932
3385.25 0.580292263467
3393.06 0.651167385656
3400.88 0.715722545384
3408.72 0.645340345059
3416.58 0.579218397979
3424.45 0.727605483158
3432.35 0.767268088795
3440.26 0.660691340227
3448.19 0.528500259125
3456.14 0.642822922686
3464.11 0.548463594585
3472.09 0.708275904379
3480.1 0.553674482853
3488.12 0.644618566616
3496.16 0.594780645375
3504.22 0.747146314164
3512.3 0.684633259297
3520.39 0.754240868124
3528.51 0.496090646619
3536.64 0.705688064598
3544.8 0.761493861254
3552.97 0.77573578223
3561.16 0.701075724306
3569.37 0.531880294758
3577.6 0.619250695013
3585.84 0.438453997327
3594.11 0.610906232043
3602.39 0.837579871711
3610.7 0.612473019394
3619.02 0.75358950709
3627.36 0.811314178143
3635.73 0.598741624633
3644.11 0.908437389548
3652.51 0.66734578538
3660.93 0.984928300107
3669.37 0.923541923785
3677.82 0.953909431429
3686.3 0.860131046953
3694.8 0.958556980425
3703.32 1.01547185127
3711.86 0.654230542949
3720.41 0.858581863955
3728.99 0.821929602554
3737.59 0.442467789642
3746.2 0.749804571355
3754.84 0.639742161041
3763.49 0.682432715265
3772.17 0.708117465209
3780.86 0.893649733652
3789.58 0.826453921085
3798.32 0.687502768715
3798.9 0.896959351876
3800.62 0.902399096724
3802.35 0.907786028515
3804.08 0.949437925956
3805.81 1.05802157068
3807.54 1.06897147779
3809.27 0.844480777796
3811.0 0.881467521889
3812.73 0.937238109842
3814.46 0.837386223836
3816.19 0.663965749747
3817.92 0.692238339473
3819.65 0.710494052764
3821.38 0.652822194768
3823.11 0.688611842908
3824.84 0.660814570693
3826.57 0.664511484667
3828.3 0.606980461489
3830.03 0.49890734298
3831.76 0.496847633766
3833.49 0.516705343112
3835.22 0.510895906867
3836.94 0.531669042531
3838.67 0.730439783872
3840.4 0.745121813654
3842.13 0.659318200751
3843.86 0.655445243254
3845.59 0.789062276889
3847.32 0.732587514847
3849.05 0.66063852717
3850.78 0.810381147473
3852.51 0.68137645413
3854.24 0.572845622462
3855.97 0.594164493046
3857.7 0.652875007825
3859.43 0.775542134356
3861.16 0.726232343682
3862.89 0.696322549196
3864.62 0.684580446241
3866.35 0.700565198091
3868.08 0.722693868878
3869.81 0.664053771508
3871.54 0.633492615989
3873.26 0.650428002861
3874.99 0.612437810689
3876.72 0.656431086981
3878.45 0.620782273659
3880.18 0.633932724796
3881.91 0.719437063711
3883.64 0.825239220779
3885.37 0.894477138208
3887.1 0.714947953885
3888.83 0.776017451867
3890.56 0.973714327719
3892.29 0.850307818394
3894.02 0.897469878092
3895.75 0.979453346555
3897.48 0.838319254506
3899.21 0.800874797254
3900.94 0.959349176277
3902.67 0.937414153364
3904.4 0.898402908761
3906.13 0.8608880341
3907.86 0.905515067073
3909.58 0.988906883718
3911.31 1.05413100883
3913.04 0.895691838514
3914.77 0.797846848666
3916.5 0.837210180314
3918.23 0.848195296123
3919.96 0.755825259827
3921.69 0.702378446373
3923.42 0.681482080243
3925.15 0.60059008162
3926.88 0.646026914797
3928.61 0.494787924552
3930.34 0.395499377819
3932.07 0.444721146731
3933.8 0.414212804269
3935.53 0.498960156037
3937.26 0.64340386631
3938.99 0.680373006051
3940.72 0.969700535404
3942.45 1.0308404508
3944.18 0.864690574188
3945.9 0.84169929014
3947.63 0.881872421991
3949.36 0.942149724121
3951.09 0.870429593024
3952.82 0.880111986766
3954.55 0.919545735823
3956.28 0.821612724214
3958.01 0.752603663364
3959.74 0.662469379805
3961.47 0.504734383577
3963.2 0.48767576624
3964.93 0.483943643561
3966.66 0.471233301231
3968.39 0.523447810027
3970.12 0.659318200751
3971.85 0.890850641643
3973.58 0.955652262303
3975.31 0.901694922633
3977.04 0.93605861824
3978.77 1.10354642562
3980.5 1.1778896052
3982.22 1.14970503724
3983.95 1.16755585043
3985.68 1.18961410381
3987.41 1.19963098024
3989.14 1.14646583642
3990.87 1.15986274849
3992.6 1.24191663436
3994.33 1.30337342809
3996.06 1.27337561185
3997.79 1.24862389257
3999.52 1.2706293329
4001.25 1.29582116098
4002.98 1.27041808067
4004.71 1.25656345544
4006.44 1.28752951106
4008.17 1.32580137287
4009.9 1.35377468861
4011.63 1.39732785609
4013.36 1.42729046364
4015.09 1.45279917006
4016.82 1.50818246226
4018.55 1.45859100195
4020.27 1.36946016647
4022.0 1.39275072451
4023.73 1.44876777339
4025.46 1.40260916177
4027.19 1.28557542796
4028.92 1.2566162685
4030.65 1.24045547313
4032.38 1.26114058703
4034.11 1.35125726624
4035.84 1.40996778101
4037.57 1.38342041781
4039.3 1.35687305461
4041.03 1.39176488078
4042.76 1.3010848623
4044.49 1.29659575248
4046.22 1.36782296171
4047.95 1.35507741068
4049.68 1.37736452063
4051.41 1.38363167004
4053.14 1.32266779817
4054.86 1.313513535
4056.59 1.32742097328
4058.32 1.36083403386
4060.05 1.33958558069
4061.78 1.32916380415
4063.51 1.33949755893
4065.24 1.33030808705
4066.97 1.32740336893
4068.7 1.33141716124
4070.43 1.35412677565
4072.16 1.34150445508
4073.89 1.31486907012
4075.62 1.33374093574
4077.35 1.38312114382
4079.08 1.43875089696
4080.81 1.49122947104
4082.54 1.54291584926
4084.27 1.53488826463
4086.0 1.52207229619
4087.73 1.54678880676
4089.46 1.4792937202
4091.18 1.42366396707
4092.91 1.39653566024
4094.64 1.32840681701
4096.37 1.31138340837
4098.1 1.29268758627
4099.83 1.27024203715
4101.56 1.30699992466
4103.29 1.38750462753
4105.02 1.41009101148
4106.75 1.38465272247
4108.48 1.42016070097
4110.21 1.47712838488
4111.94 1.55772110951
4113.67 1.54272220139
4115.4 1.51543545539
4117.13 1.48846558773
4118.86 1.46945288729
4120.59 1.44926069525
4122.32 1.45132040447
4124.05 1.41114727262
4125.78 1.42794182467
4127.5 1.39914110438
4129.23 1.35870390724
4130.96 1.41197467717
4132.69 1.4402824756
4134.42 1.36527033063
4136.15 1.37570971152
4137.88 1.39914110438
4139.61 1.38352604392
4141.34 1.36877359673
4143.07 1.31069683863
4144.8 1.22802680043
4146.53 1.22612553039
4148.26 1.29707106999
4149.99 1.29465927373
4151.72 1.33198050051
4153.45 1.36789337912
4155.18 1.35849265501
4156.91 1.39465199455
4158.64 1.46568555591
4160.37 1.4336456348
4162.1 1.37923058197
4163.83 1.39114872845
4165.55 1.37072767983
4167.28 1.37822713389
4169.01 1.31152424319
4170.74 1.25753169482
4172.47 1.25504948115
4174.2 1.28745909365
4175.93 1.32370645495
4177.66 1.29738794833
4179.39 1.30796816403
4181.12 1.38993402815
4182.85 1.43915579706
4184.58 1.3813959173
4186.31 1.42024872273
4188.04 1.47894163316
4189.77 1.44197249342
4191.5 1.37023475797
4193.23 1.32025600191
4194.96 1.31909411466
4196.69 1.34803566977
4198.42 1.35983058578
4200.14 1.37972350384
4201.87 1.41961496605
4203.6 1.50529534849
4205.33 1.61113271426
4207.06 1.51488972047
4208.79 1.46778047383
4210.52 1.45174290892
4212.25 1.53117374631
4213.98 1.57189261308
4215.71 1.53890205695
4217.44 1.44232458046
4219.17 1.44478918978
4220.9 1.36275290826
4222.63 1.25047234956
4224.36 1.26839358016
4226.09 1.31016870807
4227.82 1.34956724842
4229.55 1.40583075823
4231.28 1.50885142765
4233.01 1.51747756025
4234.74 1.45741151035
4236.46 1.62148407339
4238.19 1.64813706271
4239.92 1.54039842689
4241.65 1.51737193414
4243.38 1.56435795031
4245.11 1.55441149129
4246.84 1.516315673
4248.57 1.48388845614
4250.3 1.44008882773
4252.03 1.37266415858
4253.76 1.39040934566
4255.49 1.51518899446
4257.22 1.5302935287
4258.95 1.46311532048
4260.68 1.53062801139
4262.41 1.49302511497
4264.14 1.44653202065
4265.87 1.42913892062
4267.6 1.35926724651
4269.33 1.33080100891
4271.06 1.35393312778
4272.79 1.38806796681
4274.51 1.36703076586
4276.24 1.37185435838
4277.97 1.46667139964
4279.7 1.48307865594
4281.43 1.40491533192
4283.16 1.36696034845
4284.89 1.35278884488
4286.62 1.3373322236
4288.35 1.33375854009
4290.08 1.31942859735
4291.81 1.34021933737
4293.54 1.25423968094
4295.27 1.12474206574
4297.0 1.11197891035
4298.73 1.13116765431
4300.46 1.0492017902
4302.19 1.01587675138
4303.92 1.02108763964
4305.65 1.10043045527
4307.38 1.18053025804
4309.1 1.29573313921
4310.83 1.40465126663
4312.56 1.57534306612
4314.29 1.6644739016
4316.02 1.61058697934
4317.75 1.57069551713
4319.48 1.55552056548
4321.21 1.54337356242
4322.94 1.49379970647
4324.67 1.50628119222
4326.4 1.6507953199
4328.13 1.71299149642
4329.86 1.71161835695
4331.59 1.63185303687
4333.32 1.60585140858
4335.05 1.58303616806
4336.78 1.52680786695
4338.51 1.50571785294
4340.24 1.53546920826
4341.97 1.61410784979
4343.7 1.56826611651
4345.42 1.61250585374
4347.15 1.64753851473
4348.88 1.66503724087
4350.61 1.63722236431
4352.34 1.64715121898
4354.07 1.66399858409
4355.8 1.73137044018
4357.53 1.72253305535
4359.26 1.76061126928
4360.99 1.73179294464
4362.72 1.68897915994
4364.45 1.73726789819
4366.18 1.74990782311
4367.91 1.66274867508
4369.64 1.57301929162
4371.37 1.59178553113
4373.1 1.57022019962
4374.83 1.56608317683
4376.56 1.55754506599
4378.29 1.51613962948
4380.02 1.48144145118
4381.75 1.43864527084
4383.47 1.47366032748
4385.2 1.48982112285
4386.93 1.51017175406
4388.66 1.49617629402
4390.39 1.52025904791
4392.12 1.61940675982
4393.85 1.63192345428
4395.58 1.66940312023
4397.31 1.66813560687
4399.04 1.57268480893
4400.77 1.50393981337
4402.5 1.51254834162
4404.23 1.57448045286
4405.96 1.65408733377
4407.69 1.68260638443
4409.42 1.70519276837
4411.15 1.70431255076
4412.88 1.73703904161
4414.61 1.71640674076
4416.34 1.73408151043
4418.06 1.74800655306
4419.79 1.73496172804
4421.52 1.78314484017
4423.25 1.74893958373
4424.98 1.78631362358
4426.71 1.84194337671
4428.44 1.78930636346
4430.17 1.71228732233
4431.9 1.73012053117
4433.63 1.72751508704
4435.36 1.76395609621
4437.09 1.79317932096
4438.82 1.89193973712
4440.55 1.89405225939
4442.28 1.8083190639
4444.01 1.86676551339
4445.74 1.91007221995
4447.47 1.89123556303
4449.2 1.84599237773
4450.93 1.77909583915
4452.66 1.71540329268
4454.38 1.64560203598
4456.11 1.69207752594
4457.84 1.7513865887
4459.57 1.73904593777
4461.3 1.77029366302
4463.03 1.83472559229
4464.76 1.82680363377
4466.49 1.90637530597
4468.22 1.9440486198
4469.95 1.94880179491
4471.68 1.93841522708
4473.41 1.98031358546
4475.14 1.94897783844
4476.87 1.90743156711
4478.6 1.90285443552
4480.33 1.91993065721
4482.06 1.97820106318
4483.79 1.99580541544
4485.52 2.03787981734
4487.25 1.96799053888
4488.98 1.93190161675
4490.71 1.93859127061
4492.43 1.92433174528
4494.16 2.01939524747
4495.89 2.07925004514
4497.62 2.07027182549
4499.35 2.06340612811
4501.08 2.11657127193
4502.81 2.13171101487
4504.54 2.12836618794
4506.27 2.13857671225
4508.0 2.1623425878
4509.73 2.11111392273
4511.46 2.09720648445
4513.19 2.09615022331
4514.92 2.08629178605
4516.65 2.12854223146
4518.38 2.16533532768
4520.11 2.07062391254
4521.84 1.97626458444
4523.57 1.91957857017
4525.3 1.89986169564
4527.03 1.81624102241
4528.75 1.78402505778
4530.48 1.92345152766
4532.21 1.9174660479
4533.94 1.9338380955
4535.67 2.04386529711
4537.4 2.02009942156
4539.13 2.05477999551
4540.86 2.03471103393
4542.59 1.99052410977
4544.32 2.04668199347
4546.05 2.03154225053
4547.78 1.93507040015
4549.51 2.00619198327
4551.24 2.06234986698
4552.97 2.12554949158
4554.7 2.12308488226
4556.43 2.09403770104
4558.16 2.09544604922
4559.89 2.10477635592
4561.62 2.19367833482
4563.35 2.28592514065
4565.07 2.22765473467
4566.8 2.17642606961
4568.53 2.13452771123
4570.26 2.10759305228
4571.99 2.18381989755
4573.72 2.21533168809
4575.45 2.18839702914
4577.18 2.07713752287
4578.91 2.03770377382
4580.64 2.11410666261
4582.37 2.11498688023
4584.1 2.14544240963
4585.83 2.15477271633
4587.56 2.08805222127
4589.29 2.08189069798
4591.02 2.06217382345
4592.75 2.05266747323
4594.48 2.08858035184
4596.21 2.05530812607
4597.94 2.03664751268
4599.67 2.10812118285
4601.39 2.18311572346
4603.12 2.20547325083
4604.85 2.21163477412
4606.58 2.20283259799
4608.31 2.28962205462
4610.04 2.39595234226
4611.77 2.31919736641
4613.5 2.26303948271
4615.23 2.26268739567
4616.96 2.31092332085
4618.69 2.33240063061
4620.42 2.26673639669
4622.15 2.22730264763
4623.88 2.2060013814
4625.61 2.19068559493
4627.34 2.17853859188
4629.07 2.22184529843
4630.8 2.26849683191
4632.53 2.2091701648
4634.26 2.12537344806
4635.99 2.13840066873
4637.71 2.06270195402
4639.44 2.02837346712
4641.17 2.05073099449
4642.9 2.03330268575
4644.63 2.0766093923
4646.36 2.11815566363
4648.09 2.07027182549
4649.82 2.05020286392
4651.55 2.11850775068
4653.28 2.14544240963
4655.01 2.12079631647
4656.74 2.10266383365
4658.47 2.09474187513
4660.2 2.11305040148
4661.93 2.06323008459
4663.66 1.97027910467
4665.39 1.95760397104
4667.12 1.95425914411
4668.85 1.97696875853
4670.58 1.98735532636
4672.3 1.99615750249
4674.03 2.05178725562
4675.76 2.04809034165
4677.49 2.03488707745
4679.22 2.06006130118
4680.95 2.01059307134
4682.68 1.98735532636
4684.41 1.99369289317
4686.14 2.03752773029
4687.87 2.09333352695
4689.6 2.06516656334
4691.33 2.03189433757
4693.06 2.03330268575
4694.79 2.05530812607
4696.52 2.02925368473
4698.25 1.94915388196
4699.98 1.93947148822
4701.71 1.98436258647
4703.44 1.98136984659
4705.17 2.01288163713
4706.9 2.03312664223
4708.62 2.05037890744
4710.35 2.08822826479
4712.08 2.10759305228
4713.81 2.14016110395
4715.54 2.21990881968
4717.27 2.24596326102
4719.0 2.16956037222
4720.73 2.14949141065
4722.46 2.18487615869
4724.19 2.14579449668
4725.92 2.08629178605
4727.65 2.08417926378
4729.38 2.08365113321
4731.11 2.1420975827
4732.84 2.17625002608
4734.57 2.12783805737
4736.3 2.15758941269
4738.03 2.19491063948
4739.76 2.2005440322
4741.49 2.23804130251
4743.22 2.26532804851
4744.95 2.2512445667
4746.67 2.19790337936
4748.4 2.19420646539
4750.13 2.17308124268
4751.86 2.13329540657
4753.59 2.16269467484
4755.32 2.18047507062
4757.05 2.11833170716
4758.78 2.08277091559
4760.51 2.09861483263
4762.24 2.06534260686
4763.97 2.01939524747
4765.7 2.0788979581
4767.43 2.15125184588
4769.16 2.11991609886
4770.89 2.15107580235
4772.62 2.15829358678
4774.35 2.13364749362
4776.08 2.13030266669
4777.81 2.09122100468
4779.54 2.12220466465
4781.27 2.13329540657
4782.99 2.0968543974
4784.72 2.11780357659
4786.45 2.16515928416
4788.18 2.17202498154
4789.91 2.15618106451
4791.64 2.17642606961
4793.37 2.20688159901
4795.1 2.19262207368
4796.83 2.22184529843
4798.56 2.20300864151
4800.29 2.15354041167
4802.02 2.16445511007
4803.75 2.17765837426
4805.48 2.14561845315
4807.21 2.14315384384
4808.94 2.16287071837
4810.67 2.18558033278
4812.4 2.22149321138
4814.13 2.2091701648
4815.86 2.21057851298
4817.58 2.22765473467
4819.32 2.22307760309
4821.04 2.20195238038
4822.77 2.18927724675
4824.5 2.14068923452
4826.23 2.15230810701
4827.96 2.10724096523
4829.69 2.11040974864
4831.42 2.11217018386
4833.15 2.08417926378
4834.88 2.08963661298
4836.61 2.11938796829
4838.34 2.18311572346
4840.07 2.16568741473
4841.8 2.11674731545
4843.53 2.10301592069
4845.26 2.11938796829
4846.99 2.09227726581
4848.72 2.07784169696
4850.45 2.05020286392
4852.18 2.03559125154
4853.91 1.9392954447
4855.63 1.85074555284
4857.36 1.820818154
4859.09 1.89686895575
4860.82 1.9392954447
4862.55 1.93876731413
4864.28 1.98665115227
4866.01 2.00513572214
4867.74 1.99351684965
4869.47 2.00724824441
4871.2 2.03946420904
4872.93 1.99827002476
4874.66 2.04280903597
4876.39 2.08523552491
4878.12 2.10372009478
4879.85 2.06287799754
4881.58 2.02784533655
4883.31 1.98893971806
4885.04 1.99527728487
4886.77 2.07097599958
4888.5 2.08382717673
4890.23 2.13329540657
4891.95 2.20459303322
4893.68 2.18786889857
4895.41 2.20072007572
4897.14 2.25582169829
4898.87 2.18329176699
4900.6 2.14297780032
4902.33 2.16903224166
4904.06 2.1443861485
4905.79 2.14579449668
4907.52 2.18399594108
4909.25 2.17448959086
4910.98 2.09174913525
4912.71 2.08241882855
4914.44 2.03506312098
4916.17 1.98753136988
4917.9 1.97767293262
4919.63 2.02749324951
4921.36 2.08171465446
4923.09 2.12132444704
4924.82 2.13153497135
4926.55 2.20142424981
4928.27 2.18293967994
4930.0 2.1498434977
4931.73 2.16216654428
4933.46 2.12537344806
4935.19 2.10266383365
4936.92 2.14297780032
4938.65 2.18117924471
4940.38 2.21198686117
4942.11 2.22466199479
4943.84 2.24772369625
4945.57 2.2824042702
4947.3 2.27589065986
4949.03 2.26744057078
4950.76 2.22677451706
4952.49 2.16956037222
4954.22 2.11727544602
4955.95 2.085939699
4957.68 2.07484895708
4959.41 2.13646418998
4961.14 2.13769649464
4962.87 2.08875639536
4964.59 2.08893243888
4966.32 2.14156945214
4968.05 2.18311572346
4969.78 2.12783805737
4971.51 2.1225567517
4973.24 2.13188705839
4974.97 2.09650231036
4976.7 2.05337164732
4978.43 1.97784897614
4980.16 1.9533789265
4981.89 2.011825376
4983.62 2.06270195402
4985.35 2.07678543583
4987.08 2.11005766159
4988.81 2.08963661298
4990.54 2.08558761196
4992.27 2.10195965956
4994.0 2.07784169696
4995.73 2.04421738415
4997.46 2.0297818153
4999.19 1.97503227978
5000.91 1.98823554397
5002.64 2.00742428793
5004.37 1.98647510875
5006.1 1.9283807463
5007.83 1.90743156711
5009.56 1.87732812475
5011.29 1.83859854978
5013.02 1.88577821383
5014.75 1.9533789265
5016.48 1.99738980715
5018.21 1.98717928284
5019.94 2.01112120191
5021.67 2.05495603903
5023.4 2.03207038109
5025.13 2.02291611792
5026.86 2.03999233961
5028.59 2.02643698837
5030.32 2.01358581122
5032.05 2.03664751268
5033.78 2.02626094485
5035.51 2.00425550453
5037.23 1.98929180511
5038.96 1.95584353582
5040.69 1.97327184455
5042.42 2.02097963917
5044.15 2.0952700057
5045.88 2.10636074762
5047.61 2.07977817571
5049.34 2.0968543974
5051.07 2.10195965956
5052.8 2.09667835388
5054.53 2.12167653408
5056.26 2.14332988736
5057.99 2.14104132157
5059.72 2.11111392273
5061.45 2.085939699
5063.18 2.0570685613
5064.91 2.03189433757
5066.64 2.03717564325
5068.37 2.03629542563
5070.1 2.02995785882
5071.83 2.05213934267
5073.55 2.0149941594
5075.28 1.97538436682
5077.01 1.949505969
5078.74 1.90479091427
5080.47 1.94598509855
5082.2 2.0172827252
5083.93 2.01904316042
5085.66 2.01094515838
5087.39 2.03541520802
5089.12 2.05654043073
5090.85 2.03893607847
5092.58 2.00988889725
5094.31 1.97837710671
5096.04 1.9424642281
5097.77 1.94985805605
5099.5 1.95531540525
5101.23 1.99087619681
5102.96 2.00196693873
5104.69 1.96763845183
5106.42 1.93242974731
5108.15 1.97925732432
5109.87 2.01217746304
5111.6 2.00267111282
5113.33 2.02133172622
5115.06 2.03330268575
5116.79 1.99404498022
5118.52 1.96411758138
5120.25 1.93278183436
5121.98 1.93366205197
5123.71 1.92433174528
5125.44 1.91535352563
5127.17 1.9604206674
5128.9 1.90866387177
5130.63 1.90443882723
5132.36 1.93084535561
5134.09 1.94387257628
5135.82 1.93242974731
5137.55 1.92010670073
5139.28 1.93806314004
5141.01 1.89475643348
5142.74 1.83842250626
5144.47 1.89158765008
5146.19 1.84880907409
5147.92 1.84141524614
5149.65 1.89053138894
5151.38 1.88067295168
5153.11 1.90303047904
5154.84 1.88613030088
5156.57 1.86694155692
5158.3 1.84669655182
5160.03 1.76113939985
5161.76 1.65882290453
5163.49 1.581434172
5165.22 1.51084071945
5166.95 1.48165270341
5168.68 1.48642348287
5170.41 1.51925559983
5172.14 1.56402346762
5173.87 1.50992529313
5175.6 1.569339982
5177.33 1.57861747564
5179.06 1.5844973293
5180.79 1.61828008128
5182.51 1.68596881571
5184.24 1.68959531227
5185.97 1.78138440494
5187.7 1.85127368341
5189.43 1.88894699724
5191.16 1.91183265517
5192.89 1.95197057832
5194.62 1.95918836275
5196.35 1.91676187381
5198.08 1.92890887686
5199.81 1.88595425735
5201.54 1.81747332707
5203.27 1.828564069
5205.0 1.84035898501
5206.73 1.86676551339
5208.46 1.88665843145
5210.19 1.96341340729
5211.92 2.05830086596
5213.65 2.01481811588
5215.38 2.06903952083
5217.11 2.05513208255
5218.84 2.00566385271
5220.56 2.03506312098
5222.29 1.98700323931
5224.02 1.95513936173
5225.75 2.01569833349
5227.48 2.02626094485
5229.21 2.02960577178
5230.94 2.07449687003
5232.67 2.08664387309
5234.4 2.14192153918
5236.13 2.140513191
5237.86 2.15547689042
5239.59 2.19931172754
5241.32 2.17466563438
5243.05 2.09914296319
5244.78 2.07819378401
5246.51 2.13470375475
5248.24 2.13699232055
5249.97 2.0788979581
5251.7 2.06604678095
5253.43 2.0570685613
5255.15 2.03418290336
5256.88 2.04016838313
5258.61 1.97186349637
5260.34 1.88014482111
5262.07 1.83472559229
5263.8 1.84088711558
5265.53 1.78965845051
5267.26 1.82205045866
5268.99 1.92362757119
5270.72 1.96446966842
5272.45 2.06463843277
5274.18 2.15477271633
5275.91 2.11128996625
5277.64 2.09984713728
5279.37 2.15512480337
5281.1 2.20617742492
5282.83 2.23152769217
5284.56 2.18646055039
5286.29 2.23293604035
5288.02 2.20107216277
5289.74 2.1662155453
5291.47 2.17748233074
5293.2 2.09632626683
5294.93 2.12907036203
5296.66 2.1857563763
5298.39 2.17501772142
5300.12 2.18839702914
5301.85 2.2332881274
5303.58 2.26796870134
5305.31 2.26867287543
5307.04 2.28680535826
5308.77 2.30106488359
5310.5 2.26884891896
5312.23 2.30951497267
5313.96 2.39295960237
5315.69 2.31849319232
5317.42 2.25388521954
5319.15 2.14385801793
5320.88 2.03928816552
5322.61 2.06393425868
5324.34 2.06534260686
5326.07 2.05231538619
5327.8 2.11692335897
5329.52 2.11533896727
5331.25 2.11199414034
5332.98 2.18839702914
5334.71 2.18998142084
5336.44 2.14526636611
5338.17 2.18698868096
5339.9 2.20688159901
5341.63 2.17237706859
5343.36 2.18047507062
5345.09 2.20019194515
5346.82 2.23187977922
5348.55 2.23892152012
5350.28 2.24860391386
5352.01 2.32113384516
5353.74 2.37958029466
5355.47 2.34789246059
5357.2 2.32042967107
5358.93 2.28733348883
5360.66 2.24666743511
5362.39 2.26937704953
5364.11 2.24860391386
5365.84 2.1927981172
5367.57 2.15811754326
5369.3 2.2091701648
5371.03 2.22835890876
5372.76 2.21973277616
5374.49 2.2294151699
5376.22 2.27659483395
5377.95 2.31743693119
5379.68 2.29543149087
5381.41 2.27342605054
5383.14 2.24684347864
5384.87 2.25758213351
5386.6 2.18910120323
5388.33 2.1880449421
5390.06 2.19561481357
5391.79 2.18470011517
5393.52 2.14016110395
5395.25 2.13840066873
5396.98 2.13487979828
5398.7 2.07942608867
5400.43 2.05583625664
5402.16 2.0679832597
5403.89 2.03541520802
5405.62 2.09914296319
5407.35 2.1186837942
5409.08 2.11058579216
5410.81 2.13223914544
5412.54 2.16005402201
5414.27 2.18663659391
5416.0 2.2130431223
5417.73 2.23980173773
5419.46 2.30141697063
5421.19 2.28046779145
5422.92 2.22712660411
5424.65 2.22131716786
5426.38 2.22853495229
5428.11 2.2332881274
5429.84 2.23839338955
5431.57 2.24349865171
5433.3 2.24860391386
5435.03 2.25370917602
5436.75 2.25881443817
5438.48 2.27113748475
5440.21 2.24948413147
5441.94 2.2005440322
5443.67 2.2075857731
5445.4 2.20952225185
5447.13 2.2091701648
5448.86 2.17554585199
5450.59 2.17642606961
5452.32 2.15195601997
5454.05 2.09615022331
5455.78 2.18857307266
5457.51 2.20001590163
5459.24 2.17748233074
5460.97 2.15494875985
5462.7 2.17959485301
5464.43 2.1912137255
5466.16 2.18082715767
5467.89 2.15019558474
5469.62 2.1077690958
5471.35 2.15635710803
5473.07 2.11199414034
5474.8 2.08576365548
5476.53 2.11128996625
5478.26 2.09034078707
5479.99 2.09509396218
5481.72 2.15635710803
5483.45 2.15952589144
5485.18 2.17096872041
5486.91 2.15899776087
5488.64 2.19297416073
5490.37 2.17625002608
5492.1 2.19526272652
5493.83 2.20969829537
5495.56 2.19138976902
5497.29 2.1498434977
5499.02 2.13259123248
5500.75 2.16093423962
5502.48 2.13576001589
5504.21 2.11780357659
5505.94 2.12308488226
5507.67 2.12713388328
5509.39 2.13681627703
5511.12 2.12554949158
5512.85 2.13787253816
5514.58 2.19579085709
5516.31 2.22871099581
5518.04 2.20353677208
5519.77 2.1802990271
5521.5 2.14033714748
5523.23 2.12783805737
5524.96 2.13153497135
5526.69 2.16691971939
5528.42 2.18470011517
5530.15 2.18892515971
5531.88 2.22659847354
5533.61 2.20934620833
5535.34 2.1514278894
5537.07 2.24279447762
5538.8 2.24209030353
5540.53 2.16427906655
5542.26 2.17448959086
5543.99 2.18892515971
5545.71 2.21339520935
5547.44 2.27677087747
5549.17 2.28891788053
5550.9 2.24772369625
5552.63 2.19860755345
5554.36 2.15371645519
5556.09 2.15019558474
5557.82 2.15829358678
5559.55 2.18663659391
5561.28 2.18170737528
5563.01 2.11885983772
5564.74 2.10424822535
5566.47 2.15354041167
5568.2 2.1514278894
5569.93 2.15758941269
5571.66 2.21973277616
5573.39 2.23152769217
5575.12 2.19596690061
5576.85 2.17308124268
5578.58 2.15283623758
5580.31 2.08734804718
5582.03 2.06287799754
5583.76 2.07537708765
5585.49 2.05249142971
5587.22 2.03629542563
5588.95 2.05689251778
5590.68 2.05125912505
5592.41 2.02414842258
5594.14 2.08470739434
5595.87 2.13611210294
5597.6 2.11375457557
5599.33 2.11674731545
5601.06 2.15794149973
5602.79 2.16410302302
5604.52 2.17044058984
5606.25 2.21638794923
5607.98 2.20124820629
5609.71 2.17765837426
5611.44 2.14931536713
5613.17 2.11340248852
5614.9 2.14649867077
5616.63 2.16040610905
5618.35 2.13681627703
5620.08 2.09421374456
5621.81 2.08822826479
5623.54 2.09861483263
5625.27 2.12766201385
5627.0 2.14561845315
5628.73 2.15547689042
5630.46 2.16691971939
5632.19 2.15512480337
5633.92 2.14509032259
5635.65 2.17660211313
5637.38 2.19614294413
5639.11 2.14156945214
5640.84 2.10460031239
5642.57 2.16216654428
5644.3 2.20195238038
5646.03 2.20670555549
5647.76 2.16005402201
5649.49 2.18434802812
5651.22 2.21797234093
5652.95 2.19526272652
5654.67 2.19367833482
5656.4 2.17343332972
5658.13 2.14737888838
5659.86 2.14579449668
5661.59 2.19719920527
5663.32 2.21797234093
5665.05 2.17924276597
5666.78 2.21321916582
5668.51 2.276946921
5670.24 2.24525908693
5671.97 2.2746583552
5673.7 2.26339156976
5675.43 2.27377813759
5677.16 2.24385073875
5678.89 2.18329176699
5680.62 2.16727180643
5682.35 2.15653315155
5684.08 2.15934984792
5685.81 2.1802990271
5687.54 2.18593241982
5689.27 2.22483803831
5691.0 2.2785313127
5692.72 2.20934620833
5694.45 2.23768921546
5696.18 2.23293604035
5697.91 2.18205946233
5699.64 2.17730628722
5701.37 2.17906672244
5703.1 2.14544240963
5704.83 2.17730628722
5706.56 2.19631898766
5708.29 2.14192153918
5710.02 2.15882171735
5711.75 2.23610482376
5713.48 2.24437886932
5715.21 2.32993602129
5716.94 2.34666015594
5718.67 2.30212114472
5720.4 2.33574545754
5722.13 2.28117196554
5723.86 2.24209030353
5725.59 2.29683983905
5727.31 2.24473095636
5729.04 2.22994330047
5730.77 2.24209030353
5732.5 2.22536616888
5734.23 2.25546961124
5735.96 2.3112754079
5737.69 2.24649139159
5739.42 2.18945329028
5741.15 2.21339520935
5742.88 2.1927981172
5744.61 2.18065111415
5746.34 2.1982554664
5748.07 2.19420646539
5749.8 2.21955673264
5751.53 2.22149321138
5753.26 2.24332260818
5754.99 2.21656399275
5756.72 2.22800682172
5758.45 2.21181081764
5760.18 2.17519376495
5761.91 2.18822098562
5763.63 2.15811754326
5765.36 2.20406490265
5767.09 2.22307760309
5768.82 2.26427178737
5770.55 2.20494512026
5772.28 2.16498324064
5774.01 2.1825875929
5775.74 2.17096872041
5777.47 2.10882535694
5779.2 2.10917744398
5780.93 2.14456219202
5782.66 2.15054767179
5784.39 2.13241518896
5786.12 2.11815566363
5787.85 2.15600502099
5789.58 2.21867651502
5791.31 2.22677451706
5793.04 2.22730264763
5794.77 2.23628086728
5796.5 2.26356761328
5798.23 2.2839886619
5799.96 2.24772369625
5801.68 2.26022278635
5803.41 2.29261479451
5805.14 2.29595962143
5806.87 2.24261843409
5808.6 2.21938068911
5810.33 2.2185004715
5812.06 2.21339520935
5813.79 2.23680899785
5815.52 2.22430990775
5817.25 2.2130431223
5818.98 2.249660175
5820.71 2.26972913657
5822.44 2.29173457689
5824.17 2.31778901823
5825.9 2.27976361736
5827.63 2.26462387442
5829.36 2.28715744531
5831.09 2.30106488359
5832.82 2.29666379552
5834.55 2.30669827631
5836.28 2.27747505156
5838.0 2.26127904749
5839.73 2.26198322158
5841.46 2.26656035316
5843.19 2.22483803831
5844.92 2.20934620833
5846.65 2.18593241982
5848.38 2.187340768
5850.11 2.18205946233
5851.84 2.17941880949
5853.57 2.16498324064
5855.3 2.15776545621
5857.03 2.11885983772
5858.76 2.10424822535
5860.49 2.10882535694
5862.22 2.08171465446
5863.95 2.09034078707
5865.68 2.13998506043
5867.41 2.12273279522
5869.14 2.12062027295
5870.87 2.10407218183
5872.6 2.08770013423
5874.32 2.08717200366
5876.05 2.14808306247
5877.78 2.00390341748
5879.51 1.91993065721
5881.24 1.88401777861
5882.97 1.80603049811
5884.7 1.68105720143
5886.43 1.58618734711
5888.16 1.54974633794
5889.89 1.57108281288
5891.62 1.60930186163
5893.35 1.65239731595
5895.08 1.76642070553
5896.81 1.78965845051
5898.54 1.85250598807
5900.27 1.93119744266
5902.0 1.97872919375
5903.73 2.05090703801
5905.46 2.01587437702
5907.19 2.0695676514
5908.92 2.11974005534
5910.64 2.09879087615
5912.37 2.066398868
5914.1 2.10372009478
5915.83 2.10671283467
5917.56 2.09773461501
5919.29 2.16463115359
5921.02 2.11111392273
5922.75 2.13047871021
5924.48 2.10988161807
5926.21 2.13910484282
5927.94 2.07414478299
5929.67 2.10688887819
5931.4 2.1350558418
5933.13 2.11674731545
5934.86 2.16691971939
5936.59 2.12819014442
5938.32 2.16339884893
5940.05 2.15354041167
5941.78 2.1170994025
5943.51 2.13523188532
5945.24 2.13382353714
5946.96 2.15037162826
5948.69 2.12097235999
5950.42 2.17730628722
5952.15 2.18205946233
5953.88 2.14544240963
5955.61 2.12660575272
5957.34 2.14579449668
5959.07 2.13364749362
5960.8 2.18223550585
5962.53 2.21093060003
5964.26 2.24367469523
5965.99 2.20846599071
5967.72 2.18540428926
5969.45 2.18980537732
5971.18 2.16568741473
5972.91 2.14068923452
5974.64 2.10688887819
5976.37 2.11498688023
5978.1 2.12678179624
5979.83 2.14614658372
5981.55 2.13452771123
5983.28 2.11516292375
5985.01 2.11974005534
5986.74 2.11287435796
5988.47 2.17924276597
5990.2 2.18487615869
5991.93 2.14526636611
5993.66 2.1498434977
5995.39 2.16163841371
5997.12 2.12695783976
5998.85 2.1389287993
6000.58 2.10741700876
6002.31 2.08505948139
6004.04 2.11956401181
6005.77 2.09438978808
6007.5 2.07537708765
6009.23 2.09984713728
6010.96 2.09896691967
6012.69 2.09967109376
6014.42 2.07590521821
6016.15 2.06182173641
6017.87 2.08136256741
6019.6 2.0898126565
6021.33 2.10600866057
6023.06 2.16375093598
6024.79 2.1841719846
6026.52 2.17184893802
6028.25 2.15987797848
6029.98 2.17202498154
6031.71 2.21110664355
6033.44 2.21022642594
6035.17 2.17079267688
6036.9 2.17572189551
6038.63 2.23152769217
6040.36 2.24226634705
6042.09 2.19596690061
6043.82 2.18927724675
6045.55 2.19209394311
6047.28 2.18065111415
6049.01 2.18452407164
6050.74 2.18786889857
6052.47 2.15952589144
6054.2 2.14280175679
6055.92 2.13399958066
6057.65 2.1475549319
6059.38 2.1662155453
6061.11 2.13206310192
6062.84 2.17096872041
6064.57 2.1818834188
6066.3 2.15424458576
6068.03 2.19262207368
6069.76 2.20177633686
6071.49 2.17308124268
6073.22 2.1662155453
6074.95 2.1530122811
6076.68 2.1170994025
6078.41 2.0952700057
6080.14 2.07203226072
6081.87 2.07907400162
6083.6 2.12713388328
6085.33 2.13012662317
6087.06 2.09808670206
6088.79 2.11111392273
6090.51 2.09034078707
6092.24 2.10530448648
6093.97 2.09421374456
6095.7 2.03928816552
6097.43 2.03277455518
6099.16 2.05125912505
6100.89 2.1116420533
6102.62 2.10759305228
6104.35 2.08910848241
6106.08 2.0656946939
6107.81 2.05231538619
6109.54 2.00126276464
6111.27 1.9899959792
6113.0 1.99527728487
6114.73 1.95584353582
6116.46 1.98524280409
6118.19 1.98577093466
6119.92 1.99615750249
6121.65 2.01939524747
6123.38 2.00055859055
6125.11 1.98911576158
6126.83 1.96781449535
6128.56 2.02080359565
6130.29 2.01112120191
6132.02 1.98365841238
6133.75 2.00020650351
6135.48 2.02467655314
6137.21 2.04703408051
6138.94 2.0718562172
6140.67 2.08787617775
6142.4 2.0172827252
6144.13 2.05055495096
6145.86 2.02802138007
6147.59 2.04263299245
6149.32 2.00689615736
6151.05 1.97186349637
6152.78 1.94510488094
6154.51 1.89510852053
6156.24 1.90549508836
6157.97 1.8628925559
6159.7 1.85602685852
6161.43 1.87345516725
6163.16 1.89123556303
6164.88 1.92239526653
6166.61 1.92257131005
6168.34 1.94968201253
6170.07 1.94017566231
6171.8 1.90831178472
6173.53 1.95056223014
6175.26 1.98541884761
6176.99 1.94422466333
6178.72 1.95954044979
6188.58 2.15459667281
6202.85 2.13998506043
6217.15 2.13558397237
6231.48 2.05389977789
6245.84 1.99369289317
6260.24 1.93084535561
6274.67 2.06939160788
6289.14 1.99474915431
6303.64 1.99527728487
6318.17 2.07995421923
6332.73 2.13382353714
6347.33 2.13417562419
6361.96 2.09086891763
6376.63 2.1498434977
6391.33 2.15512480337
6406.06 2.0679832597
6420.83 2.13611210294
6435.63 2.1366402335
6450.47 2.23258395331
6465.34 2.20740972958
6480.24 2.17255311211
6495.18 2.17290519915
6510.15 2.14350593088
6525.16 2.10970557455
6540.2 2.13945692986
6555.28 2.13980901691
6570.39 1.55405940424
6585.53 2.15054767179
6600.72 2.0352391645
6615.93 2.05460395198
6631.18 2.08840430832
6646.47 2.10812118285
6661.79 2.10847326989
6677.15 2.12343696931
6692.54 2.09967109376
6707.97 2.09034078707
6723.43 1.96024462388
6738.93 2.07203226072
6754.47 2.02995785882
6770.04 2.08241882855
6785.64 2.11181809682
6801.29 2.03119016348
6816.97 2.06463843277
6832.68 2.10336800774
6848.43 1.96781449535
6864.22 1.98189797716
6880.04 2.01446602884
6895.9 2.0149941594
6911.8 2.03400685984
6927.73 2.01569833349
6943.7 2.08699596014
6959.71 2.05882899652
6975.75 2.15125184588
6991.83 2.14192153918
7007.95 2.06481447629
7024.11 2.0368235562
7040.3 2.12836618794
7056.53 2.21392333991
7072.8 2.00548780918
7089.1 2.08118652389
7105.44 2.00179089521
7121.82 1.98841158749
7138.24 1.87750416827
7154.69 1.89105951951
7171.19 1.89581269462
7187.72 1.87433538486
7204.29 1.91852230903
7220.89 1.98629906522
7237.54 2.02837346712
7254.23 2.04280903597
7270.95 2.00601593975
7287.71 2.02027546508
7304.51 2.11111392273
7321.35 2.10178361603
7338.23 2.10706492171
7355.14 2.15670919508
7372.1 2.09826274558
7389.09 2.16251863132
7406.13 2.15811754326
7423.2 2.0804823498
7440.31 2.17396146029
7457.46 2.20459303322
7474.65 2.2255422124
7491.88 2.20564929435
7509.16 2.23170373569
7526.47 2.26849683191
7543.82 2.26884891896
7561.21 2.22290155957
7578.64 2.16269467484
7596.11 2.13840066873
7613.62 2.10477635592
7631.17 2.11498688023
7648.76 2.13012662317
7666.39 2.02062755213
7684.07 2.07291247833
7701.78 2.02626094485
7719.53 2.01270559361
7737.33 2.03171829405
7755.17 1.90531904484
7773.04 2.03259851166
7790.96 2.01921920394
7808.92 2.01024098429
7826.92 2.09579813627
7844.97 2.00196693873
7863.05 2.0679832597
7881.18 2.04016838313
7899.34 2.07379269594
7917.56 1.99457311078
7935.81 2.00425550453
7954.1 1.91447330801
7972.44 2.01904316042
7990.82 2.07132808663
8009.24 2.01992337804
8027.7 2.10600866057
8046.21 2.14068923452
8064.75 2.13628814646
8083.34 2.05477999551
8101.98 1.96728636479
8120.66 2.09386165752
8139.38 2.0656946939
8158.14 2.04245694892
8176.95 2.04298507949
8195.79 1.96957493058
8214.69 2.08681991661
8233.63 2.01640250758
8252.61 2.12167653408
8271.63 2.15160393292
8290.7 2.04580177585
8309.81 2.05108308153
8328.97 1.98189797716
8348.17 1.99615750249
8367.41 2.06199777993
8386.7 1.9970377201
8406.04 2.00672011384
8425.41 2.05407582141
8444.83 1.86518112169
8464.3 1.95355497002
8483.81 2.004079461
8503.37 1.91887439608
8522.97 1.84986533523
8542.62 1.93753500947
8562.31 1.96939888706
8582.05 1.96534988604
8601.84 1.96130088502
8621.66 1.89968565212
8641.54 1.98048962898
8661.46 1.93595061777
8681.43 1.89669291223
8701.44 1.91024826347
8721.5 1.93735896595
8741.61 2.01517020293
8761.76 1.94721740321
8781.95 1.92538800641
8802.2 1.957251884
8822.49 2.02185985678
8842.83 2.01305768065
8863.21 2.02749324951
8883.64 1.87099055794
8904.12 1.90619926245
8924.65 1.92890887686
8945.22 1.95619562286
8965.84 1.88595425735
8986.51 1.87768021179
9007.23 1.92644426755
9027.99 1.81905771878
9048.8 2.03224642462
9069.66 1.93225370379
9090.57 1.85426642329
9111.53 1.94228818458
9132.53 2.0063680268
9153.58 1.88595425735
9174.68 1.90391069666
9195.83 1.90443882723
9217.03 1.86570925226
9238.28 1.84916116114
9259.57 1.87099055794
9280.92 1.93295787788
9302.32 1.85056950932
9323.76 1.9517945348
9345.26 1.94774553378
9366.8 1.91711396085
9388.39 1.94440070685
9410.03 1.91376913392
9431.73 1.9588362757
9453.47 1.93260579084
9475.26 1.96904680001
9497.1 1.96957493058
9519.0 1.93401413902
9540.94 1.94809762082
9562.94 1.93964753174
9584.98 1.96253318968
9607.07 1.94070379288
9629.22 1.9502101431
9651.42 1.91500143858
9673.67 1.91993065721
9695.96 1.94281631515
9718.32 1.90778365415
9740.72 1.89088347599
9763.17 1.89581269462
9785.68 1.86588529578
9808.24 1.91429726449
9830.86 1.8972210428
9853.52 1.9065513495
9876.23 1.89405225939
9898.99 1.8901793019
9921.81 1.87768021179
9944.68 1.88260943043
9967.62 1.88296151747
9990.59 1.8792646035
10013.62 1.87979273406
10083.03 1.85989981601
10129.58 1.8738072543
10176.33 1.85338620568
10223.3 1.85444246681
10270.48 1.85972377249
10294.17 1.84757676943
10509.72 1.79177097278
10705.11 1.71895937184
10904.13 1.6644386929
11106.86 1.58951456969
11287.33 1.54976394229
11497.18 1.53203635957
11710.92 1.48684598732
11901.21 1.43306469118
12094.59 1.40044382644
12291.11 1.37488230697
12490.82 1.33742024536
12693.78 1.30397197607
12900.05 1.27135111134
13109.66 1.24527906564
13292.03 1.20855638684
13508.01 1.18649813346
13695.91 1.16484478018
13886.44 1.12269996088
14112.08 1.07712229288
14308.4 1.05990523637
14507.45 1.0647992463
14709.27 1.02863990676
14913.89 1.03816386133
15086.59 1.04295224515
15296.47 1.0550288308
15509.27 1.04536404141
15688.84 1.03101649432
15907.1 1.00061377797
16091.3 1.00291994811
16315.15 0.993730476236
16504.08 0.977833746148
16695.19 0.964419229727
16888.5 0.94681487747
17084.06 0.92100689706
17281.89 0.885657357727
17482.01 0.855589124071
17684.42 0.820855737067
17889.21 0.789343946526
18096.36 0.75381836367
18305.91 0.733274084585
18517.86 0.708381530493
18689.22 0.678066835905
18905.63 0.658068291741
19080.55 0.644565753559
19301.5 0.62125759117
19480.1 0.597403693861
19705.68 0.57712348006
19888.0 0.558814953712
20118.3 0.548622033755
20304.43 0.528764324409
20492.32 0.520314235325
20681.94 0.506142731758
20921.41 0.493485202485
21115.0 0.484471774129
21310.38 0.472359979775
21507.55 0.461603720546
21706.57 0.446956899468
21907.43 0.437785031942
22110.12 0.424881041737
22314.71 0.412346742929
22521.17 0.402963623176
22677.29 0.391080685402
22887.11 0.350960366607
23098.89 0.346946574292
23312.63 0.302882880592
23474.22 0.285929889368
23691.43 0.289239507592
23910.63 0.265632071215
24076.38 0.257199586483
24299.14 0.253080168055
24523.99 0.23619759424
24693.97 0.231884527937
24922.47 0.195549144877
25095.21 0.191993065721
25327.43 0.193313392141
25503.0 0.191535352563
25679.77 0.194211214106
25917.39 0.19065513495
26097.03 0.190232630495
26277.94 0.185461851034
26521.07 0.182926824309
26704.92 0.17958199738
26890.02 0.17630758786
27076.4 0.173087751832
27326.95 0.169538714417
27516.38 0.166827644169
27707.1 0.163030385387
27899.15 0.160423180818
28092.55 0.157132927381
28287.26 0.154265178398
28483.36 0.151101676297
28680.78 0.148001549865
28879.6 0.144966559536
29079.77 0.142320625391
29281.36 0.139081424576
29484.32 0.136227759075
29688.71 0.134050100701
29894.49 0.130999266454
30101.69 0.128904348536
30310.36 0.126260174827
30520.45 0.124527906564
30732.03 0.12281852396
30873.87 0.120577489918
31087.89 0.118649813346
31303.37 0.117021410762
31520.37 0.114886002833
31665.85 0.112789324479
31885.33 0.111241901916
32106.37 0.109210359665
32328.91 0.107465768356
32478.12 0.105745823141
32703.27 0.103816386133
32929.94 0.101922157831
33081.96 0.100291994811
33311.26 0.0984611421767
33465.01 0.0966637378112
33696.99 0.094899781715
33930.56 0.0929545007905
34087.19 0.091047949441
34323.46 0.0895920695093
34481.88 0.0879566251846
34720.92 0.0861521790782
34881.17 0.0845801104216
35122.98 0.0830362087286
35285.08 0.0811455012961
35529.65 0.0796649752712
35693.68 0.0782108557748
35941.07 0.0766070992841
36106.96 0.075381836367
36273.65 0.0738361742388
36525.06 0.0723221999446
36693.69 0.0708381530493
36863.05 0.069385793988
37118.55 0.0679616018904
37289.91 0.0668754133561
37462.02 0.0653526368858
37721.67 0.064308698797
37895.82 0.0629901328129
38070.72 0.0618388081752
38334.6 0.0608512040136
38511.57 0.0596030554385
38689.32 0.0583795529566
38867.89 0.057314489645
39137.33 0.0562687911209
39317.97 0.0552424573843
39499.44 0.0541087370989
39681.79 0.0531211329373
39864.94 0.0519117139372
40141.25 0.0510825489458
40326.56 0.0502657070011
40512.69 0.0492340919588
40699.68 0.0483362699936
40887.57 0.0475634389295
41076.28 0.046802930912
41265.87 0.0459473593923
41456.37 0.0451093922248
41743.71 0.0443876137823
41936.38 0.0435778135784
42129.98 0.0427820968564
42324.43 0.0421958719262
42519.78 0.0414248012973
42716.07 0.0408561807194
42913.23 0.0391080685402
43111.29 0.0373476333145
43310.27 0.0372613719884
43510.21 0.0357491581295
43711.03 0.0349358370552
43912.78 0.0342193399183
44115.51 0.033133151384
44319.12 0.0325293221016
44523.67 0.0319342949953
44729.22 0.031136817838
44935.66 0.0308516273314
45143.06 0.0302882880592
45351.47 0.0297355113983
45456.01 0.0293939869645
45665.81 0.0289908472978
45876.58 0.0281370362133
46088.37 0.0280719001099
46301.09 0.0276229891274
46514.79 0.0272444955538
46729.52 0.0271177442176
46945.2 0.0265632071215
47053.42 0.0261987970297
47270.59 0.0260773269992
47488.81 0.0254840603281
47708.0 0.0252499224431
47928.19 0.024961211066
48149.4 0.0243925904881
48260.44 0.0244489244153
48483.19 0.023892626884
48706.96 0.02351061244
48931.82 0.0231356397369
49044.61 0.0227641879043
49270.97 0.0226075091692
49498.38 0.0221955673264
49726.89 0.0220934620833
49956.4 0.0216410302302
50071.55 0.0213928088634
50302.66 0.0210988161807
50534.89 0.0207132808663
50651.37 0.020477382546
50768.13 0.020336547728
50885.15 0.020336547728
51002.44 0.0201024098429
51120.01 0.0199193245795
51237.9 0.0198277819477
51356.01 0.0196904680001
51474.39 0.0195109036071
51593.04 0.0193753500947
51711.96 0.0192433174528
51831.16 0.0191095243756
51950.7 0.0189352412883
52070.45 0.0188049690816
52190.47 0.0186324464294
52310.78 0.0184616842125
52431.35 0.0183349328763
52552.21 0.0182926824309
52673.35 0.01820818154
52794.82 0.018083190639
52916.52 0.0178754592824
53038.49 0.0177117388064
53160.75 0.0175900927323
53283.29 0.0175092887554
53406.11 0.0173886989424
53529.22 0.0172689893471
53652.67 0.0171501599693
53776.34 0.0170320347657
53900.3 0.0169147897797
54024.54 0.0167984250112
54149.07 0.0166827644169
54273.89 0.0165297825958
54399.05 0.0163782091228
54524.45 0.0163030385387
54650.13 0.0159831674582
54776.1 0.0158574723831
54902.37 0.0157316012644
55028.92 0.0156053780587
55155.77 0.015478802766
55282.96 0.0153518753862
55410.39 0.0152247719629
55538.12 0.0150973164526
55666.14 0.014972149508
55794.45 0.0148557847396
55923.06 0.0147390678841
56052.03 0.0146221749851
56181.24 0.0145049299991
56310.74 0.0143875089696
56440.54 0.0142699118965
56570.64 0.0141519627363
56701.04 0.0140336614892
56831.74 0.0139216978088
56962.8 0.013813607086
57094.1 0.0137053403196
57225.71 0.0135968975097
57357.62 0.0134881026127
57489.83 0.0133791316722
57622.35 0.0132698086447
57755.17 0.0131603095737
57888.37 0.0130506344591
58021.8 0.0129504656948
58155.55 0.0128502969304
58289.6 0.0127496000355
58423.96 0.0126489031406
58558.63 0.0125478541586
58693.68 0.0124466291332
58828.97 0.0123450520206
58964.58 0.0122434749081
59100.5 0.0121452426225
59236.73 0.0120522916426
59373.27 0.0119591646191
59510.13 0.0118656855087
59647.37 0.0117720303546
59784.86 0.0116781991571
59922.67 0.0115841919161
60060.8 0.011489832588
60199.24 0.0113954732599
60338.01 0.0113076275421
60477.15 0.0112211901725
60616.56 0.0111345767594
60756.29 0.0110477873028
60896.33 0.0109606457591
61036.7 0.0108735042154
61177.4 0.0107861866282
61318.41 0.010698516954
61459.82 0.0106122556279
61601.49 0.0105321558251
61743.49 0.0104518799789
61885.81 0.0103712520455
62028.47 0.0102906241122
62171.44 0.0102096440918
62314.82 0.0101286640714
62458.46 0.010047331964
62602.43 0.00996582381302
62746.74 0.00988871675013
62891.37 0.00981407429656
63036.34 0.00973943184299
63181.65 0.00966461334589
63327.35 0.00958944276175
63473.33 0.00951427217761
63619.64 0.00943874950643
63766.28 0.00936322683524
63913.27 0.00928752812053
64060.59 0.00921834301616
64208.26 0.00914898186827
64356.33 0.00907944467685
64504.68 0.00900973144191
64653.37 0.00894001820697
64802.4 0.00886995288498
64951.77 0.008799887563
65101.49 0.00872947015397
65251.62 0.00866151735425
65402.03 0.00859708542499
65552.8 0.00853265349573
65703.9 0.00846786947942
65855.35 0.00840308546311
66007.15 0.00833812540328
66159.3 0.00827298929993
66311.87 0.00820750110953
66464.73 0.00814218896266
66617.94 0.00808127790384
66771.5 0.00802124706265
66925.41 0.00796121622145
67079.68 0.00790100933673
67234.37 0.00784045036496
67389.36 0.00778006743672
67544.69 0.00771933242143
67700.38 0.00765859740614
67856.44 0.00759874260846
68012.85 0.00754293681181
68169.62 0.00748713101515
68326.84 0.00743114917497
68484.33 0.00737499129127
68642.19 0.00731883340757
68800.42 0.00726249948034
68959.01 0.0072059895096
69117.97 0.00714930349533
69277.37 0.00709561022094
69437.05 0.00704367738178
69597.11 0.0069915684991
69757.54 0.00693945961642
69918.34 0.00688717469021
70079.5 0.00683471372048
70241.04 0.00678225275076
70403.03 0.00672961573751
70565.31 0.00667680268073
70727.97 0.00662856675555
70891.0 0.00658015478684
71054.41 0.00653174281813
71218.2 0.0064831548059
71382.36 0.00643439075015
71546.98 0.00638545065087
71711.9 0.00633651055159
71877.2 0.0062873944088
72042.89 0.00624003870122
72208.95 0.00619497155944
72375.39 0.00614990441766
72542.3 0.00610466123236
72709.52 0.00605924200354
72877.12 0.00601382277471
73045.11 0.00596840354589
73213.48 0.00592263223002
73382.24 0.00587686091415
73551.4 0.00583425838169
73721.01 0.00579236002331
73890.95 0.00575010957789
74061.27 0.005708035176
74231.99 0.00566578473058
74403.1 0.00562335824164
74574.61 0.0055809317527
74746.58 0.00553832922024
74918.88 0.00549643086186
75091.57 0.00545717315633
75264.67 0.00541809149432
75438.16 0.00537883378878
75612.05 0.00533940003973
75786.34 0.00529996629067
75961.11 0.00526035649809
76136.21 0.00522074670551
76311.71 0.00518096086941
76487.62 0.00514328755558
76663.92 0.0051068465464
76840.64 0.00507022949371
77017.76 0.00503361244101
77195.38 0.00499681934479
77373.32 0.00496002624857
77551.67 0.00492305710883
77730.43 0.00488608796909
77909.61 0.00484894278583
78089.2 0.00481496638597
78269.28 0.00478081394259
78449.69 0.00474666149921
78630.53 0.00471250905583
78811.77 0.00467818056893
78993.45 0.00464385208203
79175.53 0.0046093475516
79358.03 0.00457466697766
79541.05 0.00454139475189
79724.4 0.0045095308743
79908.17 0.00447766699672
80092.36 0.00444580311913
80276.98 0.00441376319802
80462.02 0.00438172327691
80647.58 0.0043496833558
80833.48 0.00431746739117
81019.81 0.00428507538302
81206.56 0.00425497194066
81393.75 0.00422539662887
81581.37 0.00419564527355
81769.42 0.00416571787471
81958.0 0.00413579047587
82146.91 0.00410586307704
82336.26 0.0040759356782
82526.06 0.00404583223584
82716.29 0.00401608088052
82906.96 0.00398844204748
83098.15 0.00396080321443
83289.7 0.00393298833787
83481.69 0.00390499741778
83674.11 0.00387700649769
83867.0 0.0038490155776
84060.31 0.00382102465751
84254.08 0.0037928576939
84448.38 0.00376609907846
84643.04 0.00374022068065
84838.15 0.00371434228283
85033.71 0.00368828784149
85229.71 0.00366223340015
85426.17 0.00363600291528
85623.09 0.00360994847394
85820.55 0.00358371798908
86018.37 0.00355731146069
86216.66 0.0035331934981
86415.39 0.00350889949198
86614.58 0.00348478152939
86814.23 0.00346031147975
87014.44 0.00343601747364
87215.02 0.003411547424
87416.05 0.00338707737436
87617.55 0.0033624312812
87819.52 0.00333866540565
88021.95 0.00331613183476
88224.84 0.00329342222035
88428.31 0.00327071260594
88632.14 0.00324800299152
88836.45 0.00322511733359
89041.22 0.00320223167565
89246.46 0.00317934601772
89452.18 0.00315628431626
89658.48 0.00313480700651
89865.14 0.0031136817838
90072.29 0.00309238051757
90279.91 0.00307125529486
90488.02 0.00304995402863
90696.6 0.00302847671887
90905.66 0.00300717545264
91115.3 0.00298569814289
91325.33 0.00296439687665
91535.84 0.00294468000213
91746.84 0.00292478708408
91958.32 0.00290507020955
92170.29 0.00288500124797
92382.85 0.00286510832992
92595.8 0.00284503936835
92809.24 0.00282497040677
93023.17 0.0028049014452
93237.6 0.00278588874476
93452.52 0.00276722813137
93667.93 0.0027487435615
93883.94 0.00273008294811
94100.35 0.00271142233471
94317.26 0.00269276172132
94534.67 0.0026739250644
94752.58 0.00265526445101
94970.99 0.0026364277941
95189.91 0.00261899948536
95409.43 0.00260174722015
95629.36 0.00258431891141
95849.79 0.00256689060268
96070.73 0.00254928625042
96292.18 0.00253185794169
96514.14 0.00251425358943
96736.72 0.00249664923717
96959.7 0.00247957301548
97183.2 0.0024633770114
97407.21 0.0024470049638
97631.75 0.00243080895973
97856.79 0.00241443691213
98082.36 0.00239788882101
98308.56 0.00238151677341
98535.16 0.00236514472581
98762.29 0.00234859663468
98989.95 0.0023331048047
99218.13 0.00231778901823
99446.83 0.00230264927529
99676.17 0.00228733348883
99905.93 0.00227201770236
100136.22 0.00225652587238
100367.05 0.00224121008591
100598.4 0.00222571825593
100830.29 0.00221057851298
101062.7 0.00219631898766
101295.77 0.0021818834188
101529.27 0.00216762389348
101763.3 0.00215318832463
101997.87 0.0021389287993
102232.98 0.00212449323045
102468.64 0.00211005766159
102704.84 0.00209544604922
102941.69 0.00208171465446
103178.98 0.00206833534674
103416.81 0.00205495603903
103655.2 0.00204140068779
103894.13 0.00202802138007
104133.61 0.00201446602884
104373.76 0.0020009106776
104614.35 0.00198735532636
104855.5 0.00197379997512
105097.19 0.00196112484149
105339.45 0.00194862575139
105582.27 0.00193612666129
105825.64 0.00192345152766
106069.69 0.00191077639404
106314.19 0.00189810126041
106559.25 0.00188542612679
106804.88 0.00187257494964
107051.07 0.00186025190306
107297.83 0.00184845698705
107545.28 0.00183666207103
107793.18 0.00182486715502
108041.65 0.00181307223901
108290.69 0.00180110127947
108540.31 0.00178930636346
108790.5 0.00177733540393
109041.27 0.00176536444439
109292.74 0.00175409765895
109544.67 0.00174304212573
109797.18 0.00173195138381
110050.27 0.00172082543318
110303.94 0.00170969948255
110558.2 0.00169853832322
110813.16 0.00168734195518
111068.6 0.0016761279828
111324.62 0.00166507244958
111581.23 0.00165468588175
111838.43 0.00164429931392
112096.23 0.00163387753738
112354.62 0.00162343815649
112613.73 0.0016129635669
112873.31 0.00160247137295
113133.49 0.0015919439703
113394.27 0.00158141656765
113655.65 0.00157134687816
113917.64 0.00156159406701
114180.23 0.00155182365151
114443.55 0.0015420180273
114707.34 0.00153221240309
114971.75 0.00152237157018
115236.77 0.00151249552856
115502.4 0.00150261948695
115768.64 0.00149270823663
116035.62 0.00148355397345
116303.1 0.00147438210592
116571.18 0.00146519263405
116839.89 0.00145596795346
117109.21 0.00144674327288
117379.16 0.00143748338359
117649.72 0.00142820588995
117921.04 0.00141889318761
118192.86 0.00140987975925
118465.3 0.001401271231
118738.38 0.00139264509839
119012.07 0.00138398375708
119286.4 0.00137532241577
119561.5 0.00136662586576
119837.1 0.00135791171139
120113.33 0.00134917995267
120390.2 0.0013404305896
120667.71 0.00133222696144
120945.86 0.00132411135505
121224.64 0.00131599574866
121504.21 0.00130784493357
121784.28 0.00129969411847
122065.01 0.00129150809467
122346.38 0.00128332207087
122628.39 0.00127510083837
122911.06 0.00126700283633
123194.51 0.0012593801518
123478.48 0.00125175746728
123763.11 0.0012441171784
124048.39 0.00123644168081
124334.34 0.00122876618323
124620.93 0.00122107308129
124908.19 0.00121334477065
125196.25 0.00120561646001
125484.84 0.00119822263206
125774.09 0.00119105766069
126064.01 0.00118387508497
126354.59 0.0011766749049
126645.85 0.00116943951612
126937.78 0.00116222173169
127230.52 0.00115495113421
127523.8 0.00114769814108
127817.75 0.00114040993925
128112.37 0.00113366747233
128407.68 0.00112690740106
128703.67 0.0011201473298
129000.48 0.00111335204983
129297.83 0.00110655676985
129595.89 0.00109974388553
129894.61 0.00109291339686
130194.03 0.00108606530383
130494.13 0.00107941085867
130794.92 0.00107305568751
131096.57 0.00106670051634
131398.76 0.00106031013647
131701.63 0.0010539197566
132005.22 0.00104751177238
132309.5 0.00104108618381
132614.47 0.00103464299088
132920.32 0.0010281821936
133226.71 0.00102210869208
133533.8 0.00101612321231
133841.61 0.00101012012819
134150.11 0.00100411704407
134459.35 0.000998078751244
134769.29 0.000992040458419
135080.08 0.000985984561243
135391.45 0.000979911059714
135703.55 0.000973925579946
136016.35 0.000968292187224
136329.87 0.000962641190149
136644.12 0.000956972588722
136959.09 0.000951303987295
137274.95 0.000945617781516
137591.37 0.000939913971385
137908.54 0.000934210161253
138226.42 0.000928488746769
138545.05 0.000923013793217
138864.41 0.000917697278836
139184.65 0.000912363160102
139505.47 0.000907011437015
139827.05 0.000901659713929
140149.36 0.000896307990843
140472.42 0.000890921059052
140796.21 0.000885534127261
141120.76 0.000880129591118
141446.2 0.000875129955077
141772.24 0.000870112714683
142099.05 0.000865077869938
142426.59 0.000860043025192
142754.9 0.000854990576094
143083.95 0.000849938126996
143413.94 0.000844850469194
143744.51 0.000839762811391
144075.85 0.000834815988407
144407.96 0.000830098022002
144740.84 0.000825362451245
145074.47 0.000820609276135
145408.88 0.000815856101025
145744.21 0.000811085321564
146080.17 0.00080629693775
146416.89 0.000801508553936
146754.39 0.000796720170121
147092.67 0.000792195851591
147431.72 0.000787724346118
147771.74 0.000783252840644
148112.36 0.000778763730819
148453.77 0.000774274620993
148795.96 0.000769767906815
149138.94 0.000765261192637
149482.73 0.000760736874107
149827.29 0.000756265368634
150172.81 0.000752057928444
150518.97 0.000747832883902
150865.94 0.00074360783936
151213.7 0.000739382794819
151562.25 0.000735140145924
151911.6 0.000730879892678
152261.78 0.000726619639432
152612.92 0.000722341781833
152964.7 0.000718239967757
153317.3 0.000714261384147
153670.7 0.000710282800537
154024.93 0.000706286612574
154379.96 0.000702290424612
154735.99 0.000698276632297
155092.67 0.00069424523563
155450.17 0.000690231443315
155808.49 0.000686182442296
156167.65 0.000682432715265
156527.61 0.000678682988234
156888.43 0.000674915656851
157250.24 0.000671130721116
157612.71 0.00066734578538
157976.03 0.000663560849645
158340.16 0.000659758309557
158705.15 0.000655938165118
159070.97 0.000652241251143
159437.82 0.000648685171987
159805.33 0.000645129092831
160173.7 0.000641573013675
160542.9 0.000637999330167
160912.97 0.000634425646659
161283.88 0.000630834358798
161655.66 0.000627243070938
162028.47 0.000623634178725
162401.95 0.000620236538739
162776.3 0.00061689171181
163151.51 0.000613529280529
163527.58 0.000610149244896
163904.53 0.000606769209262
164282.52 0.000603389173629
164661.2 0.000599991533643
165040.76 0.000596593893657
165421.19 0.000593231462376
165802.5 0.00059006267897
166184.68 0.000586893895563
166567.75 0.000583707507805
166951.89 0.000580521120046
167336.72 0.000577317127935
167722.44 0.000574113135824
168109.05 0.000570909143713
168496.57 0.00056768754725
168884.96 0.000564606785605
169274.24 0.000561614045721
169664.62 0.000558603701485
170055.71 0.000555593357249
170447.71 0.000552565408661
170840.6 0.000549537460073
171234.4 0.000546509511484
171629.11 0.000543463958544
172024.92 0.000540418405603
172421.44 0.00053758410489
172818.89 0.000534749804176
173217.24 0.000531897899111
173616.52 0.000529045994045
174016.73 0.000526194088979
174417.85 0.000523324579561
174820.08 0.000520455070143
175223.05 0.000517585560725
175626.96 0.000514768864364
176031.79 0.000512093002821
176437.55 0.000509399536925
176844.26 0.00050670607103
177252.09 0.000504012605135
177660.67 0.000501301534887
178070.19 0.000498590464639
178480.66 0.000495861790039
178892.06 0.000493133115439
179304.42 0.00049056288001
179717.73 0.000488010248932
180132.19 0.000485475222207
180547.41 0.000482904986778
180963.58 0.0004803523557
181380.71 0.000477782120271
181798.82 0.000475211884841
182217.87 0.000472641649412
182637.89 0.000470089018334
183059.08 0.000467677222075
183481.05 0.000465265425816
183903.98 0.000462853629556
184327.9 0.000460441833297
184752.78 0.000458012432686
185178.66 0.000455583032074
185605.7 0.00045313602711
186033.55 0.000450689022146
186462.37 0.000448347643296
186892.18 0.000446076681855
187322.98 0.000443788116061
187754.77 0.000441499550268
188187.56 0.000439193380122
188621.55 0.000436904814329
189056.34 0.000434598644183
189492.13 0.000432274869685
189928.91 0.000429968699539
190366.71 0.000427803364212
190805.53 0.000425638028884
191245.55 0.000423472693556
191686.39 0.000421307358228
192128.24 0.000419124418549
192571.11 0.000416941478869
193015.0 0.000414758539189
193459.91 0.000412557995156
193905.85 0.000410427868533
194353.02 0.000408385763671
194801.02 0.000406326054457
195250.05 0.000404266345243
195700.12 0.000402206636029
196151.22 0.000400146926815
196603.37 0.000398069613248
197056.77 0.000395992299682
197511.0 0.000393914986116
197966.27 0.000391943298663
198422.61 0.000390006819915
198879.98 0.000388052736814
199338.42 0.000386098653713
199797.9 0.000384144570613
200258.67 0.000382190487512
200720.27 0.000380218800059
201182.96 0.000378247112606
201646.69 0.000376310633858
202111.51 0.000374462176871
202577.39 0.000372613719884
203044.35 0.000370765262897
203512.6 0.00036891680591
203981.71 0.000367050744571
204451.9 0.000365202287584
204923.18 0.000363336226244
205395.53 0.000361452560553
205868.99 0.000359656916622
206343.76 0.000357914085749
206819.4 0.000356153650523
207296.13 0.00035441081965
207773.96 0.000352650384424
208252.9 0.000350889949198
208732.93 0.00034911190962
209214.08 0.000347333870042
209696.56 0.000345555830464
210179.93 0.000343901021352
210664.41 0.00034224621224
211150.0 0.000340573798775
211636.72 0.000338918989663
212124.56 0.000337246576199
212613.76 0.000335556558382
213103.84 0.000333884144917
213595.06 0.000332194127101
214087.41 0.000330556922341
214580.9 0.00032899013499
215075.53 0.000327405743287
215571.28 0.000325821351583
216068.43 0.00032423695988
216566.48 0.000322652568177
217065.69 0.000321050572122
217566.03 0.000319466180418
218067.54 0.000317864184363
218570.21 0.000316350210069
219074.26 0.000314853840127
219579.24 0.000313357470185
220085.39 0.000311843495891
220592.7 0.000310347125949
221101.18 0.000308833151655
221610.83 0.000307319177361
222121.67 0.000305805203066
222633.91 0.000304291228772
223147.1 0.000302882880592
223661.47 0.000301456928059
224177.03 0.000300030975526
224693.77 0.000298587418641
225211.71 0.000297161466108
225730.84 0.000295717909223
226251.42 0.00029429195669
226772.95 0.000292848399805
227295.67 0.000291457655977
227819.6 0.000290102120853
228344.73 0.000288746585729
228871.1 0.000287391050605
229398.91 0.000286035515481
229927.69 0.000284662376005
230457.69 0.000283306840881
230988.91 0.000281933701405
231521.35 0.000280560561929
232055.03 0.000279275444214
232589.94 0.0002779903265
233126.32 0.000276705208785
233663.7 0.00027542009107
234202.3 0.000274117369003
234742.16 0.000272832251288
235283.26 0.000271529529221
235825.61 0.000270226807154
236369.46 0.000268941689439
236914.3 0.000267726989133
237460.4 0.000266512288828
238007.77 0.00026527998417
238556.4 0.000264047679512
239106.28 0.000262815374853
239657.44 0.000261583070195
240210.13 0.000260350765537
240763.83 0.000259100856527
241318.81 0.000257938969278
241875.07 0.000256777082029
242432.6 0.000255597590428
242991.43 0.000254435703179
243551.55 0.00025327381593
244113.21 0.000252094324329
244675.92 0.000250914832727
245239.91 0.000249735341126
245805.2 0.000248573453877
246371.81 0.000247464379685
246939.71 0.000246372909845
247509.19 0.0002452462313
248079.72 0.000244137157108
248651.56 0.000243028082916
249224.71 0.000241919008724
249799.2 0.000240792330179
255617.9 0.000230106488359
261571.86 0.000220107216277
267664.8 0.00021061847041
273899.35 0.000201657855111
280279.43 0.00019315495297
286807.81 0.000185109763988
293488.58 0.000177487079461
300324.65 0.000170315066351
307320.25 0.00016351978638
314478.49 0.000157073072583
321803.82 0.000150953799738
329299.4 0.000145144363493
336969.94 0.000139627159496
