101.98 2.19451742935e-06
104.12 2.73103781954e-06
106.05 3.45409840096e-06
108.03 4.45994993805e-06
110.03 6.47637240454e-06
113.9 9.55714203399e-06
117.9 1.32838474388e-05
120.93 5.09719209594e-05
124.89 6.5362341703e-05
126.92 7.18341189097e-05
128.09 7.6618092389e-05
131.08 8.65623487878e-05
131.99 0.000103354691834
134.13 0.000111257190081
136.94 0.00014399114361
140.13 0.000160074335862
143.06 0.000463792070637
147.07 0.00119764515713
150.84 0.00131012814727
155.07 0.00144984699888
159.05 0.00160446919467
162.0 0.00171922494479
166.16 0.00191135389008
170.03 0.00207168903446
173.19 0.00221476113851
176.82 0.00238962704347
180.11 0.00252537166997
182.19 0.0026262176322
186.01 0.00282045788458
191.22 0.00307133084481
193.88 0.00325327583824
197.94 0.00345409840096
202.08 0.00369255190772
204.89 0.00386654845093
210.15 0.00396577988421
216.04 0.00450118252359
220.05 0.00477888150333
223.11 0.00490146150915
226.74 0.00520387520131
229.89 0.00794931958688
234.17 0.0135620431966
240.17 0.0168780372749
245.77 0.0161552250826
252.07 0.0173512184524
256.76 0.014802746599
259.73 0.0171127649457
263.95 0.0180442239564
268.86 0.0181684184912
273.86 0.018210644633
278.95 0.0182528707748
284.14 0.0183373230585
290.09 0.0175921558499
296.16 0.0179610136181
300.97 0.0177958348869
307.98 0.0180442239564
318.07 0.0184217753421
327.74 0.0183795492003
337.7 0.018210644633
347.96 0.0179610136181
356.88 0.0178368190834
366.04 0.0178368190834
375.43 0.0175524135987
385.06 0.0167625363576
394.94 0.0170742646399
405.07 0.0169562798319
413.55 0.0166470354403
422.21 0.0162682421092
430.06 0.0159714171711
441.09 0.0157515928446
451.36 0.0153218797543
459.76 0.014974135057
470.46 0.0146326000863
480.32 0.0144326468854
490.37 0.013909787894
499.49 0.0138141581022
506.44 0.0134999459293
512.3 0.0141035313682
519.43 0.013877497315
530.31 0.0134688972956
540.17 0.0128628279659
550.21 0.0127150364695
560.44 0.0128628279659
569.54 0.0129522480309
580.13 0.0124827926895
589.56 0.0125411641209
600.52 0.012059537715
610.28 0.0109730839249
620.19 0.0122837088503
630.27 0.012059537715
640.51 0.012004022758
649.42 0.0119764515713
658.46 0.0118121422018
664.55 0.0119764515713
675.35 0.0118393408049
684.74 0.011332627103
694.27 0.0121431206369
705.55 0.0114637765317
715.36 0.0122553924964
725.32 0.012227200337
735.41 0.012227200337
745.64 0.0125411641209
754.27 0.0126864717265
764.76 0.012227200337
775.4 0.0131621367947
784.38 0.0132838474388
795.29 0.0135620431966
804.5 0.0138141581022
815.69 0.0139743690521
825.14 0.0146326000863
834.69 0.0126566650382
844.36 0.0148362791234
854.14 0.0150076675813
864.03 0.0157155764295
874.03 0.0164185174963
884.15 0.0173114762013
894.39 0.0179610136181
904.75 0.0179200294216
915.22 0.0251382157824
925.82 0.138464486813
934.39 0.300140932173
945.21 0.571915832606
953.95 0.815324701297
965.0 0.906421392549
973.93 0.146661326107
985.21 0.741876053436
994.32 0.798595697464
1005.84 1.19214333924
1015.14 1.15166834036
1024.54 0.494679251434
1034.02 0.78582849929
1045.99 1.54286870542
1055.67 1.50772165208
1065.43 1.17038445675
1075.29 1.40389502102
1085.24 1.08975736477
1095.28 1.47344396049
1105.42 1.41035313682
1115.65 1.34688972956
1125.97 1.20317181392
1133.78 1.55354943541
1144.27 1.40389502102
1154.85 1.4974135057
1165.54 1.53926706391
1176.32 1.05033801944
1184.48 1.49045861175
1195.44 1.01234691125
1203.72 0.726649803473
1214.86 0.508539361514
1226.1 1.01701662576
1234.6 1.54286870542
1246.03 1.69562798319
1254.66 1.61552250826
1266.27 1.3877497315
1275.05 1.80442239564
1283.89 1.88937145742
1295.77 1.48362791234
1304.75 1.46661326107
1313.79 1.84640014839
1325.95 1.76741242428
1335.14 1.56075271843
1344.4 1.86776160837
1353.71 1.80852081529
1366.24 1.61192086675
1375.71 1.69562798319
1385.25 1.71525071968
1394.85 1.47009070805
1404.52 1.50772165208
1414.25 1.59714171711
1424.06 1.63800171905
1433.93 1.63800171905
1440.55 1.7231991699
1447.19 1.75524135987
1453.87 1.70345223888
1463.95 1.57876092597
1474.1 1.58248676201
1484.32 1.6192483443
1494.61 1.64942761625
1504.97 1.56795600144
1511.91 1.41035313682
1515.4 1.50424420511
1525.9 1.46326000863
1536.48 1.27746498462
1543.57 1.3530994563
1554.27 1.29820547193
1565.05 1.35620431966
1575.89 1.44984699888
1586.82 1.52175563451
1594.14 1.55354943541
1605.19 1.52523308148
1616.32 1.53218797543
1623.78 1.47009070805
1635.03 1.56075271843
1646.37 1.58248676201
1653.97 1.4974135057
1665.43 1.61552250826
1673.12 1.45655350376
1676.98 1.64557758567
1684.72 1.69947801376
1696.4 1.61552250826
1704.22 1.56795600144
1716.04 1.49393605872
1723.96 1.49045861175
1735.91 1.58969004503
1743.92 1.56435435994
1756.01 1.65315345229
1764.12 1.54647034693
1776.34 1.57155764295
1784.54 1.60819503071
1796.91 1.69562798319
1805.21 1.69177795261
1813.54 1.58969004503
1826.11 1.6192483443
1834.54 1.57876092597
1843.01 1.48362791234
1855.78 1.4974135057
1864.35 1.53926706391
1872.95 1.63427588301
1885.94 1.53218797543
1894.64 1.49393605872
1903.39 1.57155764295
1916.58 1.52871052846
1925.43 1.4974135057
1934.31 1.55715107692
1943.24 1.61192086675
1956.71 1.52175563451
1965.74 1.64557758567
1974.82 1.68780372749
1983.93 1.62297418035
1993.09 1.59341588107
2006.91 1.63800171905
2016.17 1.60819503071
2025.48 1.66470354403
2034.82 1.59714171711
2044.22 1.64557758567
2053.65 1.47679721292
2063.13 1.53218797543
2072.65 1.69947801376
2077.43 1.64185174963
2087.02 1.69562798319
2096.66 1.63055004697
2106.33 1.64557758567
2116.06 1.67240360518
2125.82 1.68780372749
2135.63 1.62297418035
2145.49 1.64557758567
2155.4 1.69562798319
2165.34 1.64942761625
2175.34 1.65700348287
2185.38 1.63800171905
2195.47 1.69947801376
2205.6 1.67625363576
2215.78 1.61552250826
2226.01 1.60074335862
2236.28 1.66855357461
2246.61 1.63055004697
2256.98 1.57876092597
2267.39 1.61192086675
2272.62 1.63800171905
2283.11 1.66457934949
2293.65 1.58944165596
2304.24 1.6074498635
2314.87 1.57056408667
2325.56 1.38352711731
2336.29 1.51318621161
2347.08 1.48871988826
2352.49 1.55156232285
2363.34 1.48139241071
2374.25 1.50163611988
2385.21 1.42389034111
2396.22 1.49070700082
2407.28 1.46326000863
2412.83 1.48685697024
2423.97 1.54584937426
2435.16 1.51045393185
2446.4 1.55951077308
2457.69 1.54845745949
2463.35 1.54125417647
2474.73 1.51281362801
2486.15 1.50896359743
2497.62 1.35707368141
2503.38 1.55069296111
2514.94 1.42053708867
2520.73 1.47033909712
2526.54 1.44997119341
2532.37 1.47331976595
2544.06 1.46288742503
2555.8 1.53144280822
2567.6 1.49977320186
2573.52 1.54870584855
2585.39 1.53417508799
2597.33 1.51629107498
2603.32 1.49182475163
2615.33 1.47443751676
2627.41 1.51889916021
2633.46 1.57217861563
2645.62 1.64582597474
2657.83 1.70717807492
2663.95 1.57491089539
2676.25 1.61117569954
2682.42 1.63340652127
2694.8 1.55951077308
2707.24 1.60285466571
2713.48 1.53752834043
2726.01 1.51964432742
2732.29 1.54771229228
2744.9 1.44736310818
2757.57 1.47394073862
2763.93 1.51157168266
2776.69 1.54647034693
2783.09 1.47667301839
2795.93 1.3249072969
2802.38 1.37446091628
2815.32 1.52411533067
2821.8 1.58472226364
2834.83 1.54473162344
2847.91 1.50225709255
2854.48 1.44773569179
2867.66 1.55802043866
2874.27 1.59788688432
2887.53 1.58273515108
2894.19 1.61204506129
2907.55 1.71897655572
2927.7 1.65998415171
2948.0 1.62533387651
2968.43 1.63974044254
2989.01 1.63526943929
3009.73 1.63092263057
3030.59 1.64160336056
3051.59 1.64843405997
3072.75 1.67078907623
3086.93 1.66259223694
3108.33 1.70456998969
3129.88 1.66135029159
3151.57 1.66445515496
3173.42 1.68693436575
3188.06 1.60682889083
3210.16 1.63974044254
3232.41 1.56894955772
3247.33 1.70407321155
3269.84 1.76728822975
3292.51 1.75437199813
3307.71 1.71785880491
3322.97 1.71736202677
3330.63 1.74095898838
3338.31 1.64334208405
3346.01 1.72456530979
3353.72 1.65812123369
3361.45 1.65402281404
3369.2 1.63489685568
3376.97 1.61216925582
3384.75 1.61937253884
3392.55 1.73102342559
3400.38 1.78740774438
3408.22 1.67178263251
3416.07 1.64098238789
3423.95 1.76617047893
3431.84 1.77411892916
3439.75 1.75760105603
3447.68 1.57702220248
3455.63 1.65489217578
3463.59 1.5585172168
3471.58 1.68904567284
3479.58 1.55802043866
3487.6 1.61254183943
3495.64 1.63092263057
3503.7 1.72729758955
3511.78 1.68780372749
3519.87 1.68755533843
3527.99 1.56025594029
3536.12 1.71040713282
3544.27 1.75412360906
3552.44 1.77821734881
3560.63 1.72940889664
3568.84 1.59900463514
3577.07 1.5731721719
3585.31 1.46114870154
3593.58 1.58720615433
3601.86 1.7521364965
3606.05 1.64843405997
3608.78 1.47319557142
3611.5 1.59043521224
3614.23 1.69215053621
3616.96 1.60074335862
3619.69 1.59254651933
3622.42 1.5870819598
3625.14 1.64371466765
3627.87 1.621732235
3630.6 1.61676445361
3633.33 1.60397241653
3636.06 1.50946037557
3638.78 1.69066020179
3641.51 1.74344287907
3644.24 1.68842470017
3646.97 1.71214585631
3649.7 1.68345691878
3652.42 1.73822670861
3655.15 1.74754129872
3657.88 1.7399654321
3660.61 1.79523200007
3663.34 1.81473054203
3666.07 1.81112890052
3668.79 1.62061448419
3671.52 1.6942618433
3674.25 1.74828646593
3676.98 1.64868244904
3679.71 1.65600992659
3682.43 1.68929406191
3685.16 1.58298354015
3687.89 1.56187046924
3690.62 1.77151084393
3693.35 1.84726951014
3696.07 1.75350263639
3698.8 1.74331868454
3701.53 1.72953309118
3704.26 1.65849381729
3706.99 1.65861801182
3709.71 1.67439071774
3712.44 1.68656178215
3715.17 1.82081607423
3717.9 1.80616111913
3720.63 1.99456422837
3723.36 2.28132940915
3726.08 2.51245543835
3728.81 2.59541738758
3731.54 2.28021165834
3734.27 1.84416464677
3737.0 1.7978400853
3739.72 1.91582489333
3742.45 1.79163035856
3745.18 1.73040245292
3747.91 1.64905503265
3750.64 1.82081607423
3753.36 1.81025953878
3756.09 1.94178155109
3758.82 1.99953200976
3761.55 2.0782713448
3764.28 1.95047516853
3767.0 1.82230640865
3769.73 1.92315237088
3772.46 1.90203929997
3775.19 1.97047048863
3777.92 2.1875625354
3780.65 2.29263111181
3783.37 2.41781920286
3786.1 2.20408040852
3788.83 2.05827602471
3791.56 2.01580149382
3794.29 1.77647862532
3797.01 1.78566902089
3799.74 1.8357194184
3802.47 1.92551206704
3805.2 2.1504283695
3807.93 2.21376758224
3810.65 2.31548290621
3813.38 2.24456782686
3816.11 2.19787068179
3818.84 2.15241548206
3821.57 2.02673061288
3824.29 2.03480325764
3827.02 1.91470714252
3829.75 1.87347455697
3832.48 1.70730226945
3835.21 1.59974980234
3837.94 1.70419740608
3840.66 1.91147808461
3843.39 2.08920046386
3846.12 2.27859712939
3848.85 2.28207457636
3851.58 2.31026673575
3854.3 2.33734114433
3857.03 2.34206053665
3859.76 2.4040336095
3862.49 2.52425391916
3865.22 2.50401020999
3867.94 2.44042260819
3870.67 2.38304473312
3873.4 2.28741494135
3876.13 2.24580977221
3878.86 2.2050739648
3881.58 2.01580149382
3884.31 1.8989344366
3887.04 2.00437559662
3889.77 1.92389753809
3892.5 1.93445407354
3895.23 2.16644946449
3897.95 2.1936480676
3900.68 2.29387305716
3903.41 2.35162351583
3906.14 2.36677524907
3908.87 2.47569385606
3911.59 2.48910686582
3914.32 2.41272722693
3917.05 2.43619999401
3919.78 2.38192698231
3922.51 2.3575848535
3925.23 2.26021633824
3927.96 1.98562222187
3930.69 1.80827242622
3933.42 1.71785880491
3936.15 1.84317109049
3938.87 2.04598076577
3941.6 2.20395621399
3944.33 2.37621403371
3947.06 2.42315956785
3949.79 2.35087834862
3952.52 2.36764461081
3955.24 2.32218941109
3957.97 2.2336387078
3960.7 2.01282082498
3963.43 1.72642822781
3966.16 1.6567550938
3968.88 1.6596115681
3971.61 1.69947801376
3974.34 1.85372762594
3977.07 2.06013894273
3979.8 2.20817882817
3982.52 2.34802187432
3985.25 2.38143020417
3987.98 2.49742789965
3990.71 2.59715611106
3993.44 2.5976528892
3996.16 2.53493464915
3998.89 2.59020121712
4001.62 2.61640626395
4004.35 2.63652577859
4007.08 2.67092766472
4009.81 2.65602432054
4012.53 2.73414268291
4015.26 2.72259259118
4017.99 2.83238055991
4020.72 2.80182870436
4023.45 2.70781344154
4026.17 2.68893587226
4028.9 2.73364590477
4031.63 2.67030669204
4034.36 2.59380285863
4037.09 2.67279058274
4039.81 2.70632310713
4042.54 2.68247775645
4045.27 2.67452930623
4048.0 2.68645198156
4050.73 2.68222936738
4053.45 2.64285969986
4056.18 2.62075307267
4058.91 2.65118073369
4061.64 2.63292413708
4064.37 2.63466286056
4067.1 2.6465855359
4069.82 2.64509520149
4072.55 2.57666401283
4075.28 2.54859604797
4078.01 2.54412504472
4080.74 2.61975951639
4083.46 2.59330608049
4086.19 2.58113501608
4088.92 2.54437343379
4091.65 2.45507756329
4094.38 2.36118649501
4097.1 2.22854673187
4099.83 2.26319700707
4102.56 2.3233071619
4105.29 2.34603476176
4108.02 2.3693833343
4110.74 2.43433707598
4113.47 2.52773136613
4116.2 2.57641562376
4118.93 2.5715720369
4121.66 2.53505884368
4124.39 2.51257963289
4127.11 2.52499908636
4129.84 2.52363294648
4132.57 2.568342979
4135.3 2.59740450013
4138.03 2.6319305808
4140.75 2.57964468166
4143.48 2.61032073175
4146.21 2.64285969986
4148.94 2.5797688762
4151.67 2.59914322362
4154.39 2.65205009543
4157.12 2.63130960813
4159.85 2.68098742203
4162.58 2.68160839471
4165.31 2.67316316634
4168.03 2.61404656779
4170.76 2.51295221649
4173.49 2.60249647606
4176.22 2.57033009155
4178.95 2.56051872331
4181.68 2.54623635181
4184.4 2.60224808699
4187.13 2.64323228346
4189.86 2.67303897181
4192.59 2.64099678184
4195.32 2.60895459187
4198.04 2.60212389246
4200.77 2.65291945718
4203.5 2.6233611579
4206.23 2.70868280329
4208.96 2.73612979547
4211.68 2.7098005541
4214.41 2.74271210581
4217.14 2.74035240965
4219.87 2.67713739146
4222.6 2.63664997312
4225.32 2.51307641103
4228.05 2.49593756523
4230.78 2.57169623144
4233.51 2.58933185537
4236.24 2.62137404534
4238.97 2.64000322556
4241.69 2.65850821124
4244.42 2.66757441228
4247.15 2.68508584168
4249.88 2.63739514033
4252.61 2.62745957755
4255.33 2.63354510975
4258.06 2.70893119236
4260.79 2.73314912664
4263.52 2.7444508293
4266.25 2.79400444867
4268.97 2.52437811369
4271.7 2.53567981635
4274.43 2.59094638433
4277.16 2.53828790158
4279.89 2.66583568879
4282.61 2.64956620474
4285.34 2.61094170442
4288.07 2.58659957561
4290.8 2.52450230823
4293.53 2.4729615763
4296.26 2.36391877477
4298.98 2.30194570192
4301.71 2.33560242084
4304.44 2.33237336294
4307.17 2.24804527383
4309.9 2.34057020223
4312.62 2.49767628872
4315.35 2.55753805447
4318.08 2.57206881504
4320.81 2.53704595624
4323.54 2.46799379491
4326.26 2.42862412738
4328.99 2.40217069148
4331.72 2.35212029397
4334.45 2.39533999207
4337.18 2.53803951252
4339.9 2.58560601933
4342.63 2.57194462051
4345.36 2.42589184762
4348.09 2.35895099338
4350.82 2.3922351287
4353.55 2.49146656198
4356.27 2.614791735
4359.0 2.63578061138
4361.73 2.65639690415
4364.46 2.72222000758
4367.19 2.7383652971
4369.91 2.60796103559
4372.64 2.71625866991
4375.37 2.62187082348
4378.1 2.58995282805
4380.83 2.56623167191
4383.55 2.49717951058
4386.28 2.44911622562
4389.01 2.4990424286
4391.74 2.6005093635
4394.47 2.63068863545
4397.19 2.68732134331
4399.92 2.62969507917
4402.65 2.62460310325
4405.38 2.55194930041
4408.11 2.60026097443
4410.84 2.65937757298
4413.56 2.72222000758
4416.29 2.61628206942
4419.02 2.64422583974
4421.75 2.72793295618
4424.48 2.66968571937
4427.2 2.70135532573
4429.93 2.74184274407
4432.66 2.76332839858
4435.39 2.69353107004
4438.12 2.7212264513
4440.84 2.72023289502
4443.57 2.74867344348
4446.3 2.72284098025
4449.03 2.81101909993
4451.76 2.69862304597
4454.48 2.66993410844
4457.21 2.61864176558
4459.94 2.59231252421
4462.67 2.59429963677
4465.4 2.62286437976
4468.13 2.66235824182
4470.85 2.7273119835
4473.58 2.74656213639
4476.31 2.7240829256
4479.04 2.69365526458
4481.77 2.76829617997
4484.49 2.76009934068
4487.22 2.73824110256
4489.95 2.84405484618
4492.68 2.82579824957
4495.41 2.76792359637
4498.13 2.7962399503
4500.86 2.85200329641
4503.59 2.89211813114
4506.32 2.91422475833
4509.05 2.84393065165
4511.77 2.88603259893
4514.5 2.8194643283
4517.23 2.82356274795
4519.96 2.764818733
4522.69 2.72756037257
4525.42 2.7412217714
4528.14 2.66024693473
4530.87 2.69340687551
4533.6 2.63106121906
4536.33 2.68247775645
4539.06 2.76593648381
4541.78 2.8226933862
4544.51 2.76792359637
4547.24 2.7533928358
4549.97 2.72346195292
4552.7 2.73786851896
4555.42 2.65975015659
4558.15 2.7962399503
4560.88 2.82356274795
4563.61 2.74718310906
4566.34 2.82207241353
4569.06 2.81226104528
4571.79 2.79251411425
4574.52 2.80493356773
4577.25 2.76717842916
4579.98 2.73675076814
4582.71 2.69998918585
4585.43 2.68806651051
4588.16 2.75860900626
4590.89 2.82890311294
4593.62 2.77264298869
4596.35 2.76332839858
4599.07 2.73078943047
4601.8 2.83300153259
4604.53 2.82617083318
4607.26 2.87510347988
4609.99 2.92105545774
4612.71 2.87560025801
4615.44 2.8541146035
4618.17 2.83809350851
4620.9 2.84865004397
4623.63 2.85113393466
4626.35 2.84355806804
4629.08 2.81424815784
4631.81 2.81064651633
4634.54 2.77425751764
4637.27 2.7615896751
4640.0 2.75426219755
4642.72 2.68471325808
4645.45 2.69253751377
4648.18 2.69825046237
4650.91 2.72743617804
4653.64 2.75711867185
4656.36 2.81586268679
4659.09 2.77202201602
4661.82 2.76717842916
4664.55 2.73973143698
4667.28 2.65962596205
4670.0 2.643356478
4672.73 2.69825046237
4675.46 2.70905538689
4678.19 2.75401380848
4680.92 2.71514091909
4683.65 2.69030201214
4686.37 2.67589544611
4689.1 2.69986499132
4691.83 2.75152991778
4694.56 2.7730155723
4697.29 2.77239459962
4700.01 2.6955181826
4702.74 2.64348067253
4705.47 2.65416140252
4708.2 2.64484681242
4710.93 2.66844377402
4713.65 2.69638754434
4716.38 2.80058675901
4719.11 2.81014973819
4721.84 2.78419308043
4724.57 2.71849417153
4727.29 2.67179702646
4730.02 2.67291477727
4732.75 2.70098274213
4735.48 2.75451058662
4738.21 2.79611575576
4740.94 2.79872384099
4743.66 2.82157563539
4746.39 2.82790955666
4749.12 2.79214153065
4751.85 2.80543034587
4754.58 2.76308000951
4757.3 2.68471325808
4760.03 2.68670037063
4762.76 2.666580856
4765.49 2.72346195292
4768.22 2.75649769917
4770.94 2.71203605572
4773.67 2.77512687939
4776.4 2.81474493598
4779.13 2.80344323331
4781.86 2.78593180391
4784.58 2.77400912857
4787.31 2.81536590865
4790.04 2.79288669786
4792.77 2.79412864321
4795.5 2.84119837188
4798.23 2.79276250332
4800.95 2.79648833937
4803.68 2.77574785206
4806.41 2.76879295811
4809.14 2.80692068029
4811.87 2.78531083124
4814.59 2.78220596787
4817.32 2.80741745843
4820.05 2.77549946299
4822.78 2.74047660419
4825.51 2.70421180003
4828.23 2.67750997506
4830.96 2.67390833355
4833.69 2.70321824376
4836.42 2.70706827433
4839.15 2.71861836607
4841.87 2.71476833549
4844.6 2.6115626771
4847.33 2.53853629065
4850.06 2.56908814621
4852.79 2.64360486707
4855.52 2.86640986244
4858.24 3.38579140684
4860.97 3.67119044774
4863.7 3.34629754478
4866.43 2.79760609018
4869.16 2.56623167191
4871.88 2.50723926789
4874.61 2.46923574025
4877.34 2.5047553772
4880.07 2.53816370705
4882.8 2.55989775063
4885.52 2.53033945136
4888.25 2.57653981829
4890.98 2.6437290616
4893.71 2.67254219367
4896.44 2.7187425606
4899.16 2.7440782457
4901.89 2.73612979547
4904.62 2.71315380654
4907.35 2.6751502789
4910.08 2.68483745261
4912.81 2.63056444092
4915.53 2.59889483455
4918.26 2.60373842141
4920.99 2.57418012213
4923.72 2.58150759968
4926.45 2.62683860487
4929.17 2.71389897375
4931.9 2.69961660225
4934.63 2.67291477727
4937.36 2.66856796856
4940.09 2.66968571937
4942.81 2.70011338039
4945.54 2.75215089045
4948.27 2.80021417541
4951.0 2.77487849032
4953.73 2.75724286638
4956.45 2.74258791128
4959.18 2.72544906548
4961.91 2.77500268485
4964.64 2.80356742785
4967.37 2.76034772975
4970.1 2.74892183255
4972.82 2.74358146756
4975.55 2.6980020733
4978.28 2.66670505053
4981.01 2.61243203884
4983.74 2.55803483261
4986.46 2.50202309743
4989.19 2.5744285112
4991.92 2.64646134137
4994.65 2.63503544417
4997.38 2.6462129523
5000.1 2.57641562376
5002.83 2.64323228346
5005.56 2.80294645518
5008.29 2.84492420793
5011.02 2.70359082736
5013.74 2.58312212864
5016.47 2.55194930041
5019.2 2.47991647024
5021.93 2.50127793022
5024.66 2.58150759968
5027.39 2.52611683718
5030.11 2.56213325226
5032.84 2.56995750795
5035.57 2.55629610913
5038.3 2.54213793216
5041.03 2.55877999982
5043.75 2.58088662701
5046.48 2.58535763026
5049.21 2.58622699201
5051.94 2.60187550339
5054.67 2.62733538301
5057.39 2.68036644936
5060.12 2.72010870048
5062.85 2.70681988526
5065.58 2.6726663882
5068.31 2.66074371287
5071.03 2.59641094386
5073.76 2.52636522625
5076.49 2.46252923538
5079.22 2.46203245724
5081.95 2.5394056524
5084.68 2.57902370899
5087.4 2.5890834663
5090.13 2.65130492822
5092.86 2.7126570284
5095.59 2.68049064389
5098.32 2.58051404341
5101.04 2.58622699201
5103.77 2.54114437588
5106.5 2.53145720217
5109.23 2.58163179422
5111.96 2.68173258924
5114.68 2.59007702258
5117.41 2.58486085212
5120.14 2.66831957949
5122.87 2.58858668817
5125.6 2.54064759775
5128.32 2.52735878253
5131.05 2.57877531992
5133.78 2.54387665565
5136.51 2.50786024057
5139.24 2.5190377487
5141.97 2.52735878253
5144.69 2.41446595042
5147.42 2.41744661926
5150.15 2.49134236744
5152.88 2.55716547087
5155.61 2.53493464915
5158.33 2.56424455935
5161.06 2.56027033424
5163.79 2.38528023475
5166.52 2.2368677657
5169.25 2.23525323675
5171.97 2.25922278196
5174.7 2.34802187432
5177.43 2.45197269992
5180.16 2.39943841171
5182.89 2.35038157048
5185.61 2.31448934993
5188.34 2.43644838308
5191.07 2.49680692697
5193.8 2.50463118266
5196.53 2.56362358668
5199.26 2.60448358862
5201.98 2.56188486319
5204.71 2.47768096862
5207.44 2.3836657058
5210.17 2.45594692503
5212.9 2.53518303822
5215.62 2.55281866215
5218.35 2.54015081961
5221.08 2.54188954309
5223.81 2.52947008962
5226.54 2.44042260819
5229.26 2.47606643967
5231.99 2.57057848062
5234.72 2.63702255673
5237.45 2.62882571743
5240.18 2.63366930429
5242.9 2.62572085406
5245.63 2.6144191514
5248.36 2.63466286056
5251.09 2.62522407592
5253.82 2.60510456129
5256.55 2.63081282999
5259.27 2.59131896793
5262.0 2.53058784043
5264.73 2.43048704541
5267.46 2.37161883593
5270.19 2.41471433949
5272.91 2.44948880923
5275.64 2.47979227571
5278.37 2.5340652874
5281.1 2.59541738758
5283.83 2.59964000176
5286.55 2.60597392303
5289.28 2.70545374538
5292.01 2.71799739339
5294.74 2.69812626783
5297.47 2.66186146368
5300.19 2.6344144715
5302.92 2.68210517285
5305.65 2.72644262176
5308.38 2.76295581498
5311.11 2.7591057844
5313.84 2.75475897569
5316.56 2.75823642266
5319.29 2.67701319692
5322.02 2.59752869467
5324.75 2.5569170818
5327.48 2.55517835831
5330.2 2.58486085212
5332.93 2.61342559512
5335.66 2.66496632705
5338.39 2.67651641878
5341.12 2.66745021774
5343.84 2.69961660225
5346.57 2.71054572131
5349.3 2.7008585476
5352.03 2.75786383905
5354.76 2.80058675901
5357.48 2.73364590477
5360.21 2.6894326504
5362.94 2.67477769529
5365.67 2.64136936544
5368.4 2.64820006485
5371.13 2.6722938046
5373.85 2.6980020733
5376.58 2.70073435306
5379.31 2.68521003622
5382.04 2.69191654109
5384.77 2.67030669204
5387.49 2.60957556454
5390.22 2.58722054828
5392.95 2.58995282805
5395.68 2.56821878446
5398.41 2.58573021387
5401.13 2.51195866021
5403.86 2.47855033036
5406.59 2.5340652874
5409.32 2.54213793216
5412.05 2.596907722
5414.77 2.64807587032
5417.5 2.6726663882
5420.23 2.65217428997
5422.96 2.62832893929
5425.69 2.65403720799
5428.42 2.614791735
5431.14 2.61578529128
5433.87 2.65776304403
5436.6 2.64807587032
5439.33 2.66894055216
5442.06 2.71750061525
5444.78 2.66558729972
5447.51 2.64037580916
5450.24 2.62174662895
5452.97 2.596907722
5455.7 2.6608679074
5458.42 2.65329204078
5461.15 2.64236292172
5463.88 2.64820006485
5466.61 2.63987903102
5469.34 2.65602432054
5472.06 2.61826918198
5474.79 2.57703659643
5477.52 2.61851757104
5480.25 2.63354510975
5482.98 2.61926273825
5485.71 2.63826450207
5488.43 2.67105185925
5491.16 2.69092298481
5493.89 2.67589544611
5496.62 2.66633246693
5499.35 2.66471793798
5502.07 2.63019185731
5504.8 2.53344431473
5507.53 2.50090534662
5510.26 2.54996218785
5512.99 2.60560133943
5515.71 2.62348535244
5518.44 2.60858200826
5521.17 2.60349003234
5523.9 2.63354510975
5526.63 2.5687155626
5529.35 2.57914790352
5532.08 2.61168687163
5534.81 2.57033009155
5537.54 2.66844377402
5540.27 2.643356478
5543.0 2.63503544417
5545.72 2.65937757298
5548.45 2.63205477533
5551.18 2.72433131467
5553.91 2.72296517478
5556.64 2.65465818066
5559.36 2.65018717741
5562.09 2.61106589896
5564.82 2.60969975908
5567.55 2.62559665953
5570.28 2.65552754241
5573.0 2.64385325614
5575.73 2.67241799913
5578.46 2.66670505053
5581.19 2.60510456129
5583.92 2.55021057692
5586.64 2.58622699201
5589.37 2.60485617222
5592.1 2.52636522625
5594.83 2.5483476589
5597.56 2.52114905579
5600.29 2.52661361532
5603.01 2.61181106617
5605.74 2.68247775645
5608.47 2.68744553784
5611.2 2.66595988333
5613.93 2.6698099139
5616.65 2.60038516897
5619.38 2.55219768948
5622.11 2.55058316053
5624.84 2.60249647606
5627.57 2.65130492822
5630.29 2.65838401671
5633.02 2.65627270961
5635.75 2.67490188983
5638.48 2.59752869467
5641.21 2.65180170636
5643.93 2.58759313189
5646.66 2.68483745261
5649.39 2.67353574995
5652.12 2.63751933486
5654.85 2.63416608243
5657.58 2.56523811563
5660.3 2.59293349688
5663.03 2.52971847869
5665.76 2.63677416766
5668.49 2.67825514227
5671.22 2.58337051771
5673.94 2.65279526264
5676.67 2.6812358111
5679.4 2.67788255866
5682.13 2.71489253002
5684.86 2.66273082542
5687.58 2.55269446762
5690.31 2.6319305808
5693.04 2.63578061138
5695.77 2.65950176752
5698.5 2.62323696337
5701.22 2.58312212864
5703.95 2.53952984693
5706.68 2.51717483067
5709.41 2.5279797552
5712.14 2.5887108827
5714.87 2.68285034005
5717.59 2.63292413708
5720.32 2.79959320274
5723.05 2.67204541553
5725.78 2.64435003428
5728.51 2.61168687163
5731.23 2.76394937126
5733.96 2.61218364977
5736.69 2.67440511169
5739.42 2.67601964064
5742.15 2.69526979353
5744.87 2.67142444286
5747.6 2.67428091716
5750.33 2.60560133943
5753.06 2.6522984845
5755.79 2.69489720993
5758.51 2.66682924507
5761.24 2.64199033812
5763.97 2.59678352746
5766.7 2.6637243817
5769.43 2.75041216697
5772.16 2.68707295424
5774.88 2.6608679074
5777.61 2.64882103753
5780.34 2.55704127633
5783.07 2.49295689639
5785.8 2.50624571161
5788.52 2.63652577859
5791.25 2.65093234462
5793.98 2.67030669204
5796.71 2.59852225095
5799.44 2.64720650858
5802.16 2.69067459574
5804.89 2.64981459381
5807.62 2.6119352607
5810.35 2.72147484037
5813.08 2.6351596387
5815.8 2.66273082542
5818.53 2.72433131467
5821.26 2.70172790934
5823.99 2.74457502383
5826.72 2.69986499132
5829.45 2.65987435112
5832.17 2.71079411038
5834.9 2.76991070893
5837.63 2.69725690609
5840.36 2.67688900239
5843.09 2.73054104141
5845.81 2.68160839471
5848.54 2.65875660031
5851.27 2.56250583586
5854.0 2.60262067059
5856.73 2.58125921061
5859.45 2.57914790352
5862.18 2.59964000176
5864.91 2.65701787682
5867.64 2.61367398419
5870.37 2.66248243635
5873.09 2.7244555092
5875.82 2.69663593341
5878.55 2.62547246499
5881.28 2.58125921061
5884.01 2.5479750753
5886.74 2.38205117685
5889.46 2.25574533499
5892.19 2.30132472925
5894.92 2.32939269411
5897.65 2.41521111763
5900.38 2.54176534856
5903.1 2.57008170249
5905.83 2.54300729391
5908.56 2.57206881504
5911.29 2.59529319304
5914.02 2.53952984693
5916.74 2.55666869273
5919.47 2.58486085212
5922.2 2.59082218979
5924.93 2.53965404147
5927.66 2.563002614
5930.38 2.56113969598
5933.11 2.56374778121
5935.84 2.58821410456
5938.57 2.58237696143
5941.3 2.61454334593
5944.03 2.60498036676
5946.75 2.57355914946
5949.48 2.56287841947
5952.21 2.53170559124
5954.94 2.54971379878
5957.67 2.58746893735
5960.39 2.56772200632
5963.12 2.5340652874
5965.85 2.58125921061
5968.58 2.54698151902
5971.31 2.55281866215
5974.03 2.56747361726
5976.76 2.58746893735
5979.49 2.6001367799
5982.22 2.57144784237
5984.95 2.57467690027
5987.67 2.58684796468
5990.4 2.5515767168
5993.13 2.60498036676
5995.86 2.62758377208
5998.59 2.55517835831
6001.32 2.53679756717
6004.04 2.5047553772
6006.77 2.5222668066
6009.5 2.51580869079
6012.23 2.58386729584
6014.96 2.57877531992
6017.68 2.53754273438
6020.41 2.56747361726
6023.14 2.53021525682
6025.87 2.56349939214
6028.6 2.58448826852
6031.32 2.59007702258
6034.05 2.61541270768
6036.78 2.58001726527
6039.51 2.59678352746
6042.24 2.54164115402
6044.96 2.59107057886
6047.69 2.67005830297
6050.42 2.64136936544
6053.15 2.55902838889
6055.88 2.58113501608
6058.61 2.59529319304
6061.33 2.58473665759
6064.06 2.61777240384
6066.79 2.55257027308
6069.52 2.6119352607
6072.25 2.5976528892
6074.97 2.56933653528
6077.7 2.54077179228
6080.43 2.53729434531
6083.16 2.51257963289
6085.89 2.56573489377
6088.61 2.56660425551
6091.34 2.54176534856
6094.07 2.54884443704
6096.8 2.568342979
6099.53 2.47805355222
6102.25 2.54188954309
6104.98 2.54027501414
6107.71 2.53617659449
6110.44 2.54884443704
6113.17 2.55989775063
6115.9 2.56250583586
6118.62 2.57703659643
6121.35 2.48910686582
6124.08 2.5169264416
6126.81 2.49916662313
6129.54 2.54847185344
6132.26 2.54251051577
6134.99 2.50699087882
6137.72 2.418315981
6140.45 2.41160947612
6143.18 2.52599264264
6145.9 2.47693580141
6148.63 2.46973251839
6151.36 2.46625507142
6154.09 2.43756613389
6156.82 2.46352279165
6159.55 2.36963172337
6162.27 2.39285610137
6165.0 2.39981099532
6167.73 2.49345367453
6170.46 2.37335755941
6173.19 2.42315956785
6175.91 2.48252455547
6178.64 2.48277294454
6181.37 2.51965872137
6184.1 2.47929549757
6186.83 2.41993050995
6189.55 2.39136576695
6192.28 2.37720758999
6195.01 2.44253391528
6197.74 2.45321464527
6200.47 2.45768564852
6203.19 2.53269914752
6205.92 2.54710571355
6208.65 2.51990711044
6211.38 2.47085026921
6214.11 2.43185318529
6216.84 2.40701427834
6219.56 2.42253859518
6222.29 2.39459482486
6225.02 2.35137512676
6227.75 2.42750637657
6230.48 2.45669209224
6233.2 2.45420820155
6235.93 2.42017889902
6238.66 2.41459014496
6241.39 2.45420820155
6244.12 2.42328376239
6246.84 2.38292053859
6249.57 2.36304941303
6252.3 2.37844953534
6255.03 2.39533999207
6257.76 2.41111269798
6260.48 2.47730838501
6263.21 2.44750169667
6265.94 2.48662297512
6268.67 2.48885847675
6271.4 2.53133300764
6274.13 2.44601136225
6276.85 2.43197737982
6279.58 2.40664169473
6282.31 2.3690107507
6285.04 2.51481513451
6287.77 2.39322868498
6290.49 2.42651282029
6293.22 2.5018989029
6295.95 2.49829726139
6298.68 2.5104683258
6301.41 2.53630078903
6304.13 2.52114905579
6306.86 2.47171963095
6309.59 2.46240504084
6312.32 2.4472533076
6315.05 2.32728138701
6317.77 2.4643921534
6320.5 2.45060656004
6323.23 2.39881743904
6325.96 2.53530723275
6328.69 2.48885847675
6331.42 2.45023397643
6334.14 2.5365491781
6336.87 2.41334819961
6339.6 2.43508224319
6342.33 2.40626911113
6345.06 2.47519707792
6347.78 2.52139744486
6350.51 2.51630546893
6353.24 2.44501780597
6355.97 2.4154595067
6358.7 2.42986607273
6361.42 2.44948880923
6364.15 2.49991179034
6366.88 2.50028437395
6369.61 2.57467690027
6372.34 2.4215450389
6375.06 2.5911947734
6377.79 2.53828790158
6380.52 2.52624103171
6383.25 2.54052340321
6385.98 2.49457142535
6388.71 2.51556030172
6391.43 2.45669209224
6394.16 2.40949816903
6396.89 2.43731774482
6399.62 2.44911622562
6402.35 2.47283738176
6405.07 2.44663233493
6407.8 2.43818710656
6410.53 2.42874832192
6413.26 2.48289713908
6415.99 2.48165519373
6418.71 2.42887251645
6421.44 2.42092406623
6424.17 2.43918066284
6426.9 2.48401488989
6429.63 2.4822761664
6432.35 2.45805823212
6435.08 2.44539038958
6437.81 2.45110333818
6440.54 2.43421288145
6443.27 2.48252455547
6446.0 2.47097446374
6448.72 2.46364698619
6451.45 2.42514668041
6454.18 2.47134704734
6456.91 2.44911622562
6459.64 2.41049172531
6462.36 2.39645774288
6465.09 2.42340795692
6467.82 2.48351811175
6470.55 2.55952516703
6473.28 2.54487021193
6476.0 2.52003130497
6478.73 2.55070735506
6481.46 2.52611683718
6484.19 2.46116309549
6486.92 2.4383113011
6489.64 2.39012382161
6492.37 2.33262175201
6495.1 2.35845421524
6497.83 2.40229488601
6500.56 2.45234528353
6503.29 2.4794196921
6506.01 2.48587780791
6508.74 2.47445191071
6511.47 2.49171495105
6514.2 2.47979227571
6516.93 2.48426327896
6519.65 2.49643434337
6522.38 2.51804419242
6525.11 2.53630078903
6527.84 2.47780516315
6530.57 2.44166455354
6533.29 2.43148060168
6536.02 2.50363762638
6538.75 2.52027969404
6541.48 2.70470857817
6544.21 2.920186096
6546.93 3.11777960081
6549.66 3.1395136444
6552.39 3.10796823256
6555.12 3.51048271975
6557.85 6.04802545412
6560.58 8.50583529718
6563.3 11.5418948941
6566.03 6.7787860967
6568.76 3.82320455829
6571.49 2.81871916109
6574.22 2.65440979159
6576.94 3.1056085364
6579.67 4.13977642742
6582.4 4.61544149558
6585.13 4.47423230955
6587.86 3.38703335219
6590.58 2.66844377402
6593.31 2.53990243054
6596.04 2.48202777733
6598.77 2.50177470836
6601.5 2.51493932905
6604.22 2.47668741234
6606.95 2.43185318529
6609.68 2.42365634599
6612.41 2.54362826658
6615.14 2.48041324838
6617.87 2.56312680854
6620.59 2.49978759581
6623.32 2.49556498162
6626.05 2.51195866021
6628.78 2.47395513258
6631.51 2.47569385606
6634.23 2.43160479622
6636.96 2.42291117879
6639.69 2.44924042016
6642.42 2.45234528353
6645.15 2.48972783849
6647.87 2.50661829522
6650.6 2.43980163551
6653.33 2.38900607079
6656.06 2.40999494717
6658.79 2.42564345855
6661.51 2.40142552427
6664.24 2.39484321393
6666.97 2.40502716578
6669.7 2.41881275914
6672.43 2.42849993285
6675.16 2.42713379297
6677.88 2.41185786519
6680.61 2.4072626674
6683.34 2.37608983918
6686.07 2.389751238
6688.8 2.42738218204
6691.52 2.41173367066
6694.25 2.35919938245
6696.98 2.40552394392
6699.71 2.42030309356
6702.44 2.3840382894
6705.16 2.41819178646
6707.89 2.51357318917
6710.62 2.72992006873
6713.35 3.05208069192
6716.08 3.25948556498
6718.8 3.09256811025
6721.53 2.78270274601
6724.26 2.69253751377
6726.99 2.84119837188
6729.72 2.98141400164
6732.45 3.01221424626
6735.17 2.6201321
6737.9 2.33684436619
6740.63 2.38292053859
6743.36 2.35733646443
6746.09 2.33249755747
6748.81 2.36441555291
6751.54 2.34355087107
6754.27 2.33845889514
6757.0 2.41533531216
6759.73 2.3754688665
6762.45 2.42775476564
6765.18 2.27300837532
6767.91 2.4072626674
6770.64 2.41844017553
6773.37 2.39968680078
6784.64 2.42378054053
6800.28 2.34677992897
6815.96 2.37373014302
6831.67 2.42328376239
6847.42 2.28766333042
6863.2 2.3086522068
6879.03 2.30852801226
6894.88 2.30306345273
6910.78 2.31883615865
6926.71 2.31871196412
6942.68 2.37248819767
6958.68 2.34516540002
6974.72 2.4329709361
6990.8 2.42166923344
7006.92 2.32852333236
7023.07 2.27015190102
7039.26 2.39894163358
7055.49 2.50028437395
7071.75 2.27487129334
7088.05 2.36553330372
7104.39 2.24854205197
7120.77 2.23289354059
7137.19 2.13726374882
7153.64 2.17178982948
7170.13 2.19675293097
7186.66 2.13179918929
7203.23 2.16135748856
7219.83 2.24742430116
7236.47 2.26282442347
7253.16 2.23165159524
7269.88 2.20085135062
7286.63 2.25201949894
7303.43 2.34715251258
7320.27 2.2882843031
7337.14 2.32529427446
7354.05 2.35746065896
7371.01 2.28244715996
7388.0 2.40092874613
7405.03 2.4008045516
7422.1 2.29250691728
7439.21 2.35659129722
7456.36 2.39471901939
7473.55 2.42787896018
7490.78 2.38888187626
7508.05 2.42191762251
7525.36 2.45545014689
7542.7 2.47221640909
7560.09 2.40465458217
7577.52 2.36056552233
7594.99 2.32268618923
7612.49 2.29598436425
7630.04 2.31163287563
7647.63 2.30082795111
7665.26 2.2225853942
7682.93 2.23786132198
7700.64 2.2222128106
7718.4 2.21699664014
7736.19 2.1965045419
7754.02 2.11689584512
7771.9 2.20631591015
7789.81 2.16582849182
7807.77 2.1557687345
7825.77 2.25711147487
7843.81 2.14061700126
7861.89 2.21053852433
7880.02 2.20023037795
7898.18 2.23575001489
7916.39 2.14483961544
7934.64 2.14955900776
7952.93 2.04796787832
7971.26 2.1443428373
7989.63 2.1789931125
8008.05 2.11453614896
8026.51 2.22941609362
8045.02 2.26021633824
8063.56 2.24965980278
8082.15 2.15316064927
8100.78 2.07032289458
8119.46 2.19799487632
8138.17 2.2079304391
8156.93 2.12782496418
8175.74 2.14247991928
8194.59 2.10807803315
8213.47 2.19203353865
8232.41 2.15179450939
8251.39 2.18656897912
8270.41 2.25288886069
8289.47 2.15129773125
8308.59 2.14620575532
8327.74 2.09714891409
8346.93 2.07293097981
8366.18 2.15552034543
8385.46 2.08696496224
8404.79 2.10124733374
8424.17 2.14508800451
8443.59 1.96065912038
8463.05 2.06237444435
8482.56 2.07168903446
8502.12 2.05728246843
8521.71 2.01952732986
8541.36 2.02871772543
8561.05 2.03790812101
8580.78 2.05666149576
8600.56 2.03294033961
8620.39 1.97283018479
8640.26 2.06560350226
8660.18 2.00449979115
8680.14 1.97220921211
8700.16 1.97208501758
8720.21 2.02722739102
8740.31 2.07901651201
8760.46 1.97618343723
8780.66 2.03604520298
8800.9 2.03120161613
8821.18 2.09267791084
8841.52 2.08771012945
8861.9 2.0778987612
8882.33 1.93010726483
8902.81 1.96128009305
8923.33 1.98388349838
8943.9 1.99282550488
8964.52 1.91619747693
8985.18 1.88974404103
9005.9 2.020024108
9026.66 1.75511716534
9047.47 2.07144064539
9068.32 2.066472864
9089.23 1.84155656154
9110.18 1.88862629021
9131.18 1.99580617372
9152.23 1.91905395123
9173.33 1.94997839039
9194.48 1.91868136763
9215.67 1.93184598831
9236.92 1.86602288489
9258.21 1.89185534812
9279.55 2.00375462394
9300.94 1.89148276451
9322.38 1.98040605141
9343.87 1.97568665909
9365.41 1.93942185493
9387.0 1.97084307223
9408.64 1.93457826808
9430.33 1.98413188745
9452.07 1.95668489527
9473.86 1.99742070267
9495.7 1.99729650814
9517.59 1.95159291934
9539.53 1.96041073131
9561.52 1.95122033574
9583.56 1.98736094535
9605.66 1.96438495642
9627.8 1.97332696293
9649.99 1.94153316203
9672.24 1.94140896749
9694.53 1.96363978921
9716.88 1.93209437738
9739.28 1.90973936112
9761.73 1.91396197531
9784.24 1.88316173068
9806.79 1.93134921017
9829.4 1.91346519717
9852.06 1.92203462007
9874.77 1.90862161031
9897.53 1.90402641253
9920.35 1.88204397987
9943.22 1.90365382892
9966.14 1.90352963439
9989.11 1.89458762788
10035.22 1.89421504428
10081.54 1.86776160837
10128.07 1.89346987707
10174.83 1.8757100586
10221.79 1.88390689789
10268.97 1.88788112301
10292.64 1.87471650232
10508.17 1.81361279121
10703.53 1.73512184524
10902.52 1.67625363576
11105.21 1.60074335862
11311.68 1.56795600144
11495.48 1.55715107692
11709.19 1.51467654603
11899.45 1.45320025132
12092.8 1.42674681541
12289.29 1.40389502102
12488.98 1.3624140464
12691.91 1.32838474388
12898.13 1.29820547193
13107.71 1.27150364695
13290.06 1.23120252042
13506.0 1.2059537715
13693.89 1.18121422018
13884.39 1.13587079553
14110.0 1.08475232502
14306.29 1.06740234852
14505.31 1.07233287155
14707.1 1.03354691834
14911.69 1.04550685204
15084.37 1.05033801944
15294.21 1.06494329673
15506.96 1.05518160629
15686.53 1.03593145341
15904.75 1.00075956116
16088.92 1.00306957951
16312.75 0.99386676448
16501.64 0.980230204562
16692.71 0.971238520245
16886.0 0.955714203399
17081.54 0.933955320908
17319.17 0.898112778174
17519.72 0.867623019888
17681.82 0.830476434539
17886.57 0.798595697464
18093.69 0.759151513222
18303.19 0.738460703729
18515.13 0.713398246613
18686.46 0.681281539922
18902.85 0.66119928365
19121.71 0.650617909288
19298.65 0.628536121006
19522.13 0.603014144112
19702.75 0.583888185757
19885.07 0.564066738008
20115.33 0.555050214784
20301.44 0.536197484407
20489.3 0.528845167948
20678.87 0.514438601915
20918.32 0.502727057287
21111.89 0.493549081167
21307.22 0.483427226584
21504.38 0.472423590803
21703.37 0.457433310457
21904.17 0.44908743772
22106.86 0.435835880861
22311.42 0.423962883337
22517.85 0.414312967985
22673.95 0.403023684775
22883.73 0.361679324151
23095.48 0.357543646143
23309.17 0.313566361382
23524.86 0.296030093073
23687.91 0.299457862232
23907.1 0.27562493101
24072.83 0.266273082542
24295.56 0.26262176322
24520.37 0.244526619504
24690.33 0.240068035706
24918.8 0.203393389589
25091.51 0.200599012557
25323.69 0.201530471568
25499.22 0.199679973
25675.98 0.202921450357
25913.54 0.199220453221
26093.18 0.198760933442
26274.04 0.193793152052
26517.16 0.191570069879
26700.96 0.188067783999
26886.05 0.185496957129
27072.41 0.182528707748
27322.92 0.178778032798
27512.3 0.176331400463
27703.02 0.17231991699
27895.03 0.169947801376
28088.41 0.166855357461
28283.09 0.164185174963
28479.16 0.160819503071
28676.55 0.157876092597
28875.35 0.155354943541
29075.49 0.152523308148
29277.01 0.149393605872
29479.97 0.146661326107
29684.3 0.144649374644
29890.08 0.141681125263
30097.25 0.13942078473
30305.89 0.137197702558
30515.95 0.135620431966
30727.49 0.134068000282
30869.32 0.13191943483
31083.28 0.13041668096
31298.75 0.128926346542
31515.69 0.127150364695
31734.17 0.125697288639
31880.63 0.124827926895
32101.64 0.124256632035
32324.14 0.124542279465
32473.33 0.127150364695
32698.44 0.137197702558
32925.08 0.166470354403
33077.05 0.164557758567
33306.35 0.131621367947
33537.2 0.118393408049
33692.03 0.112286762774
33925.55 0.108475232502
34082.13 0.105518160629
34318.4 0.103354691834
34476.79 0.101234691125
34715.79 0.099386676448
34876.02 0.097572194295
35117.75 0.0957912446664
35279.88 0.0940438275622
35524.41 0.0923274590917
35688.41 0.0906421392549
35935.77 0.0891927890342
36101.63 0.0877670357751
36268.3 0.0861649262766
36519.68 0.0845913815211
36688.23 0.0830476434539
36857.61 0.0815324701297
37113.07 0.0800433776579
37284.37 0.0787641739498
37542.83 0.0771484030524
37716.11 0.0762653799102
37890.19 0.0748731591755
38065.11 0.0736759238603
38328.94 0.0724985596707
38505.89 0.0713398246613
38683.62 0.0700370239916
38862.16 0.068916789288
39131.56 0.0678151837646
39312.17 0.0667309654761
39493.61 0.06551261709
39675.94 0.0644656571619
39859.06 0.0631429853667
40135.33 0.0622773494593
40320.62 0.0614228910601
40506.72 0.0603014144112
40693.67 0.0594742788096
40881.49 0.0586583207162
41070.22 0.0577206519787
41259.78 0.0569282908469
41545.81 0.056017944907
41737.56 0.0552491807368
41930.2 0.0543661575946
42123.72 0.0536197484407
42318.19 0.0530062274389
42513.51 0.0521592207118
42709.73 0.0515618449996
42906.9 0.0498119440047
43104.93 0.0480098813052
43303.88 0.0478993481693
43503.8 0.0462736417091
43704.59 0.0454278769274
43906.3 0.0448056623082
44108.95 0.0435835880861
44312.58 0.0429862123738
44517.11 0.0424944020162
44722.57 0.0416225563821
44929.04 0.0413356670068
45136.4 0.0407693399282
45344.73 0.0401173186207
45449.25 0.0398403648082
45659.07 0.039475232876
45869.81 0.0385773063896
46081.52 0.0385773063896
46294.26 0.0380482376715
46507.93 0.0376992510288
46722.58 0.0376123148544
46938.28 0.0370956655898
47046.47 0.0366709202809
47263.62 0.0366709202809
47481.76 0.0360847220768
47700.96 0.0358363330073
47921.12 0.0355904278284
48142.3 0.0350203749138
48253.27 0.0351011013614
48476.04 0.0346204685119
48699.77 0.0343025305029
48924.55 0.0339883183299
49150.41 0.0336765900476
49263.7 0.0335213468792
49491.08 0.0332145863783
49719.51 0.0332518447387
49949.04 0.0330916337889
50064.17 0.0329736489809
50295.24 0.0329649553634
50527.38 0.0328792611344
50643.9 0.0328370349926
50760.64 0.032870567517
50877.65 0.0329786167622
50994.92 0.0329363906204
51112.47 0.0328929225333
51230.29 0.0329252131123
51348.43 0.0329587456367
51466.8 0.0329152775495
51585.43 0.0329475681286
51704.34 0.0330556173738
51823.52 0.0330109073413
51942.98 0.0329674392541
52062.71 0.0329997298332
52182.77 0.0331077790784
52303.06 0.0330630690459
52423.62 0.0330953596249
52544.46 0.0332034088702
52665.58 0.0333114581154
52786.98 0.0334195073607
52908.72 0.0333747973282
53030.67 0.0334058459618
53152.91 0.0334381365409
53275.44 0.0335461857861
53398.24 0.0336554769767
53521.32 0.033763526222
53644.69 0.0338728174126
53768.41 0.0339833505485
53892.35 0.0340926417391
54016.57 0.0342031748751
54141.09 0.0342342235088
54265.89 0.0343447566447
54390.97 0.0344552897806
54516.35 0.0346453074188
54642.07 0.0347570825001
54768.03 0.0347881311338
54894.27 0.0349806326627
55020.8 0.0351731341916
55147.63 0.0352861512182
55274.75 0.0355618630854
55402.22 0.0357580904504
55529.93 0.0358723494223
55657.93 0.0360698187326
55786.23 0.0364349506648
55914.82 0.0365516935275
56043.7 0.0368373409575
56172.89 0.0371242303328
56302.43 0.0374148455442
56432.21 0.0377067027009
56562.29 0.0380879799226
56692.67 0.0384729829804
56823.36 0.0387735337545
56954.33 0.0391659884844
57085.68 0.0396528310607
57217.27 0.0401458833637
57349.16 0.0406451453935
57481.35 0.04115061715
57613.85 0.041757928425
57746.66 0.0423751752628
57879.77 0.0430992294005
58013.25 0.043836944937
58146.97 0.0445858379816
58281.0 0.0453471504798
58415.35 0.0463357389765
58550.0 0.0474534897894
58684.96 0.0483762551828
58820.23 0.0496567008362
58955.88 0.0508551780967
59080.45 0.055757136384
59387.84 0.0490717445775
59695.21 0.0581416714516
60002.61 0.0677332153717
60309.99 0.0729084016355
60617.37 0.0816901971889
60924.77 0.0840536191855
61232.15 0.110733089144
61539.53 0.161440475745
61846.92 0.204138556798
62154.3 0.225102594267
62461.69 0.214483961544
62769.07 0.177958348869
63076.46 0.153963964752
63383.85 0.13098797582
63691.23 0.116229939253
63998.61 0.0971039808989
64306.01 0.0898646814673
64613.39 0.0835431796476
64920.77 0.0723023323058
65228.17 0.0724439140754
65535.54 0.070506479333
65842.93 0.0717360052272
66150.32 0.0684647211815
66457.7 0.0647711757175
66765.08 0.0654256809157
67072.48 0.0758170376397
67379.86 0.0744086716154
67687.25 0.0644855282875
67994.63 0.0706878033538
68302.02 0.0777904887972
68609.41 0.0701450732369
68916.78 0.0801924110996
69224.18 0.0811561606894
69531.56 0.0877359871414
69838.94 0.0997443567081
70146.33 0.088252636406
70453.72 0.0803749770657
70761.1 0.0950808519276
71068.49 0.0918505520782
71375.87 0.090070844395
71683.27 0.103011914918
71990.64 0.089492097863
72298.03 0.0995493712885
72605.43 0.117495481562
72912.8 0.121582723702
73220.19 0.114655152552
73527.58 0.118643039064
73834.96 0.126541811475
74142.34 0.147952949269
74449.73 0.164222433323
74737.0 0.148437307955
74757.12 0.186614707942
75064.51 0.189061340277
75352.98 0.186304221605
75371.89 0.209180854909
75968.98 0.211230064733
76584.97 0.208050684643
77200.97 0.196202526026
77816.97 0.195258647562
78432.97 0.187446811325
79048.96 0.169724251214
79664.96 0.144736310818
80280.96 0.127448431579
80896.95 0.11150309526
81512.95 0.100187731197
82128.95 0.0946399613291
82744.94 0.0926814135158
83360.94 0.0958744550047
83976.94 0.0945058312316
84592.94 0.0970120769432
85208.93 0.105612548476
85824.94 0.110570394304
86440.92 0.104648798886
87056.92 0.0879483597958
87672.92 0.0717608441342
88288.91 0.0568947583225
88904.9 0.0468970982737
89520.9 0.0422882390884
90136.89 0.0404812086076
90752.9 0.0360809962407
91368.89 0.033070520718
91984.89 0.0324197413558
92600.89 0.03139886228
93216.88 0.031688235546
93832.87 0.0302823534124
94448.87 0.0299333667697
95064.87 0.0290192949938
95680.86 0.0273352171024
96296.86 0.0309852944792
96912.86 0.0317441230867
97528.86 0.0283846609212
98144.85 0.0245395981248
98760.85 0.026229885743
99376.81 0.0251916194323
99992.85 0.0255542674738
100608.81 0.0253903306879
101224.87 0.0252748297706
101840.82 0.0242614023669
102456.87 0.0224804527383
103072.83 0.02268288983
103688.79 0.024558227305
104304.83 0.0261640626395
104920.79 0.026837197018
105536.85 0.0296713163014
106152.8 0.0310970695605
106768.75 0.0302885631392
107384.81 0.0308884227421
108000.77 0.0304760968867
108616.81 0.0345658229166
109232.77 0.0378780911588
109848.82 0.0467666940122
110464.78 0.0524038839453
111080.73 0.0637577483138
111696.79 0.100813671652
112312.74 0.130615392215
112928.79 0.121102090852
113544.75 0.097050577249
114160.8 0.0789343204624
114776.75 0.0640744443774
115392.71 0.0549014360395
116008.77 0.0486084989628
116624.72 0.0433873607211
117240.77 0.0421863995699
117856.72 0.0418920585225
118472.78 0.045398070239
119088.73 0.0471566648513
119704.69 0.0481936892167
120320.75 0.0474721189697
120936.7 0.0453881346762
121552.75 0.0426819357637
122168.7 0.0438158318661
122784.67 0.0468002265366
123400.72 0.0474659092429
124016.67 0.0489102916823
124632.72 0.0519518158387
125248.68 0.0543611898132
125864.73 0.0566364336902
126480.69 0.0598816368837
127096.64 0.0643762370969
127712.7 0.0788498681787
128328.65 0.0791653222971
128944.7 0.0507570644143
129560.66 0.0356574928772
130176.61 0.0327500988183
130792.66 0.032959987582
131408.62 0.0319117857086
132024.68 0.0313082002696
132640.62 0.0306512111807
133256.68 0.0296973971537
133872.64 0.0287535186894
134488.6 0.0292676840634
135104.65 0.029576928455
135720.6 0.028973343016
136336.65 0.0287684220336
136952.61 0.0268881167772
137568.66 0.0262894991197
138184.61 0.0252338455741
138800.57 0.0253878467972
139416.62 0.0262075307267
140032.58 0.0258734474282
140648.62 0.0257740918004
141264.58 0.0267216961006
141880.64 0.0273687496268
142496.6 0.0269030201214
143112.54 0.0242638862576
143728.61 0.0234305409293
144258.65 0.0220072715609
145168.24 0.0207578745411
146077.94 0.019332121282
146987.54 0.0190452319066
147897.13 0.0186440835593
148806.73 0.0179448683286
149716.43 0.0175163971837
150626.03 0.0177734798706
151535.62 0.0180293206122
152445.31 0.0175983655766
153354.92 0.0174071059931
154264.5 0.0179945461425
155174.11 0.0211304581454
156083.8 0.0216384137926
156993.41 0.0193420568447
157902.99 0.0189620215684
158812.69 0.0198326252571
159722.29 0.0199679973
160631.88 0.0196624787444
161541.58 0.0205231468704
162451.18 0.0225847761475
163360.77 0.0275264766859
164270.37 0.0331015693517
165180.08 0.0321390617072
166089.65 0.0292565065553
166999.26 0.0288205837382
167908.86 0.0286802439139
168818.56 0.0292428451564
169728.16 0.0343509663714
170637.76 0.0373490224407
171547.46 0.0321104969642
172457.05 0.029784333328
173366.65 0.0301668524951
174276.34 0.028076658475
175185.93 0.0241409336682
176095.54 0.0213142660569
177005.12 0.0203231936694
177914.82 0.0203790812101
178824.42 0.0194836386144
179734.01 0.0179957880879
180643.71 0.0171860397212
181553.31 0.0167215521611
182462.9 0.0162881132348
183372.59 0.0167724719204
184282.2 0.0167314877239
185191.8 0.0167488749588
186101.39 0.019050199688
187011.08 0.0256126389052
187920.68 0.0221389177677
188830.27 0.017749882909
189739.98 0.0174518160256
190649.59 0.0164073399882
191559.16 0.0158596420899
192468.76 0.0156336080366
193378.47 0.0151939593835
194288.06 0.015067280958
195197.66 0.0151442815696
196107.36 0.0148958925001
197016.95 0.0147232620967
197926.55 0.0144301629947
198836.15 0.0139544979265
199745.85 0.0147418912769
200655.44 0.0142649842634
201565.04 0.014545663912
202474.74 0.0141780480891
203566.07 0.013648979371
205317.32 0.0145034377702
207069.64 0.0141320961112
208822.86 0.0136613988245
210577.17 0.014195435324
212332.48 0.0140786924613
214088.88 0.0134154936456
215846.16 0.013856384244
217604.54 0.0143842110168
219363.93 0.0140079015765
221124.39 0.013563285142
222885.86 0.0140215629753
224648.3 0.0143382590389
226411.83 0.0140178371392
228176.36 0.0136564310431
229941.89 0.0140401921555
231708.5 0.0142202742309
233476.12 0.0142438711925
235244.81 0.0140985635868
237014.6 0.0141718383624
238785.39 0.0143680657273
240557.16 0.0142165483949
242330.04 0.0139855465602
244103.89 0.0136961732942
245878.95 0.0137172863651
247654.89 0.013852658408
249431.9 0.0139929982323
251210.03 0.0138936426045
252989.25 0.0137682061244
254769.46 0.0140575793904
256550.75 0.0143022426239
258333.14 0.0149331508605
260116.62 0.014835037178
261901.1 0.0138427228452
263686.64 0.0136378018629
265473.33 0.0136576729884
267260.94 0.0135223009455
269049.8 0.0135421720711
270839.62 0.0135483817978
272630.55 0.013331041362
274422.57 0.0132254760074
276215.67 0.0133707836131
278009.86 0.0134552358967
279805.13 0.0136315921361
281601.52 0.0144338888307
283399.0 0.0140824182973
285197.56 0.0132590085318
286997.2 0.0132503149144
288797.93 0.0131795240296
290599.77 0.0133111702364
292402.7 0.0133894127933
294206.72 0.0134701392409
296011.91 0.0133409769248
297818.22 0.0133471866515
299625.49 0.0132863313295
301433.97 0.0135993015571
303243.54 0.0136092371199
305054.31 0.0138439647906
306866.08 0.0138973684405
308679.02 0.0137942869767
310493.14 0.0138427228452
312308.29 0.0136514632617
314124.61 0.0140290146474
315942.08 0.0141060152589
317760.58 0.0141022894229
319580.28 0.014427679104
321401.19 0.0149517800407
323223.12 0.0146499873212
325046.17 0.0149505380954
326870.46 0.0150883940289
328695.9 0.0155752366052
330522.42 0.0158112062213
332350.06 0.0165663089927
334178.88 0.021154055107
336008.9 0.0215440259462
337840.08 0.0168022786087
339672.36 0.0151976852195
341505.77 0.0150523776139
343340.41 0.0154001223112
345176.21 0.0161452895198
347013.14 0.0236429135838
