102.05 4.5037797962e-12
103.95 6.58539932092e-12
105.88 9.78548519355e-12
108.1 1.47428157092e-11
110.11 2.52111953905e-11
113.97 4.97258988367e-11
117.98 9.04865412794e-11
121.01 3.96804000561e-10
124.97 6.631026342e-10
127.0 8.27148394103e-10
127.88 9.38813729473e-10
130.86 1.27814581341e-09
132.07 1.59800331782e-09
133.91 1.93461591044e-09
137.03 2.92813674036e-09
139.9 3.85110187873e-09
143.16 1.16836901368e-08
147.17 3.49605717826e-08
150.94 4.6835683892e-08
155.17 6.27447081302e-08
159.15 8.38645799084e-08
162.11 1.02938789881e-07
165.89 1.35701106177e-07
170.14 1.73609304388e-07
172.91 2.08720959022e-07
176.93 2.62778403204e-07
179.81 3.10868074762e-07
181.89 3.47203500491e-07
186.13 4.29120622447e-07
190.9 5.52812152777e-07
194.0 6.45033125189e-07
198.07 7.77291053186e-07
202.21 9.366532447e-07
205.03 1.07048243435e-06
209.8 1.26935279147e-06
216.18 1.69273226557e-06
220.2 1.99338713958e-06
222.75 2.21094644541e-06
226.89 2.59167523059e-06
230.04 4.33094101435e-06
233.78 7.84482596906e-06
239.78 1.11836058992e-05
245.93 1.22062857194e-05
252.24 1.48450987996e-05
256.93 1.39824157188e-05
259.9 1.71237303623e-05
264.12 1.94791120135e-05
269.03 2.15066438775e-05
274.04 2.35825222539e-05
279.13 2.57973968534e-05
284.32 2.82222766162e-05
290.27 2.98932529512e-05
295.67 3.34648515551e-05
301.17 3.5610228043e-05
308.18 4.0139691924e-05
318.28 4.69444635449e-05
327.95 5.36510313125e-05
337.92 6.01974512578e-05
348.18 6.69236597961e-05
357.11 7.3719366446e-05
366.28 8.15802071973e-05
374.81 8.84257711881e-05
385.31 9.32347383439e-05
395.19 0.000104611277044
405.33 0.000114177843186
413.82 0.000121500828987
422.48 0.000126935279147
430.34 0.000132916649228
441.38 0.000143741735522
450.62 0.000151203717546
460.05 0.000157609630439
469.69 0.00016542061385
479.52 0.000174817967198
489.56 0.000180120975278
499.81 0.000191240673131
505.6 0.000193461591044
511.46 0.000207769137059
519.77 0.000213585826833
529.43 0.000219070134334
540.52 0.000220580962846
550.56 0.000228346621401
559.51 0.000242986549689
569.91 0.000255027852935
580.51 0.000259167523059
589.94 0.000269516698371
599.53 0.000270755577751
610.67 0.000253849406695
620.59 0.000294158311412
630.68 0.000298252656681
639.45 0.00030944789596
649.84 0.000316654547965
657.37 0.00031958555528
664.98 0.000330811011129
674.23 0.000338516236543
685.19 0.000335419038092
694.72 0.000358580039191
704.38 0.000352038151731
715.83 0.000378084835289
725.78 0.000386001576696
734.19 0.000394084509238
744.4 0.000406050271059
754.76 0.000415508057548
765.26 0.00040139691924
774.12 0.0004391223072
784.89 0.000445226054391
795.81 0.000459805549538
805.02 0.00047378071328
814.34 0.000483706856609
825.67 0.000504178582955
835.23 0.0004629933977
844.91 0.000520691938598
854.69 0.000529152578269
864.59 0.000550273960876
874.6 0.00057224140745
884.72 0.000597834842454
894.97 0.000617415179978
905.33 0.000621705932954
915.82 0.000838645799084
924.29 0.003763473825
934.99 0.00799062092053
945.82 0.0152261297504
954.57 0.0217559305821
965.62 0.025094861595
974.56 0.00459805549538
985.84 0.0223663053012
994.97 0.0238544713862
1004.17 0.0349605717826
1015.8 0.0338516236543
1025.2 0.0146412880332
1034.68 0.0245237684173
1044.26 0.047378071328
1053.92 0.0471605120222
1066.12 0.0378946007542
1075.99 0.0456647917947
1085.95 0.0366088856899
1095.99 0.049043004349
1106.13 0.0478162115967
1113.8 0.0465138774188
1124.11 0.0423228391247
1134.51 0.0542719818312
1145.01 0.0497258988367
1155.6 0.053528654203
1166.29 0.0559218065671
1174.38 0.0394069400953
1185.24 0.0552812152777
1196.21 0.0382451129691
1204.5 0.0278339936885
1215.65 0.0181374962943
1224.07 0.0384218799051
1235.4 0.0592350534953
1243.96 0.0660050760604
1255.47 0.0637645173762
1264.18 0.0551543056826
1275.87 0.0722070271049
1284.72 0.0764856934527
1293.62 0.061176468134
1305.59 0.060754946979
1314.64 0.0768392273246
1323.76 0.0742300264833
1336.0 0.0661576697402
1345.27 0.0795390778767
1354.59 0.0775493167256
1363.98 0.0699166110797
1373.43 0.0740593028614
1386.14 0.0756109237438
1395.75 0.0666169616081
1405.43 0.0697564632573
1415.17 0.0715452842163
1424.98 0.0740593028614
1434.85 0.0740593028614
1441.48 0.0786280482836
1448.13 0.0802748513624
1454.82 0.0784482596906
1464.9 0.0728748133074
1475.05 0.0732117280658
1485.28 0.075089687907
1495.57 0.0768392273246
1505.94 0.0733809408592
1512.89 0.0657029103579
1516.38 0.0705632456831
1523.38 0.0687985979803
1533.94 0.0604754437042
1544.57 0.0672333796412
1555.28 0.0637645173762
1566.06 0.0652496618041
1573.29 0.0702399283814
1584.19 0.0742300264833
1595.17 0.0764856934527
1606.23 0.075089687907
1613.64 0.0757846690228
1624.83 0.0720408359685
1636.09 0.0771942720251
1643.64 0.0791734573767
1655.04 0.0730440261009
1666.51 0.080830836255
1670.35 0.0718761556606
1678.06 0.0852273472268
1685.81 0.089244640242
1693.59 0.0834793186377
1705.33 0.0812040108977
1713.2 0.0802748513624
1725.08 0.0812040108977
1733.04 0.0884257711881
1745.05 0.0864133476093
1753.11 0.0949691694764
1765.26 0.0848360426421
1773.4 0.0904865412794
1785.7 0.0923811202342
1793.94 0.103653411767
1806.38 0.100828162448
1814.71 0.0962896335964
1823.09 0.0974046250388
1835.73 0.0934507868212
1844.2 0.0848360426421
1856.98 0.0898625691036
1865.55 0.0971810224189
1874.17 0.101996032889
1887.16 0.0971810224189
1895.87 0.0980799653839
1904.62 0.10129349763
1913.41 0.100828162448
1926.67 0.0967338171791
1935.57 0.0894501129197
1944.5 0.109290312948
1953.48 0.10606771573
1967.02 0.11900947277
1976.1 0.11900947277
1985.22 0.117646705451
1994.38 0.1160331406
2003.59 0.115233912316
2012.83 0.11339221236
2026.79 0.113130839027
2036.14 0.117918654583
2045.54 0.126060509438
2054.98 0.120110866755
2064.47 0.118736012809
2074.0 0.133530045605
2078.78 0.145740561644
2083.57 0.153318877463
2093.19 0.144404989239
2102.85 0.139502350715
2117.42 0.145405157714
2127.2 0.144404989239
2137.02 0.130491769466
2146.88 0.146077476402
2156.79 0.150862270302
2166.75 0.141117426395
2176.75 0.142752142846
2186.79 0.150862270302
2196.89 0.159437732939
2207.03 0.153666368021
2217.22 0.13727236783
2227.45 0.137905404977
2232.59 0.161280943725
2242.89 0.15295627862
2253.24 0.136311480896
2263.64 0.138413043357
2274.09 0.148189614663
2284.59 0.163109046225
2295.13 0.148284796859
2305.73 0.158757860109
2316.37 0.148376957398
2327.06 0.112719893671
2332.43 0.123257922547
2343.19 0.10676874016
2354.01 0.141602402348
2364.87 0.110077454603
2375.79 0.125406320692
2386.76 0.0988414229543
2392.26 0.11239657637
2403.3 0.109740539845
2414.39 0.118572843329
2425.54 0.150176354157
2436.73 0.146964332739
2442.35 0.162565147961
2453.62 0.164680307878
2464.95 0.159301758373
2476.33 0.148195657977
2487.76 0.139135219387
2493.49 0.135281095851
2505.0 0.174107877797
2510.78 0.121795440547
2516.56 0.113875677484
2522.37 0.114875845959
2534.01 0.128772446618
2545.7 0.132560093699
2557.46 0.164060868188
2563.35 0.147162251274
2575.18 0.166493302094
2587.07 0.160314013477
2593.03 0.153016711761
2605.0 0.142669047278
2617.03 0.135178359512
2623.06 0.16132626858
2635.17 0.194201897015
2647.33 0.239798701527
2653.43 0.271405234012
2665.68 0.212422488878
2677.98 0.235371973985
2684.16 0.245207467602
2696.55 0.21384266768
2702.76 0.237623108469
2715.24 0.203901416067
2727.77 0.199066764826
2734.06 0.220686720842
2746.68 0.153923208868
2753.01 0.175830222302
2765.72 0.199822179082
2772.09 0.217982337804
2784.89 0.169802016536
2797.74 0.104111192806
2804.19 0.117832537358
2817.14 0.21027711239
2823.63 0.262158963514
2836.66 0.255330018637
2843.2 0.237608000184
2856.33 0.196060216086
2862.91 0.27237216426
2876.13 0.290864705254
2882.76 0.28018314767
2896.06 0.29038124013
2909.43 0.352763349418
2929.6 0.326414500157
2949.91 0.317712127924
2970.35 0.33750398144
2990.94 0.342399065821
3011.67 0.35545262417
3032.55 0.360604549398
3046.55 0.370273851879
3067.67 0.385246162439
3088.93 0.394431999796
3110.34 0.408482704964
3131.9 0.398465911925
3153.61 0.404191951988
3168.17 0.419813918809
3190.13 0.383040352811
3212.24 0.414405152733
3227.07 0.374005598305
3249.44 0.443654792738
3271.96 0.486637863923
3287.06 0.482664384935
3309.85 0.481727671257
3325.12 0.474490802681
3332.79 0.488586832704
3340.47 0.455680987699
3348.17 0.533790821803
3355.89 0.510599604134
3363.63 0.405309965087
3371.38 0.430027119554
3379.15 0.515479580229
3386.94 0.501096492789
3394.75 0.490475368345
3402.58 0.565367137717
3410.42 0.476469988033
3418.28 0.473946904417
3426.16 0.49938925657
3434.06 0.556090650649
3441.98 0.475170675512
3449.91 0.483661531753
3457.87 0.504949105496
3465.84 0.470910139106
3473.82 0.539063613312
3481.83 0.486788946774
3489.86 0.528487813723
3497.9 0.482755034646
3505.97 0.546285373602
3514.05 0.495581968718
3522.15 0.546768838726
3530.27 0.485852233096
3538.41 0.553597783603
3546.57 0.571319802057
3554.74 0.572226299164
3562.94 0.544819869945
3571.15 0.478570039666
3579.38 0.496171191838
3587.63 0.428848673314
3593.31 0.615874134895
3596.0 0.52452944302
3598.69 0.44321665247
3601.38 0.459035026997
3604.08 0.550153094595
3606.77 0.540242059552
3609.46 0.551331540835
3612.15 0.570836336933
3614.84 0.57109317778
3617.54 0.522746665375
3620.23 0.614182006961
3622.92 0.648266298206
3625.61 0.680446945525
3628.31 0.59623336423
3631.0 0.450785903318
3633.69 0.464655309064
3636.38 0.547478928127
3639.08 0.596399555367
3641.77 0.601430614314
3644.46 0.580248798567
3647.15 0.585038124952
3649.85 0.646528845416
3652.54 0.660035652319
3655.23 0.437173338419
3657.92 0.380064020641
3660.62 0.639941633101
3663.31 0.632387490538
3666.0 0.757952448224
3668.69 0.609981903695
3671.39 0.598514715284
3674.08 0.687366540113
3676.77 0.562964920382
3679.46 0.589948317618
3682.15 0.707581425612
3684.85 0.579009919186
3687.54 0.601309748033
3690.23 0.574401892223
3692.92 0.529454743971
3695.62 0.69773082371
3698.31 0.736815957332
3701.0 0.522837315086
3703.69 0.471620228507
3706.39 0.491487623449
3709.08 0.652980083165
3711.77 0.66304220106
3714.46 0.666366023787
3717.16 0.752573898719
3719.85 0.813973969473
3722.54 0.923886743768
3725.23 1.14890954244
3727.93 1.06824640815
3730.62 0.943104482449
3733.31 0.695298389804
3736.0 0.617384963407
3738.7 0.666622864634
3741.39 0.557344638315
3744.08 0.55856840941
3746.77 0.599904677516
3749.47 0.547206978995
3752.16 0.613683433551
3754.85 0.721511264499
3757.54 0.748071629751
3760.23 0.765159100229
3762.93 0.698637320817
3765.62 0.594616777722
3768.31 0.569612565838
3771.0 0.606658080968
3773.7 0.719637837143
3776.39 0.773952122173
3779.08 0.78440705548
3781.77 0.764584985394
3784.47 0.971145459643
3787.16 0.979047092764
3789.85 0.817615066188
3792.54 0.785253119447
3795.24 0.716117606709
3797.93 0.688575202923
3800.62 0.731059700699
3803.31 0.811178936724
3806.01 0.872624332334
3808.7 0.755897721447
3811.39 0.742285156548
3814.08 0.838237875386
3816.78 0.717719084932
3819.47 0.708759871852
3822.16 0.727494145409
3824.85 0.641256053907
3827.54 0.782896226968
3830.24 0.469580610015
3832.93 0.583210022451
3835.62 0.498573409173
3838.31 0.515313389093
3841.01 0.651907394921
3843.7 0.871763160081
3846.39 0.844250972866
3849.08 0.792731720585
3851.78 0.85546132043
3854.47 0.682305264596
3857.16 0.820410098937
3859.85 0.833116166728
3862.55 0.862970138138
3865.24 0.810514172179
3867.93 0.919988806205
3870.62 0.795874243891
3873.32 0.846426565924
3876.01 0.850581344334
3878.7 0.759644576158
3881.39 0.736785740762
3884.09 0.741257793159
3886.78 0.702323742388
3889.47 0.752558790434
3892.16 0.726089074892
3894.86 0.820198582945
3897.55 0.93845113063
3900.24 0.872322166631
3902.93 0.894561562337
3905.62 1.01133349808
3908.32 0.984924215679
3911.01 0.950175159888
3913.7 0.95822787586
3916.39 1.04907399433
3919.09 0.99701084378
3921.78 1.01062340868
3924.47 0.852318797124
3927.16 0.644972692048
3929.86 0.518078205271
3932.55 0.487136437332
3935.24 0.630937095166
3937.93 0.665096927837
3940.63 0.745744953842
3943.32 0.840262385593
3946.01 0.825456266169
3948.7 0.91458004013
3951.4 0.869799083015
3954.09 0.898293308764
3956.78 0.759221544175
3959.47 0.797324639263
3962.17 0.786068966844
3964.86 0.638884053142
3967.55 0.581684085654
3970.24 0.516567376759
3972.93 0.542160811763
3975.63 0.769948426614
3978.32 0.82498790933
3981.01 0.930685472075
3983.7 1.05608423862
3986.4 1.03428298319
3989.09 1.0074506688
3991.78 1.05330431416
3994.47 1.07735670408
3997.17 1.16738697515
3999.86 1.2312345881
4002.55 1.12479671938
4005.24 1.13383147388
4007.94 1.08956419846
4010.63 1.20823977813
4013.32 1.15868460292
4016.01 1.09782843043
4018.71 1.2128478051
4021.4 1.2565258574
4024.09 1.14699079023
4026.78 1.19813233538
4029.48 1.24989332023
4032.17 1.18146789689
4034.86 1.17957936125
4037.55 1.1902911354
4040.25 1.30880052393
4042.94 1.13588620066
4045.63 1.20772609644
4048.32 1.09994359035
4051.01 1.1852147516
4053.71 1.12580897448
4056.4 1.21534067214
4059.09 1.1591076349
4061.78 1.12653417217
4064.48 1.16067889655
4067.17 1.13227532052
4069.86 1.10024575605
4072.55 1.1830844834
4075.25 1.09686150018
4077.94 1.09417222543
4080.63 1.05860732224
4083.32 1.04387674424
4086.02 0.996164779813
4088.71 1.0876001214
4091.4 1.11355615525
4094.09 0.965691368713
4096.79 0.898640799321
4099.48 0.864722699213
4102.17 0.929975382674
4104.86 0.918931226246
4107.56 0.963092743671
4110.25 0.982416240348
4112.94 1.0923743395
4115.63 1.10168104314
4118.32 1.17137556242
4121.02 1.07572500929
4123.71 1.02804326143
4126.4 1.10193788398
4129.09 1.11769582537
4131.79 1.18034988379
4134.48 1.21671552609
4137.17 1.18974723714
4139.86 1.20597353536
4142.56 1.14486052203
4145.25 1.21824146289
4147.94 1.21413200933
4150.63 1.17045395703
4153.33 1.12476650281
4156.02 1.11828504849
4158.71 1.11038341537
4161.4 1.2134521365
4164.1 1.24419749673
4166.79 1.12991842804
4169.48 1.1063948281
4172.17 1.0986744944
4174.87 1.12393554713
4177.56 1.15167435862
4180.25 1.10906899456
4182.94 1.11987141843
4185.64 1.13207891281
4188.33 1.18204201172
4191.02 1.19879709993
4193.71 1.1496649567
4196.4 1.15389527653
4199.1 1.1995374059
4201.79 1.17791744988
4204.48 1.21204706598
4207.17 1.23087198925
4209.87 1.2244207515
4212.56 1.20647210877
4215.25 1.20008130416
4217.94 1.28290492323
4220.64 1.22866617962
4223.33 1.14176332358
4226.02 1.21006788063
4228.71 1.26246341345
4231.41 1.29718225267
4234.1 1.28743740877
4236.79 1.25425961463
4239.48 1.18036499207
4242.18 1.244635637
4244.87 1.32948376627
4247.56 1.36291840126
4250.25 1.23319866516
4252.95 1.23528360851
4255.64 1.20520301282
4258.33 1.27711845002
4261.02 1.25167609787
4263.71 1.14696057366
4266.41 1.18980767028
4269.1 1.25874677531
4271.79 1.25495459574
4274.48 1.20423608257
4277.18 1.1874507778
4279.87 1.12517442651
4282.56 1.21340681165
4285.25 1.23176337807
4287.95 1.17518285028
4290.64 1.1673416503
4293.33 1.19014005255
4296.02 1.20697068218
4298.72 1.16098106226
4301.41 1.11039852365
4304.1 1.06188582011
4306.79 1.10329762964
4309.49 1.11184891903
4312.18 1.14727784765
4314.87 1.18045564179
4317.56 1.22226026673
4320.26 1.23333463973
4322.95 1.13679269777
4325.64 1.19372071613
4328.33 1.24075280772
4331.02 1.2013655084
4333.72 1.18128659747
4336.41 1.10479334987
4339.1 1.06945507096
4341.79 1.05688497774
4344.49 1.14239787155
4347.18 1.1698798422
4349.87 1.18012325951
4352.56 1.20452313999
4355.26 1.26664840843
4357.95 1.27036504657
4360.64 1.29008135866
4363.33 1.31431504801
4366.03 1.34986484291
4368.72 1.3427639489
4371.41 1.29737866038
4374.1 1.34764392499
4376.8 1.34435031884
4379.49 1.33703790884
4382.18 1.2137543022
4384.87 1.18299383369
4387.57 1.27634792748
4390.26 1.20091225985
4392.95 1.24812565087
4395.64 1.28086530474
4398.34 1.28335817178
4401.03 1.33188598361
4403.72 1.34323230574
4406.41 1.3024399359
4409.1 1.33242988187
4411.8 1.27045569628
4414.49 1.26297709515
4417.18 1.36305437582
4419.87 1.33963653388
4422.57 1.45506383224
4425.26 1.43856558489
4427.95 1.31754822102
4430.64 1.30775805226
4433.34 1.53802342587
4436.03 1.46385685419
4438.72 1.29281595827
4441.41 1.40179201889
4444.11 1.35682976235
4446.8 1.38766577229
4449.49 1.43728138065
4452.18 1.41402972984
4454.88 1.43262802883
4457.57 1.3297557154
4460.26 1.35988163595
4462.95 1.36464074576
4465.65 1.34660145332
4468.34 1.3673451288
4471.03 1.40094595492
4473.72 1.44953419989
4476.41 1.46713535206
4479.11 1.43580076871
4481.8 1.4397742477
4484.49 1.417217578
4487.18 1.38795282971
4489.88 1.50794283019
4492.57 1.37350930913
4495.26 1.43095100918
4497.95 1.43994043883
4500.65 1.57775821576
4503.34 1.4707462322
4506.03 1.47150164646
4508.72 1.50455857432
4511.42 1.54497323703
4514.11 1.52563463207
4516.8 1.45532067309
4519.49 1.4891330152
4522.19 1.45291845576
4524.88 1.41094763967
4527.57 1.38923703395
4530.26 1.36207233729
4532.96 1.39753148248
4535.65 1.47157718789
4538.34 1.45823657212
4541.03 1.53379310604
4543.73 1.45482209968
4546.42 1.45923371894
4549.11 1.45263139834
4551.8 1.48366381599
4554.49 1.49890807568
4557.19 1.46440075245
4559.88 1.52880737195
4562.57 1.56763566472
4565.26 1.50720252421
4567.96 1.51019396467
4570.65 1.5298649519
4573.34 1.54603081699
4576.03 1.5298649519
4578.73 1.51611641244
4581.42 1.52155539509
4584.11 1.4742060295
4586.8 1.47002103452
4589.5 1.4976691963
4592.19 1.46769435861
4594.88 1.52880737195
4597.57 1.5168718267
4600.27 1.5100579901
4602.96 1.47142610504
4605.65 1.46149996171
4608.34 1.50898530186
4611.04 1.51520991533
4613.73 1.5410450829
4616.42 1.58380152981
4619.11 1.57126165315
4621.8 1.58833401534
4624.5 1.53288660893
4627.19 1.55298062815
4629.88 1.59437732939
4632.57 1.4958410938
4635.27 1.54149833145
4637.96 1.56098801927
4640.65 1.55826852794
4643.34 1.56068585356
4646.04 1.4087871549
4648.73 1.44791761338
4651.42 1.49189783138
4654.11 1.47320888268
4656.81 1.56113910212
4659.5 1.56264993063
4662.19 1.51656966099
4664.88 1.48315013429
4667.58 1.45385516943
4670.27 1.4604877066
4672.96 1.51490774963
4675.65 1.48807543524
4678.35 1.50785218048
4681.04 1.51354800397
4683.73 1.49192804795
4686.42 1.53666368021
4689.12 1.53409527174
4691.81 1.54859922546
4694.5 1.53349094033
4697.19 1.53303769178
4699.88 1.55403820811
4702.58 1.50412043405
4705.27 1.49203380595
4707.96 1.49528208725
4710.65 1.5233683893
4713.35 1.56884432753
4716.04 1.56340534489
4718.73 1.53741909447
4721.42 1.57126165315
4724.12 1.57488764158
4726.81 1.48905747378
4729.5 1.52261297504
4732.19 1.52321730645
4734.89 1.61658650853
4737.58 1.630335048
4740.27 1.61552892857
4742.96 1.62081682837
4745.66 1.59180892092
4748.35 1.59739898642
4751.04 1.58138420419
4753.73 1.60782370316
4756.43 1.54119616575
4759.12 1.50028292963
4761.81 1.49698932347
4764.5 1.49724616432
4767.19 1.51460558393
4769.89 1.55101655108
4772.58 1.55449145666
4775.27 1.57896687857
4777.96 1.60827695171
4780.66 1.60314013477
4783.35 1.55660661658
4786.04 1.50869824444
4788.73 1.49056830229
4791.43 1.51430341822
4794.12 1.50886443558
4796.81 1.619154917
4799.5 1.60857911741
4802.2 1.52971386905
4804.89 1.52079998083
4807.58 1.58093095563
4810.27 1.59301758373
4812.97 1.61703975708
4815.66 1.62308307113
4818.35 1.59090242382
4821.04 1.5831971984
4823.74 1.55026113683
4826.43 1.57367897877
4829.12 1.58410369551
4831.81 1.50354631921
4834.51 1.51505883248
4837.2 1.5354550174
4839.89 1.54089400005
4842.58 1.4327640034
4845.27 1.45776821528
4847.97 1.49691378204
4850.66 1.42332132519
4853.35 1.40003945781
4856.04 1.42327600034
4858.74 1.5115839269
4861.43 1.454096902
4864.12 1.42378968203
4866.81 1.3813656174
4869.51 1.42699263848
4872.2 1.37708997271
4874.89 1.32274547111
4877.58 1.43212945542
4880.28 1.45308464689
4882.97 1.50383337663
4885.66 1.50765577277
4888.35 1.45705812588
4891.05 1.48961648033
4893.74 1.54648406554
4896.43 1.58123312133
4899.12 1.55252737959
4901.82 1.57518980728
4904.51 1.52714546058
4907.2 1.5534338767
4909.89 1.52533246637
4912.58 1.50753490649
4915.28 1.46712024377
4917.97 1.45391560257
4920.66 1.46189277712
4923.35 1.48816608496
4926.05 1.52004456657
4928.74 1.56249884778
4931.43 1.54482215418
4934.12 1.53651259736
4936.82 1.55464253951
4939.51 1.53772126017
4942.2 1.54421782277
4944.89 1.6129605201
4947.59 1.6306372137
4950.28 1.67596206908
4952.97 1.60933453167
4955.66 1.55388712526
4958.36 1.56672916761
4961.05 1.61749300564
4963.74 1.62746447382
4966.43 1.60827695171
4969.13 1.62262982258
4971.82 1.57201706741
4974.51 1.56295209633
4977.2 1.57836254716
4979.89 1.51490774963
4982.59 1.45674085189
4985.28 1.48043064297
4987.97 1.54028966864
4990.66 1.53228227752
4993.36 1.56355642774
4996.05 1.54361349137
4998.74 1.57367897877
5001.43 1.59256433518
5004.13 1.6365294449
5006.82 1.61764408849
5009.51 1.58591668972
5012.2 1.53379310604
5014.9 1.49572022752
5017.59 1.51218825831
5020.28 1.49393744987
5022.97 1.50954430841
5025.67 1.52412380356
5028.36 1.57518980728
5031.05 1.54633298269
5033.74 1.55796636224
5036.44 1.54663514839
5039.13 1.52563463207
5041.82 1.55026113683
5044.51 1.51868482091
5047.21 1.5410450829
5049.9 1.55418929096
5052.59 1.52714546058
5055.28 1.53968533724
5057.97 1.57337681307
5060.67 1.63365887072
5063.36 1.57579413869
5066.05 1.53198011182
5068.74 1.58652102113
5071.44 1.64514116742
5074.13 1.57806038146
5076.82 1.5593261079
5079.51 1.55056330253
5082.21 1.57050623889
5084.9 1.55857069364
5087.59 1.60359338332
5090.28 1.59694573787
5092.98 1.58501019262
5095.67 1.54935463972
5098.36 1.50363696893
5101.05 1.52125322938
5103.75 1.54527540273
5106.44 1.53681476306
5109.13 1.57247031596
5111.82 1.5472394798
5114.52 1.55993043931
5117.21 1.62414065109
5119.9 1.59347083229
5122.59 1.53046928331
5125.28 1.48014358555
5127.98 1.54361349137
5130.67 1.54028966864
5133.36 1.52246189219
5136.05 1.56159235067
5138.75 1.56854216183
5141.44 1.48946539748
5144.13 1.55298062815
5146.82 1.57050623889
5149.52 1.52518138352
5152.21 1.50044912076
5154.9 1.53318877463
5157.59 1.54965680542
5160.29 1.52774979199
5162.98 1.52049781513
5165.67 1.43793103691
5168.36 1.35989674423
5171.06 1.35391386332
5173.75 1.36385511494
5176.44 1.424529988
5179.13 1.45586457136
5181.83 1.4225054778
5184.52 1.42951572209
5187.21 1.48014358555
5189.9 1.49414896587
5192.6 1.49803179514
5195.29 1.53983642009
5197.98 1.58410369551
5200.67 1.5884850982
5203.36 1.5652183391
5206.06 1.54285807711
5208.75 1.52548354922
5211.44 1.55690878228
5214.13 1.55162088249
5216.83 1.54875030831
5219.52 1.61280943725
5222.21 1.66750142941
5224.9 1.65058015006
5227.6 1.58334828125
5230.29 1.56884432753
5232.98 1.64257275895
5235.67 1.6966604197
5238.37 1.65163773002
5241.06 1.62686014242
5243.75 1.65919187259
5246.44 1.64060868188
5249.14 1.60465096328
5251.83 1.62142115977
5254.52 1.61552892857
5257.21 1.60601070894
5259.91 1.59800331782
5262.6 1.54572865129
5265.29 1.49771452116
5267.98 1.50188440785
5270.67 1.53092253186
5273.37 1.55539795377
5276.06 1.57337681307
5278.75 1.62006141411
5281.44 1.64665199593
5284.14 1.66523518664
5286.83 1.71252411908
5289.52 1.72763240421
5292.21 1.66961658932
5294.91 1.67943697466
5297.6 1.66991875503
5300.29 1.6185505856
5302.98 1.64634983023
5305.68 1.75558273169
5308.37 1.78987853893
5311.06 1.74304285504
5313.75 1.74168310938
5316.45 1.73926578376
5319.14 1.70300589945
5321.83 1.70451672797
5324.52 1.68215646598
5327.22 1.5946794951
5329.91 1.59513274365
5332.6 1.65284639283
5335.29 1.6845737916
5337.99 1.70995571061
5340.68 1.67853047755
5343.37 1.67505557197
5346.06 1.67203391494
5348.75 1.6721849978
5351.45 1.7081427164
5354.14 1.69998424243
5356.83 1.71056004202
5359.52 1.69137251991
5362.22 1.69575392259
5364.91 1.68986169139
5367.6 1.65178881288
5370.29 1.64287492465
5372.99 1.61749300564
5375.68 1.66024945255
5378.37 1.71222195338
5381.06 1.71615010751
5383.76 1.73488438107
5386.45 1.74651776062
5389.14 1.73896361805
5391.83 1.66976767218
5394.53 1.66115594965
5397.22 1.63894677052
5399.91 1.64665199593
5402.6 1.63864460482
5405.3 1.58984484386
5407.99 1.61190294014
5410.68 1.6129605201
5413.37 1.67052308643
5416.06 1.70799163355
5418.76 1.69001277425
5421.45 1.70602755648
5424.14 1.71312845049
5426.83 1.67006983788
5429.53 1.6545083042
5432.22 1.66387544098
5434.91 1.75210782611
5437.6 1.71886959884
5440.3 1.7140349476
5442.99 1.65571696701
5445.68 1.73699954099
5448.37 1.65209097858
5451.07 1.64060868188
5453.76 1.69001277425
5456.45 1.65677454697
5459.14 1.73110730979
5461.84 1.73956794946
5464.53 1.6786815604
5467.22 1.64453683601
5469.91 1.68850194573
5472.61 1.66463085523
5475.3 1.62096791122
5477.99 1.68351621164
5480.68 1.65707671267
5483.38 1.70330806516
5486.07 1.63924893622
5488.76 1.71373278189
5491.45 1.75346757178
5494.14 1.69469634263
5496.84 1.71947393024
5499.53 1.70466781082
5502.22 1.69847341392
5504.91 1.71599902466
5507.61 1.6960560883
5510.3 1.70602755648
5512.99 1.71705660462
5515.68 1.74923725194
5518.38 1.79924567571
5521.07 1.7685758569
5523.76 1.70950246206
5526.45 1.70179723664
5529.15 1.72158909016
5531.84 1.6901638571
5534.53 1.7561870631
5537.22 1.74712209202
5539.92 1.74757534058
5542.61 1.77884949079
5545.3 1.78519497054
5547.99 1.80287166414
5550.69 1.74681992632
5553.38 1.71705660462
5556.07 1.77915165649
5558.76 1.79561968728
5561.45 1.76389228851
5564.15 1.84910301663
5566.84 1.76374120566
5569.53 1.69243009987
5572.22 1.6848759573
5574.92 1.71025787631
5577.61 1.69122143706
5580.3 1.68094780317
5582.99 1.76600744843
5585.69 1.77310834244
5588.38 1.69741583396
5591.07 1.72370425008
5593.76 1.60329121762
5596.46 1.63849352196
5599.15 1.63154371081
5601.84 1.69862449677
5604.53 1.67822831185
5607.23 1.77174859678
5609.92 1.79531752158
5612.61 1.66795467796
5615.3 1.79018070463
5618.0 1.70345914801
5620.69 1.70436564512
5623.38 1.67112741784
5626.07 1.72476183004
5628.77 1.73004972983
5631.46 1.69590500544
5634.15 1.7267259071
5636.84 1.63879568767
5639.53 1.76223037715
5642.23 1.82130377199
5644.92 1.79652618439
5647.61 1.77794299368
5650.3 1.74183419223
5653.0 1.69620717115
5655.69 1.70753838499
5658.38 1.65148664717
5661.07 1.67203391494
5663.77 1.65178881288
5666.46 1.63214804221
5669.15 1.62081682837
5671.84 1.71479036185
5674.54 1.6848759573
5677.23 1.85016059659
5679.92 1.74304285504
5682.61 1.73397788396
5685.31 1.84623244245
5688.0 1.80105866992
5690.69 1.78096465071
5693.38 1.7862525505
5696.08 1.72793456991
5698.77 1.67339366061
5701.46 1.75935980298
5704.15 1.69167468561
5706.84 1.71086220772
5709.54 1.69711366825
5712.23 1.74485584925
5714.92 1.73216488975
5717.61 1.82326784906
5720.31 1.83520339431
5723.0 1.80045433852
5725.69 1.83867829989
5728.38 1.80377816125
5731.08 1.7502948319
5733.77 1.8163180379
5736.46 1.85982989907
5739.15 1.83384364865
5741.85 1.78897204182
5744.54 1.75996413438
5747.23 1.80604440402
5749.92 1.77884949079
5752.62 1.84185103977
5755.31 1.73004972983
5758.0 1.78398630773
5760.69 1.63486753353
5763.39 1.80710198398
5766.08 1.86224722469
5768.77 1.76721611124
5771.46 1.72370425008
5774.15 1.75271215752
5776.85 1.79985000711
5779.54 1.75150349471
5782.23 1.7323159726
5784.92 1.72597049285
5787.62 1.72143800731
5790.31 1.82508084328
5793.0 1.61432026576
5795.69 1.75165457756
5798.39 1.7626836257
5801.08 1.84864976807
5803.77 1.87795984122
5806.46 1.81994402633
5809.16 1.75905763727
5811.85 1.80619548687
5814.54 1.74878400339
5817.23 1.71509252755
5819.93 1.78731013046
5822.62 1.85363550216
5825.31 1.88264340961
5828.0 1.83807396848
5830.7 1.78126681641
5833.39 1.79380669306
5836.08 1.82085052344
5838.77 1.80347599554
5841.47 1.84698785671
5844.16 1.76313687426
5846.85 1.76359012281
5849.54 1.80468465835
5852.23 1.71599902466
5854.93 1.70587647363
5857.62 1.70134398809
5860.31 1.70965354491
5863.0 1.73715062384
5865.7 1.71554577611
5868.39 1.77522350236
5871.08 1.78383522488
5873.77 1.7927491131
5876.47 1.82795141745
5879.16 1.81269204947
5881.85 1.73669737529
5884.54 1.62867313663
5887.24 1.41424124583
5889.93 1.351194372
5892.62 1.32384837592
5895.31 1.40298557341
5898.01 1.52608788062
5900.7 1.61703975708
5903.39 1.66085378395
5906.08 1.72355316723
5908.78 1.71343061619
5911.47 1.78398630773
5914.16 1.79154045029
5916.85 1.69363876268
5919.54 1.76978451971
5922.24 1.75195674326
5924.93 1.732920304
5927.62 1.72491291289
5930.31 1.76479878562
5933.01 1.76464770277
5935.7 1.81344746373
5938.39 1.84925409948
5941.08 1.77280617674
5943.78 1.71237303623
5946.47 1.77008668542
5949.16 1.76585636558
5951.85 1.74772642343
5954.55 1.79592185298
5957.24 1.81964186063
5959.93 1.74863292054
5962.62 1.78187114781
5965.32 1.80619548687
5968.01 1.76238146
5970.7 1.8932192092
5973.39 1.85303117076
5976.09 1.77779191083
5978.78 1.71660335607
5981.47 1.82402326332
5984.16 1.82704492034
5986.86 1.73140947549
5989.55 1.7385103695
5992.24 1.76253254285
5994.93 1.79682835009
5997.62 1.80015217282
6000.32 1.80377816125
6003.01 1.70723621929
6005.7 1.79259803025
6008.39 1.73956794946
6011.09 1.83414581435
6013.78 1.7862525505
6016.47 1.75120132901
6019.16 1.80438249265
6021.86 1.77492133666
6024.55 1.74515801496
6027.24 1.79743268149
6029.93 1.86134072758
6032.63 1.78806554472
6035.32 1.82130377199
6038.01 1.78489280484
6040.7 1.81223880092
6043.4 1.87297410713
6046.09 1.82508084328
6048.78 1.8401891284
6051.47 1.7741659224
6054.17 1.79516643873
6056.86 1.83807396848
6059.55 1.83943371415
6062.24 1.80241841559
6064.93 1.87826200692
6067.63 1.81828211497
6070.32 1.732920304
6073.01 1.83973587985
6075.7 1.82069944059
6078.4 1.76525203417
6081.09 1.78383522488
6083.78 1.77839624223
6086.47 1.79305127881
6089.17 1.81193663522
6091.86 1.75754680876
6094.55 1.76223037715
6097.24 1.82628950609
6099.94 1.876146847
6102.63 1.80498682406
6105.32 1.76238146
6108.01 1.72415749863
6110.71 1.75346757178
6113.4 1.73654629243
6116.09 1.72476183004
6118.78 1.83187957158
6121.48 1.93370941333
6124.17 1.7856482191
6126.86 1.74802858913
6129.55 1.73669737529
6132.25 1.73080514409
6134.94 1.68638678581
6137.63 1.67596206908
6140.32 1.75256107467
6143.01 1.76162604574
6145.71 1.72415749863
6148.4 1.80256949844
6151.09 1.80241841559
6153.78 1.79108720174
6156.48 1.73730170669
6159.17 1.74772642343
6161.86 1.63547186494
6164.55 1.72400641578
6167.25 1.68865302858
6169.94 1.77779191083
6172.63 1.75784897446
6175.32 1.72415749863
6178.02 1.75210782611
6180.71 1.68668895152
6183.4 1.69182576846
6186.09 1.80408032695
6188.79 1.73443113252
6191.48 1.74304285504
6194.17 1.73699954099
6196.86 1.68789761433
6199.56 1.67384690916
6202.25 1.71343061619
6204.94 1.77220184533
6207.63 1.82009510918
6210.32 1.78897204182
6213.02 1.64106193044
6215.71 1.78912312467
6218.4 1.72853890132
6221.09 1.68819978003
6223.79 1.74107877797
6226.48 1.72340208437
6229.17 1.68094780317
6231.86 1.74198527508
6234.56 1.73307138686
6237.25 1.71917176454
6239.94 1.69832233106
6242.63 1.70406347941
6245.33 1.66115594965
6248.02 1.64997581866
6250.71 1.66115594965
6253.4 1.6185505856
6256.1 1.70194831949
6258.79 1.68049455462
6261.48 1.66221352961
6264.17 1.73004972983
6266.87 1.75180566041
6269.56 1.67188283209
6272.25 1.77960490504
6274.94 1.76646069698
6277.64 1.71010679346
6280.33 1.71116437342
6283.02 1.59951414634
6285.71 1.76147496289
6288.4 1.67203391494
6291.1 1.83822505134
6293.79 1.87856417262
6296.48 1.72748132136
6299.17 1.84034021125
6301.87 1.73095622694
6304.56 1.73866145235
6307.25 1.80770631538
6309.94 1.65465938705
6312.64 1.71418603045
6315.33 1.74213635793
6318.02 1.63940001907
6320.71 1.74546018066
6323.41 1.66538626949
6326.1 1.83973587985
6328.79 1.81420287798
6331.48 1.83127524018
6334.18 1.62096791122
6336.87 1.58969376101
6339.56 1.68940844284
6342.25 1.75664031165
6344.95 1.74364718644
6347.64 1.70708513644
6350.33 1.71630119037
6353.02 1.71191978768
6355.71 1.72098475875
6358.41 1.89805386044
6361.1 1.95758050383
6363.79 1.82900899741
6366.48 1.70859596495
6369.18 1.71071112487
6371.87 1.75180566041
6374.56 1.77250401104
6377.25 1.70859596495
6379.95 1.73171164119
6382.64 1.76963343686
6385.33 1.77915165649
6388.02 1.77371267385
6390.72 1.86300263894
6393.41 1.87675117841
6396.1 1.78912312467
6398.79 1.7025526509
6401.49 1.70481889367
6404.18 1.77114426537
6406.87 1.73246705545
6409.56 1.79078503604
6412.26 1.83263498584
6414.95 1.76313687426
6417.64 1.77099318252
6420.33 1.70708513644
6423.02 1.76782044265
6425.72 1.88430532097
6428.41 1.89397462345
6431.1 1.76419445422
6433.79 1.71509252755
6436.49 1.79728159864
6439.18 1.71917176454
6441.87 1.75830222302
6444.56 1.84653460816
6447.26 1.74364718644
6449.95 1.7199271788
6452.64 1.67354474346
6455.33 1.7379060381
6458.03 1.78534605339
6460.72 1.76238146
6463.41 1.83550556001
6466.1 1.82659167179
6468.8 1.79758376435
6471.49 1.77189967963
6474.18 1.71781201888
6476.87 1.81858428067
6479.57 1.83943371415
6482.26 1.83248390299
6484.95 1.86088747903
6487.64 1.78323089348
6490.34 1.72536616144
6493.03 1.7797559879
6495.72 1.67052308643
6498.41 1.63048613085
6501.1 1.77733866228
6503.8 1.74576234636
6506.49 1.75044591475
6509.18 1.7983391786
6511.87 1.8039292441
6514.57 1.79169153315
6517.26 1.9179967968
6519.95 1.81435396084
6522.64 1.8157137065
6525.34 1.76540311703
6528.03 1.78459063914
6530.72 1.82795141745
6533.41 1.82523192613
6536.11 1.87463601849
6538.8 1.90757208007
6541.49 2.01166816459
6544.18 2.08297927038
6546.88 2.11954132039
6549.57 2.20067281152
6552.26 2.17287356689
6554.95 2.33287030638
6557.65 2.63050352337
6560.34 3.07393169183
6563.03 3.31354909393
6565.72 3.20658243524
6568.41 2.7596793612
6571.11 2.22137116214
6573.8 1.95002636127
6576.49 2.1384266768
6579.18 2.50933507665
6581.88 2.76481617814
6584.57 2.81512676761
6587.26 2.56765305724
6589.95 2.25717779789
6592.65 1.91029157139
6595.34 1.79486427302
6598.03 1.81480720939
6600.72 1.76948235401
6603.42 1.82311676621
6606.11 1.76494986847
6608.8 1.75105024616
6611.49 1.78156898211
6614.19 1.80241841559
6616.88 1.78700796476
6619.57 1.83127524018
6622.26 1.86254939039
6624.96 1.81782886641
6627.65 1.73186272405
6630.34 1.73715062384
6633.03 1.70209940235
6635.73 1.75195674326
6638.42 1.72657482425
6641.11 1.78459063914
6643.8 1.79486427302
6646.49 1.79758376435
6649.19 1.76615853128
6651.88 1.78383522488
6654.57 1.74319393789
6657.26 1.79093611889
6659.96 1.77612999947
6662.65 1.67460232342
6665.34 1.69137251991
6668.03 1.78685688191
6670.73 1.78851879327
6673.42 1.79002962178
6676.11 1.7738637567
6678.8 1.82024619204
6681.5 1.82387218047
6684.19 1.80226733273
6686.88 1.93612673895
6695.89 1.76948235401
6711.32 1.73337355256
6726.79 1.73352463541
6742.3 1.75392082033
6757.84 1.71025787631
6773.42 1.72234450442
6789.04 1.7264237414
6804.68 1.74258960649
6820.37 1.74289177219
6836.09 1.75120132901
6851.85 1.74334502074
6867.65 1.68819978003
6883.48 1.72370425008
6899.35 1.74394935215
6915.25 1.74017228086
6931.19 1.74848183768
6947.17 1.77295725959
6963.19 1.76510095132
6979.24 1.78987853893
6995.33 1.76540311703
7011.45 1.72551724429
7027.61 1.79048287034
7043.82 1.76615853128
7060.05 1.75422298603
7076.33 1.70663188788
7092.64 1.68336512879
7108.99 1.69137251991
7125.38 1.68381837734
7141.8 1.67626423478
7158.27 1.6842716259
7174.77 1.67294041205
7191.31 1.62006141411
7207.89 1.62021249696
7224.5 1.71645227322
7241.16 1.68925735999
7257.85 1.68955952569
7274.58 1.76117279719
7291.35 1.68608462011
7308.16 1.72551724429
7325.01 1.73367571826
7341.89 1.78262656207
7358.82 1.76646069698
7375.78 1.79954784141
7392.78 1.75482731744
7409.82 1.83354148295
7426.91 1.80030325567
7444.03 1.84668569101
7461.19 1.85967881622
7478.39 1.82175702055
7495.63 1.84321078543
7512.91 1.82659167179
7530.22 1.83097307447
7547.59 1.86526888171
7564.98 1.82311676621
7582.42 1.8401891284
7599.9 1.78610146765
7617.42 1.78640363335
7634.98 1.82825358315
7652.58 1.79516643873
7670.22 1.66402652383
7687.9 1.73866145235
7705.63 1.74289177219
7723.39 1.70345914801
7741.19 1.73140947549
7759.04 1.69620717115
7776.93 1.72793456991
7794.85 1.70436564512
7812.82 1.7444026007
7830.84 1.76887802261
7848.89 1.75694247736
7866.98 1.78172006496
7885.11 1.74138094367
7903.29 1.68245863168
7921.51 1.66342219242
7939.77 1.67142958354
7958.08 1.69091927135
7976.42 1.73458221537
7994.81 1.70315698231
8013.24 1.73911470091
8031.71 1.74742425773
8050.22 1.78428847343
8068.78 1.78851879327
8087.38 1.74817967198
8106.02 1.70466781082
8124.71 1.72868998417
8143.44 1.74485584925
8162.21 1.72113584161
8181.03 1.78610146765
8199.89 1.77401483955
8218.79 1.78247547922
8237.74 1.53847667443
8256.73 1.81616695505
8275.76 1.82477867757
8294.84 1.74697100917
8313.96 1.66085378395
8333.13 1.75150349471
8352.34 1.75981305153
8371.59 1.74802858913
8390.89 1.67339366061
8410.23 1.74047444657
8429.62 1.7447047664
8449.05 1.68578245441
8468.53 1.70950246206
8488.05 1.71373278189
8507.62 1.27347735331
8527.23 1.66750142941
8546.89 1.42601059995
8566.59 1.68729328292
8586.34 1.72294883582
8606.13 1.64559441597
8625.97 1.71161762198
8645.86 1.72370425008
8665.79 1.6126583544
8685.76 1.61658650853
8705.78 1.69303443127
8725.86 1.72868998417
8745.97 1.67414907486
8766.13 1.68215646598
8786.34 1.74953941764
8806.59 1.74183419223
8826.89 1.75422298603
8847.25 1.67158066639
8867.64 1.67958805751
8888.08 1.60419771473
8908.57 1.65707671267
8929.11 1.64967365296
8949.69 1.66145811536
8970.32 1.65405505564
8991.0 1.63532078209
9011.73 1.56204559922
9032.5 1.52669221203
9053.32 1.76132388004
9074.19 1.71358169904
9095.11 1.63290345647
9116.08 1.60344230047
9137.09 1.69469634263
9158.15 1.67565990337
9179.26 1.59316866658
9200.43 1.68004130606
9221.64 1.58999592671
9242.89 1.59755006927
9264.2 1.63879568767
9285.56 1.6966604197
9306.96 1.505495288
9328.42 1.68940844284
9349.92 1.68971060854
9371.47 1.66296894387
9393.08 1.68638678581
9414.73 1.65979620399
9436.43 1.7025526509
9458.19 1.68336512879
9479.99 1.71886959884
9501.85 1.68004130606
9523.75 1.68819978003
9545.71 1.63486753353
9567.71 1.6848759573
9589.76 1.71645227322
9611.87 1.70104182239
9634.03 1.70920029636
9656.24 1.69378984553
9678.5 1.6901638571
9700.81 1.70995571061
9723.17 1.66750142941
9745.58 1.66009836969
9768.05 1.66810576081
9790.57 1.65314855854
9813.14 1.68019238891
9835.76 1.66901225792
9858.43 1.6730914949
9881.17 1.66191136391
9903.94 1.6545083042
9926.77 1.6662927666
9949.65 1.67037200358
9972.59 1.67067416928
9995.58 1.66327110957
10018.63 1.66357327527
10064.87 1.64136409614
10134.63 1.6727893292
10181.42 1.65813429263
10228.41 1.67022092073
10275.62 1.67460232342
10299.3 1.6671992637
10490.79 1.62398956824
10710.46 1.5652183391
10909.58 1.51203717546
11112.4 1.45405157714
11292.96 1.43081503462
11502.92 1.42752142846
11689.83 1.39502350715
11907.16 1.34765903328
12100.63 1.32611461869
12297.25 1.3079242434
12497.06 1.2752148061
12700.12 1.25193293872
12906.48 1.226248854
13086.03 1.20665340819
13298.66 1.17376267147
13514.74 1.15233912316
13702.75 1.1339221236
13893.38 1.09542621309
14086.66 1.04853009606
14315.55 1.03892122672
14514.7 1.04853009606
14716.62 1.0129349763
14887.03 1.02938789881
15094.13 1.03892122672
15304.1 1.05579718121
15517.0 1.04853009606
15696.68 1.03414700862
15915.05 1.00133181333
16099.34 1.00364338095
16285.77 1.00133181333
16512.32 0.9898797332
16703.51 0.987598382146
16896.94 0.974046250388
17092.6 0.958469608422
17290.53 0.921680934139
17490.73 0.896570964259
17693.26 0.862139182456
17898.15 0.829052038029
18105.4 0.791734573767
18315.04 0.773710389611
18484.51 0.75089687907
18698.56 0.718761556606
18915.06 0.702399283814
19090.09 0.69115871968
19311.15 0.670777643044
19489.82 0.645033125189
19715.5 0.626011794215
19897.94 0.60754946979
20082.04 0.5992096964
20314.58 0.580203473711
20502.56 0.574885357347
20692.25 0.561801582427
20883.73 0.550273960876
21076.97 0.542719818312
21321.01 0.531600120459
21518.3 0.520691938598
21717.42 0.50534192091
21918.35 0.497258988367
22121.17 0.484824869708
22274.49 0.472692916751
22480.61 0.461935817741
22688.6 0.451435559578
22898.55 0.409102144654
23110.44 0.40747044986
23324.26 0.360045542849
23485.95 0.340646504746
23703.25 0.346402761379
23922.58 0.321262574929
24088.39 0.311759463584
24311.29 0.307695334885
24479.79 0.287797723374
24706.31 0.282751556142
24877.58 0.240659873779
25018.24 0.238408739295
25113.01 0.238061248738
25207.68 0.249180946591
25302.45 0.238937529275
25397.13 0.244240537354
25491.9 0.23411798632
25586.68 0.247790984359
25681.35 0.240977147767
25776.12 0.254363088389
25870.9 0.238031032167
25965.57 0.231564686133
26060.34 0.234752534295
26155.02 0.239073503841
26249.79 0.227772506566
26344.56 0.235220891134
26439.24 0.220762262268
26534.01 0.229706367063
26628.78 0.215383712763
26723.46 0.22224287421
26818.23 0.220943561689
26912.91 0.219916198301
27007.68 0.202541670405
27102.45 0.211561316626
27197.13 0.206983506232
27291.9 0.214885139354
27386.67 0.207436754786
27481.35 0.198281134
27576.12 0.19294790935
27670.8 0.20429423148
27765.56 0.197767452305
27860.34 0.197117796045
27955.01 0.196724980632
28049.79 0.189624086622
28144.56 0.184260645402
28239.24 0.18333904001
28334.01 0.175240999182
28428.68 0.17983391786
28523.46 0.173730170669
28618.23 0.16966604197
28712.9 0.167022092073
28807.68 0.168396946019
28902.45 0.167989022321
28997.12 0.171962501309
29091.9 0.164740741019
29186.57 0.162383848539
29281.34 0.15590239422
29376.11 0.165949403829
29470.79 0.153228227752
29565.56 0.160782370316
29660.34 0.15773049672
29755.01 0.16244428168
29849.78 0.153787234302
29944.46 0.150548017971
30039.23 0.140646047899
30134.01 0.1483346542
30228.68 0.142484726199
30323.45 0.145163425152
30418.22 0.14316459903
30512.9 0.143329279338
30607.67 0.140593168901
30702.35 0.141794277569
30797.12 0.13654112683
30891.89 0.142443933829
30986.57 0.136025934308
31081.34 0.1417217578
31176.11 0.134137398667
31270.79 0.128000413248
31365.56 0.122260775729
31460.23 0.133454504179
31555.01 0.126785707124
31649.78 0.12832373055
31744.46 0.133524002291
31839.23 0.137657629101
31934.0 0.13697775627
32028.67 0.132090226032
32123.45 0.148420771425
32218.12 0.162217657403
32312.9 0.170920029636
32407.67 0.177733866228
32502.34 0.193340724763
32597.12 0.216441292722
32691.89 0.228316404831
32786.56 0.221079536255
32881.33 0.209461264993
32976.01 0.19474579528
33070.78 0.171539469326
33165.56 0.170013532528
33260.23 0.151838265521
33355.0 0.142573865081
33449.78 0.1443022529
33544.45 0.142711350476
33639.22 0.137532230335
33733.9 0.148061194239
33828.67 0.144234265617
33923.45 0.148393576512
34018.12 0.144811402109
34112.89 0.14249379117
34207.67 0.139490264087
34302.34 0.141156707936
34397.11 0.134613309648
34491.78 0.135259944252
34586.56 0.128674242765
34681.33 0.126052955296
34776.0 0.122528192376
34870.78 0.117945849497
34965.55 0.116419912699
35060.23 0.123359148057
35155.0 0.113866612513
35249.67 0.118980767028
35344.45 0.119021559398
35439.22 0.12001417373
35533.89 0.118062183292
35628.67 0.114898508387
35723.44 0.115174990004
35818.12 0.120331447718
35912.89 0.114360653436
36007.56 0.118119594776
36102.33 0.114551017829
36197.11 0.114226189699
36291.78 0.111882894675
36386.55 0.1145600828
36481.33 0.107004429408
36576.01 0.105990663476
36670.77 0.103813559589
36765.45 0.103849819474
36860.22 0.105578207292
36955.0 0.103925360899
37049.67 0.100485204376
37144.44 0.0982250049211
37239.22 0.0962276896274
37333.89 0.101582065876
37428.66 0.102097258399
37523.34 0.101801136011
37618.11 0.0994533085019
37712.88 0.101835885066
37807.56 0.100672547112
37902.33 0.0942409501333
37997.1 0.0982204724356
38091.78 0.100637798056
38186.55 0.0976221843446
38281.23 0.0942152660486
38376.0 0.0953922014599
38470.77 0.0929416376124
38565.45 0.089793070992
38660.22 0.0945204534081
38754.99 0.0903188393144
38849.67 0.0914066358436
38944.44 0.0904744546513
39039.11 0.0900952366946
39133.89 0.0870690471837
39228.66 0.0907312954984
39323.33 0.0900408468681
39418.11 0.0925548655132
39512.88 0.0853134644521
39607.55 0.0876235212479
39702.33 0.0852772045678
39797.0 0.084529344454
39891.78 0.0898278200478
39986.55 0.092177158385
40081.22 0.0931168937199
40175.99 0.0935202849327
40270.67 0.0947229044288
40365.44 0.0954420588008
40460.21 0.0938330264349
40554.89 0.0939357627737
40649.66 0.0882656233658
40744.44 0.081249335753
40839.11 0.079634260073
40933.88 0.0802174398789
41028.66 0.0827027527822
41123.33 0.0799636206888
41218.1 0.0742859271383
41312.77 0.0784830087464
41407.55 0.073362810917
41502.32 0.0762424500621
41597.0 0.0774344937586
41691.77 0.0769782235478
41786.55 0.069537393123
41881.22 0.0725499851772
41975.99 0.0693047255321
42070.67 0.0673693542074
42165.44 0.0632946497088
42260.21 0.0649218120169
42354.89 0.0630030598058
42449.66 0.0609166056299
42544.43 0.0599542078673
42639.11 0.0624138366859
42733.88 0.0695660988648
42828.56 0.0691309802531
42923.33 0.0653675064281
43018.1 0.0682184398315
43112.77 0.070436336088
43207.54 0.0641512894754
43302.22 0.064881019647
43397.0 0.0673723758644
43491.77 0.063979055025
43586.44 0.0625135513677
43681.21 0.0640122932523
43775.99 0.066071552515
43870.66 0.0630136356054
43965.44 0.0598665798136
44060.21 0.0541450722362
44154.89 0.0561952665278
44249.65 0.0513696802585
44344.33 0.0551618598252
44439.1 0.0527611533186
44533.87 0.0540106084986
44628.55 0.0540332709262
44723.32 0.0541133448374
44818.1 0.0562708079535
44912.77 0.0552963235628
45007.54 0.0565231163151
45102.22 0.0573661586251
45196.99 0.057174283404
45291.77 0.0479854243901
45386.44 0.0517504090436
45481.21 0.049349702537
45575.98 0.0519483275788
45670.66 0.0503423168699
45765.43 0.050416347467
45860.11 0.0488949431547
45954.88 0.0469263336028
46049.65 0.046060628865
46144.33 0.0513273770601
46239.1 0.0551799897673
46333.78 0.0563176436374
46428.55 0.0520057390623
46523.32 0.0553915057591
46617.99 0.0558523084555
46712.77 0.0512639222626
46807.54 0.0561892232138
46902.22 0.0621554850102
46996.99 0.05705643878
47091.76 0.0576909867554
47186.44 0.0583738812431
47281.21 0.0551754572818
47375.88 0.0511083069258
47470.65 0.0527384908909
47565.43 0.0532854108125
47660.1 0.0484719111712
47754.87 0.0458234287885
47849.65 0.0444319557284
47944.32 0.0466241679002
48039.09 0.0429271705298
48133.77 0.0443367735321
48228.55 0.0409479851782
48323.32 0.0429362355009
48418.97 0.0477270727145
48903.16 0.0470260482846
49392.19 0.0463189805407
49886.12 0.0456043586542
50384.98 0.0448821826252
50888.83 0.0441524524535
51079.85 0.0438774816642
51375.92 0.0447613163441
51671.99 0.0490626451196
51968.05 0.0539048505027
52264.12 0.0692322057635
52560.28 0.0659310454633
52856.35 0.0609211381154
53152.42 0.0619061983056
53448.48 0.0606522106401
53744.55 0.0493542350226
54040.71 0.0451435559578
54336.78 0.0451450667864
54632.85 0.0471031005387
54928.92 0.0515963045353
55224.98 0.0523184805644
55521.14 0.0540906824097
55817.21 0.0550696992859
56113.28 0.0670989159036
56409.35 0.0771716095974
56705.42 0.0819473385259
57001.58 0.0835518384063
57297.65 0.0809154426517
57593.71 0.0745911144978
57889.78 0.0699483384785
58185.85 0.0683060678852
58482.01 0.0734413739997
58778.08 0.0759735225869
59074.15 0.0727660336545
59370.21 0.0732041739232
59666.28 0.0815167523998
59962.44 0.0966401458114
60258.51 0.105330431416
60554.58 0.108238776303
60850.64 0.11539254931
61146.71 0.1395280348
61442.88 0.186919703584
61738.94 0.258593408224
62035.01 0.305640608108
62331.07 0.292058259779
62627.14 0.252837151591
62923.31 0.211787940903
63219.37 0.177915165649
63515.44 0.153726801162
63811.51 0.137346398428
64107.58 0.126897508434
64403.74 0.118217798629
64699.8 0.109376430173
64995.87 0.104552354732
65291.94 0.0996315862664
65588.01 0.0981706150947
65884.17 0.100104475591
66180.24 0.103588446141
66476.31 0.105961957734
66772.37 0.104795598123
67068.44 0.103417722519
67364.61 0.103157860015
67660.67 0.103493263945
67956.74 0.102697057319
68252.81 0.102907062482
68548.87 0.106156854613
68845.04 0.112503845194
69141.1 0.118264634313
69437.17 0.133007298939
69733.23 0.171630119037
70029.3 0.169983315958
70325.46 0.140839433949
70621.54 0.135655781322
70917.6 0.136090899934
71213.67 0.140262297457
71509.73 0.141984641961
71805.9 0.143051286891
72101.96 0.149556914467
72398.04 0.151143284405
72694.1 0.156959974179
72990.17 0.164725632734
73286.33 0.175633814595
73582.4 0.189049971787
73878.46 0.205699301997
74174.53 0.21446210737
74766.67 0.256342273741
75358.9 0.299400886351
75951.03 0.326565583008
76543.17 0.320386294392
77135.4 0.309402571105
77727.53 0.302709600794
78319.76 0.292299992341
78911.89 0.266766990478
79504.03 0.233513654914
80096.25 0.203810766356
80688.39 0.177159751393
81280.53 0.158712535253
81872.75 0.14948288387
82464.89 0.144775142224
83057.02 0.147905578902
83649.26 0.141159729593
84241.39 0.142129681499
84833.63 0.147635140599
85425.76 0.152835412339
86017.9 0.147790755935
86610.13 0.131633955821
87202.26 0.110802652289
87794.4 0.0897885385065
88386.62 0.0726859597434
88978.76 0.0617626695969
89570.89 0.0544547920813
90163.12 0.0479129046215
90755.26 0.043196098005
91347.49 0.039364636897
91939.62 0.0373189750909
92531.75 0.0360529007973
93123.98 0.0341356594147
93716.12 0.0324843238504
94308.25 0.0316594114825
94900.48 0.0302936225071
95492.61 0.0305670824678
96084.74 0.0307589576889
96676.98 0.032680731557
97269.12 0.0292571941474
97861.35 0.0268141844424
98453.48 0.0259182631344
99045.62 0.0251673813636
99637.85 0.0252383903037
100229.98 0.0255904133472
100822.12 0.0258094834815
101414.34 0.0253788973554
102006.48 0.0251764463347
102598.61 0.025749050341
103190.84 0.0262400696076
103782.98 0.0273656368495
104375.22 0.0291212195812
104967.34 0.0313224967242
105559.48 0.0340374555614
106151.71 0.0360287275411
106743.85 0.0359728268861
107335.98 0.0364608244957
107928.21 0.0368098258821
108520.34 0.0376120758223
109112.48 0.0419723269098
109704.71 0.0492333687416
110296.84 0.0560683569328
110889.07 0.0654400261967
111481.2 0.0995560448408
112073.34 0.146671232008
112665.57 0.156567158765
113257.7 0.133685660941
113849.84 0.109066710328
114442.06 0.0925850820834
115034.2 0.0797747671247
115626.33 0.0717326269519
116218.56 0.0665036494696
116810.7 0.0632478140249
117402.94 0.0615284911775
117995.07 0.0620784327561
118587.2 0.0656439880459
119179.44 0.0691068069969
119771.57 0.0710890140055
120363.71 0.0703547513484
120955.93 0.0681549850339
121548.07 0.0668330100854
122140.21 0.0686867966704
122732.43 0.0730228745017
123324.57 0.0755202740331
123916.8 0.0769721802337
124508.93 0.0801872233086
125101.06 0.0840050869601
125693.29 0.0886795903782
126285.43 0.0925563763417
126877.56 0.0959089048112
127469.8 0.117152664528
128061.92 0.149470797242
128654.05 0.117317344835
129246.29 0.0691098286539
129838.42 0.0588845412804
130430.55 0.0558961224823
131022.79 0.0543157958581
131614.92 0.0550213527735
132207.16 0.0543233500007
132799.29 0.0533957012939
133391.42 0.0528759762856
133983.66 0.0522384066532
134575.79 0.051798755556
135167.92 0.0522867531656
135760.16 0.0521628652276
136352.29 0.0503876417252
136944.42 0.0489825712085
137536.66 0.0477754192269
138128.79 0.0467389908672
138721.02 0.046352218768
139313.16 0.0456844325654
139905.29 0.0454155050901
140497.52 0.0447734029722
141089.65 0.0441494307965
141681.78 0.0436478357303
142721.15 0.0478313198818
143550.22 0.0462812098279
144379.29 0.0435632293336
145208.35 0.0409253227505
146037.32 0.0405264640232
146866.38 0.0395081656057
147695.44 0.0392029782461
148524.41 0.0396879541987
149353.48 0.0395021222916
150182.54 0.0387859895766
151011.51 0.0385729627563
151840.57 0.0391395234486
152669.65 0.0393948534672
153498.62 0.0384566289609
154327.68 0.039370680211
155156.75 0.0419693052528
155985.7 0.0455257955715
156814.78 0.0412169126535
157643.84 0.0406956768166
158472.9 0.0414843293002
159301.87 0.0418635472569
160130.95 0.0413528872196
160960.0 0.0411836744262
161788.98 0.0420070759656
162618.03 0.0446510258627
163447.09 0.0502002989897
164276.08 0.0555274803253
165105.13 0.0560200104204
165934.2 0.0518455912399
166763.16 0.0508922584485
167592.24 0.0521855276553
168421.3 0.0515736421077
169250.26 0.0537220402526
170079.33 0.0612897802725
170908.4 0.0603681748798
171737.46 0.0543852939697
172566.43 0.0529590718538
173395.51 0.0527279150913
174224.55 0.0513349312027
175053.54 0.0482014728674
175882.6 0.045818896303
176711.66 0.0448338361127
177540.63 0.0443926741871
178369.68 0.0440361186581
179198.76 0.0435617185051
180027.73 0.0426975245959
180856.79 0.04193153454
181685.85 0.0415689356969
182514.81 0.0413060515357
183343.89 0.0413075623642
184172.97 0.0417653434036
185002.03 0.0427640010504
185830.98 0.0441962664804
186660.06 0.0472662700181
187489.11 0.0543354366288
188318.09 0.0461935817741
189147.16 0.0438925899494
189976.22 0.0434756012799
190805.19 0.0435163936497
191634.27 0.0444047608152
192463.31 0.044445553185
193292.28 0.0438820141498
194121.35 0.0435148828212
194950.41 0.0438382001229
195779.4 0.0444787914123
196608.44 0.0449078667099
197437.52 0.0452251406975
198266.58 0.0458959485571
199095.54 0.0461588327183
199924.62 0.0460968887493
201582.65 0.0472995082454
203240.77 0.0483782398034
204898.82 0.047793549169
206556.84 0.0489357355246
208214.96 0.0500099345971
209873.0 0.0506278634587
211531.14 0.0512427706634
213189.17 0.0517473873866
214847.2 0.0521613543991
216505.34 0.0521794843412
218163.38 0.0529756909674
219821.39 0.0538323307341
221479.52 0.054356588228
223137.57 0.0544699003664
224795.69 0.0555954676083
226453.73 0.0560049021352
228111.76 0.0563554143502
229769.9 0.0577891906087
231427.93 0.0588029565407
233085.96 0.058423738584
234744.07 0.0587395017431
236402.12 0.060336447481
238060.25 0.0609649521423
239718.28 0.0608259559191
241376.31 0.0614756121795
243034.45 0.0619560556466
244692.49 0.0623035462045
246350.52 0.0623035462045
248008.66 0.0629970164918
249666.69 0.0639095569134
251324.8 0.0646468412276
252982.83 0.0650562757545
254640.87 0.0657935600687
256299.01 0.0657346377567
257957.04 0.0665051602981
259615.07 0.0682894487716
261273.2 0.0681942665753
262931.23 0.0680915302364
264589.36 0.0682954920856
266247.39 0.0685523329328
267905.45 0.0695026440672
269563.58 0.0704076303463
271221.58 0.0702746774372
272879.61 0.0707218826769
274537.77 0.0706916661067
276195.8 0.0715951415572
277853.93 0.0722946551586
279511.96 0.0729548872186
281169.99 0.0741952774275
282828.12 0.0745216163862
284486.15 0.0747497514916
286144.18 0.0747860113759
287802.31 0.0755988371157
289460.34 0.0756381186571
291118.47 0.0758783403906
292776.53 0.0760248907563
294434.56 0.0765189316799
296092.69 0.0774344937586
297750.72 0.0777850059735
299408.75 0.0776444989219
301066.88 0.0790420152961
302724.91 0.0799031875483
304383.04 0.0796176409594
306041.07 0.0797098014987
307699.1 0.079993837259
309357.23 0.0821271271189
311015.29 0.0811465994142
312673.32 0.0807930655422
314331.45 0.081361137063
315989.45 0.0829595936294
317647.61 0.0843948807164
319305.64 0.0843087634911
320963.67 0.0843329367473
322621.8 0.085242455512
324279.83 0.0873832995144
325937.86 0.0902538736884
327596.02 0.0930277548376
329254.05 0.0884741177005
330912.15 0.0913869950729
332570.18 0.0965283445014
334228.24 0.098206874979
335886.34 0.0934522976497
337544.37 0.0898550149611
339202.4 0.0913416702175
340860.56 0.0941472787655
342518.56 0.0929038668996
