100.11 4.11374367115e-06
101.97 5.42297250967e-06
104.1 6.46010195068e-06
106.04 7.87480870237e-06
108.01 9.8454807095e-06
110.02 1.40031384919e-05
113.89 1.92413145382e-05
117.89 2.49018224678e-05
120.91 9.77771850433e-05
124.87 0.000118641640775
126.9 0.000126247816984
128.08 0.000132813922136
131.06 0.000143624357658
131.97 0.000169531582147
134.11 0.000176696516089
136.92 0.000221944859915
140.11 0.000237819075731
143.04 0.000640084941779
147.05 0.00141985457812
151.17 0.0015109395888
155.05 0.00162639798179
159.03 0.00176297296896
161.98 0.00185458326805
166.14 0.00201479623376
170.01 0.00214905995191
173.17 0.00225033555778
177.2 0.00243355615595
180.08 0.00255994054792
182.17 0.00264997498177
185.98 0.00283949904088
191.19 0.00311338441899
193.85 0.00332076828412
197.91 0.00356649820334
202.06 0.00387473744361
204.87 0.00412319886257
210.12 0.00438773410695
216.01 0.00517892351337
220.02 0.00569160500366
223.09 0.00601507760788
227.23 0.00664111633752
229.86 0.00938081058009
234.14 0.015109395888
240.14 0.0196447360387
245.74 0.0206648461352
252.04 0.0243355615595
256.73 0.0240014781294
260.3 0.0276848004756
263.92 0.0354191470565
268.83 0.0401089220005
273.82 0.0450025088483
278.91 0.0447955452139
284.1 0.0567857785104
290.05 0.0656505457543
296.12 0.0693811440576
300.93 0.0731537654339
307.94 0.0899987142357
318.03 0.106475961149
327.7 0.130387089671
337.65 0.145956638209
347.91 0.161526186746
356.84 0.24673847297
365.99 0.426817846433
375.38 0.469072046309
385.01 0.420955627753
394.89 0.708330412289
405.01 0.980030590605
414.45 1.06475961149
422.15 1.03809597169
430.0 1.06475961149
441.03 1.36848137141
451.31 1.50400578176
459.7 1.41008421366
470.4 1.54256195121
480.25 1.85878557534
490.31 1.67199301597
499.43 2.19402464
506.37 1.94640368249
512.24 3.19333331533
520.56 3.16402222193
530.24 3.0636921352
540.1 2.61961331154
550.14 2.64997498177
560.36 3.63278960096
569.47 4.24853267772
580.06 4.2976996731
589.48 4.52105230596
600.44 3.90152715263
610.2 3.88366734662
620.11 5.07271019643
630.19 4.88917442521
640.43 5.53653986438
649.34 5.44797623809
658.37 5.07271019643
664.46 5.82418779889
675.26 6.24074150975
684.65 5.42297250967
695.78 6.44518375977
705.46 5.263074717
715.27 6.87444945021
725.22 7.06702018211
735.31 7.16535417287
745.54 7.01837847515
754.17 7.06702018211
764.66 6.40084941779
775.3 7.248349742
784.28 6.70257508174
795.19 7.2985673142
804.4 7.57245269231
815.59 7.66017585715
825.03 7.8566337233
834.59 6.26963237242
844.25 7.82059893823
854.03 7.73108979279
865.91 8.07683462569
875.93 8.17033596306
884.04 8.22696205389
894.27 8.30302381597
904.63 8.17033596306
915.11 7.96599877072
925.7 18.7601503526
934.27 30.4257554103
945.09 42.6817846433
956.03 51.6705199526
964.87 55.7488591847
976.05 19.5092116284
985.08 44.0801023966
994.19 44.0801023966
1005.71 57.8416082189
1015.01 58.6463500663
1024.4 37.432052252
1033.88 48.5555596683
1045.85 72.3164557049
1055.53 69.8612576664
1065.3 57.3110669226
1075.15 64.4518375977
1085.1 54.4797623809
1095.14 66.5634970147
1105.28 63.5683024885
1115.5 61.5511949857
1125.83 54.2297250967
1136.24 66.1054455193
1144.12 61.5511949857
1154.7 62.8402527492
1165.39 62.5513441225
1176.17 42.5830304218
1184.33 59.73684881
1195.28 47.3410928594
1206.34 38.7473744361
1214.71 30.9909657418
1225.94 46.4775187097
1234.44 60.012099938
1245.86 62.9852323509
1254.5 60.7065312189
1266.11 55.8780801341
1274.89 65.9531118798
1283.72 67.8010765138
1295.6 56.1354714561
1304.58 55.7488591847
1313.62 65.9531118798
1325.78 62.8402527492
1334.97 57.3110669226
1344.22 64.4518375977
1353.54 62.4074150975
1366.06 56.6555069842
1375.53 57.7081849622
1385.07 57.4434396024
1394.67 45.7337103181
1404.34 45.5235949532
1414.07 52.9952973281
1423.87 52.63074717
1433.74 53.4859167051
1440.36 55.1111590523
1447.01 55.4935690164
1453.69 53.4859167051
1463.76 49.801543782
1473.91 50.0305695297
1484.13 50.6104879368
1494.41 50.6104879368
1504.77 47.7791833951
1511.72 43.3751653474
1518.7 45.5235949532
1525.71 44.3847696756
1536.28 38.215782563
1543.37 37.5181995516
1554.07 36.4949377247
1564.84 39.1056211332
1575.69 41.5177455219
1586.61 42.8782425095
1593.94 43.1755557508
1604.98 42.19326642
1616.11 41.8056035718
1623.57 40.2938235216
1634.82 42.3876231325
1646.16 42.4853267772
1653.75 40.4797756195
1665.22 42.5830304218
1672.9 38.568776376
1676.76 43.3751653474
1684.5 43.8773410695
1696.18 41.5177455219
1704.01 40.1089220005
1715.82 37.7776920272
1723.74 37.2597576528
1735.68 39.286320347
1743.7 38.3922794695
1755.78 39.8326202957
1763.89 37.5181995516
1776.11 37.1736103532
1784.31 37.8648899036
1796.68 39.286320347
1804.97 39.1056211332
1813.31 36.0778587254
1825.87 36.6640805934
1834.3 35.5830370411
1847.02 32.9030155622
1855.54 32.9030155622
1864.11 33.4377591658
1877.03 35.3372020642
1885.69 32.5269090591
1894.4 31.0624049659
1903.14 32.9030155622
1916.33 31.4227528166
1925.18 30.4257554103
1934.06 31.8597927756
1942.99 32.4523181045
1956.46 30.0076258342
1965.49 32.3766765732
1974.56 33.2843749494
1983.68 31.4227528166
1992.83 30.5665327048
2006.65 31.4952426175
2015.91 30.5665327048
2025.21 31.6402222193
2034.56 29.5968502959
2043.95 30.2860286927
2053.39 27.6207152893
2062.87 28.3298546457
2072.39 30.7776986465
2077.16 28.8561936347
2086.75 29.8017127767
2096.38 28.2647188826
2106.06 28.591448275
2115.78 28.7900072948
2125.55 28.9223799747
2135.36 27.5576806798
2145.22 27.3675262746
2155.12 28.2647188826
2165.06 27.4935954935
2175.06 27.2414570557
2185.1 26.4997498177
2195.18 27.3675262746
2205.32 26.7445342178
2215.5 25.7769529625
2225.72 25.0173859185
2236.0 25.7769529625
2246.32 25.0173859185
2256.68 24.1674692676
2267.1 24.5603849999
2277.57 24.7883601708
2282.82 24.8450913193
2293.35 23.4583299112
2303.94 23.5875508606
2314.57 22.7554940157
2325.26 19.2076960798
2335.99 21.6712987329
2346.77 21.443323562
2357.6 22.0137867777
2363.04 21.0325480237
2373.95 21.0514584066
2384.9 20.1227484938
2395.91 20.8980741902
2406.97 20.2540705969
2412.52 20.4043030827
2423.66 20.803522276
2434.84 20.0702196526
2446.08 20.6995151704
2457.37 20.3885444304
2463.04 20.2109969471
2474.41 19.6794050739
2485.83 19.9262906277
2497.3 17.6948654527
2503.06 19.9094813985
2514.61 18.5983615217
2520.41 19.3053997245
2526.22 18.7454422771
2537.88 18.7643526599
2543.73 18.3042000108
2555.47 18.835791884
2567.27 18.5952097912
2573.18 19.0816268609
2585.06 18.8820172642
2596.99 18.6845088213
2602.98 18.2684803988
2614.99 18.0363029206
2627.07 18.2632275147
2633.12 18.2726827061
2645.28 18.8032240024
2657.49 18.6929134359
2663.61 17.7789115987
2675.91 18.0867306082
2682.08 17.9301946614
2694.45 17.4584856672
2706.89 17.4773960501
2713.13 17.0876320482
2725.66 17.1054918543
2731.94 17.352377408
2744.55 16.2860419312
2757.22 16.2660809716
2763.57 16.3868973064
2776.33 16.7871670765
2782.73 16.4509824927
2795.57 14.7112272715
2802.02 15.3069043309
2814.95 16.4194651879
2827.95 16.4362744171
2834.46 15.8143329371
2847.55 15.6861625645
2854.11 15.5506381542
2867.29 15.8931261989
2873.9 15.647291222
2887.16 15.6283808392
2893.82 15.3867481696
2907.17 15.6903648718
2927.32 15.3583825953
2947.62 15.0684233918
2968.05 14.98963013
2988.62 14.8089309162
3009.34 14.6639513144
3030.2 14.5200222895
3051.2 14.3456265367
3072.35 14.1397134791
3086.53 13.9947338773
3107.93 13.7940737039
3129.47 13.566098533
3151.16 13.4652431578
3173.01 13.2425208711
3187.65 12.866414368
3209.75 12.8895270581
3232.0 12.6478943885
3246.92 12.6048207387
3269.42 12.5113194013
3292.08 12.3621374923
3307.28 12.2350176965
3322.55 12.5060665172
3330.2 12.3989076811
3337.88 12.0963415557
3345.58 11.9923344501
3353.29 11.945058493
3361.02 11.9524125308
3368.77 11.8221410045
3376.53 11.4807035366
3384.32 11.8095340826
3392.12 11.9534631076
3399.94 12.1551738579
3407.77 11.5615979521
3415.63 11.6498464053
3423.5 11.9009342664
3431.4 11.9082883041
3439.31 11.8883273445
3447.24 11.4912093049
3455.18 11.2369697134
3463.15 11.1151028017
3471.13 11.2506272121
3479.13 11.1287603005
3487.15 11.1109004944
3495.19 11.2979031692
3503.25 11.047865885
3511.32 10.928100127
3519.42 10.9858818523
3527.53 10.9921853133
3535.66 11.1781374112
3543.82 11.185491449
3551.98 11.2443237511
3560.17 11.1476706833
3568.38 10.9007851296
3576.61 10.4412628266
3584.85 10.3521739119
3593.11 10.263820401
3601.4 10.5824603518
3609.7 10.5404372788
3618.02 10.5719545835
3626.36 10.9501622403
3630.28 9.20378838518
3633.02 14.2615803907
3635.76 11.2338179829
3638.5 10.1018214546
3641.24 7.57413361523
3643.98 11.4817541134
3646.72 8.33485629375
3649.46 9.63410465244
3652.2 12.8569591765
3654.94 10.4642704591
3657.68 12.6752093859
3660.42 9.03233424745
3663.16 8.4117585173
3665.9 6.53900027019
3668.64 8.28579435606
3671.38 12.3264178802
3674.12 10.1393270473
3676.86 10.5761568908
3679.6 5.1620092265
3682.34 9.68957510877
3685.08 9.31641022075
3687.82 9.52263845138
3690.56 12.3652892227
3693.3 12.3064569206
3696.04 8.74962402401
3698.78 10.7516032205
3701.52 14.050414449
3704.27 9.92070201013
3707.01 9.90011070437
3709.75 9.63484005622
3712.49 12.6783611164
3715.23 12.4188686408
3717.97 15.3384216357
3720.71 23.1347522493
3723.45 46.4953785158
3726.19 83.4284067762
3728.93 101.089653771
3731.67 79.6284704025
3734.41 41.373816497
3737.15 18.3252115473
3739.89 11.6298854457
3742.63 12.6888668846
3745.37 11.4880575744
3748.11 11.460742577
3750.85 12.7035749602
3753.59 10.3806445438
3756.33 11.9671206063
3759.07 11.9019848432
3761.81 12.0459138681
3764.55 12.1824888553
3767.29 8.9147747008
3770.03 12.4566894065
3772.77 11.28109394
3775.51 9.60080136711
3778.25 9.28016532031
3780.99 11.4701977684
3783.73 12.5197240159
3786.48 10.9554151244
3789.22 10.8892287845
3791.96 9.63809684437
3794.7 10.1531946614
3797.44 11.0541693459
3800.18 10.5561959312
3802.92 11.0688774215
3805.66 11.3777470078
3808.4 10.0736659958
3811.14 8.40261849892
3813.88 14.0020879151
3816.62 10.4575467674
3819.36 10.2266299814
3822.1 8.06643391513
3824.84 11.0184497339
3827.58 11.7044764002
3830.32 10.4401071921
3833.06 9.71972666363
3835.8 8.80793103776
3838.54 10.8934310918
3841.28 11.8704675385
3844.02 9.05376601466
3846.76 13.1626770324
3849.5 9.36956940807
3852.24 11.5353335315
3854.98 11.5994187178
3857.72 10.1046580121
3860.46 11.0531187691
3863.2 16.0559656067
3865.94 22.6724984465
3868.69 26.4755865507
3871.43 22.4025002027
3874.17 16.706272661
3876.91 12.4976619026
3879.65 10.533083241
3882.39 11.2117558696
3885.13 15.2333639532
3887.87 15.3510285576
3890.61 15.6609487208
3893.35 14.3267161538
3896.09 12.2192590441
3898.83 9.58745904144
3901.57 9.13791721829
3904.31 9.18172627187
3907.05 10.0511836517
3909.79 11.8084835058
3912.53 11.3798481615
3915.27 12.0868863643
3918.01 10.8440539811
3920.75 11.7580558183
3923.49 11.1024958799
3926.23 11.2800433632
3928.97 11.8599617702
3931.71 9.0278167671
3934.45 9.91618452978
3937.19 9.53009754683
3939.93 10.9091897442
3942.67 11.2275145219
3945.41 10.5530442007
3948.15 10.7295411072
3950.9 11.945058493
3953.64 11.3745952774
3956.38 9.21156265368
3959.12 9.13234916113
3961.86 11.0594222301
3964.6 14.0304534893
3967.34 17.6707021858
3970.08 17.9112842785
3972.82 16.4079088429
3975.56 10.9942864669
3978.3 10.0051683868
3981.04 11.6214808311
3983.78 9.74052808475
3986.52 8.31951787212
3989.26 8.83135890095
3992.0 11.3819493151
3994.74 11.1266591468
3997.48 10.9680220463
4000.22 8.63500609247
4002.96 10.1067591657
4005.7 11.3745952774
4008.44 10.515223435
4011.18 11.5468898766
4013.92 11.2926502851
4016.66 10.6244834248
4019.4 10.7232376463
4022.14 8.8830472807
4024.88 10.8524585957
4027.62 11.2327674061
4030.36 8.93263450681
4033.11 9.81070661662
4035.85 12.1436175128
4038.59 11.4334275795
4041.33 11.4933104585
4044.07 10.0011761949
4046.81 8.93704692948
4049.55 10.3022715127
4052.29 12.2991028828
4055.03 11.3336227812
4057.77 10.981679545
4060.51 12.3820984519
4063.25 11.2527283657
4065.99 10.3019563397
4068.73 11.460742577
4071.47 11.8557594629
4074.21 11.5048668036
4076.95 10.8366999433
4079.69 9.45781786131
4082.43 10.6864674574
4085.17 9.41358857701
4087.91 10.9837806987
4090.65 9.8789941102
4093.39 9.09148172266
4096.13 11.7748650474
4098.87 16.4005548051
4101.61 20.0996358037
4104.35 16.6505920893
4107.09 12.2308153892
4109.83 8.96688331129
4112.58 7.89676575799
4115.32 9.55510127525
4118.06 8.54875373519
4120.8 9.81711513524
4123.54 9.07477755115
4126.28 10.5183751655
4129.02 10.5540947775
4131.76 9.51717545189
4134.5 8.70497450898
4137.24 8.51009250806
4139.98 9.92542960584
4142.72 10.2347194229
4145.46 12.1289094373
4148.2 8.61840697865
4150.94 12.7697613001
4153.68 10.7747159106
4156.42 9.60216711698
4159.16 10.2276805582
4161.9 10.0442498447
4164.64 10.193326696
4167.38 8.17149159756
4170.12 9.6367310945
4172.86 10.7925757167
4175.6 11.28109394
4178.34 9.63830695974
4181.08 9.49563862699
4183.82 10.4604883825
4186.56 10.8377505201
4189.3 9.00617488452
4192.04 10.0269153271
4194.79 9.39205175211
4197.53 9.67759853297
4200.27 9.5505837949
4203.01 11.6645544809
4205.75 10.7253387999
4208.49 10.4382161538
4211.23 8.87380220465
4213.97 9.54732700675
4216.71 10.8934310918
4219.45 9.48565814716
4222.19 9.26745334074
4224.93 9.18109592578
4227.67 9.89286172428
4230.41 9.85010324753
4233.15 10.0526544593
4235.89 9.17594809934
4238.63 9.49427287712
4241.37 10.6885686111
4244.11 10.6055730419
4246.85 9.90252703107
4249.59 10.2111865021
4252.33 9.80871052065
4255.07 9.68064520576
4257.81 10.3789636209
4260.55 9.999810445
4263.29 9.5840971956
4266.03 8.68123147275
4268.77 10.1382764705
4271.51 9.02634595955
4274.25 9.50666968365
4277.0 9.34981856377
4279.74 10.1809298895
4282.48 8.92139333479
4285.22 8.91960735419
4287.96 9.64261432472
4290.7 9.65774263099
4293.44 8.33664227435
4296.18 9.15945404319
4298.92 8.63038355445
4301.66 8.24072461029
4304.4 10.81463783
4307.14 10.4119517332
4309.88 10.0912106287
4312.62 9.47473214819
4315.36 9.17647338775
4318.1 8.73785756358
4320.84 8.940513833
4323.58 8.59256278877
4326.32 7.25717458732
4329.06 8.22906320754
4331.8 10.2101359252
4334.54 14.5956638209
4337.28 24.3471179046
4340.02 28.4580250183
4342.76 23.6421808554
4345.5 14.9759726313
4348.24 9.24118892013
4350.98 8.80551471107
4353.72 8.54339579339
4356.46 9.26335609112
4359.21 11.7633087024
4361.95 12.2843948073
4364.69 11.7528029341
4367.43 11.2086041391
4370.17 10.7452997596
4372.91 9.46527695677
4375.65 9.16229060062
4378.39 9.71615470242
4381.13 8.90227283659
4383.87 8.92580575746
4386.61 8.55495213846
4389.35 10.4151034637
4392.09 9.6211825575
4394.83 9.26892414829
4397.57 8.70150760546
4400.31 8.51828700729
4403.05 9.80408798262
4405.79 9.84569082487
4408.53 8.86938978199
4411.27 9.25495147653
4414.01 9.0906412612
4416.75 8.58752002001
4419.49 9.10062174103
4422.23 9.40297775108
4424.97 8.48141176075
4427.71 8.60590511444
4430.45 8.29714058576
4433.19 9.02718642101
4435.93 9.12688616164
4438.67 9.67476197554
4441.42 8.46996047337
4444.16 8.60748097967
4446.9 8.79353813527
4449.64 9.37072504257
4452.38 9.21555484562
4455.12 8.38728007729
4457.86 7.96957073192
4460.6 8.61819686328
4463.34 8.65801372493
4466.08 9.15535679358
4468.82 10.7789182179
4471.56 9.74956304544
4474.3 9.16271083135
4477.04 9.59943561724
4479.78 9.10062174103
4482.52 7.48588516199
4485.26 8.78282225166
4488.0 8.55736846515
4490.74 8.73123892958
4493.48 8.18514909628
4496.22 8.4332953422
4498.96 8.94124923677
4501.7 8.37089107883
4504.44 9.0475676114
4507.18 9.00733051903
4509.92 8.52028310325
4512.66 8.82600095914
4515.4 9.56875877397
4518.14 9.1079757788
4520.88 8.15877961799
4523.63 8.64130955342
4526.37 9.61845105776
4529.11 9.25442618812
4531.85 8.82242899794
4534.59 8.12348023669
4537.33 8.19155761491
4540.07 8.36112071436
4542.81 8.49654006702
4545.55 8.9620506579
4548.29 8.5241702375
4551.03 8.91099262423
4553.77 7.85852476159
4556.51 7.97083142411
4559.25 8.63679207307
4561.99 8.97276654151
4564.73 8.17579896254
4567.47 7.77038136602
4570.21 8.32130385272
4572.95 8.49013154839
4575.69 8.21099328616
4578.43 8.14564740769
4581.17 7.92523638993
4583.91 8.42625647747
4586.65 8.28180216412
4589.39 8.8543665334
4592.13 8.13167473592
4594.87 9.16386646586
4597.61 9.18015040663
4600.35 8.82883751657
4603.09 8.34189515848
4605.84 8.32655673684
4608.58 8.31405487263
4611.32 7.86514339558
4614.06 8.12946852459
4616.8 9.42136284551
4619.54 9.19044605951
4622.28 8.32960340963
4625.02 8.46428735851
4627.76 9.28090072409
4630.5 8.98842013619
4633.24 8.01726691975
4635.98 8.9154050469
4638.72 8.92265402698
4641.46 8.82116830575
4644.2 8.74500148598
4646.94 9.01447444143
4649.68 7.82658722613
4652.42 8.17086125147
4655.16 8.17474838572
4657.9 8.57092090619
4660.64 8.0917528166
4663.38 8.44380111044
4666.12 8.4326649961
4668.86 7.70703158351
4671.6 8.15468236838
4674.34 8.10499008458
4677.08 8.8741173777
4679.82 8.2508101478
4682.56 8.76695854161
4685.31 8.96394169618
4688.05 8.98442794426
4690.79 9.03842759303
4693.53 9.20158217385
4696.27 9.20567942347
4699.01 8.96194560021
4701.75 8.84049891932
4704.49 8.40303872965
4707.23 9.10114702944
4709.97 8.97896494477
4712.71 8.6420449572
4715.45 8.19124244186
4718.19 8.8286274012
4720.93 9.06532235973
4723.67 7.80620603573
4726.41 8.10971768029
4729.15 7.58138259532
4731.89 7.35908053929
4734.63 8.2789656067
4737.37 8.17432815499
4740.11 7.57161223085
4742.85 8.20511005594
4745.59 8.02997889932
4748.33 7.60796218898
4751.07 7.97871075029
4753.81 7.7460079837
4756.55 7.30581629429
4759.29 7.85400728124
4762.03 7.79832670955
4764.77 8.09490454707
4767.52 7.33638807988
4770.26 7.20065355417
4773.0 8.04216559049
4775.74 7.61174426555
4778.48 8.58962117366
4781.22 8.57869517469
4783.96 7.94750861861
4786.7 7.48451941212
4789.44 7.85621349257
4792.18 8.43192959232
4794.92 7.75430754061
4797.66 8.08460889419
4800.4 8.48540395268
4803.14 8.97896494477
4805.88 7.3751543647
4808.62 7.6090127658
4811.36 8.49685524007
4814.1 8.31941281443
4816.84 7.71322998678
4819.58 7.37925161431
4822.32 8.66452730124
4825.06 7.74674338748
4827.8 8.04342628268
4830.54 8.38833065411
4833.28 7.85589831953
4836.02 8.0773599141
4838.76 8.16266675224
4841.5 7.58075224923
4844.24 7.81271961205
4846.98 7.62203991842
4849.73 7.65009031963
4852.47 9.6020620593
4855.21 17.6370837274
4857.95 37.6736849216
4860.69 53.8924899361
4863.43 49.6744239863
4866.17 28.1134358199
4868.91 13.3822475887
4871.65 9.04000345826
4874.39 7.58831640236
4877.13 7.93731802341
4879.87 8.96887940726
4882.61 8.0702159917
4885.35 8.24555726368
4888.09 8.09669052767
4890.83 8.11434021832
4893.57 8.17590402023
4896.31 7.54104044527
4899.05 8.17695459705
4901.79 7.80011269015
4904.53 7.43125516712
4907.27 7.94204561912
4910.01 8.01243426636
4912.75 7.27555968175
4915.49 7.92985892796
4918.23 8.09322362415
4920.97 7.46718489451
4923.71 7.31800298545
4926.45 7.3536175398
4929.19 7.90380462272
4931.94 7.47422375924
4934.68 7.45058578069
4937.42 7.18594547863
4940.16 7.64567789697
4942.9 8.00770667065
4945.64 8.0720019723
4948.38 9.36379123553
4951.12 13.3244658634
4953.86 29.6609354822
4956.6 59.5088736391
4959.34 72.0758736121
4962.08 55.2340765408
4964.82 33.6940999109
4967.56 12.507117094
4970.3 8.35355656123
4973.04 7.71827275554
4975.78 8.87579830062
4978.52 7.2716725475
4981.26 7.97293257776
4984.0 7.80547063196
4986.74 7.06544431688
4989.48 9.2365663821
4992.22 9.00176246186
4994.96 9.20158217385
4997.7 13.6711562154
5000.44 39.8599352931
5003.18 119.314009943
5005.92 194.93452976
5008.66 187.307342015
5011.4 103.41878259
5014.15 35.3739722531
5016.89 15.5254243104
5019.63 10.3008007052
5022.37 8.3447317159
5025.11 7.66353770299
5027.85 8.0038195364
5030.59 7.16745532652
5033.33 7.22660280173
5036.07 7.11860350419
5038.81 8.57134113692
5041.55 7.37168746118
5044.29 7.66217195311
5047.03 8.3489340232
5049.77 8.05508768543
5052.51 7.96662911681
5055.25 6.7136061384
5057.99 7.41843812986
5060.73 7.48767114259
5063.47 7.974508443
5066.21 7.62708268718
5068.95 7.46361293331
5071.69 7.69799662283
5074.43 6.77884695919
5077.17 7.0252072245
5079.91 6.9127955043
5082.65 7.20264965014
5085.39 7.25769987574
5088.13 8.36679382921
5090.87 6.7016295626
5093.61 6.70068404346
5096.36 6.52712875207
5099.1 7.49386954585
5101.84 7.11629223518
5104.58 7.41560157244
5107.32 6.49014844786
5110.06 7.11303544702
5112.8 6.98864715102
5115.54 7.27282818201
5118.28 7.25160653015
5121.02 6.83568316539
5123.76 7.54398206037
5126.5 6.79723205362
5129.24 7.26158700999
5131.98 6.76245796073
5134.72 6.1608976711
5137.46 7.11040900496
5140.2 6.75710001893
5142.94 6.29474115853
5145.68 6.64510852945
5148.42 7.16766544189
5151.16 6.79502584229
5153.9 6.38477559237
5156.64 7.60743690057
5159.38 7.40078843921
5162.12 7.22387130199
5164.86 7.23836926217
5167.6 6.3074531381
5170.34 5.73635957638
5173.08 6.37994293898
5175.82 6.34327780781
5178.57 6.88978787184
5181.31 6.37290407426
5184.05 6.52240115636
5186.79 6.49655696649
5189.53 7.09128850676
5192.27 7.11860350419
5195.01 7.59146813284
5197.75 7.09076321834
5200.49 7.73035438902
5203.23 7.22366118663
5205.97 6.87896693055
5208.71 6.47428473781
5211.45 6.08252464
5214.19 6.76991705618
5216.93 6.81183507148
5219.67 6.40274045607
5222.41 6.04564939347
5225.15 6.22687389567
5227.89 7.26641966338
5230.63 7.6185730149
5233.37 7.45878027992
5236.11 7.01764307137
5238.85 6.9379042904
5241.59 6.73461767489
5244.33 6.85785033638
5247.07 5.60136045445
5249.81 6.76823613327
5252.55 6.65445866319
5255.29 6.77779638237
5258.03 6.95733996165
5260.78 6.69333000569
5263.52 6.63008528086
5266.26 7.39322428608
5269.0 6.8212902629
5271.74 7.09181379517
5274.48 7.10830785131
5277.22 6.77989753602
5279.96 6.61170018644
5282.7 6.82822406994
5285.44 6.15249305651
5288.18 6.79597136143
5290.92 6.6454237025
5293.66 6.56925688273
5296.4 6.2368543755
5299.14 5.98849801422
5301.88 6.07254416017
5304.62 6.23307229894
5307.36 6.8212902629
5310.1 6.53763452032
5312.84 6.42658854998
5315.58 6.83337189638
5318.32 6.21206076245
5321.06 6.53017542487
5323.8 6.92634794533
5326.54 6.26133281551
5329.28 6.1453491341
5332.02 6.52250621405
5334.76 7.0455884149
5337.5 6.33823503905
5340.25 6.65477383623
5342.99 6.19966395592
5345.73 6.70625210063
5348.47 6.10899917598
5351.21 6.54225705835
5353.95 6.65750533598
5356.69 6.77895201687
5359.43 6.84986595252
5362.17 6.49266983224
5364.91 6.33004053982
5367.65 6.66853639263
5370.39 6.61411651313
5373.13 7.28459464244
5375.87 6.73482779025
5378.61 6.42763912681
5381.35 6.5981477454
5384.09 6.275725718
5386.83 6.51431171482
5389.57 6.04375835519
5392.31 6.04291789373
5395.05 6.31921959853
5397.79 5.97904282281
5400.53 5.6261540675
5403.27 5.83784529761
5406.01 5.6279400481
5408.75 6.18758232244
5411.49 6.40589218654
5414.23 6.14335303814
5416.97 6.66149752791
5419.71 6.38771720748
5422.46 6.12864496259
5425.2 5.88942861969
5427.94 6.73325192501
5430.68 6.99158876612
5433.42 6.39790780268
5436.16 6.24641462461
5438.9 6.50811331155
5441.64 6.65719016293
5444.38 6.85280756763
5447.12 6.83452753088
5449.86 6.81393622513
5452.6 6.33308721262
5455.34 7.3829286332
5458.08 6.15680042149
5460.82 6.69017827522
5463.56 6.7422868857
5466.3 5.89961921488
5469.04 7.1813229406
5471.78 6.37857718911
5474.52 6.33025065519
5477.26 5.82292710671
5480.0 6.38046822739
5482.74 6.78042282443
5485.48 6.40400114826
5488.22 6.85911102857
5490.96 6.21437203146
5493.7 6.32468259802
5496.44 5.8080089158
5499.18 5.74119222977
5501.92 5.96969268907
5504.67 5.71776436659
5507.41 5.85244831547
5510.15 6.16783147814
5512.89 6.24830566289
5515.63 6.5246073677
5518.37 6.87518485399
5521.11 6.35914151786
5523.85 6.39874826414
5526.59 6.37059280524
5529.33 6.35693530653
5532.07 5.3569962851
5534.81 5.76356951613
5537.55 6.10154008053
5540.29 6.17508045823
5543.03 6.45180239377
5545.77 6.7207500608
5548.51 6.89651156352
5551.25 6.21458214683
5553.99 6.23065597224
5556.73 6.25040681654
5559.47 6.29778783132
5562.21 5.89363092698
5564.95 6.45915643154
5567.69 5.83206712508
5570.43 6.36523486344
5573.17 6.73577330939
5575.91 6.43110603033
5578.65 6.49970869696
5581.39 5.53748538353
5584.13 6.61212041717
5586.88 5.73856578771
5589.62 5.92231167429
5592.36 5.37012849541
5595.1 5.231977643
5597.84 5.31045573178
5600.58 5.83942116285
5603.32 5.66029781429
5606.06 5.51153613596
5608.8 6.41177541676
5611.54 6.35998197932
5614.28 6.56957205578
5617.02 5.89898886879
5619.76 5.80496224301
5622.5 6.04701514334
5625.24 5.79918407047
5627.98 5.72879542324
5630.72 6.18169909222
5633.46 6.38309466945
5636.2 5.91937005918
5638.94 6.13620911573
5641.68 5.90224565694
5644.42 5.83963127821
5647.16 6.07685152515
5649.9 6.21794399267
5652.64 6.32405225193
5655.38 6.47512519927
5658.12 6.53700417422
5660.86 5.95698070949
5663.6 5.69990456057
5666.34 5.96013243997
5669.09 5.99238514847
5671.83 5.61333703025
5674.57 6.10069961907
5677.31 6.00173528221
5680.05 5.78972887906
5682.79 5.89762311892
5685.53 6.30598233055
5688.27 6.33392767407
5691.01 6.03934593252
5693.75 5.70799400212
5696.49 5.35836203497
5699.23 5.56721670766
5701.97 5.96401957422
5704.71 5.79529693622
5707.45 5.40532281902
5710.19 5.49693311811
5712.93 6.5987780915
5715.67 6.67326398834
5718.41 6.0831549861
5721.15 6.02253670333
5723.89 6.06613564154
5726.63 5.69769834924
5729.37 5.46856754385
5732.11 6.38708686139
5734.85 5.99270032152
5737.59 5.54830632482
5740.33 6.47165829575
5743.07 6.53637382813
5745.81 5.5310768649
5748.55 5.41278191447
5751.3 5.58759789805
5754.04 5.34586017076
5756.78 6.42858464595
5759.52 5.83038620216
5762.26 5.81168593468
5765.0 6.06540023777
5767.74 6.20512695541
5770.48 5.59516205118
5773.22 6.00078976307
5775.96 5.49052459948
5778.7 5.3312571529
5781.44 5.7984486667
5784.18 6.05720573854
5786.92 6.32163592523
5789.66 5.90676313729
5792.4 5.43011643208
5795.14 5.7278499041
5797.88 5.40164580014
5800.62 5.71156596332
5803.36 6.02348222248
5806.1 5.35930755411
5808.84 5.90140519548
5811.58 5.64622008485
5814.32 6.45064675926
5817.06 5.89310563857
5819.8 6.18001816931
5822.54 5.28335084971
5825.28 5.89573208063
5828.02 5.96727636237
5830.76 6.50748296546
5833.51 5.91233119446
5836.25 5.26160390945
5838.99 6.12927530869
5841.73 5.56490543864
5844.47 6.03934593252
5847.21 5.35321420853
5849.95 5.98314007242
5852.69 6.76907659472
5855.43 6.07149358335
5858.17 5.82523837572
5860.91 5.22399325914
5863.65 6.56515963312
5866.39 7.51803281281
5869.13 5.84425381624
5871.87 9.55321023696
5874.61 10.1294516251
5877.35 9.14138412182
5880.09 7.10316002487
5882.83 6.76813107558
5885.57 6.09744283091
5888.31 5.18091960934
5891.05 6.01108541595
5893.79 5.31077090483
5896.53 5.74896649827
5899.27 5.13416894065
5902.01 4.94285890094
5904.75 6.22624354958
5907.49 5.68257004297
5910.23 5.34607028613
5912.98 5.23765075785
5915.72 5.28450648422
5918.46 5.68341050443
5921.2 5.89541690759
5923.94 5.51342717425
5926.68 5.09151552158
5929.42 5.66702150597
5932.16 5.33104703754
5934.9 5.52382788481
5937.64 4.78506226192
5940.38 5.57404545701
5943.12 5.80632799288
5945.86 5.5352791722
5948.6 4.75617139925
5951.34 5.05884258235
5954.08 5.43505414315
5956.82 5.0130374328
5959.56 5.95624530572
5962.3 5.20802449141
5965.04 5.20056539595
5967.78 5.63939133549
5970.52 5.26181402481
5973.26 5.22935120094
5976.0 4.99717372276
5978.74 5.36214411154
5981.48 5.54378884447
5984.22 5.36613630347
5986.96 5.11767488451
5989.7 5.14803655474
5992.44 5.46625627483
5995.19 5.90161531085
5997.93 6.05773102695
6000.67 5.08699804124
6003.41 5.5286605382
6006.15 5.22504383596
6008.89 6.00919437766
6011.63 6.12969553942
6014.37 5.65357412262
6017.11 5.09708357875
6019.85 4.67947929107
6022.59 5.34670063222
6025.33 5.02764045066
6028.07 5.36393009214
6030.81 5.06472581256
6033.55 4.73925711238
6036.29 5.26895794722
6039.03 5.03079218114
6041.77 5.63424350905
6044.51 5.21075599115
6047.25 4.76026864886
6049.99 5.28356096508
6052.73 5.46667650556
6055.47 5.31696930809
6058.21 5.15160851594
6060.95 5.20529299166
6063.69 5.79655762841
6066.43 5.59579239728
6069.17 5.24258846893
6071.91 5.73814555698
6074.65 5.54557482507
6077.4 5.31108607788
6080.14 5.58528662903
6082.88 5.71492780916
6085.62 5.28324579203
6088.36 4.90136111638
6091.1 4.97553184018
6093.84 4.20367304732
6096.58 4.72087201795
6099.32 5.83458850946
6102.06 5.11305234648
6104.8 4.86196448546
6107.54 5.02764045066
6110.28 5.16600141843
6113.02 5.52571892309
6115.76 5.48821333046
6118.5 5.02785056603
6121.24 5.08878402184
6123.98 5.62405291385
6126.72 5.6459049118
6129.46 5.17881845569
6132.2 5.31098102019
6134.94 4.90209652015
6137.68 4.87698773405
6140.42 4.7378913625
6143.16 4.7385217086
6145.9 5.51836488532
6148.64 5.60566781943
6151.38 5.07796308055
6154.12 5.91138567532
6156.86 5.76346445845
6159.61 5.27977888851
6162.35 5.21296220248
6165.09 5.31444792371
6167.83 5.20613345312
6170.57 5.13795101722
6173.31 4.72192259477
6176.05 5.4371552968
6178.79 4.65395027424
6181.53 4.03043292898
6184.27 5.73951130685
6187.01 4.43248867966
6189.75 5.07081915814
6192.49 5.2248337206
6195.23 5.5801388026
6197.97 5.00389741443
6200.71 4.37428672359
6203.45 4.58524254993
6206.19 4.88108498367
6208.93 5.14425447817
6211.67 5.57667189907
6214.41 4.38269133819
6217.15 4.54605603438
6219.89 4.93750095913
6222.63 5.64222789291
6225.37 5.24300869966
6228.11 5.74140234513
6230.85 5.31917551942
6233.59 5.42171181748
6236.33 4.33814688084
6239.07 4.9974888958
6241.82 5.33178244132
6244.56 4.51086171076
6247.3 5.41572352958
6250.04 4.85870769731
6252.78 4.6075147786
6255.52 4.72181753709
6258.26 4.93329865184
6261.0 5.74770580608
6263.74 4.74135826603
6266.48 4.95010788103
6269.22 5.14940230461
6271.96 4.85986333181
6274.7 4.53292382407
6277.44 4.11111722909
6280.18 4.12466967013
6282.92 5.0896244833
6285.66 3.54737770514
6288.4 4.75417530328
6291.14 5.10170611678
6293.88 5.81609835735
6296.62 6.63113585769
6299.36 7.71575137116
6302.1 7.56951107721
6304.84 7.31264504365
6307.58 6.49140914005
6310.32 5.70221582959
6313.06 5.84110208577
6315.8 5.12513397996
6318.54 4.82424877747
6321.28 4.91753999947
6324.03 5.35016753574
6326.77 4.65226935132
6329.51 5.13500940211
6332.25 4.94075774729
6334.99 4.65184912059
6337.73 5.34333878638
6340.47 5.84698531598
6343.21 4.98067966661
6345.95 5.833748048
6348.69 4.9006257126
6351.43 5.24553008404
6354.17 4.58702853053
6356.91 4.33562549646
6359.65 4.86238471619
6362.39 4.07970498204
6365.13 5.72837519251
6367.87 4.42282337288
6370.61 4.82750556562
6373.35 4.61329295114
6376.09 4.81101150948
6378.83 4.54836730339
6381.57 5.06609156244
6384.31 5.24531996867
6387.05 4.9359250939
6389.79 4.88654798315
6392.53 4.55214937996
6395.27 4.8126924324
6398.01 5.11609901927
6400.75 4.33573055414
6403.49 4.74104309298
6406.24 5.02459377787
6408.98 4.81290254776
6411.72 4.95515064978
6414.46 4.8049181639
6417.2 4.29192150056
6419.94 4.53124290115
6422.68 4.91669953801
6425.42 5.04224346852
6428.16 5.34932707428
6430.9 5.65588539163
6433.64 5.11672936537
6436.38 4.3874189339
6439.12 3.70748561317
6441.86 4.82256785455
6444.6 4.43679604464
6447.34 4.45045354336
6450.08 4.94580051605
6452.82 3.86496707914
6455.56 4.75543599547
6458.3 4.85103848649
6461.04 3.86591259828
6463.78 3.91371384379
6466.52 4.74167343907
6469.26 5.22462360523
6472.0 4.99129049254
6474.74 4.13486026532
6477.48 4.16469664713
6480.22 4.07319140573
6482.96 4.7289614595
6485.7 3.96267072381
6488.45 4.26702282983
6491.19 4.71110165348
6493.93 4.83832650691
6496.67 4.38069524222
6499.41 4.87478152272
6502.15 4.99801418422
6504.89 5.87398514037
6507.63 5.46814731312
6510.37 5.18407133981
6513.11 5.17965891715
6515.85 4.48942994354
6518.59 4.93792118986
6521.33 5.07691250373
6524.07 5.21737462514
6526.81 5.53076169185
6529.55 5.26601633211
6532.29 4.73547503581
6535.03 5.19814906926
6537.77 4.88182038744
6540.51 5.08941436794
6543.25 6.13957096157
6545.99 6.91689275391
6548.73 6.70015875505
6551.47 8.63637184234
6554.21 15.5569416151
6556.95 45.4237901549
6559.69 105.089199741
6562.43 145.294774809
6565.17 118.084835058
6567.92 56.8939879233
6570.66 17.4794972037
6573.4 7.55595863617
6576.14 6.54519867345
6578.88 7.33376163782
6581.62 8.60369890311
6584.36 8.79259261613
6587.1 7.54366688733
6589.84 4.78894939617
6592.58 4.58366668469
6595.32 5.3127670008
6598.06 5.22262750927
6600.8 4.27626790588
6603.54 4.87698773405
6606.28 5.32926105694
6609.02 4.24149381299
6611.76 4.3114622295
6614.5 4.2624002918
6617.24 4.70259198121
6619.98 4.48533269393
6622.72 4.39582354849
6625.46 5.12765536434
6628.2 4.04608652366
6630.94 4.06163506066
6633.68 4.47934440603
6636.42 4.66403581175
6639.16 4.74535045796
6641.9 4.05081411937
6644.64 5.54641528653
6647.38 4.28435734743
6650.13 5.02406848946
6652.87 5.12523903765
6655.61 4.40097137493
6658.35 4.7194012104
6661.09 3.95647232054
6663.83 3.78732945182
6666.57 5.14351907439
6669.31 4.43154316052
6672.05 5.76630101587
6674.79 6.34422332695
6677.53 5.57877305272
6680.27 5.53632974902
6683.01 4.95546582283
6685.75 4.28267642451
6688.49 4.21480916166
6691.23 4.52819622836
6693.97 4.13927268798
6696.71 4.29486311567
6699.45 4.32732593954
6702.19 4.54479534219
6704.93 4.51317297977
6707.67 5.32652955719
6710.41 7.99678067167
6713.15 11.9765757977
6715.89 16.0759265664
6718.63 14.8320436063
6721.37 9.77834885043
6724.11 7.1424515981
6726.85 9.61771565398
6729.59 12.7613566855
6732.34 12.3526823008
6735.08 9.280270378
6737.82 5.94784069112
6740.56 4.87289048444
6743.3 4.48302142491
6746.04 4.37313108909
6748.78 4.92552438334
6751.52 4.71015613434
6754.26 4.45728229272
6757.0 4.42334866129
6759.74 3.91549982439
6762.48 4.17310126173
6765.22 4.31293303705
6767.96 4.4789241753
6770.7 4.08642867372
6773.44 4.27742354039
6776.18 4.75396518792
6778.92 4.48092027127
6781.66 4.7487123038
6784.4 4.42776108395
6787.14 4.18035024182
6789.88 3.70317824819
6792.62 3.32255426473
6795.36 4.61287272041
6798.1 4.00921127713
6800.84 4.71814051821
6803.58 4.1768833383
6815.08 4.41420864292
6830.79 4.45392044688
6846.53 4.32154776701
6862.32 4.30064128821
6878.14 4.24065335153
6893.99 4.23960277471
6909.89 4.22878183342
6925.82 4.22773125659
6941.78 4.30526382623
6957.79 4.33404963122
6973.82 4.32301857456
6989.9 4.30211209576
7006.01 4.19337739444
7022.16 4.08747925054
7038.35 4.24958325454
7054.57 4.33751653474
7070.84 4.03768190907
7087.14 4.18812451032
7103.48 4.00784552726
7119.85 3.96098980089
7136.26 3.8520449842
7152.71 3.94081872586
7169.21 3.93073318835
7185.73 3.82262883312
7202.29 3.80403362333
7218.9 3.95489645531
7235.54 3.93567089942
7252.22 3.81863664119
7268.94 3.82641090969
7285.7 3.85193992652
7302.49 3.97716868398
7319.32 3.86769857889
7336.2 3.95678749359
7353.11 3.91949201633
7370.06 3.83807231244
7387.05 4.00868598872
7404.08 3.97086522304
7421.14 3.8526753303
7438.25 3.8873443655
7455.4 3.89522369168
7472.59 3.90320807555
7489.81 3.84857808068
7507.08 3.89207196121
7524.38 3.93609113015
7541.73 3.92600559264
7559.12 3.85330567639
7576.54 3.81695571827
7594.01 3.78092093319
7611.51 3.71946218897
7629.06 3.72692128442
7646.65 3.67481267393
7664.27 3.62343946722
7681.94 3.55630760815
7699.65 3.57994558669
7717.4 3.57070051064
7735.19 3.5206930538
7753.02 3.47142100074
7770.89 3.53498089861
7788.8 3.42981815849
7806.76 3.45261567558
7824.76 3.56471222274
7842.79 3.43475586957
7860.88 3.50577486289
7879.0 3.50472428607
7897.16 3.52804709157
7915.37 3.41511008295
7933.61 3.37508310594
7951.9 3.25951965526
7970.23 3.34220005134
7988.61 3.35669801152
8007.02 3.30963216979
8025.48 3.40922685273
8043.98 3.41605560209
8062.52 3.38380289359
8081.11 3.27548842299
8099.74 3.15603783806
8118.41 3.3190873612
8137.12 3.31814184206
8155.88 3.21192852512
8174.68 3.21833704375
8193.53 3.17326729798
8212.41 3.24617732959
8231.35 3.14952426175
8250.32 3.24428629131
8269.34 3.3035388242
8288.41 3.1904967579
8307.51 3.17484316322
8326.66 3.16654360631
8345.86 3.11496028423
8365.1 3.15740358794
8384.38 3.09878140114
8403.71 3.13376560939
8423.08 3.08974644045
8442.5 3.03942381056
8461.96 3.10928716938
8481.47 3.05864936645
8501.02 3.08596436388
8520.61 3.04971946344
8540.26 3.0487739443
8559.94 2.93079416692
8579.68 3.07503836491
8599.46 2.95600801071
8619.28 2.92806266718
8639.15 3.05098015563
8659.06 2.89938191987
8679.03 2.74893931862
8699.03 2.82500108071
8719.08 2.97775495097
8739.19 2.95632318375
8759.33 2.6521811931
8779.52 2.93405095508
8799.76 2.94665787697
8820.05 2.95926479886
8840.38 2.95831927972
8860.76 2.83077925324
8881.19 2.7150056872
8901.66 2.82237463865
8922.18 2.83456132981
8942.75 2.84012938698
8963.36 2.74284597304
8984.02 2.71048820685
9004.74 2.84380640586
9025.49 2.27386847865
9046.3 2.88814074785
9067.15 2.94087970443
9088.06 2.68117711345
9109.0 2.6557531543
9130.0 2.71668661012
9151.05 2.68464401697
9172.14 2.72109903278
9193.29 2.65207613542
9214.48 2.67571411397
9235.72 2.41716715749
9257.01 2.56540354741
9278.36 2.76690418232
9299.74 2.62329033043
9321.18 2.65890488478
9342.67 2.65186602005
9364.21 2.61457054279
9385.79 2.63180000271
9407.43 2.57695989248
9429.12 2.62990896442
9450.85 2.59292866021
9472.64 2.62202963824
9494.48 2.6150958312
9516.36 2.5546876638
9538.3 2.51297976387
9560.29 2.35518312485
9582.33 2.56971091239
9604.41 2.54523247238
9626.55 2.54428695324
9648.75 2.52590185881
9670.99 2.50762182207
9693.28 2.52989405074
9715.63 2.49995261125
9738.03 2.47620957502
9760.47 2.45824471132
9782.98 2.43481684814
9805.53 2.46780496042
9828.13 2.44427203956
9850.78 2.44899963527
9873.5 2.43124488694
9896.26 2.41916325346
9919.07 2.40718667766
9941.94 2.41180921569
9964.85 2.40540069706
9987.82 2.38796112177
10033.92 2.33721826116
10080.24 2.28227309324
10126.77 2.35528818254
10173.51 2.33186031935
10220.48 2.33017939643
10267.65 2.32293041635
10291.31 2.31137407128
10506.81 2.20463546592
10702.15 2.09043776511
10901.12 1.95543864318
11103.78 1.8674003053
11310.21 1.82064963662
11493.99 1.7998482155
11707.69 1.74280189393
11897.92 1.6682109394
12091.25 1.62639798179
12287.71 1.58941767758
12487.37 1.53195112528
12690.27 1.48677632184
12896.47 1.43960542242
13106.02 1.4068274255
13288.35 1.3559795072
13504.26 1.31899920299
13692.13 1.28306947559
13914.61 1.23379742253
14108.18 1.17286396672
14304.44 1.14092643126
14503.44 1.13304710507
14705.21 1.0945959933
14909.78 1.09711737768
15117.19 1.09207460892
15292.23 1.09711737768
15504.97 1.08703184017
15684.51 1.05257292033
15902.71 1.002859625
16086.85 1.002859625
16310.65 0.993667077786
16499.5 0.973285887393
16690.56 0.966583207254
16883.83 0.946758822578
17118.71 0.929476833817
17316.92 0.889691489479
17517.45 0.863448080406
17720.3 0.826488787725
17884.27 0.792933363955
18091.34 0.750311462191
18300.83 0.728175808501
18512.75 0.701837847515
18684.04 0.664111633752
18900.39 0.647502014159
19119.25 0.63714332667
19296.17 0.61693022857
19519.59 0.590529232974
19700.21 0.571797448195
19882.51 0.553653986438
20112.72 0.542297250967
20298.83 0.522682981656
20486.66 0.515507541946
20676.21 0.501461329804
20915.63 0.488917442521
21109.17 0.479998045282
21304.48 0.46798995218
21501.61 0.457337103181
21700.55 0.440801023966
21901.35 0.432753605491
22104.01 0.419989097075
22308.52 0.407602796316
22514.95 0.396498199282
22723.27 0.38568776376
22880.79 0.346133546322
23092.49 0.343748736931
23306.17 0.30146301975
23521.83 0.280693115933
23684.86 0.285263125119
23904.03 0.261362502365
24125.19 0.251329493692
24292.43 0.249018224678
24517.19 0.230801222544
24687.15 0.227638986303
24915.56 0.198264858293
25088.29 0.197350856456
25320.44 0.198716606328
25495.94 0.196899108422
25672.65 0.198716606328
25910.21 0.192854387648
26089.82 0.191530660849
26270.66 0.186309294032
26513.75 0.184176623079
26697.52 0.179575096588
26882.59 0.176696516089
27068.92 0.173870464432
27319.4 0.169531582147
27508.75 0.166432380515
27699.42 0.161893888634
27891.44 0.160044873423
28084.76 0.156042175722
28279.45 0.15354180288
28475.46 0.150053887824
28672.86 0.146639513144
28871.6 0.144286221058
29071.75 0.141659778997
29273.25 0.138434508146
29476.18 0.135282777673
29680.48 0.133118589415
29886.23 0.130092928161
30093.38 0.127718624538
30301.96 0.124524870992
30512.02 0.122812430768
30723.51 0.120847852106
30865.34 0.118641640775
31079.28 0.116740096723
31294.73 0.114880575744
31511.64 0.112779422095
31730.05 0.110720291519
31876.53 0.109207460892
32097.47 0.107452997596
32319.98 0.105982190042
32469.15 0.104529242293
32694.2 0.104049128685
32920.85 0.104770874963
33072.79 0.10357111623
33302.06 0.09890970686
33532.88 0.0962139267287
33687.65 0.0940234740499
33921.18 0.0920956655772
34077.75 0.090206728447
34313.98 0.0887642864671
34472.36 0.0871442970039
34711.29 0.0855537236919
34871.54 0.0839925665309
35113.24 0.0824587243673
35275.3 0.0809542983548
35519.84 0.0794761367629
35683.78 0.0780263407453
35931.15 0.0766017585715
36096.99 0.0753767859943
36263.59 0.0740015809312
36514.98 0.07248349742
36683.51 0.0713247111827
36937.77 0.0697005194123
37108.3 0.068428270878
37279.57 0.0673346204038
37538.0 0.0656505457543
37711.26 0.065048565234
37885.31 0.0638614134225
38060.17 0.0626963237242
38324.01 0.0618359013051
38500.89 0.0607065312189
38678.64 0.059599223246
38857.16 0.058510825656
39126.48 0.0575758122823
39307.11 0.0566555069842
39488.53 0.0554935690164
39670.79 0.0546058315998
39945.8 0.0534859167051
40130.17 0.0527515635048
40315.39 0.0519090008917
40501.5 0.0508437159918
40688.44 0.0502616964311
40876.23 0.0494580051605
41064.89 0.0487793325319
41254.47 0.0481101150948
41540.41 0.0473410928594
41732.19 0.0464775187097
41924.8 0.0458398185774
42118.3 0.0452105230596
42312.7 0.0446925886852
42508.04 0.0439781964446
42704.23 0.0433751653474
42901.33 0.0418056035718
43099.39 0.0402938235216
43298.31 0.0402938235216
43498.15 0.0389259724962
43698.96 0.0381275341097
43900.65 0.0376043468512
44103.28 0.0363278960096
44306.83 0.0360778587254
44511.38 0.0355010920488
44716.82 0.0346133546322
44923.2 0.0346931984709
45130.6 0.0340597006458
45338.89 0.0333610670576
45548.16 0.0332843749494
45653.15 0.0329786570935
45863.91 0.0322285452409
46075.59 0.0323031361955
46288.25 0.0318597927756
46501.94 0.0314952426175
46716.57 0.0313502630158
46932.19 0.0311338441899
47148.85 0.0307776986465
47257.53 0.0307776986465
47475.65 0.0304257554103
47694.77 0.0302156400455
47914.96 0.0300076258342
48136.11 0.0295968502959
48247.06 0.0297334252831
48469.75 0.029393038392
48693.51 0.0291230401481
48918.25 0.0289896168914
49144.03 0.0287238209549
49257.31 0.028591448275
49484.71 0.0283949904088
49713.11 0.0283298546457
49942.56 0.02798106314
50057.73 0.0277667454679
50288.77 0.0272782272445
50520.88 0.0267319272959
50754.05 0.0263736805988
50871.1 0.0261635652339
50988.36 0.0259555510227
51105.89 0.0256876539325
51223.69 0.0254806902981
51341.77 0.0252148943615
51460.12 0.0250667630293
51578.79 0.0248608499717
51697.69 0.024769449788
51816.85 0.0245635367304
51936.29 0.0243576236728
52056.01 0.0240970806204
52176.0 0.0239478987113
52296.27 0.0237440868074
52416.88 0.0235402749035
52537.7 0.0233910929944
52658.8 0.0232954905034
52780.18 0.0231442074407
52901.85 0.0228353378543
53023.79 0.022633627104
53146.07 0.0224319163538
53268.58 0.0222816838679
53391.36 0.022131451382
53514.44 0.0219801683193
53637.79 0.0217795081458
53761.43 0.0216282250831
53885.35 0.0214769420204
54009.62 0.0213246083809
54134.12 0.0211239482074
54258.9 0.0209716145679
54383.97 0.0207720049713
54509.33 0.0206669472888
54634.98 0.0204662871154
54760.92 0.020312902899
54887.21 0.0201595186827
55013.72 0.0200061344663
55140.53 0.0198065248697
55267.64 0.0197424396834
55395.03 0.0196321291168
55522.72 0.0193873447168
55650.77 0.0192759835734
55779.04 0.0191635718532
55907.62 0.0189629116797
56036.49 0.0188053251561
56165.66 0.0186908122822
56295.13 0.0185321751817
56424.89 0.0183745886581
56555.01 0.0182569240538
56685.38 0.0181392594494
56816.04 0.0179785211953
56947.01 0.017776810445
57078.27 0.0176980171832
57209.84 0.0175761502716
57341.78 0.0174532327831
57473.96 0.0172903933753
57606.44 0.0171664253101
57739.22 0.0170403560911
57872.32 0.0169142868722
58005.72 0.0167871670765
58139.43 0.0166589967039
58273.5 0.0165287251777
58407.83 0.0164362744171
58542.46 0.0163039017373
58677.41 0.0161715290574
58812.66 0.0160738254127
58948.23 0.0159750711912
59221.63 0.0134599902737
59523.06 0.0224560796207
59824.4 0.0165602424824
60125.74 0.00687476462326
60427.08 0.0173670854835
60728.41 0.0190921326291
61029.85 0.0133875004728
61331.18 0.0173555291384
61632.52 0.0231872810905
61933.86 0.0241674692676
62235.2 0.020312902899
62536.64 0.0242462625294
62837.97 0.0184418255748
63139.31 0.0197907662173
63440.64 0.0219707131279
63741.98 0.0226441328723
64043.42 0.0228710574663
64344.76 0.0168312913031
64646.09 0.0108787230163
64947.43 0.0215336731689
65248.77 0.0239531515954
65550.2 0.0125922138168
65851.54 0.0194356712507
66152.87 0.0222175986816
66454.22 0.0196363314241
66755.55 0.0115090691109
67056.99 0.0132089024127
67358.33 0.00792702237054
67659.67 0.021778457569
67961.0 0.017794670251
68262.34 0.0209873732203
68563.78 0.025511157026
68865.11 0.0179249417773
69166.45 0.0137846185124
69467.79 0.026013332748
69769.13 0.0191803810824
70070.56 0.024123345041
70371.9 0.0368111613488
70673.24 0.0212542197337
70974.57 0.0169951812877
71275.91 0.0220673661957
71577.34 0.0209548053387
71878.69 0.0194619356713
72180.02 0.0229761151488
72481.36 0.0196520900765
72782.69 0.0233448676141
73084.13 0.022968761111
73385.47 0.0216460848891
73686.81 0.0246412794154
73988.15 0.0319417377679
74289.48 0.0223499713615
74590.92 0.0331520022695
74892.25 0.0270092795775
75193.59 0.0358425295167
75494.92 0.0226977122903
76097.6 0.0241821773431
76700.38 0.0283077925324
77303.05 0.0337697414423
77905.73 0.0291282930322
78508.5 0.0258011162295
79111.18 0.0259912706347
79713.95 0.0256445802827
80316.62 0.0261940319618
80919.3 0.0265207613542
81522.07 0.0175173179694
82124.74 0.0245183619269
82727.42 0.0256141135548
83330.19 0.0282090383109
83932.87 0.022897321887
84535.54 0.0248314338206
85138.32 0.0259408429471
85740.99 0.0256414285522
86343.77 0.0252422093589
86946.44 0.0248261809365
87549.12 0.0269231322779
88151.89 0.0243439661741
88754.56 0.0190984360901
89357.24 0.0257496379651
89960.01 0.0300412442926
90562.69 0.0253304578122
91165.36 0.0225632384568
91768.13 0.0193873447168
92370.81 0.0222154975279
92973.58 0.0182506205928
93576.25 0.0218635542918
94178.93 0.0227628480534
94781.7 0.0208140280442
95384.38 0.0183703863508
95987.06 0.0208718097696
96589.83 0.023459380488
97192.5 0.0221440583039
97795.17 0.0198159800611
98397.95 0.0214118062573
99000.63 0.0220789225408
99603.4 0.018895674763
100206.07 0.0224214105855
100808.75 0.021527369708
101411.52 0.0219990787021
102014.2 0.0245782448059
102616.87 0.0245792953828
103219.64 0.0234425712588
103822.32 0.0238323352606
104424.99 0.0348581390323
105027.76 0.0782721757222
105630.44 0.0841060288279
106233.22 0.0294056453139
106835.89 0.0296493791371
107438.56 0.0290873205361
108041.34 0.02580426796
108644.02 0.0291083320726
109246.69 0.0291850241808
109849.46 0.02929113244
110452.14 0.0286607863454
111054.82 0.0314059435875
111657.58 0.0325122009835
112260.26 0.0333820785941
112863.03 0.0340008683436
113465.7 0.0364644709968
114068.38 0.0357532304867
114671.16 0.0342403998596
115273.83 0.0326435230866
115876.51 0.0324985434848
116479.27 0.0336962010646
117081.95 0.0348150653825
117684.62 0.033992463729
118287.39 0.0340996225651
118890.07 0.0330154272824
119492.85 0.0349001621053
120095.52 0.0340397396861
120698.2 0.031851388161
121300.98 0.0343086873532
121903.65 0.0370853619
122506.33 0.0351501993895
123109.09 0.0376495216546
123711.77 0.0410670480643
124314.45 0.0407088013672
124917.21 0.0378743450951
125519.89 0.0370874630536
126122.67 0.0416143985898
126725.34 0.0422405423771
127328.02 0.0431482407533
127930.79 0.0471183705726
128533.46 0.0459123083782
129136.14 0.0394628172535
129738.92 0.0391171774783
130341.58 0.0397128545377
130944.25 0.0396004428175
131547.03 0.0404209433173
132149.7 0.0406489184882
132752.38 0.0392674099642
133355.16 0.043108318834
133957.83 0.0413486026532
134560.61 0.041176308054
135163.28 0.0426387109935
135765.95 0.0456223491747
136368.73 0.0443732133305
136971.4 0.0406510196418
137574.07 0.0425136923514
138176.85 0.0452756588227
138779.52 0.0428120561695
139382.2 0.0470290715425
139984.98 0.047696187826
140587.65 0.0454679143815
141190.43 0.0429938059602
141793.1 0.0445507608139
142395.77 0.0406793852161
142998.55 0.0388881517306
143601.22 0.0385299050335
144203.89 0.0373984337936
145261.76 0.047109965958
146105.59 0.0463094264178
146949.41 0.0410796549862
147793.23 0.0434287447654
148636.96 0.0450686951883
149480.78 0.0443742639074
150324.6 0.0474125320834
151168.33 0.0450413801908
152012.15 0.0462411389243
152855.97 0.0464396979441
153699.7 0.0446306046525
154543.52 0.0584246783564
155387.36 0.112359191365
156231.08 0.100216624429
157074.9 0.0494233361253
157918.72 0.0485419021696
158762.44 0.0486742748495
159606.27 0.0490503813526
160450.09 0.0474955276526
161293.91 0.0453470980467
162137.64 0.048462058331
162981.48 0.0484441985249
163825.28 0.0503856644964
164669.02 0.049897146273
165512.83 0.0491785517252
166356.65 0.048402175452
167200.39 0.0495641134197
168044.2 0.0493928693973
168888.04 0.0481931106639
169731.75 0.0538599220545
170575.58 0.0526444046687
171419.4 0.0518207524384
172263.12 0.0509204081
173106.95 0.0519930470376
173950.77 0.0514068251696
174794.59 0.0538073932133
175638.32 0.0519804401158
176482.16 0.0520476770325
177325.96 0.0530278652096
178169.7 0.0559799860861
179013.53 0.0568309533138
179857.35 0.0549546231055
180701.07 0.0561985060656
181544.88 0.0580968983872
182388.72 0.0573635957638
183232.44 0.05696122484
184076.26 0.0607937290953
184920.08 0.0608157912086
185763.8 0.0623128631833
186607.63 0.089321092184
187451.47 0.102515286521
188295.29 0.0768024187449
189139.0 0.0608000325563
189982.84 0.0626406431525
190826.64 0.0636670567099
191670.38 0.0616625561291
192514.21 0.0607412002541
193358.03 0.0577050332317
194201.75 0.0555650082405
195045.59 0.0567994360091
195889.39 0.057822697836
196733.12 0.0548064917733
197576.94 0.0576220376626
198420.76 0.0603692960583
199264.51 0.0588438585093
200108.31 0.0604312800909
200952.15 0.0616236847866
201795.97 0.0598019845731
202639.68 0.0604438870128
203483.52 0.0661506203227
205171.06 0.0597463040014
206858.71 0.0665939637426
208546.27 0.0645663504716
210233.8 0.0646283345042
211921.44 0.0646409414261
213608.99 0.0647701623755
215296.65 0.0656505457543
216984.2 0.0653637382813
218671.74 0.0675562921137
220359.4 0.0678021270906
222046.95 0.0688579567991
223734.48 0.0703844449249
225422.12 0.0677695592091
227109.69 0.0664857543297
228797.33 0.0674428298167
230484.88 0.0707573996976
232172.42 0.0685501377896
233860.08 0.0670562175453
235547.63 0.0682496728178
237235.18 0.0691804838842
238922.8 0.0685532895201
240610.37 0.0687833658446
242298.01 0.0691626240782
243985.56 0.0699925797694
245673.1 0.0691227021589
247360.76 0.0707962710401
249048.31 0.0699852257317
250735.86 0.0706386845164
252423.51 0.0683043028127
254111.06 0.07086245738
255798.69 0.0725391779917
257486.24 0.0716840084566
259173.78 0.0749880725693
260861.44 0.0732871886906
262548.99 0.0717365372979
264236.54 0.073907029017
265924.18 0.0731842321618
267611.73 0.0733039979198
269299.37 0.0755207150192
270986.92 0.0746098649125
272674.5 0.07394905209
274362.14 0.074959706995
276049.65 0.0733092508039
277737.2 0.0751971373573
279424.87 0.0756940601952
281112.42 0.0764042501285
282800.06 0.0757224257695
284487.61 0.075821179991
286175.16 0.0753179536921
287862.8 0.074768502013
289550.35 0.0753568250346
291237.9 0.0740551603492
292925.54 0.0756804026965
294613.09 0.0754955011754
296300.73 0.0771711712103
297988.31 0.0779244347934
299675.86 0.0752265535084
301363.5 0.0749544541109
303051.05 0.0751015348663
304738.59 0.0757928144167
306426.23 0.0763916432066
308113.78 0.0757697017266
309801.42 0.0759104790211
311488.97 0.0768055704754
313176.52 0.0764693858916
314864.16 0.0770219893012
316551.74 0.0755690415531
318239.29 0.0752801329264
319926.93 0.0747947664336
321614.45 0.0742505676386
323302.12 0.075994525167
324989.67 0.0784864933944
326677.22 0.079505552914
328364.86 0.0803418120662
330052.41 0.0786524845326
331739.95 0.08021154054
333427.63 0.0923866753575
335115.17 0.0983119286469
336802.78 0.0852816242944
338490.33 0.083375877935
340177.91 0.0822307491964
341865.52 0.0863059366981
343553.07 0.0828579435606
345240.62 0.0823883357201
346928.29 0.0969251672388
348615.81 0.0996135933323
