100.09 0.00049169503426
101.95 0.000564535112109
104.09 0.000597965080544
106.02 0.000658697823785
108.0 0.00073227316487
110.0 0.00101319273833
113.87 0.00117946026462
117.87 0.00131729761247
120.89 0.00324854002647
125.14 0.00367018898317
126.88 0.0038697884428
128.06 0.00398738154291
131.04 0.00427256564313
131.95 0.00470637095199
134.09 0.0048942552174
136.9 0.00559339251913
140.09 0.00595220097798
143.02 0.00972067014695
147.03 0.0152297524818
151.15 0.0162811789083
155.03 0.0175664190437
159.0 0.0189099900625
161.96 0.019938378241
166.11 0.0214628240156
169.98 0.0227867880148
173.14 0.0239161523443
177.18 0.0253332496866
180.06 0.0264052634837
182.14 0.0271449382985
185.95 0.0286213468751
191.16 0.030386958991
193.82 0.0316726893019
197.88 0.0331657638451
202.03 0.034728443308
204.84 0.0358661406209
210.09 0.0366175796474
215.98 0.0400576312379
219.99 0.0417531482586
223.05 0.0426271311577
227.2 0.0444309769618
229.83 0.0663256455844
234.1 0.109064046578
240.11 0.142788120307
246.27 0.136048207316
252.0 0.143778274797
257.28 0.114730475246
260.26 0.138896126914
263.88 0.146787952307
268.79 0.146449731219
273.78 0.145439969709
278.87 0.143116537885
284.06 0.143778274797
290.01 0.136675631944
296.08 0.136989344257
300.89 0.129028894296
307.9 0.131425852443
317.98 0.133563017581
327.65 0.131126845394
338.38 0.127259360776
347.86 0.123220314737
356.78 0.122092911109
365.94 0.122372311138
375.32 0.119039117805
384.95 0.111348264363
394.83 0.113421706687
404.95 0.112637425902
414.39 0.109568927333
422.09 0.105848495362
429.94 0.10272607749
440.97 0.101319273833
451.24 0.0983292033421
459.63 0.0945548520673
470.33 0.0917657535278
480.18 0.090300128812
490.24 0.0858395318508
500.5 0.0856434616547
506.3 0.0829229876839
512.16 0.088040419802
520.48 0.0852464195076
530.16 0.0815995138603
540.02 0.0763301273402
550.06 0.0735655375752
560.28 0.0754527132126
569.39 0.0751095903695
579.97 0.0723891163986
589.39 0.0709087864181
600.35 0.0667864105452
610.11 0.0589779149857
620.02 0.0660217367804
630.1 0.0630512733096
640.33 0.0630512733096
650.74 0.0609092064172
658.27 0.0584387219464
664.36 0.0591151641229
675.16 0.0583014728091
684.55 0.0546643706716
695.67 0.0554241426814
705.35 0.0513654896223
716.81 0.0531742371812
726.79 0.052081145838
735.2 0.0511302053869
745.43 0.0495077245142
755.8 0.0481602320916
764.55 0.0437207126765
775.19 0.0460985539796
784.16 0.0439226649784
795.07 0.0439226649784
804.28 0.0434197449255
815.47 0.0426271311577
824.91 0.0419457872263
834.46 0.0380792829593
844.12 0.0400576312379
855.87 0.0390557125359
865.78 0.038697884428
875.8 0.0379915415465
885.94 0.0372979432279
894.14 0.0366175796474
904.5 0.0357014416561
914.97 0.0352117563414
925.56 0.0591151641229
934.13 0.0835013947624
944.94 0.107073934088
955.89 0.119862612628
964.73 0.129028894296
975.9 0.0677177439767
984.93 0.113681499696
994.05 0.108564067578
1005.56 0.124646725413
1014.86 0.122936012952
1024.25 0.0793741171346
1036.11 0.107569011333
1045.7 0.137303056571
1055.37 0.132950298218
1065.14 0.117406833422
1074.99 0.125514336031
1084.94 0.106338670853
1094.98 0.125514336031
1105.11 0.119862612628
1115.34 0.117137236903
1125.66 0.106583758598
1136.07 0.119039117805
1143.95 0.112897218912
1154.53 0.113157011922
1165.22 0.112377632892
1176.0 0.086633616145
1184.15 0.106828846343
1195.11 0.0924029816651
1206.16 0.0795603838209
1214.52 0.057105444613
1225.76 0.087437503949
1234.26 0.101549656313
1245.68 0.104157389921
1254.31 0.101549656313
1265.92 0.0963145820773
1274.69 0.104637761902
1283.53 0.105118133882
1295.41 0.0928294343417
1304.39 0.0924029816651
1316.46 0.101549656313
1325.58 0.0974272804401
1334.77 0.0909275534395
1344.02 0.0974272804401
1356.46 0.0949911082536
1365.86 0.0888541111158
1375.33 0.0888541111158
1384.86 0.0886531391648
1394.46 0.0747615657714
1404.13 0.0739086604184
1413.86 0.0829229876839
1423.66 0.0810358120465
1433.53 0.0819769489877
1443.47 0.0831141561251
1446.79 0.0829229876839
1453.47 0.0806632786739
1463.55 0.0770359800461
1473.69 0.0765065905167
1483.91 0.0763301273402
1494.19 0.0756291763891
1504.55 0.0725606778202
1511.49 0.0677177439767
1518.47 0.0694529652121
1525.48 0.0686588809179
1536.05 0.0617572100153
1546.7 0.0599337571916
1553.84 0.0584387219464
1564.61 0.0613307573388
1575.46 0.063634582143
1586.38 0.0643698453783
1593.7 0.0646688524274
1604.75 0.0627620697703
1615.87 0.0618993609075
1623.33 0.0602131572211
1634.58 0.0620415117997
1645.91 0.061472908231
1653.51 0.0596592589171
1664.97 0.0616150591232
1672.65 0.0575024867601
1676.51 0.0624728662311
1684.25 0.0626150171233
1695.92 0.0599337571916
1703.75 0.0583014728091
1715.56 0.0563211638286
1723.48 0.0559339251913
1735.43 0.0583014728091
1743.44 0.057105444613
1755.52 0.0592475115053
1763.63 0.0558064795638
1775.85 0.0560662725737
1784.05 0.057105444613
1796.41 0.0597965080544
1804.71 0.0592475115053
1813.04 0.0558064795638
1825.6 0.0567133042208
1834.03 0.0554241426814
1846.74 0.0503116123182
1855.27 0.0523213318282
1863.83 0.0550418057991
1876.75 0.0565809568384
1885.41 0.053786956544
1894.12 0.0540369460441
1902.86 0.055296697054
1916.05 0.0547869145441
1924.89 0.0514880334948
1933.78 0.0480494524308
1947.18 0.057105444613
1956.17 0.0550418057991
1965.2 0.06077195728
1974.27 0.0592475115053
1983.38 0.0600759080838
1997.13 0.0600759080838
2006.35 0.0592475115053
2015.61 0.0599337571916
2024.91 0.0561937182011
2034.26 0.0613307573388
2043.65 0.0652668665255
2053.08 0.0609092064172
2067.31 0.0606298063878
2072.08 0.0677177439767
2076.86 0.0888541111158
2086.44 0.100157557921
2096.07 0.0932558870182
2105.75 0.090300128812
2115.47 0.099240929754
2125.23 0.090300128812
2135.04 0.0860356020469
2144.9 0.102255509019
2154.8 0.102020224784
2164.74 0.0909275534395
2174.73 0.0921922062043
2184.77 0.108814057078
2194.86 0.110328699343
2204.99 0.106583758598
2215.17 0.0876384759
2225.39 0.0981037226166
2235.66 0.123220314737
2245.98 0.117406833422
2256.35 0.0932558870182
2266.76 0.0886531391648
2277.23 0.0945548520673
2282.48 0.120142012658
2293.01 0.102020224784
2303.6 0.120700812717
2314.23 0.105858298872
2324.91 0.0870453635568
2335.64 0.0795750890856
2346.42 0.0594043676622
2357.25 0.0992752420383
2362.69 0.0635120382704
2373.59 0.0790456995561
2384.55 0.0519880124949
2395.56 0.0622179749762
2406.61 0.0619385749467
2417.72 0.0712813197907
2423.3 0.11402462254
2434.48 0.113250145265
2445.72 0.133063038581
2457.01 0.139342186611
2462.67 0.12305365507
2474.04 0.107926839441
2485.46 0.0704970390063
2496.93 0.083021022782
2502.69 0.12479377806
2514.24 0.0604288344368
2520.03 0.0486680538995
2525.84 0.0538604828676
2537.5 0.0843886123997
2543.35 0.0887756830374
2555.09 0.151121103641
2566.88 0.114647145412
2572.8 0.144337074856
2584.68 0.128058346825
2596.61 0.114931447197
2602.59 0.0989566279697
2614.61 0.0892217427335
2626.68 0.120921391687
2632.73 0.20489335492
2644.88 0.276409958946
2657.09 0.378082159132
2663.22 0.249229728013
2675.51 0.280948983986
2687.86 0.324084427127
2694.05 0.23478915807
2706.49 0.288875121663
2712.73 0.207839309617
2725.25 0.167399831672
2737.83 0.212221478499
2744.14 0.120450823217
2756.81 0.165894992917
2763.16 0.21870159848
2775.92 0.23327941756
2782.31 0.136739354757
2795.16 0.061222918731
2808.06 0.0736145551242
2814.53 0.203226758254
2827.52 0.297173792713
2834.04 0.276071737858
2847.12 0.197266224292
2853.69 0.111191408206
2866.86 0.272336600622
2873.47 0.369082537131
2886.73 0.336632919677
2893.38 0.410365116919
2906.74 0.554878654952
2926.89 0.484460044024
2947.18 0.44700083306
2967.61 0.46382855764
2988.18 0.472509565572
3008.89 0.472563484876
3029.75 0.505272895339
3050.75 0.532820757891
3071.89 0.574926832503
3093.19 0.558064795638
3107.47 0.643747471332
3129.01 0.592573150151
3150.69 0.58860272868
3172.53 0.652913753
3187.18 0.572672025247
3209.27 0.63379690888
3231.52 0.540761600833
3246.43 0.755164360264
3268.94 0.881286513903
3291.59 0.865306792921
3306.79 0.807613137719
3322.05 0.743449166047
3329.71 0.851630896743
3337.38 0.798495873601
3345.08 0.791192258796
3352.79 0.719969760065
3360.52 0.842023457134
3368.27 0.811632576739
3376.03 0.630022557606
3383.81 0.668942491531
3391.61 0.828739701349
3399.43 0.853934721547
3407.27 0.836484474095
3415.12 0.798838996444
3423.0 0.951675714301
3430.89 0.867953740568
3438.79 0.894374199492
3446.72 0.595024027602
3454.67 0.886286303903
3462.63 0.730459515556
3470.61 0.825308472917
3478.61 0.655560700647
3486.63 0.80658376919
3494.67 0.72222456732
3502.73 0.894717322335
3510.8 0.896825076943
3518.89 0.786535591639
3527.01 0.734086814183
3535.14 0.886678444295
3543.29 1.02280017793
3551.46 0.985840945971
3559.64 0.926480694103
3567.85 0.866679284293
3576.07 0.727567480163
3584.32 0.572672025247
3592.58 0.693255195846
3600.86 1.02784898548
3609.16 0.827857385466
3617.48 0.911922482043
3625.82 0.950597328222
3634.18 0.92260830773
3642.56 1.11181604696
3650.95 0.839572579683
3659.37 1.17779366795
3667.81 1.1352464354
3676.26 1.19156759922
3684.73 1.00260494774
3693.23 1.00495779009
3701.74 1.19445963462
3710.28 0.822612507721
3718.83 1.23372269139
3727.4 0.962165469792
3735.99 0.826533911643
3744.61 1.04059354823
3753.24 0.600219887799
3761.89 0.832366999977
3770.56 0.898148550767
3779.26 1.11269836284
3787.97 1.2456339558
3796.7 0.936284203907
3805.45 1.07755278019
3814.23 1.15465738481
3823.02 0.80810331321
3831.83 0.667570000158
3840.66 0.631738171821
3849.52 0.980694103323
3858.39 0.971772909401
3867.29 1.0270647047
3876.2 0.795456785562
3885.14 0.890501813119
3894.09 0.896727041845
3896.31 1.19068528334
3898.08 1.16730391246
3899.85 1.51861268631
3901.63 1.15794156059
3903.4 1.33631642149
3905.17 1.34773751041
3906.94 1.13794240059
3908.72 1.07936642951
3910.49 1.26744676511
3912.26 1.34131621149
3914.04 1.31107238374
3915.81 1.28641655659
3917.58 1.20029272295
3919.35 1.22916405933
3921.13 1.03593688107
3922.9 1.18181310697
3924.67 1.32264052531
3926.44 1.00162459676
3928.22 0.719283514378
3929.99 0.486979546044
3931.76 0.60517066025
3933.53 0.442020650079
3935.31 0.849032966645
3937.08 0.825847665956
3938.85 0.96074396087
3940.62 0.924863114985
3942.4 0.61320953829
3944.17 0.912216587337
3945.94 0.973586558715
3947.71 1.0245648097
3949.49 1.44273352042
3951.26 1.35410979179
3953.03 1.23774213041
3954.81 1.23965381482
3956.58 1.2152430754
3958.35 0.904177709297
3960.12 0.926578729201
3961.9 0.770457835559
3963.67 0.609680274761
3965.44 0.643747471332
3967.21 0.518017458086
3968.99 0.603111923191
3970.76 0.630610768194
3972.53 0.796731241836
3974.3 0.965498663126
3976.08 1.37856954875
3977.85 1.2430360257
3979.62 1.20602777619
3981.39 1.16950970216
3983.17 1.26622132639
3984.94 1.43582204601
3986.71 1.5392000569
3988.49 1.38283407552
3990.26 1.45288015307
3992.03 1.1450499452
3993.8 1.49547640317
3995.58 1.42915565934
3997.35 1.55160149681
3999.12 1.44758625778
4000.89 1.52915145935
4002.67 1.4515076617
4004.44 1.31862108629
4006.21 1.46832068101
4007.98 1.58841367612
4009.76 1.56263044534
4011.53 1.68938982711
4013.3 1.69272302045
4015.07 1.62640227662
4016.85 1.60017788789
4018.62 1.6347842775
4020.39 1.64713669985
4022.17 1.40616642885
4023.94 1.350825616
4025.71 1.42513622032
4027.48 1.39347088365
4029.26 1.47180092699
4031.03 1.35484505502
4032.8 1.23764409531
4034.57 1.66772407044
4036.35 1.55880707651
4038.12 1.65262666534
4039.89 1.57380644651
4041.66 1.68806635329
4043.44 1.49753514023
4045.21 1.33518901786
4046.98 1.45866422386
4048.75 1.36812881081
4050.53 1.4713107515
4052.3 1.534298302
4054.07 1.37214824983
4055.84 1.38116747885
4057.62 1.42547934317
4059.39 1.36945228463
4061.16 1.37724607493
4062.94 1.38660842679
4064.71 1.34891393159
4066.48 1.63390196162
4068.25 1.56120893641
4070.03 1.4716048568
4071.8 1.38244193512
4073.57 1.28715181982
4075.34 1.49572149092
4077.12 1.34680617698
4078.89 1.38827502346
4080.66 1.58885483406
4082.43 1.68179210701
4084.21 1.53174938945
4085.98 1.46763443533
4087.75 1.55601307622
4089.52 1.66223410495
4091.3 1.57601223622
4093.07 1.62527487299
4094.84 1.51503440523
4096.62 1.3635211612
4098.39 1.25666290433
4100.16 1.16161787677
4101.93 1.31156255924
4103.71 1.41592092111
4105.48 1.35739396757
4107.25 1.39739228758
4109.02 1.5819923772
4110.8 1.53042591563
4112.57 1.51331879102
4114.34 1.51086791357
4116.11 1.53620998641
4117.89 1.62527487299
4119.66 1.50140752661
4121.43 1.4664089966
4123.21 1.51915187935
4124.98 1.42248927268
4126.75 1.42699888719
4128.52 1.50596615866
4130.3 1.49003545523
4132.07 1.59179588701
4133.84 1.6123832576
4135.61 1.50547598317
4137.39 1.4817024719
4139.16 1.58772743044
4140.93 1.66414578936
4142.7 1.54743500514
4144.48 1.49459408729
4146.25 1.51341682612
4148.02 1.44082183601
4149.79 1.48395727915
4151.57 1.4365082917
4153.34 1.46944808464
4155.11 1.58316879838
4156.88 1.57164967436
4158.66 1.66870442142
4160.43 1.50640731661
4162.2 1.49528033298
4163.98 1.64914641936
4165.75 1.56954191975
4167.52 1.68365477388
4169.29 1.56130697151
4171.07 1.47327145347
4172.84 1.45939948709
4174.61 1.49189812209
4176.38 1.5620912523
4178.16 1.57047325318
4179.93 1.60184448456
4181.7 1.56660086681
4183.47 1.6273826276
4185.25 1.62302006573
4187.02 1.60542276563
4188.79 1.73649569172
4190.56 1.66321445593
4192.34 1.62096132867
4194.11 1.49121187641
4195.88 1.55434647955
4197.66 1.61159897681
4199.43 1.53518061788
4201.2 1.68448807221
4202.97 1.79227766251
4204.75 1.63694104966
4206.52 1.74590706114
4208.29 1.86031402056
4210.06 1.78365057389
4211.84 1.74664232437
4213.61 1.67483161505
4215.38 1.81100236624
4217.15 1.83109956134
4218.93 1.82227640252
4220.7 1.8479615982
4222.47 1.56248339269
4224.24 1.49866254386
4226.02 1.55885609406
4227.79 1.53880791651
4229.56 1.6197849075
4231.34 1.72208453231
4233.11 1.60503062524
4234.88 1.6647830175
4236.65 1.70414410937
4238.43 1.88369539144
4240.2 1.81105138379
4241.97 1.82904082428
4243.74 1.86016696791
4245.52 1.76419060692
4247.29 1.78320941594
4249.06 1.78713081987
4250.83 1.69223284496
4252.61 1.6348823126
4254.38 1.697771828
4256.15 1.7704648532
4257.92 1.76909236183
4259.7 1.70321277594
4261.47 1.77031780055
4263.24 1.8634511437
4265.01 1.89565567341
4266.79 1.80463008487
4268.56 1.66493007015
4270.33 1.53415124935
4272.11 1.62851003122
4273.88 1.48631012151
4275.65 1.6148831526
4277.42 1.65914599936
4279.2 1.64674455946
4280.97 1.63924487446
4282.74 1.61022648544
4284.51 1.64743080515
4286.29 1.59110964132
4288.06 1.52846521367
4289.83 1.546797777
4291.6 1.59895244916
4293.38 1.61561841583
4295.15 1.58610985132
4296.92 1.35366863385
4298.69 1.41915607934
4300.47 1.35425684444
4302.24 1.27161325678
4304.01 1.25661388678
4305.78 1.18896966913
4307.56 1.25328069345
4309.33 1.43944934464
4311.1 1.45488987258
4312.88 1.56478721749
4314.65 1.78967973242
4316.42 1.82041373565
4318.19 1.83923647448
4319.97 1.86399033674
4321.74 1.82399201673
4323.51 1.74227976251
4325.28 1.77144520418
4327.06 1.80864952389
4328.83 1.87193117968
4330.6 1.93192865968
4332.37 1.97619150645
4334.15 1.91202753478
4335.92 1.92810529086
4337.69 1.94834953861
4339.46 1.81217878742
4341.24 1.80041457565
4343.01 1.80413990938
4344.78 1.80467910242
4346.56 1.805267313
4348.33 1.80585552359
4350.1 1.80654176928
4351.87 1.80722801497
4353.65 1.80801229575
4355.42 1.80879657653
4357.19 1.80967889242
4358.96 1.9735445588
4360.74 1.9511435389
4362.51 2.06099186626
4364.28 2.04810025087
4366.05 2.01726821253
4367.83 2.00947442224
4369.6 2.04074761852
4371.37 1.92217416743
4373.14 1.87874461899
4374.92 1.87217626742
4376.69 1.75281853555
4378.46 1.71492797015
4380.24 1.72870190143
4382.01 1.62914725936
4383.78 1.61164799436
4385.55 1.69782084554
4387.33 1.73982888506
4389.1 1.80438499712
4390.87 1.76345534369
4392.64 1.77669008192
4394.42 1.93134044909
4396.19 1.99271042047
4397.96 1.988739999
4399.73 1.96481943508
4401.51 1.85090265115
4403.28 1.90555721831
4405.05 1.82462924487
4406.82 1.79016990791
4408.6 1.88761679537
4410.37 1.93923227449
4412.14 1.94339876615
4413.91 2.10211758989
4415.69 2.09275523803
4417.46 2.0438357241
4419.23 2.00614122891
4421.01 2.01927793204
4422.78 2.06535442813
4424.55 2.12731261009
4426.32 2.04011039038
4428.1 2.12025408303
4429.87 1.96888789165
4431.64 2.01202333479
4433.41 2.09363755391
4435.19 2.10569587097
4436.96 2.11285243313
4438.73 1.98834785861
4440.5 2.06961895489
4442.28 2.19250595029
4444.05 2.17539882569
4445.82 2.18515331794
4447.59 2.21985774265
4449.37 2.12226380254
4451.14 2.03373810901
4452.91 2.09388264166
4454.69 2.02991474018
4456.46 1.99815136841
4458.23 1.90982174507
4460.0 1.99677887704
4461.78 2.03280677557
4463.55 2.12231282009
4465.32 2.04574740852
4467.09 2.11677383705
4468.87 2.11221520499
4470.64 2.3204907708
4472.41 2.2398078851
4474.18 2.20392703922
4475.96 2.25765027295
4477.73 2.29054104834
4479.5 2.16809521088
4481.28 2.30568747099
4483.05 2.24902318432
4484.82 2.29157041687
4486.59 2.3930857609
4488.37 2.2726986605
4490.14 2.32583368364
4491.91 2.26166971197
4493.68 2.1823103001
4495.46 2.33843119374
4497.23 2.3126969805
4499.0 2.28985480266
4500.77 2.37617470649
4502.55 2.43783878316
4504.32 2.45269110051
4506.09 2.50690450973
4507.86 2.48430741963
4509.64 2.45769089051
4511.41 2.43259390541
4513.18 2.3555873359
4514.95 2.39137014668
4516.73 2.44416204698
4518.5 2.41372214904
4520.27 2.41112421894
4522.04 2.34941112472
4523.82 2.29568789099
4525.59 2.28666866197
4527.36 2.1945156698
4529.14 2.1244205747
4530.91 2.10746050274
4532.68 2.15255664784
4534.45 2.17726149255
4536.23 2.2701987655
4538.0 2.21706374236
4539.77 2.30862852393
4541.54 2.38284109315
4543.32 2.39186032218
4545.09 2.3328922107
4546.86 2.33112757893
4548.63 2.37102786384
4550.41 2.30093276874
4552.18 2.28858034638
4553.95 2.35759705541
4555.73 2.44862264395
4557.5 2.42671179953
4559.27 2.45622036404
4561.04 2.46131818914
4562.82 2.50342426375
4564.59 2.51112001895
4566.36 2.51553159836
4568.13 2.38455670737
4569.91 2.46288675071
4571.68 2.4859740163
4573.45 2.49327763111
4575.22 2.38882123414
4577.0 2.44876969659
4578.77 2.35975382756
4580.54 2.33735280766
4582.31 2.39636993669
4584.09 2.43117239649
4585.86 2.44558355591
4587.63 2.39534056816
4589.41 2.40249713031
4591.18 2.42367271149
4592.95 2.48754257787
4594.72 2.47058250591
4596.5 2.44636783669
4598.27 2.40715379747
4600.04 2.39367397149
4601.81 2.49808135091
4603.59 2.5389619868
4605.36 2.5464616718
4607.13 2.57812700847
4608.9 2.51572766856
4610.68 2.55200065484
4612.45 2.5539613568
4614.22 2.71567025103
4615.99 2.65111413896
4617.77 2.60278283563
4619.54 2.58474437758
4621.31 2.55753963788
4623.08 2.5865580269
4624.86 2.5611669365
4626.63 2.6239584168
4628.4 2.49254236787
4630.18 2.56749020033
4631.95 2.62062522347
4633.72 2.46102408385
4635.49 2.45641643424
4637.27 2.44264250296
4639.04 2.38342930374
4640.81 2.41921211453
4642.58 2.37499828531
4644.36 2.36200863482
4646.13 2.36749860031
4647.9 2.36313603845
4649.67 2.39906590188
4651.45 2.4255843959
4653.22 2.39151719933
4654.99 2.45519099551
4656.76 2.43813288845
4658.54 2.53067802101
4660.31 2.53205051238
4662.08 2.46425924208
4663.86 2.38690954972
4665.63 2.2849040302
4667.4 2.37485123266
4669.17 2.37872361904
4670.95 2.32068684099
4672.72 2.26015016795
4674.49 2.26995367775
4676.26 2.3778903207
4678.04 2.40764397296
4679.81 2.40744790276
4681.58 2.40435979718
4683.35 2.39205639237
4685.13 2.31965747246
4686.9 2.44278955561
4688.67 2.40553621835
4690.44 2.45224994257
4692.22 2.39220344502
4693.99 2.39269362051
4695.76 2.41524169306
4697.54 2.33588228119
4699.31 2.32941196472
4701.08 2.36960635492
4702.85 2.36656726688
4704.63 2.30274641805
4706.4 2.31926533207
4708.17 2.31294206825
4709.94 2.30666782197
4711.72 2.3003935757
4713.49 2.29416834697
4715.26 2.48680731463
4717.03 2.43475067757
4718.81 2.46602387385
4720.58 2.56538244572
4722.35 2.53156033689
4724.12 2.53111917895
4725.9 2.44528945061
4727.67 2.43896618679
4729.44 2.35990088021
4731.21 2.31838301619
4732.99 2.36200863482
4734.76 2.39401709433
4736.53 2.45548510081
4738.31 2.48445447228
4740.08 2.5110710014
4741.85 2.66773108808
4743.62 2.5790583419
4745.4 2.47239615522
4747.17 2.51710015993
4748.94 2.5515594969
4750.71 2.52660956444
4752.49 2.48190555973
4754.26 2.53342300376
4756.03 2.46171032953
4757.8 2.41176144708
4759.58 2.42230022012
4761.35 2.41396723679
4763.12 2.40700674482
4764.89 2.40867334149
4766.67 2.36671431953
4768.44 2.33916645697
4770.21 2.43695646728
4771.99 2.50651236934
4773.76 2.47269026052
4775.53 2.47646461179
4777.3 2.50964949248
4779.08 2.47666068199
4780.85 2.49950285983
4782.62 2.47563131346
4784.39 2.40097758629
4786.17 2.41980032512
4787.94 2.39833063865
4789.71 2.41906506188
4791.48 2.51861970395
4793.26 2.58709721994
4795.03 2.52053138836
4796.8 2.63939894475
4798.58 2.56170612954
4800.35 2.54131482915
4802.12 2.60376318661
4803.89 2.57719567503
4805.67 2.53803065336
4807.44 2.53548174082
4809.21 2.5339621968
4810.98 2.53337398621
4812.76 2.54665774199
4814.53 2.55592205876
4816.3 2.59719483504
4818.07 2.6143509772
4819.85 2.62513483798
4821.62 2.59856732641
4823.39 2.52582528366
4825.16 2.48563089346
4826.94 2.53499156533
4828.71 2.53352103885
4830.48 2.51455124738
4832.25 2.51028672062
4834.03 2.44048573081
4835.8 2.5262664416
4837.57 2.52293324827
4839.34 2.51783542317
4841.12 2.5109729663
4842.89 2.45175976708
4844.66 2.50063026346
4846.44 2.47871941905
4848.21 2.43151551934
4849.98 2.38921337453
4851.75 2.42617260649
4853.53 2.40009527041
4855.3 2.30304052334
4857.07 2.28171788952
4858.84 2.21956363736
4860.62 2.20181928461
4862.39 2.1570172448
4864.16 2.25382690412
4865.93 2.26897332677
4867.71 2.24328813108
4869.48 2.30308954089
4871.25 2.29715841746
4873.03 2.33656852688
4874.8 2.37480221511
4876.57 2.38127253159
4878.34 2.38053726835
4880.12 2.4257804661
4881.89 2.43935832718
4883.66 2.42612358894
4885.43 2.46519057552
4887.21 2.42975088757
4888.98 2.40534014816
4890.75 2.43602513385
4892.52 2.46215148748
4894.3 2.51504142287
4896.07 2.56989206023
4897.84 2.59337146621
4899.61 2.63484031269
4901.39 2.6143509772
4903.16 2.6419478573
4904.93 2.55979444513
4906.71 2.56342174376
4908.48 2.49563047346
4910.25 2.5110710014
4912.02 2.55861802395
4913.8 2.50543398326
4915.57 2.50808093091
4917.34 2.38489983021
4919.11 2.44636783669
4920.89 2.31284403315
4922.66 2.45612232895
4924.43 2.42744706277
4926.2 2.65307484092
4927.98 2.55028504062
4929.75 2.609155117
4931.52 2.58484241268
4933.29 2.59263620298
4935.07 2.56200023484
4936.84 2.56268648052
4938.61 2.50224784258
4940.38 2.45043629326
4942.16 2.59381262415
4943.93 2.60900806435
4945.7 2.63479129514
4947.48 2.69223986259
4949.25 2.75311965848
4951.02 2.63361487396
4952.79 2.66547628083
4954.57 2.58219546504
4956.34 2.54273633807
4958.11 2.44033867816
4959.88 2.47548426081
4961.66 2.51440419474
4963.43 2.49489521022
4965.2 2.50778682562
4966.97 2.61484115269
4968.75 2.51200233483
4970.52 2.49523833307
4972.29 2.63984010269
4974.06 2.53690324974
4975.84 2.59469494004
4977.61 2.4710726814
4979.38 2.4184768513
4981.16 2.445681591
4982.93 2.38882123414
4984.7 2.29132532913
4986.47 2.31132448913
4988.25 2.43509380041
4990.02 2.39470334002
4991.79 2.44332874865
4993.56 2.39382102414
4995.34 2.37769425051
4997.11 2.4634749613
4998.88 2.33749986031
5000.65 2.33470586001
5002.43 2.28946266226
5004.2 2.27328687109
5005.97 2.23691584971
5007.74 2.27147322177
5009.52 2.30632469913
5011.29 2.27407115187
5013.06 2.24828792108
5014.84 2.22201451481
5016.61 2.2349061302
5018.38 2.23216114746
5020.15 2.27353195883
5021.93 2.2975015403
5023.7 2.26617932648
5025.47 2.29965831246
5027.24 2.38588018119
5029.02 2.38945846227
5030.79 2.34725435256
5032.56 2.3702926006
5034.33 2.35622456403
5036.11 2.35686179217
5037.88 2.27421820452
5039.65 2.31225582256
5041.42 2.23779816559
5043.2 2.31068726099
5044.97 2.34647007178
5046.74 2.37088081119
5048.51 2.33367649148
5050.29 2.38749776031
5052.06 2.35671473953
5053.83 2.39254656786
5055.61 2.42700590483
5057.38 2.47935664718
5059.15 2.49955187738
5060.92 2.46700422483
5062.7 2.44656390689
5064.47 2.44475025757
5066.24 2.37793933825
5068.01 2.32862768393
5069.79 2.36872403904
5071.56 2.29823680354
5073.33 2.37293954825
5075.1 2.33328435109
5076.88 2.26848315128
5078.65 2.29421736452
5080.42 2.25863062393
5082.19 2.24921925452
5083.97 2.40190891973
5085.74 2.36921421453
5087.51 2.35945972227
5089.28 2.37416498698
5091.06 2.37735112766
5092.83 2.37333168864
5094.6 2.37769425051
5096.38 2.35813624845
5098.15 2.37970397002
5099.92 2.38279207561
5101.69 2.32980410511
5103.47 2.34730337011
5105.24 2.34823470354
5107.01 2.32808849089
5108.78 2.29946224226
5110.56 2.32828456109
5112.33 2.38122351404
5114.1 2.45994569777
5115.88 2.41573186855
5117.65 2.42401583433
5119.42 2.42553537835
5121.19 2.32230442011
5122.96 2.3154909808
5124.74 2.26818904599
5126.51 2.28147280177
5128.28 2.30470712001
5130.06 2.33553915835
5131.83 2.33215694746
5133.6 2.30612862893
5135.37 2.31563803344
5137.15 2.3379900358
5138.92 2.3405879659
5140.69 2.29460950491
5142.46 2.26289515069
5144.24 2.2699046602
5146.01 2.31323617354
5147.78 2.35642063423
5149.55 2.27362999393
5151.33 2.25578760608
5153.1 2.26064034344
5154.87 2.3000994704
5156.64 2.2952957506
5158.42 2.27681613462
5160.19 2.30936378717
5161.96 2.23412184942
5163.74 2.10760755539
5165.51 1.96075097851
5167.28 1.85379468654
5169.05 1.78438583712
5170.83 1.78541520565
5172.6 1.83212892987
5174.37 1.89447925223
5176.14 1.89232248007
5177.92 1.92550736076
5179.69 1.97437785714
5181.46 2.00226884253
5183.23 1.98829884106
5185.01 1.97055448831
5186.78 2.01241547518
5188.55 2.09996081774
5190.33 2.18142798422
5192.1 2.29245273275
5193.87 2.31637329668
5195.64 2.32034371815
5197.41 2.3405879659
5199.19 2.35088165119
5200.96 2.36357719639
5202.73 2.27225750256
5204.51 2.28196297726
5206.28 2.21108360137
5208.05 2.23098472628
5209.82 2.23191605971
5211.6 2.2624049752
5213.37 2.3829881458
5215.14 2.42622162404
5216.91 2.46195541728
5218.69 2.48386626169
5220.46 2.57307820092
5222.23 2.50548300081
5224.0 2.41171242953
5225.78 2.46273969806
5227.55 2.37426302208
5229.32 2.44430909963
5231.1 2.5011694565
5232.87 2.46773948806
5234.64 2.56778430562
5236.41 2.59043041327
5238.19 2.57699960484
5239.96 2.59866536151
5241.73 2.60003785288
5243.5 2.66969179004
5245.28 2.6193507672
5247.05 2.52190387974
5248.82 2.53023686307
5250.59 2.50327721111
5252.37 2.51219840503
5254.14 2.49964991248
5255.91 2.5963615367
5257.68 2.56528441062
5259.46 2.48528777061
5261.23 2.46156327689
5263.0 2.34117617648
5264.78 2.36509674041
5266.55 2.2273084101
5268.32 2.24098430628
5270.09 2.21201493481
5271.87 2.2573071501
5273.64 2.38720365502
5275.41 2.43460362492
5277.18 2.49754215787
5278.96 2.59087157121
5280.73 2.56822546356
5282.5 2.6893478272
5284.27 2.62827196112
5286.05 2.63253648788
5287.82 2.70356291642
5289.59 2.77478541515
5291.36 2.71616042652
5293.14 2.73395379681
5294.91 2.6317522071
5296.68 2.65023182308
5298.45 2.6515552969
5300.23 2.55832391866
5302.0 2.62101736386
5303.77 2.71155277691
5305.55 2.72150333936
5307.32 2.79826482113
5309.09 2.76870723907
5310.86 2.82213636751
5312.64 2.77346194133
5314.41 2.78262822299
5316.18 2.79566689103
5317.95 2.7246404625
5319.73 2.74150249936
5321.5 2.62106638141
5323.27 2.60180248465
5325.04 2.55930426964
5326.82 2.47234713767
5328.59 2.50170864954
5330.36 2.48425840209
5332.13 2.45440671473
5333.91 2.6318502422
5335.68 2.64341838377
5337.45 2.65253564788
5339.23 2.63974206759
5341.0 2.66341754377
5342.77 2.64420266455
5344.54 2.59508708043
5346.32 2.63787940073
5348.09 2.62758571543
5349.86 2.70601379387
5351.63 2.72243467279
5353.41 2.73027748064
5355.18 2.83385156172
5356.95 2.88404553193
5358.72 2.80576450613
5360.5 2.77355997643
5362.27 2.80135292672
5364.04 2.76110951897
5365.81 2.66297638583
5367.59 2.60989038023
5369.36 2.61866452151
5371.13 2.60758655543
5372.91 2.63385996171
5374.68 2.68645579181
5376.45 2.68307358093
5378.22 2.72410126946
5380.0 2.75596267633
5381.77 2.6942495821
5383.54 2.71792505828
5385.31 2.70640593426
5387.09 2.66890750926
5388.86 2.68415196701
5390.63 2.56077479611
5392.4 2.56665690199
5394.18 2.64067340102
5395.95 2.53170738954
5397.72 2.47818022601
5399.49 2.53224658258
5401.27 2.54891254925
5403.04 2.4582791011
5404.81 2.47038643571
5406.58 2.51058082591
5408.36 2.51685507219
5410.13 2.54361865395
5411.9 2.57131356915
5413.68 2.58072493856
5415.45 2.62307610092
5417.22 2.68630873916
5418.99 2.7097391276
5420.77 2.73184604221
5422.54 2.70361193397
5424.31 2.66336852622
5426.08 2.66728993014
5427.86 2.62371332906
5429.63 2.55224574258
5431.4 2.60444943229
5433.17 2.61778220563
5434.95 2.57577416611
5436.72 2.60704736239
5438.49 2.63086989122
5440.26 2.67449550985
5442.04 2.73199309485
5443.81 2.68797533583
5445.58 2.60528273063
5447.36 2.67248579034
5449.13 2.67028000063
5450.9 2.66802519338
5452.67 2.66586842122
5454.45 2.66366263151
5456.22 2.66150585936
5457.99 2.65939810475
5459.76 2.65729035014
5461.54 2.65518259553
5463.31 2.65307484092
5465.08 2.63689904975
5466.85 2.61101778386
5468.63 2.63248747033
5470.4 2.59944964229
5472.17 2.59101862386
5473.94 2.58204841239
5475.72 2.58498946533
5477.49 2.56131398915
5479.26 2.54464802248
5481.04 2.56979402513
5482.81 2.49901268434
5484.58 2.61930174965
5486.35 2.669152597
5488.13 2.59690072974
5489.9 2.64371248906
5491.67 2.63523245308
5493.44 2.65753543789
5495.22 2.63474227759
5496.99 2.64797701583
5498.76 2.62537992573
5500.53 2.6042533621
5502.31 2.59150879935
5504.08 2.61489017023
5505.85 2.5636668315
5507.63 2.54562837346
5509.4 2.60792967827
5511.17 2.63484031269
5512.94 2.53209952993
5514.71 2.6140568719
5516.49 2.75890372927
5518.26 2.64204589239
5520.03 2.67846593132
5521.81 2.71915049701
5523.58 2.74076723613
5525.35 2.63317371602
5527.12 2.63292862828
5528.9 2.5890579219
5530.67 2.71959165495
5532.44 2.68719105504
5534.21 2.70900386436
5535.99 2.66738796524
5537.76 2.68415196701
5539.53 2.66400575436
5541.3 2.72929712966
5543.08 2.71483695269
5544.85 2.78091260878
5546.62 2.77140320427
5548.4 2.7672367126
5550.17 2.8048331727
5551.94 2.77022678309
5553.71 2.73880653417
5555.49 2.84483149271
5557.26 2.74390435927
5559.03 2.73792421828
5560.8 2.68032859818
5562.58 2.67895610681
5564.35 2.67758361544
5566.12 2.67621112406
5567.89 2.67488765024
5569.67 2.67356417642
5571.44 2.67224070259
5573.21 2.67091722877
5574.98 2.66959375495
5576.76 2.66831929867
5578.53 2.75762927299
5580.3 2.67591701877
5582.08 2.65611392896
5583.85 2.65243761279
5585.62 2.54018742552
5587.39 2.5314623018
5589.17 2.52043335327
5590.94 2.51665900199
5592.71 2.54244223278
5594.48 2.53989332023
5596.26 2.62356627641
5598.03 2.61984094269
5599.8 2.62846803131
5601.57 2.57778388562
5603.35 2.65381010416
5605.12 2.63832055867
5606.89 2.63920287455
5608.66 2.71145474181
5610.44 2.68777926563
5612.21 2.70022972309
5613.98 2.6668487722
5615.75 2.62802687337
5617.53 2.62077227612
5619.3 2.591655852
5621.07 2.61881157416
5622.85 2.68527937063
5624.62 2.67179954465
5626.39 2.63086989122
5628.16 2.5965576069
5629.94 2.63812448847
5631.71 2.68567151103
5633.48 2.66297638583
5635.25 2.68483821269
5637.03 2.67900512436
5638.8 2.6114589418
5640.57 2.55577500611
5642.34 2.65861382396
5644.12 2.71361151397
5645.89 2.68263242299
5647.66 2.65635901671
5649.43 2.65238859524
5651.21 2.68743614279
5652.98 2.6919457573
5654.75 2.66768207053
5656.53 2.65199645485
5658.3 2.65479045514
5660.07 2.63743824279
5661.84 2.63062480347
5663.62 2.6367519971
5665.39 2.60753753788
5667.16 2.64037929573
5668.93 2.68170108955
5670.71 2.69959249495
5672.48 2.69253396789
5674.25 2.71297428583
5676.02 2.81120545408
5677.8 2.75449214985
5679.57 2.79453948741
5681.34 2.79708839996
5683.11 2.73562039348
5684.89 2.75694302731
5686.66 2.73905162191
5688.43 2.76507994044
5690.21 2.69635733671
5691.98 2.77081499368
5693.75 2.75115895652
5695.52 2.75846257133
5697.3 2.68640677426
5699.07 2.72086611122
5700.84 2.61185108219
5702.61 2.64577122612
5704.39 2.58788150072
5706.16 2.57704862239
5707.93 2.58204841239
5709.7 2.5765584469
5711.48 2.60641013425
5713.25 2.57239195523
5715.02 2.65974122759
5716.79 2.70782744318
5718.57 2.7296402525
5720.34 2.74302204338
5722.11 2.83669457957
5723.88 2.79679429466
5725.66 2.78694176731
5727.43 2.80100980388
5729.2 2.78949067986
5730.98 2.74601211387
5732.75 2.77360899397
5734.52 2.79017692554
5736.29 2.76125657162
5738.07 2.72439537475
5739.84 2.7570410624
5741.61 2.81115643653
5743.38 2.8000294529
5745.16 2.85938970477
5746.93 2.80419594457
5748.7 2.79703938241
5750.47 2.75052172838
5752.25 2.75561955348
5754.02 2.72150333936
5755.79 2.69655340691
5757.56 2.75209028995
5759.34 2.78547124084
5761.11 2.83649850937
5762.88 2.77816762603
5764.66 2.89076093614
5766.43 2.82841061378
5768.2 2.78571632858
5769.97 2.79468654005
5771.75 2.76071737858
5773.52 2.77228552015
5775.29 2.76208986995
5777.06 2.71802309338
5778.84 2.66778010563
5780.61 2.72356207642
5782.38 2.66376066661
5784.15 2.72620902407
5785.93 2.80022552309
5787.7 2.70096498632
5789.47 2.75615874652
5791.24 2.73493414779
5793.02 2.76218790505
5794.79 2.79684331221
5796.56 2.87683995222
5798.33 2.80890162927
5800.11 2.8729185483
5801.88 2.92727901016
5803.65 2.85821328359
5805.43 2.95943452232
5807.2 2.88218286506
5808.97 2.81713657751
5810.74 2.83792001829
5812.52 2.83380254418
5814.29 2.82380296417
5816.06 2.90277023565
5817.83 2.88164367202
5819.61 2.87081079369
5821.38 2.89174128712
5823.15 2.89350591889
5824.92 2.89875079663
5826.7 2.89840767379
5828.47 2.93835697624
5830.24 2.90389763928
5832.01 2.92252430791
5833.79 2.90242711281
5835.56 2.84983128271
5837.33 2.94252346791
5839.11 2.94139606428
5840.88 2.91242669281
5842.65 2.93443557232
5844.42 2.88683953222
5846.2 2.85159591447
5847.97 2.80674485711
5849.74 2.84291980829
5851.51 2.9031133585
5853.29 2.85698784486
5855.06 2.76086443123
5856.83 2.71219000505
5858.6 2.72400323436
5860.38 2.74611014897
5862.15 2.74910021946
5863.92 2.71130768916
5865.7 2.85394875682
5867.47 2.83939054476
5869.24 2.7294441823
5871.01 2.77605987143
5872.79 2.79341208378
5874.56 2.67812280848
5876.33 2.6419478573
5878.1 2.56302960337
5879.88 2.5464616718
5881.65 2.48396429679
5883.42 2.43249587032
5885.19 2.38921337453
5886.97 2.32990214021
5888.74 2.16554629833
5890.51 2.04462000489
5892.28 2.06604067381
5894.06 2.03109116136
5895.83 2.1070193448
5897.6 2.22799465579
5899.37 2.33475487756
5901.15 2.37112589894
5902.92 2.46421022453
5904.69 2.6064591518
5906.46 2.62699750484
5908.24 2.55352019886
5910.01 2.61253732788
5911.78 2.66361361396
5913.56 2.57131356915
5915.33 2.61984094269
5917.1 2.64351641886
5918.87 2.64733978769
5920.65 2.65969221004
5922.42 2.67297596583
5924.19 2.74875709662
5925.96 2.78478499515
5927.74 2.68282849318
5929.51 2.67621112406
5931.28 2.66910357945
5933.05 2.62591911876
5934.83 2.62881115416
5936.6 2.65331992867
5938.37 2.68248537034
5940.15 2.67008393044
5941.92 2.75537446574
5943.69 2.74861004397
5945.46 2.71728783015
5947.24 2.67380926416
5949.01 2.70405309191
5950.78 2.70032775818
5952.55 2.70027874063
5954.33 2.73429691966
5956.1 2.71905246191
5957.87 2.72557179593
5959.64 2.62126245161
5961.42 2.73253228789
5963.19 2.86551689839
5964.96 2.7649328878
5966.73 2.77164829201
5968.51 2.79547082084
5970.28 2.74184562221
5972.05 2.73571842858
5973.83 2.76782492319
5975.6 2.73861046397
5977.37 2.7520412724
5979.14 2.71307232093
5980.92 2.66483905269
5982.69 2.71057242593
5984.46 2.68851452887
5986.23 2.71782702318
5988.01 2.74606113142
5989.78 2.70052382838
5991.55 2.76566815103
5993.32 2.74503176289
5995.1 2.77576576613
5996.87 2.73934572721
5998.64 2.74258088544
6000.41 2.70807253093
6002.19 2.68518133553
6003.96 2.74650228936
6005.73 2.6364578918
6007.5 2.7522373426
6009.28 2.74248285034
6011.05 2.68792631828
6012.82 2.74341418378
6014.6 2.69067130103
6016.37 2.61792925827
6018.14 2.75311965848
6019.91 2.65900596436
6021.69 2.71905246191
6023.46 2.77086401123
6025.23 2.75086485123
6027.0 2.81247991035
6028.78 2.80125489162
6030.55 2.78748096035
6032.32 2.81591113878
6034.09 2.82355787643
6035.87 2.78380464417
6037.64 2.79699036486
6039.41 2.80517629555
6041.18 2.79444145231
6042.96 2.82145012182
6044.73 2.80267640055
6046.5 2.81380338417
6048.28 2.84296882584
6050.05 2.81654836692
6051.82 2.77429523966
6053.59 2.81782282319
6055.37 2.81738166525
6057.14 2.78748096035
6058.91 2.76939348476
6060.68 2.7871378375
6062.46 2.78998085535
6064.23 2.73870849907
6066.0 2.78601043388
6067.77 2.86355619643
6069.55 2.89473135761
6071.32 2.84429229967
6073.09 2.84615496653
6074.86 2.88620230408
6076.64 2.84056696594
6078.41 2.76767787054
6080.18 2.71993477779
6081.96 2.75762927299
6083.73 2.76311923848
6085.5 2.75797239584
6087.27 2.73993393779
6089.05 2.7973334877
6090.82 2.74738460525
6092.59 2.77708923995
6094.36 2.81777380564
6096.14 2.78248117035
6097.91 2.73302246338
6099.68 2.77625594162
6101.45 2.76591323878
6103.23 2.75326671113
6105.0 2.75424706211
6106.77 2.75772730809
6108.54 2.79228468015
6110.32 2.810127068
6112.09 2.81836201623
6113.86 2.77341292378
6115.63 2.73895358681
6117.41 2.71429775966
6119.18 2.67155445691
6120.95 2.70645495181
6122.73 2.66072157857
6124.5 2.68797533583
6126.27 2.73968885005
6128.04 2.6719465973
6129.82 2.7248365327
6131.59 2.67831887867
6133.36 2.68307358093
6135.13 2.68537740573
6136.91 2.64866326151
6138.68 2.68469116004
6140.45 2.68199519485
6142.22 2.75787436074
6144.0 2.73513021799
6145.77 2.6919457573
6147.54 2.83845921133
6149.31 2.72802267338
6151.09 2.68140698426
6152.86 2.70106302142
6154.63 2.64719273504
6156.41 2.61773318808
6158.18 2.5539613568
6159.95 2.54945174229
6161.72 2.48729749012
6163.5 2.43205471237
6165.27 2.49773822807
6167.04 2.4807781561
6168.81 2.51798247581
6170.59 2.50038517571
6172.36 2.50278703562
6174.13 2.59964571249
6175.9 2.57072535856
6177.68 2.58690114974
6179.45 2.62817392602
6181.22 2.63243845279
6183.0 2.58817560602
6184.77 2.60498862533
6186.54 2.55288297072
6188.31 2.59141076425
6190.09 2.55920623454
6191.86 2.56263746297
6193.63 2.5789603068
6195.4 2.53915805699
6197.18 2.5787642366
6198.95 2.59714581749
6200.72 2.59346950131
6202.49 2.62846803131
6204.27 2.62337020622
6206.04 2.58949907984
6207.81 2.60616504651
6209.58 2.55714749748
6211.36 2.51165921199
6213.13 2.54023644307
6214.9 2.48563089346
6216.67 2.42033951816
6218.45 2.45754383787
6220.22 2.42519225551
6221.99 2.42156495688
6223.76 2.44053474836
6225.54 2.50185570219
6227.31 2.43984850267
6229.08 2.46519057552
6230.86 2.49685591218
6232.63 2.44519141551
6234.4 2.420682641
6236.17 2.40489899022
6237.95 2.43264292296
6239.72 2.44033867816
6241.49 2.39097800629
6243.26 2.37705702237
6245.04 2.40749692031
6246.81 2.4230845009
6248.58 2.41431035963
6250.35 2.39333084865
6252.13 2.44754425787
6253.9 2.45082843365
6255.67 2.37063572345
6257.45 2.39043881325
6259.22 2.39313477845
6260.99 2.37862558394
6262.76 2.41632007914
6264.54 2.405683271
6266.31 2.28848231128
6268.08 2.3077952256
6269.85 2.30181508462
6271.63 2.3376959305
6273.4 2.35877347658
6275.17 2.40529113061
6276.94 2.47543524326
6278.72 2.4782782611
6280.49 2.44881871414
6282.26 2.50788486072
6284.03 2.4686708215
6285.81 2.44872067904
6287.58 2.44509338042
6289.35 2.44151509934
6291.13 2.43793681826
6292.9 2.43435853718
6294.67 2.4307802561
6296.44 2.42720197502
6298.21 2.42367271149
6299.99 2.45278913561
6301.76 2.47715085748
6303.53 2.46450432983
6305.31 2.44832853865
6307.08 2.50018910552
6308.85 2.51587472121
6310.62 2.52303128336
6312.4 2.47455292738
6314.17 2.46906296189
6315.94 2.4633769262
6317.71 2.45852418885
6319.49 2.5061692465
6321.26 2.54827532111
6323.03 2.56214728748
6324.8 2.52656054689
6326.58 2.52067844101
6328.35 2.57067634101
6330.12 2.56572556856
6331.9 2.51719819503
6333.67 2.59391065925
6335.44 2.57420560454
6337.21 2.52518805552
6338.99 2.51161019444
6340.76 2.55234377768
6342.53 2.55592205876
6344.3 2.54008939042
6346.08 2.57033321817
6347.85 2.6267524171
6349.62 2.5988614317
6351.39 2.61817434602
6353.17 2.56278451562
6354.94 2.58420518455
6356.71 2.58268564053
6358.48 2.4885719464
6360.26 2.48308198091
6362.03 2.43112337894
6363.8 2.49915973699
6365.58 2.48141538424
6367.35 2.51278661562
6369.12 2.58954809739
6370.89 2.59851830886
6372.67 2.64381052416
6374.44 2.64890834926
6376.21 2.63763431298
6377.98 2.66150585936
6379.76 2.64189883975
6381.53 2.6292523121
6383.3 2.59817518602
6385.07 2.59043041327
6386.85 2.59297932582
6388.62 2.60954725739
6390.39 2.5939596768
6392.16 2.57494086778
6393.94 2.59052844837
6395.71 2.60454746739
6397.48 2.54234419768
6399.26 2.57930342964
6401.03 2.58033279817
6402.8 2.55263788297
6404.57 2.60930216965
6406.35 2.58141118425
6408.12 2.5889598868
6409.89 2.55812784846
6411.66 2.57288213072
6413.44 2.58866578151
6415.21 2.5088652117
6416.98 2.55219672503
6418.75 2.56984304268
6420.53 2.58567571102
6422.3 2.57577416611
6424.07 2.61243929278
6425.84 2.59371458906
6427.62 2.53190345974
6429.39 2.55219672503
6431.16 2.59018532553
6432.93 2.55935328719
6434.71 2.60273381808
6436.48 2.56891170925
6438.25 2.58199939484
6440.03 2.60788066072
6441.8 2.61283143318
6443.57 2.63302666337
6445.34 2.59596939631
6447.12 2.57214686749
6448.89 2.53508960042
6450.66 2.48724847258
6452.43 2.54508918042
6454.21 2.51861970395
6455.98 2.57263704298
6457.75 2.55930426964
6459.52 2.55415742699
6461.3 2.54077563611
6463.07 2.53268774052
6464.84 2.5160707914
6466.61 2.53092310876
6468.39 2.52984472268
6470.16 2.54004037287
6471.93 2.50950243983
6473.71 2.54043251327
6475.48 2.56822546356
6477.25 2.52700170483
6479.02 2.56224532258
6480.8 2.53705030238
6482.57 2.52209994993
6484.34 2.53455040738
6486.11 2.48759159542
6487.89 2.54244223278
6489.66 2.56454914739
6491.43 2.50930636964
6493.2 2.46974920757
6494.98 2.41867292149
6496.75 2.41195751728
6498.52 2.42960383492
6500.29 2.47092562875
6502.07 2.45146566179
6503.84 2.47205303238
6505.61 2.49715001748
6507.39 2.47974878758
6509.16 2.49166005199
6510.93 2.56151005935
6512.7 2.53445237229
6514.48 2.54582444366
6516.25 2.55263788297
6518.02 2.62297806582
6519.79 2.59562627347
6521.57 2.66679975465
6523.34 2.58851872886
6525.11 2.55891212925
6526.88 2.61033153818
6528.66 2.59023434308
6530.43 2.58087199121
6532.2 2.60974332759
6533.97 2.60253774788
6535.75 2.59038139572
6537.52 2.616654802
6539.29 2.54347160131
6541.06 2.62062522347
6542.84 2.58557767592
6544.61 2.6268504522
6546.38 2.56175514709
6548.16 2.54082465366
6549.93 2.56719609503
6551.7 2.53768753052
6553.47 2.47342552375
6555.25 2.48273885807
6557.02 2.44161313443
6558.79 2.34887193168
6560.56 2.32093192874
6562.34 2.35235217766
6564.11 2.32848063129
6565.88 2.34700926482
6567.65 2.37524337306
6569.43 2.41195751728
6571.2 2.42033951816
6572.97 2.42867250149
6574.75 2.46425924208
6576.52 2.53631503915
6578.29 2.5263644767
6580.06 2.55597107631
6581.83 2.54822630356
6583.61 2.53788360072
6585.38 2.56263746297
6587.15 2.57175472709
6588.93 2.56788234072
6590.7 2.58366599151
6592.47 2.54915763699
6594.24 2.5134728613
6596.02 2.52685465219
6597.79 2.5184726513
6599.56 2.51420812454
6601.33 2.51920791454
6603.11 2.53832475866
6604.88 2.58008771043
6606.65 2.56332370866
6608.43 2.54018742552
6610.2 2.55214770748
6611.97 2.54778514562
6613.74 2.59807715092
6615.51 2.5865580269
6617.29 2.5663627967
6619.06 2.55587304121
6620.83 2.56871563905
6622.61 2.58033279817
6624.38 2.54484409268
6626.15 2.52283521317
6627.92 2.5489615668
6629.7 2.52308030091
6631.47 2.51175724709
6633.24 2.49543440326
6635.01 2.48224868258
6636.79 2.50690450973
6638.56 2.53803065336
6640.33 2.51729623013
6642.1 2.50915931699
6643.88 2.54969683003
6645.65 2.48965033248
6647.42 2.49141496424
6649.2 2.5386678815
6650.97 2.51170822954
6652.74 2.51969809003
6654.51 2.50906128189
6656.29 2.49636573669
6658.06 2.49911071944
6659.83 2.47636657669
6661.6 2.42313351845
6663.38 2.47568033101
6665.15 2.45519099551
6666.92 2.47744496277
6668.69 2.53557977591
6670.47 2.46749440032
6672.24 2.48126833159
6674.01 2.46171032953
6675.78 2.50165963199
6677.56 2.45832811865
6679.33 2.41112421894
6681.1 2.48298394581
6682.87 2.47489605022
6684.65 2.48264082297
6686.42 2.4862681216
6688.19 2.49259138542
6689.96 2.4912679116
6691.74 2.46156327689
6693.51 2.44362285394
6695.28 2.42298646581
6697.06 2.39259558541
6698.83 2.42989794022
6700.6 2.44774032806
6702.37 2.45646545179
6704.15 2.4610731014
6705.92 2.43455460738
6707.69 2.42112379894
6709.46 2.41382018414
6711.24 2.40264418296
6713.01 2.375684531
6714.78 2.38911533943
6716.55 2.36249881031
6718.33 2.39176228708
6720.1 2.3804882508
6721.87 2.37911575943
6723.65 2.35735196766
6725.42 2.41484955267
6727.19 2.40891842924
6728.96 2.39524253306
6730.74 2.41254572786
6732.51 2.42038853571
6734.28 2.380684321
6736.05 2.43930930963
6737.83 2.43656432689
6739.6 2.42215316747
6741.37 2.38573312855
6743.14 2.39127211159
6744.92 2.39671305953
6746.69 2.3732826711
6748.46 2.31676543707
6750.23 2.31005003285
6752.01 2.38607625139
6753.78 2.36999849531
6755.55 2.35495010776
6757.33 2.38823302355
6759.1 2.43479969512
6760.87 2.42832937865
6762.64 2.4180847109
6764.42 2.42867250149
6766.19 2.42381976414
6767.96 2.36994947776
6769.73 2.37382186413
6771.51 2.42166299198
6773.28 2.39666404198
6775.05 2.4305841859
6776.82 2.43803485336
6778.6 2.43960341492
6780.37 2.40980074512
6782.14 2.40362453394
6783.91 2.41700632482
6785.69 2.43323113355
6787.46 2.42475109757
6789.23 2.39293870825
6791.0 2.37097884629
6792.78 2.35892052923
6794.55 2.41406527188
6796.32 2.46970019003
6798.1 2.40122267404
6799.87 2.42372172904
6801.64 2.4007815161
6803.41 2.39867376149
6805.19 2.39999723531
6806.96 2.38009611041
6808.73 2.42940776473
6810.5 2.41857488639
6812.28 2.42293744826
6814.05 2.42460404492
6815.82 2.39710519992
6817.59 2.45984766267
6819.37 2.46813162846
6821.14 2.48156243689
6822.91 2.50464970248
6824.68 2.45602429385
6826.46 2.45994569777
6828.23 2.46435727718
6830.0 2.44024064306
6831.78 2.42107478139
6833.55 2.45646545179
6835.32 2.43582906365
6837.09 2.43975046757
6838.87 2.4409759063
6840.64 2.42274137806
6842.41 2.39779144561
6844.18 2.40744790276
6845.96 2.44278955561
6847.73 2.39024274306
6849.5 2.39980116512
6851.27 2.40176186708
6853.05 2.45558313591
6854.82 2.26956153736
6856.59 2.04765909293
6858.36 1.86492167017
6860.14 1.57640437661
6861.91 1.49258436778
6863.68 1.54032746053
6865.46 1.6726748429
6867.23 1.82423710448
6869.0 1.99589656116
6870.77 2.14392955921
6872.55 2.19936840716
6874.32 2.20314275843
6876.09 2.1773105101
6877.86 2.09167685195
6879.64 2.05942330469
6881.41 2.01555259832
6883.18 1.99320059596
6884.95 2.04202207479
6886.73 2.10799969578
6888.5 2.0742266045
6890.27 2.07800095577
6892.04 2.17216366745
6893.82 2.20422114451
6895.59 2.14814506843
6897.36 2.11030352058
6899.13 2.23039651569
6900.91 2.28465894246
6902.68 2.27353195883
6904.45 2.33313729844
6906.23 2.26015016795
6908.0 2.28608045138
6909.77 2.33705870237
6911.54 2.40784004316
6913.32 2.34068600099
6915.09 2.34509758041
6916.86 2.29598199628
6918.63 2.28147280177
6920.41 2.34896996678
6922.18 2.23833735863
6923.95 2.27916897697
6925.72 2.27402213432
6927.5 2.27627694158
6929.27 2.24921925452
6931.04 2.25529743059
6932.81 2.19882921412
6934.59 2.27975718756
6936.36 2.34235259766
6938.13 2.31372634903
6939.91 2.32642189423
6941.68 2.35994989776
6943.45 2.27975718756
6945.22 2.26309122089
6947.0 2.26784592314
6948.77 2.23225918255
6956.75 2.47965075248
6972.79 2.46278871561
6988.86 2.44043671326
7004.97 2.45759285542
7021.12 2.37985102266
7037.3 2.4807781561
7053.53 2.53881493415
7069.78 2.36955733737
7086.09 2.44744622277
7102.42 2.3428917907
7118.79 2.30563845344
7135.2 2.2900018553
7151.65 2.31142252423
7168.14 2.32764733295
7184.66 2.2853942057
7201.22 2.23358265638
7217.82 2.33367649148
7234.46 2.37186116217
7251.14 2.33950957982
7267.86 2.33436273717
7284.61 2.38347832129
7301.4 2.42244727277
7318.23 2.42269236051
7335.1 2.43970145002
7352.02 2.423182536
7368.96 2.4233786062
7385.95 2.55543188327
7402.97 2.50327721111
7420.04 2.45783794316
7437.15 2.51533552817
7454.29 2.44141706424
7471.48 2.4585732064
7488.7 2.4758764012
7505.96 2.51631587915
7523.27 2.53989332023
7540.61 2.53430531964
7557.99 2.52871731905
7575.41 2.5289624068
7592.88 2.50028714062
7610.38 2.47759201542
7627.92 2.41033993816
7645.51 2.4105850259
7663.13 2.41636909669
7680.8 2.34534266815
7698.5 2.35642063423
7716.25 2.33504898286
7734.04 2.30857950638
7751.87 2.32480431511
7769.74 2.3303923157
7787.65 2.27235553765
7805.6 2.27784550315
7823.59 2.39092898874
7841.63 2.27304178334
7859.7 2.3477935456
7877.83 2.37519435551
7895.98 2.39190933972
7914.19 2.35936168717
7932.43 2.31122645403
7950.72 2.26407157187
7969.04 2.3330882809
7987.42 2.3279904558
8005.83 2.30156999687
8024.28 2.40475193757
8042.78 2.42725099257
8061.32 2.41636909669
8079.91 2.33995073776
8098.53 2.35102870384
8117.2 2.40602639384
8135.91 2.43416246698
8154.67 2.38450768982
8173.47 2.3304903508
8192.31 2.22069104098
8211.19 2.33637245668
8230.12 2.3151968755
8249.1 2.43014302796
8268.11 2.39705618237
8287.17 2.34818568599
8306.28 2.34303884335
8325.42 2.35411680943
8344.61 2.30607961138
8363.85 2.34377410658
8383.13 2.32794143825
8402.46 2.3605871259
8421.83 2.27544364324
8441.24 2.34485249266
8460.7 2.27593381873
8480.2 2.22951419981
8499.75 2.3027954356
8519.35 2.26627736158
8538.98 2.24573900853
8558.67 2.13995913774
8578.4 2.25662090442
8598.17 2.26206185236
8618.0 2.22613198893
8637.86 2.25735616765
8657.77 2.15603689382
8677.73 2.1218226446
8697.74 2.01721919498
8717.79 2.20191731971
8737.88 2.202211425
8758.03 2.21260314539
8778.22 2.22819072598
8798.45 2.20804451334
8818.74 2.12839099617
8839.06 2.21873033902
8859.44 2.22412226942
8879.86 2.14392955921
8900.34 2.1343221196
8920.85 2.13946896225
8941.41 2.13481229509
8962.03 2.12040113568
8982.69 2.0439337592
9003.39 2.11598955627
9024.15 2.00246491273
9044.95 2.26265006295
9065.8 2.28387466168
9086.7 2.15142924421
9107.65 2.14177278705
9128.64 1.98986740263
9149.69 2.11290145068
9170.78 2.13765531294
9191.92 2.10853888882
9213.11 2.13324373352
9234.35 2.03280677557
9255.64 2.03305186332
9276.97 2.22431833961
9298.36 2.01952301979
9319.79 2.1493214896
9341.28 2.13971405
9362.81 2.11549938078
9384.4 2.13535148813
9406.03 2.10628408156
9427.71 2.13093990872
9449.45 2.11167601195
9471.23 2.13147910176
9493.06 2.1268224346
9514.95 2.10760755539
9536.88 2.11270538048
9558.86 2.0744226747
9580.9 2.09388264166
9602.99 2.08452028979
9625.12 2.08961811489
9647.31 2.06118793646
9669.55 2.0567273395
9691.84 2.07123653401
9714.18 2.05251183028
9736.58 2.03863986391
9759.02 2.0342282845
9781.52 2.01119003645
9804.07 2.03942414469
9826.67 2.03030688057
9849.32 2.03055196832
9872.02 2.01687607214
9894.78 2.01246449273
9917.59 1.98972034998
9940.45 1.99913171939
9963.37 1.99481817508
9986.34 1.98589698116
10032.43 1.97731891008
10078.75 1.95070238096
10125.26 1.95119255645
10172.0 1.92937974713
10218.96 1.9210467638
10266.12 1.91712535988
10289.78 1.90418472694
10505.24 1.84178538703
10700.56 1.76884727408
10899.5 1.70483035505
11102.13 1.63939192711
11308.53 1.58738430759
11492.28 1.55841493612
11705.93 1.50552500072
11896.15 1.45778190797
12089.45 1.41479351748
12285.89 1.38577512846
12514.29 1.34489449257
12688.39 1.31126845394
12894.55 1.2755346607
13104.07 1.24935928952
13286.37 1.21529209295
13502.26 1.19313616079
13690.09 1.16867640383
13912.54 1.13421706687
14106.08 1.10073808088
14302.32 1.08064088578
14501.28 1.07819000833
14703.02 1.04877947892
14907.54 1.04877947892
15114.93 1.04637761902
15289.96 1.05363221627
15502.66 1.04397575911
15682.18 1.0296626348
15900.34 1.00157557921
16084.44 1.00157557921
16308.2 0.99240929754
16497.05 0.972067014695
16688.08 0.952116872242
16881.32 0.926186588809
17116.17 0.900942551061
17314.35 0.86432644194
17514.84 0.838837316448
17717.66 0.808495453602
17881.59 0.782859275462
18088.65 0.752811517911
18298.11 0.73227316487
18510.0 0.710705443299
18681.26 0.683402668493
18897.58 0.663256455844
19116.41 0.646688524274
19293.28 0.623307153389
19516.69 0.597965080544
19697.28 0.580367780444
19879.53 0.563211638286
20109.73 0.551692514265
20295.81 0.532967810538
20483.59 0.522036897106
20720.78 0.506645386712
20912.52 0.493949841515
21106.01 0.482710117524
21301.31 0.469553807366
21498.42 0.457814104374
21697.32 0.443290204599
21898.1 0.434197449255
22100.7 0.420423517979
22305.21 0.408968116772
22511.6 0.398738154291
22719.89 0.387870963672
22877.39 0.349691194737
23089.05 0.346485447031
23302.7 0.304570540861
23518.33 0.288860416398
23681.34 0.292203413242
23900.47 0.268959291495
24121.61 0.261631167916
24288.82 0.25863619567
24513.55 0.243043713326
24683.48 0.2408183166
24911.86 0.206863860391
25084.55 0.204025744303
25316.64 0.205442351469
25492.14 0.204025744303
25728.0 0.20591291994
25906.36 0.201692508969
26085.92 0.200766077293
26327.3 0.195741778518
26509.78 0.193055616831
26693.55 0.189099900625
26878.57 0.18607551785
27127.28 0.182678601703
27315.31 0.178933660957
27504.66 0.176071036094
27695.3 0.172061400584
27887.3 0.169311516084
28080.59 0.165841073613
28275.25 0.162439255711
28471.23 0.159106062377
28668.6 0.155483665504
28867.31 0.152645549416
29067.42 0.149513328033
29268.89 0.146111510131
29471.76 0.143116537885
29676.07 0.140503902522
29881.76 0.137303056571
30088.9 0.134798259816
30297.46 0.132033670051
30507.49 0.129626908394
30718.94 0.127259360776
30931.89 0.124935928952
31074.66 0.122372311138
31290.04 0.120416510932
31506.95 0.117946026462
31725.33 0.115529461295
31871.79 0.113421706687
32092.7 0.111348264363
32315.18 0.109064046578
32464.33 0.107323923588
32689.34 0.105603407617
32915.95 0.104637761902
33067.87 0.10272607749
33297.07 0.0990105472736
33527.9 0.0967557400185
33682.64 0.0945548520673
33916.14 0.0924029816651
34072.68 0.090300128812
34308.84 0.0886531391648
34467.23 0.086834588096
34706.13 0.0848591808704
34866.35 0.0831141561251
35108.02 0.081413247174
35270.06 0.0797417487522
35514.56 0.0781045626148
35678.47 0.0765065905167
35925.81 0.074933127193
36091.62 0.0735655375752
36341.78 0.0720606988202
36509.55 0.0705803688397
36678.06 0.0691343511435
36932.28 0.0675608878198
37102.78 0.0661736911824
37274.03 0.0649678594764
37532.38 0.0634875294959
37705.65 0.0624728662311
37879.68 0.0611886064467
38142.23 0.0600759080838
38318.31 0.0589779149857
38495.17 0.0577671815248
38672.85 0.0565809568384
38940.94 0.0555515883089
39120.67 0.0545369250441
39301.22 0.0535418687989
39482.66 0.0523213318282
39664.89 0.0513654896223
39939.86 0.0501988719555
40124.2 0.0493949841515
40309.39 0.0486058016122
40495.44 0.0476087846651
40682.39 0.0468475421287
40870.16 0.0459926760737
41058.79 0.0452569226629
41343.42 0.0444309769618
41534.24 0.0437207126765
41725.94 0.0429227069784
41918.57 0.042139406545
42112.04 0.0413703212008
42306.41 0.0408026979831
42501.72 0.0400576312379
42697.88 0.0394174620477
42894.95 0.037817039072
43092.98 0.0362818094366
43291.87 0.0361151497699
43491.68 0.0346485447031
43692.42 0.0338598523393
43894.13 0.0332422312216
44096.72 0.0307913537704
44300.24 0.0303585288125
44504.76 0.0299237431527
44710.17 0.0294869967909
44916.53 0.0290644655183
45123.89 0.0286590903879
45332.15 0.0282517545555
45541.38 0.0278419678456
45751.58 0.0274365927152
45857.09 0.0272468948005
46068.74 0.0268655382691
46281.37 0.0264832013867
46495.03 0.0260984136268
46709.62 0.0257234293768
46925.21 0.0253665816199
47141.79 0.0250077731611
47250.51 0.0248278787561
47468.59 0.0244666194198
47687.68 0.0241200653482
47907.83 0.0237847853129
48128.95 0.0234475445756
48351.09 0.0231088333119
48462.54 0.0229392325923
48686.27 0.0226191479971
48910.98 0.0223034749814
49136.73 0.0219868216147
49249.99 0.0218280047559
49477.35 0.0215089005117
49705.71 0.0212133246911
49935.13 0.020917258695
50050.23 0.0207687355215
50281.29 0.0204702186479
50513.36 0.0201746428273
50746.5 0.0198976936753
50863.48 0.0197584838361
50980.78 0.0196187838214
51098.29 0.0194795739821
51216.08 0.0193393837919
51334.13 0.0191991936017
51452.46 0.019058513236
51571.07 0.0189256756782
51690.0 0.0187952889978
51809.15 0.0186649023174
51928.57 0.018534515637
52048.27 0.0184031486056
52168.24 0.0182722717497
52288.5 0.0181404145428
52409.02 0.0180085573359
52529.89 0.01787768048
52650.97 0.017755626783
52772.34 0.0176335730859
52893.98 0.0175110292133
53015.91 0.0173879951653
53138.11 0.0172649611172
53260.66 0.0171414368937
53383.43 0.0170174224947
53506.48 0.0168934080956
53629.82 0.016774785627
53753.44 0.0166600845623
53877.34 0.0165448933221
54001.53 0.0164297020819
54126.07 0.0163140206662
54250.84 0.0161983392505
54375.89 0.0160821676593
54501.23 0.0159659960681
54626.86 0.0158493343014
54752.77 0.0157414956936
54878.98 0.0156336570857
55005.55 0.0155253283024
55132.34 0.015416999519
55259.42 0.0153086707357
55386.8 0.0151993616014
55514.47 0.0150905426425
55642.43 0.0149812335082
55770.75 0.0148743752513
55899.31 0.0147733991003
56028.16 0.0146719327739
56157.31 0.0145699762719
56286.76 0.0144685099454
56416.5 0.014366063268
56546.55 0.0142636165905
56676.95 0.014161169913
56807.6 0.0140582330601
56938.54 0.013961178313
57069.79 0.0138660842679
57201.34 0.0137709902228
57333.19 0.0136754060022
57465.41 0.0135793316061
57597.87 0.01348325721
57730.64 0.0133871828139
57863.71 0.0132906182424
57997.09 0.0131950340218
58130.78 0.0131058220825
58264.78 0.0130161199678
58399.15 0.0129264178531
58533.76 0.0128367157384
58668.68 0.0127465234482
58803.92 0.0126558409825
58939.46 0.0125656486923
59075.33 0.0124749662266
59211.5 0.0123877149893
59348.05 0.0123038949805
59484.85 0.0122195847962
59621.97 0.0121352746119
59759.4 0.0120504742521
59897.15 0.0119656738922
60035.22 0.0118808735324
60173.67 0.0117955829971
60312.38 0.0117102924618
60451.4 0.0116308840324
60590.74 0.0115519657785
60730.41 0.0114730475246
60870.4 0.0113936390951
61010.71 0.0113137404902
61151.41 0.0112343320608
61292.37 0.0111544334559
61433.65 0.0110740446755
61575.26 0.0109961067726
61717.2 0.010921600098
61859.46 0.010847583599
62002.11 0.0107730769245
62145.04 0.0106980800745
62288.29 0.0106235734
62431.86 0.01054857655
62575.77 0.0104730895245
62720.02 0.010397602499
62864.59 0.0103265270529
63009.56 0.0102569221333
63154.81 0.0101868270382
63300.38 0.0101167319431
63446.3 0.010046636848
63592.54 0.00997605157736
63739.13 0.00990546630677
63886.12 0.00983488103618
64033.38 0.00976478594107
64180.99 0.00969910242538
64328.93 0.00963341890969
64477.21 0.009567735394
64625.83 0.00950156170281
64774.8 0.00943538801163
64924.18 0.00936921432045
65073.84 0.00930304062927
65223.84 0.00923637676259
65374.18 0.00917216377337
65524.88 0.00911089183709
65675.91 0.00904912972532
65827.3 0.00898687743806
65979.11 0.00892511532629
66131.2 0.00886286303903
66283.64 0.00880012057628
66436.43 0.00873786828902
66589.56 0.00867512582627
66743.05 0.00861679494293
66896.98 0.00855895423508
67051.18 0.00850062335174
67205.74 0.0084422924684
67360.66 0.00838396158507
67515.93 0.00832563070173
67671.55 0.0082668096429
67827.54 0.00820798858407
67983.96 0.00815063805171
68140.67 0.00809622857229
68297.74 0.00804132891739
68455.17 0.00798642926248
68612.97 0.00793152960757
68771.12 0.00787662995267
68929.72 0.00782173029776
69088.61 0.00776634046736
69247.86 0.00771095063697
69407.48 0.00765850185951
69567.47 0.00760752360853
69727.83 0.00755605518205
69888.56 0.00750458675557
70049.73 0.00745262815361
70211.2 0.00740115972713
70373.04 0.00734920112517
70535.26 0.0072972425232
70697.85 0.00724528392124
70860.81 0.00719724672319
71024.23 0.00714871934966
71187.94 0.00710068215162
71352.04 0.00705215477808
71516.51 0.00700313722906
71681.36 0.00695460985553
71846.59 0.0069055923065
72012.21 0.00685657475748
72178.28 0.00680951791041
72344.65 0.00676442176531
72511.41 0.00671883544472
72678.55 0.00667324912413
72846.08 0.00662766280354
73014.0 0.00658207648294
73182.3 0.00653599998686
73351.07 0.00648992349078
73520.15 0.0064438469947
73689.62 0.00640071155155
73859.48 0.0063580662839
74029.74 0.00631542101625
74200.38 0.00627228557311
74371.49 0.00622964030546
74542.92 0.00618650486232
74714.75 0.00614287924369
74886.98 0.00609974380055
75059.59 0.00605758870839
75232.61 0.00601739431819
75406.03 0.00597719992799
75579.93 0.0059365153623
75754.15 0.0058963209721
75928.76 0.00585563640641
76103.79 0.00581495184072
76279.21 0.00577426727503
76455.04 0.00573358270934
76631.36 0.0056953490211
76808.0 0.00565711533286
76985.04 0.00561937182011
77162.5 0.00558162830736
77340.37 0.00554339461912
77518.64 0.00550516093089
77697.33 0.00546692724265
77876.51 0.00542869355441
78056.02 0.00539045986617
78235.95 0.00535516723087
78416.29 0.00531938442008
78597.04 0.0052836016093
78778.22 0.00524781879851
78959.8 0.00521203598772
79141.9 0.00517625317693
79324.33 0.00513998019066
79507.17 0.00510370720438
79690.44 0.00506939492006
79874.14 0.00503557281124
80058.25 0.0050022408779
80242.88 0.00496841876907
80427.84 0.00493459666025
80613.24 0.00490101963916
80799.05 0.00486714851279
80985.31 0.00483317935132
81171.98 0.00479916117229
81359.08 0.00476754485317
81546.72 0.0047359775516
81734.69 0.00470436123248
81923.09 0.00467269589581
82111.93 0.00464093252404
82301.2 0.00460907111718
82490.91 0.00457716069276
82681.15 0.00454515223325
82871.73 0.00451397707207
83062.76 0.00448432145491
83254.23 0.00445456780265
83446.13 0.0044248141504
83638.48 0.00439491344549
83831.28 0.00436501274059
84024.61 0.00433496498304
84218.29 0.00430491722548
84412.41 0.00427477143283
84606.99 0.00424629223685
84802.02 0.00421835223391
84997.5 0.00419036321341
85193.51 0.00416227615782
85389.89 0.00413409106714
85586.72 0.00410590597645
85784.0 0.00407762285066
85981.74 0.00404929070732
86179.93 0.00402120365173
86378.58 0.00399493024546
86577.79 0.00396855880408
86777.36 0.00394218736271
86977.38 0.00391571788623
87177.87 0.00388919939221
87378.83 0.00386263188064
87580.24 0.00383596633397
87782.12 0.00380925176975
87984.56 0.00378361559161
88187.37 0.00375886172936
88390.65 0.003734009832
88594.4 0.0037091089171
88798.61 0.00368420800219
89003.3 0.00365920905219
89208.56 0.00363411206709
89414.19 0.00360901508199
89620.29 0.00358382006179
89826.87 0.00356043869091
90033.94 0.00353710633757
90241.46 0.00351367594914
90449.48 0.00349024556071
90658.07 0.00346671713717
90867.05 0.00344313969609
91076.5 0.00341951323746
91286.44 0.00339583776128
91496.86 0.00337275049569
91707.76 0.00335079063373
91919.26 0.00332873273667
92131.14 0.00330667483961
92343.51 0.003284567925
92556.37 0.00326241199284
92769.72 0.00324020704313
92983.56 0.00321795307588
93197.89 0.00319560107352
93412.82 0.00317452352744
93628.14 0.0031537891042
93843.97 0.00313305468097
94060.28 0.00311222222263
94277.1 0.0030913897643
94494.41 0.00307050828841
94712.33 0.00304952877743
94930.65 0.00302854926645
95149.47 0.00300771680811
95368.8 0.00298825684115
95588.63 0.00296869883909
95808.97 0.00294914083703
96029.82 0.00292953381742
96251.27 0.00290987778026
96473.14 0.00289017272555
96695.52 0.0028704186533
96918.41 0.00285061556349
97141.81 0.00283159675447
97365.73 0.00281321517359
97590.17 0.00279478457515
97815.23 0.00277635397672
98040.7 0.00275782534319
98266.69 0.00273929670966
98493.2 0.00272071905858
98720.23 0.00270209238995
98947.79 0.00268341670377
99175.98 0.00266606449142
99404.59 0.00264871227906
99633.72 0.00263136006671
99863.39 0.0026139588368
100093.58 0.00259650858935
100324.3 0.00257900932435
100555.56 0.00256151005935
100787.46 0.00254391275925
101019.77 0.00252675661709
101252.63 0.00251043377326
101486.03 0.00249411092944
101719.96 0.00247773906807
101954.43 0.00246131818914
102189.56 0.00244484829267
102425.11 0.0024283783962
102661.21 0.00241181046463
102897.85 0.00239524253306
103135.04 0.00237955691737
103372.77 0.00236421442453
103611.05 0.00234877389658
103850.0 0.00233333336864
104089.38 0.00231784382315
104329.31 0.00230230526011
104569.8 0.00228676669707
104810.84 0.00227117911648
105052.44 0.00225568957099
105294.59 0.00224122939402
105537.41 0.00222667118196
105780.69 0.00221216198745
106024.52 0.00219755475784
106268.91 0.00218294752823
106513.87 0.00216829128108
106759.39 0.00215363503392
107005.6 0.00213892976921
107252.26 0.00212476369754
107499.48 0.00211108780137
107747.27 0.00209741190519
107995.64 0.00208368699146
108244.58 0.00206996207773
108494.09 0.00205613912891
108744.29 0.00204231618009
108994.96 0.00202849323126
109246.2 0.00201457224734
109498.02 0.00200168063194
109750.42 0.00198878901655
110003.4 0.00197584838361
110257.09 0.00196290775067
110511.23 0.00194991810017
110765.97 0.00193692844968
111021.29 0.00192388978164
111277.21 0.00191080209605
111533.71 0.00189805753331
111790.8 0.00188590118115
112048.62 0.00187374482899
112306.9 0.00186153945928
112565.77 0.00184933408958
112825.24 0.00183707970232
113085.31 0.00182477629752
113345.98 0.00181247289271
113607.37 0.00180012047036
113869.25 0.00178845429369
114131.73 0.00177703320477
114394.8 0.00176551408075
114658.49 0.00175404397427
114922.79 0.00174247583271
115187.7 0.00173090769114
115453.34 0.00171933954957
115719.47 0.00170772239045
115986.21 0.00169620326643
116253.57 0.00168541940564
116521.54 0.00167458652731
116790.13 0.00166375364897
117059.34 0.00165292077064
117329.3 0.00164198985721
117599.75 0.00163110796132
117870.82 0.00162017704789
118142.52 0.00160919711691
118414.85 0.00159865834387
118687.81 0.00158846269367
118961.52 0.00157826704347
119235.74 0.00156802237573
119510.58 0.00155777770798
119786.06 0.00154748402269
120062.18 0.00153719033739
120338.93 0.00152684763455
120616.32 0.0015165049317
120894.48 0.00150684847455
121173.15 0.00149724103494
121452.46 0.00148758457778
121732.42 0.00147792812062
122013.02 0.00146827166346
122294.27 0.00145856618876
122576.3 0.0014488116965
122858.85 0.0014391062218
123142.05 0.00142954779974
123425.9 0.00142047955317
123710.4 0.0014114113066
123995.57 0.00140234306003
124281.38 0.00139322579591
124568.0 0.00138405951424
124855.14 0.00137489323257
125142.94 0.00136572695091
125431.4 0.00135651165169
125720.53 0.00134778652796
126010.32 0.00133925747443
126300.92 0.00133067940335
126592.06 0.00132205231473
126883.86 0.00131347424365
127176.34 0.00130479813747
127469.49 0.00129617104884
127763.31 0.00128749494266
128057.82 0.00127891687159
128353.14 0.001270828976
128649.0 0.00126274108041
128945.55 0.00125465318482
129242.77 0.00124651627168
129540.69 0.00123842837609
129839.29 0.0012302424454
130138.58 0.00122205651472
130438.7 0.00121387058403
130739.38 0.00120602777619
131040.74 0.00119838103854
131342.79 0.00119078331844
131645.55 0.00118313658079
131948.99 0.0011754408256
132253.3 0.0011677450704
132558.14 0.0011600493152
132863.71 0.00115235356001
133169.96 0.00114460878726
133476.93 0.00113740320755
133784.61 0.00113019762785
134092.98 0.00112299204814
134402.23 0.00111578646843
134712.04 0.00110853187118
135022.55 0.00110127727392
135333.8 0.00109402267667
135645.75 0.00108671906186
135958.42 0.00107961151725
136271.97 0.00107279807794
136586.09 0.00106603365617
136900.92 0.00105922021686
137216.49 0.00105240677755
137532.78 0.00104554432068
137849.81 0.00103868186382
138167.56 0.00103181940696
138486.19 0.00102490793254
138805.41 0.00101838859852
139125.38 0.00101201631715
139446.07 0.00100559501823
139767.5 0.000999124701756
140089.67 0.000992703402834
140412.59 0.000986233086363
140736.41 0.000979762769892
141060.81 0.000973243435872
141385.97 0.000966822136949
141711.87 0.000960792978419
142038.54 0.00095471480234
142365.95 0.000948685643811
142694.26 0.000942607467732
143023.17 0.000936480274104
143352.86 0.000930402098025
143683.3 0.000924274904397
144014.5 0.000918147710769
144346.46 0.000912216587337
144679.19 0.00090653055165
145012.84 0.000900795498414
145347.1 0.000895060445178
145682.14 0.000889325391942
146017.95 0.000883590338707
146354.54 0.000877806267922
146691.89 0.000872022197137
147030.19 0.000866238126352
147369.1 0.000860797178411
147708.79 0.000855405248018
148049.28 0.000850013317625
148390.55 0.000844621387233
148732.6 0.000839180439291
149075.44 0.000833739491349
149419.22 0.000828298543408
149763.65 0.000822808577917
150108.87 0.000817465665073
150454.88 0.000812367839975
150801.69 0.000807270014876
151149.29 0.000802172189778
151497.88 0.000797074364679
151847.09 0.000791927522032
152197.11 0.000786780679384
152547.92 0.000781633836737
152899.55 0.000776486994089
153252.01 0.000771585239187
153605.26 0.000766781519382
153959.49 0.000761928782029
154314.38 0.000757125062225
154670.1 0.000752272324871
155026.63 0.000747419587518
155383.97 0.000742566850165
155742.13 0.000737714112811
156101.14 0.000732861375458
156461.13 0.000728302743399
156821.78 0.000723793128888
157183.27 0.000719234496829
157545.59 0.00071467586477
157908.75 0.000710068215162
158272.73 0.000705509583102
158637.73 0.000700901933494
159003.41 0.000696294283886
159369.92 0.000691882704474
159737.28 0.00068756916016
160105.49 0.000683304633395
160474.53 0.00067899108908
160844.45 0.000674677544766
161215.38 0.000670314982903
161587.0 0.000666001438589
161959.47 0.000661638876726
162332.79 0.000657276314863
162706.98 0.000653207858294
163082.03 0.000649188419274
163458.12 0.000645119962705
163834.91 0.000641051506136
164212.56 0.000636983049567
164591.07 0.000632865575449
164970.48 0.00062879711888
165350.74 0.000624679644762
165731.89 0.000620660205742
166114.1 0.000616836836918
166497.0 0.000613013468094
166880.79 0.000609141081721
167265.46 0.000605317712897
167651.01 0.000601445326525
168037.47 0.000597572940152
168424.99 0.000593700553779
168813.22 0.000589828167406
169202.34 0.00058610283368
169592.37 0.000582524552601
169983.29 0.000578897253973
170375.11 0.000575269955346
170767.84 0.000571593639169
171161.66 0.000567966340541
171556.2 0.000564290024364
171951.65 0.000560613708188
172348.01 0.00055698640956
172745.29 0.000553604198677
173143.48 0.000550172970245
173542.58 0.000546741741814
173942.8 0.000543310513382
174343.75 0.000539830267401
174745.64 0.00053639903897
175148.43 0.000532918792989
175552.16 0.000529487564557
175956.82 0.000526105353675
176362.61 0.000522919212988
176769.13 0.000519684054752
177176.61 0.000516399878968
177585.0 0.000513164720732
177994.35 0.000509929562497
178404.65 0.000506645386712
178815.88 0.000503361210927
179228.25 0.000500077035143
179641.39 0.000497037947103
180055.48 0.000493949841515
180470.52 0.000490910753475
180886.52 0.000487842254906
181303.48 0.000484768854583
181721.59 0.000481685650749
182140.47 0.000478592643406
182560.32 0.000475499636062
182981.13 0.000472470351533
183402.92 0.00046958811965
183825.67 0.000466696084258
184249.4 0.00046379914711
184674.32 0.000460897308208
185100.0 0.000457985665796
185526.67 0.000455069121629
185954.32 0.000452147675707
186382.97 0.000449216426276
186812.58 0.000446437131246
187243.2 0.00044371175552
187675.01 0.00044097167453
188107.62 0.000438231593539
188541.22 0.000435486610794
188975.82 0.000432731824539
189411.42 0.000429972136529
189848.04 0.000427207546764
190285.85 0.000424462564018
190724.48 0.00042188424094
191164.11 0.000419301016106
191604.76 0.000416712889518
192046.42 0.000414119861174
192489.1 0.000411521931076
192932.8 0.000408914197468
193377.74 0.000406301562105
193823.49 0.000403684024987
194270.27 0.000401164522967
194718.06 0.000398723449026
195166.9 0.000396282375085
195616.79 0.000393831497633
196067.9 0.000391375718427
196519.86 0.000388915037466
196972.85 0.00038644945475
197426.89 0.00038397897028
197881.97 0.000381498682299
198338.1 0.000379185053985
198795.28 0.000376876327426
199253.73 0.000374562699112
199713.03 0.000372244169043
200173.38 0.000369920737219
200634.8 0.000367592403641
201097.27 0.000365259168307
201560.83 0.000362921031219
202025.66 0.000360631911679
202491.34 0.000358450630748
202958.09 0.000356264448061
203425.93 0.000354078265375
203894.84 0.000351882279179
204364.84 0.000349681391227
204835.91 0.000347475601521
205308.29 0.00034526491006
205781.54 0.000343049316844
206255.89 0.000340951365746
206731.32 0.000338887726932
207207.85 0.000336819186364
207685.48 0.00033474574404
208164.22 0.000332667399961
208644.28 0.000330584154128
209125.21 0.000328496006539
209607.26 0.000326402957196
210090.42 0.000324329514872
210574.68 0.000322378616421
211060.08 0.000320422816215
211546.82 0.000318467016009
212034.45 0.000316501412293
212523.21 0.000314535808577
213013.08 0.000312565303106
213504.1 0.000310584994126
213996.24 0.000308604685145
214489.52 0.000306697902488
214984.17 0.00030484994089
215479.72 0.000303001979292
215976.42 0.000301144214184
216474.25 0.000299286449076
216973.24 0.000297423782213
217473.39 0.000295556213595
217974.92 0.000293683743222
218477.36 0.000291806371095
218980.97 0.000290056444595
219485.73 0.000288306518094
219991.66 0.000286556591594
220498.76 0.000284796861584
221007.02 0.000283037131574
221516.7 0.00028127249981
222027.31 0.000279507868045
222539.11 0.00027773343277
223052.07 0.000275998211535
223566.22 0.000274346320132
224081.57 0.000272689526975
224598.33 0.000271032733818
225116.04 0.000269366137152
225634.96 0.000267699540485
226155.06 0.000266028042063
226676.36 0.000264356543641
227198.86 0.00026267524171
227722.58 0.000261082171367
228247.74 0.000259518511553
228773.87 0.000257949949984
229301.21 0.00025637648666
229829.76 0.000254803023337
230359.54 0.000253224658258
230890.53 0.000251641391425
231422.76 0.000250053222836
231956.46 0.000248479759512
232491.14 0.000246999429532
233027.05 0.000245514197797
233564.19 0.000244028966061
234102.56 0.000242543734326
234642.2 0.00024104869908
235183.32 0.000239553663835
235725.43 0.000238053726835
236268.8 0.00023654888808
236813.41 0.000235102870384
237359.28 0.000233700968482
237906.42 0.000232294164825
238454.81 0.000230887361168
239004.71 0.000229475655756
239555.65 0.000228063950344
240107.83 0.000226647343177
240661.31 0.000225225834255
241216.05 0.000223799423579
241772.07 0.000222471048
242329.63 0.000221142672422
242888.21 0.000219809395088
243448.09 0.000218476117755
244009.26 0.000217137938667
244571.72 0.000215799759578
245135.47 0.000214456678735
245700.52 0.000213108696137
246267.15 0.000211795025823
246834.81 0.000210535274813
247403.79 0.000209280425558
247974.07 0.000208020674548
248545.66 0.000206756021783
249118.58 0.000205486467264
249692.83 0.000204216912744
250268.65 0.000202947358224
256098.02 0.000190874335899
262063.43 0.000179634611908
268167.52 0.000169061526584
274414.1 0.000159120767642
280805.86 0.000149768219288
287346.82 0.000140969569238
294039.82 0.000132695406963
300889.04 0.000124984946501
307897.48 0.000117735251001
315069.48 0.000110907106422
322408.23 0.000104480905745
329918.27 9.84321401951e-05
337602.85 9.27363009985e-05
345466.81 0.000180585552359
