102.02 0.000210045342791
103.92 0.000245648936325
106.09 0.000293301451992
108.07 0.000358355323118
110.08 0.000495793916644
113.94 0.000658151060879
117.95 0.000826653591526
120.97 0.00301516445956
124.94 0.00354251790901
126.97 0.00372660196778
128.14 0.00389324105868
131.13 0.00413326795763
132.04 0.00483423848512
133.87 0.00499243262565
136.99 0.00612794144394
139.86 0.00644631210773
143.12 0.0174306947232
147.13 0.0405793741451
150.9 0.0419115353286
155.13 0.0437829046102
159.11 0.0459516312987
162.07 0.0473511934944
165.84 0.0499243262565
170.09 0.0516807173407
172.86 0.0532507644498
176.89 0.0549952612377
180.17 0.0562758804706
181.84 0.0571877765188
186.08 0.0589283085412
190.85 0.0609979160941
193.95 0.0627067299931
198.01 0.0641657636703
202.16 0.0661164282603
204.97 0.0673455055427
210.23 0.066271054112
216.12 0.0715005797102
220.14 0.0735027862508
223.2 0.0736732711642
226.83 0.0759133636304
229.98 0.113059250916
234.26 0.185487585736
240.27 0.227672689879
245.86 0.209081904792
252.17 0.217927296459
256.86 0.177954531425
259.83 0.205735642771
264.05 0.213950636736
268.96 0.210045342791
273.96 0.205263835686
279.06 0.200593342013
284.24 0.197837830041
290.2 0.184635161169
296.27 0.182521941196
301.09 0.175920606761
308.1 0.173906505924
318.19 0.171519717137
327.86 0.165314859243
337.82 0.157876959302
348.09 0.1504232003
357.02 0.145986627787
366.18 0.143984421246
374.71 0.138457538241
385.2 0.127443419885
395.09 0.128620955217
405.22 0.126273814084
413.71 0.121706404312
422.37 0.116227098492
430.22 0.112024447139
441.26 0.10947510297
450.5 0.105030600926
459.93 0.100070679377
469.56 0.0966728754061
480.5 0.0949085547911
490.56 0.0889851952432
499.68 0.0889851952432
505.47 0.0849807821619
512.5 0.0906385024262
519.63 0.0877640474916
530.51 0.083236285374
540.37 0.076615127111
550.42 0.0735027862508
559.36 0.0759133636304
569.76 0.0764406774322
580.35 0.0733362661029
589.78 0.0721626955365
599.37 0.0664217151982
610.51 0.0578498923451
620.43 0.0667270021361
630.51 0.0634322820663
639.28 0.0641657636703
649.67 0.0617036443401
658.71 0.0585199377022
664.8 0.060300117379
675.6 0.0598838170091
685.0 0.0547415162503
694.53 0.0569261020006
704.19 0.0510860025266
715.63 0.0549952612377
725.59 0.0541150833129
735.68 0.0532507644498
744.2 0.0512049454895
754.56 0.0499243262565
765.05 0.0443934784859
775.7 0.0480093445553
784.68 0.0448018493249
795.59 0.04563841483
804.81 0.0455313661634
814.13 0.0448018493249
825.45 0.0442903945848
835.01 0.0384867709528
844.68 0.042296117575
854.46 0.0411463356012
864.35 0.0411463356012
874.36 0.0406745285154
884.49 0.0399331173806
894.73 0.0393832044158
905.09 0.0383099424147
915.57 0.0396555838007
924.04 0.0715005797102
934.74 0.104305048853
945.56 0.134064578148
954.31 0.153571224049
965.36 0.163047013419
974.3 0.0757389139516
985.58 0.133140787803
994.7 0.130111707017
1003.9 0.158967269795
1015.53 0.160069474584
1024.92 0.10673545006
1034.41 0.137819211007
1043.98 0.186772169734
1056.07 0.180016209447
1065.84 0.152516596445
1075.7 0.166845258698
1085.65 0.140705560238
1095.7 0.169164646473
1105.84 0.161179608903
1116.07 0.156425855156
1123.81 0.138774719475
1134.2 0.162670360704
1144.7 0.153571224049
1155.29 0.154637745949
1165.98 0.152516596445
1174.06 0.108721797539
1184.93 0.144646537073
1195.89 0.120592305227
1204.18 0.101696233202
1215.32 0.0798583052302
1223.75 0.117305514688
1235.07 0.142009968064
1243.63 0.146660637909
1255.14 0.141680892533
1263.84 0.132835500866
1275.53 0.1504232003
1284.37 0.152865495803
1296.26 0.129810384845
1305.24 0.128918312624
1314.29 0.147675617859
1326.45 0.141030671003
1335.65 0.129513027438
1344.9 0.142993229889
1354.23 0.138457538241
1363.61 0.127150027243
1376.23 0.128030205168
1385.77 0.126856634602
1395.38 0.101466276807
1405.05 0.100070679377
1414.79 0.117035910639
1424.6 0.115430180641
1434.47 0.117305514688
1441.09 0.119486135673
1447.74 0.119759704487
1454.43 0.115695819925
1464.51 0.108721797539
1474.66 0.108721797539
1484.88 0.10947510297
1495.17 0.108721797539
1505.54 0.103111654459
1512.49 0.094258333261
1515.97 0.0980208956512
1526.48 0.0960107595798
1533.53 0.0836208676205
1544.16 0.0807820955747
1554.86 0.078760065207
1565.64 0.0843939968787
1576.49 0.088779027441
1583.77 0.0908486349938
1594.75 0.0914790326967
1605.8 0.0889851952432
1613.21 0.0877640474916
1624.39 0.0849807821619
1635.65 0.0885768244042
1643.2 0.0885768244042
1654.59 0.0847825438906
1666.06 0.0885768244042
1673.75 0.0805957515997
1677.61 0.0904283698586
1685.36 0.0910587675615
1693.13 0.0861622822591
1704.87 0.0834265941145
1716.69 0.0789424444166
1724.61 0.0776816490108
1736.57 0.081527471475
1744.58 0.0796719612552
1756.68 0.0822847416716
1764.78 0.0776816490108
1777.02 0.076967991234
1785.22 0.0782208571089
1793.46 0.0809684395498
1805.89 0.080227028415
1814.23 0.0743552108176
1826.8 0.075390014594
1835.23 0.0729992610416
1843.71 0.0676587220114
1856.49 0.0675001313944
1865.05 0.0687569620347
1873.66 0.0723292156844
1886.65 0.0667270021361
1895.36 0.0643164247565
1904.11 0.0675001313944
1912.9 0.0646137821635
1926.16 0.062417302117
1935.05 0.0641657636703
1943.98 0.0665763410499
1952.95 0.0618463758955
1966.49 0.0668816279877
1975.57 0.0679679737147
1984.68 0.0650618006568
1993.85 0.0634322820663
2003.05 0.0647604784843
2016.93 0.0632855857455
2026.24 0.0644631210773
2035.6 0.0617036443401
2044.99 0.0634322820663
2054.43 0.0581194963941
2063.91 0.0591979125903
2073.44 0.0644631210773
2078.22 0.0684397808005
2083.01 0.0743552108176
2092.62 0.0700336165022
2107.13 0.0700336165022
2116.86 0.0728287761282
2126.63 0.0708463934147
2136.44 0.0676587220114
2146.31 0.0726622559803
2156.21 0.0735027862508
2166.17 0.0690741432689
2176.16 0.0685983714176
2186.21 0.0738437560775
2196.3 0.0743552108176
2206.44 0.0729992610416
2216.62 0.0650618006568
2226.85 0.0681265643318
2237.13 0.0785816507628
2247.46 0.0757389139516
2252.64 0.0662591598157
2263.04 0.0642331646825
2273.48 0.0668776632223
2283.98 0.0777649090848
2294.52 0.0682811901835
2305.11 0.075473274668
2315.75 0.0679679737147
2326.44 0.0568587009883
2337.18 0.0586547397268
2342.56 0.051173227366
2353.38 0.0650935187802
2364.24 0.0523626569941
2375.15 0.0570846926177
2386.12 0.0475335727041
2397.13 0.0519384270934
2402.66 0.0511930511932
2413.75 0.0536631000542
2424.89 0.0690503546763
2436.08 0.0689670946023
2447.32 0.0776420013566
2452.97 0.0806909059699
2464.29 0.0710049840318
2475.66 0.0655772201623
2487.09 0.050142388355
2492.82 0.0525926133889
2504.33 0.0710208430935
2515.89 0.0469705760134
2527.5 0.0449009684606
2533.33 0.0574098033827
2545.02 0.0582701574803
2556.77 0.0928706653616
2562.66 0.0728763533133
2574.49 0.0895402624029
2586.37 0.0809922281424
2592.34 0.0750173266439
2604.3 0.0676983696657
2616.32 0.063095277005
2622.35 0.0779314292327
2634.46 0.126801127886
2646.62 0.162753620778
2652.72 0.234008385031
2664.96 0.144424510209
2677.27 0.162194588852
2683.44 0.190871737186
2695.82 0.13649894412
2702.04 0.170540420076
2714.51 0.123657068902
2727.04 0.0934574506448
2733.33 0.119755739722
2745.94 0.076151249556
2752.27 0.0984847732062
2764.98 0.126107293936
2777.74 0.132165455508
2784.14 0.0850759365322
2796.99 0.0488855577147
2803.44 0.0555701522246
2816.38 0.116468949183
2822.87 0.163637763468
2835.9 0.150399411707
2842.44 0.10325835078
2855.56 0.0646058526327
2862.14 0.144523629344
2875.35 0.211972218788
2881.98 0.193175265899
2895.29 0.249625596048
2908.65 0.345636355628
2928.81 0.296215554581
2949.11 0.267046775334
2969.56 0.276415516038
2990.14 0.28023754991
3010.87 0.273196126512
3031.74 0.3002041086
3052.75 0.311424394758
3066.84 0.352883946828
3088.1 0.338491848328
3109.51 0.411582298975
3131.06 0.371835525569
3152.76 0.376042141687
3167.32 0.419273943903
3189.27 0.354283509024
3211.38 0.391028955001
3233.64 0.322886531608
3248.56 0.47783352926
3271.08 0.566366741244
3293.76 0.554512092618
3308.96 0.505983363791
3324.23 0.478983311234
3331.9 0.486318127273
3339.58 0.42026513526
3347.27 0.55221252867
3354.99 0.540397527697
3362.73 0.358339464056
3370.48 0.42351624291
3378.25 0.508719051936
3386.04 0.489846768503
3393.84 0.511256501809
3401.66 0.597371206883
3409.51 0.496388631458
3417.37 0.412494195023
3425.24 0.524776351915
3433.14 0.607521006376
3441.05 0.466811481373
3448.99 0.436243139931
3456.94 0.496943698618
3464.91 0.414833406625
3472.89 0.550111202994
3480.9 0.427560303646
3488.92 0.497260879852
3496.97 0.45202290633
3505.03 0.585754444182
3513.11 0.506141954408
3521.21 0.607917482919
3529.32 0.40123426121
3537.46 0.571441640991
3545.61 0.576159711849
3553.79 0.599908656756
3561.98 0.532904121041
3570.19 0.410392869347
3574.56 0.498846786023
3576.51 0.483423848512
3578.47 0.477159519137
3580.43 0.441555925603
3582.39 0.432992032281
3584.35 0.411106527124
3586.3 0.43465723376
3588.26 0.458604416939
3590.22 0.485882003077
3592.18 0.49194809418
3594.13 0.476128680126
3596.09 0.521128767722
3598.05 0.538018668441
3600.01 0.581750031101
3601.96 0.560895364955
3603.92 0.548644239786
3605.88 0.545512075098
3607.84 0.519860042786
3609.79 0.533617778817
3611.75 0.559428401747
3613.71 0.567794056798
3615.67 0.566525331861
3617.62 0.610098103904
3619.58 0.646336059906
3621.54 0.654899953229
3623.5 0.622825000924
3625.45 0.609661979707
3627.41 0.605498976009
3629.37 0.581115668633
3631.33 0.574890986912
3633.28 0.598005569352
3635.24 0.546344675838
3637.2 0.550269793611
3639.16 0.56279845236
3641.12 0.623221477467
3643.07 0.636979213499
3645.03 0.654899953229
3646.99 0.624450554749
3648.95 0.590948286892
3650.9 0.606133338477
3652.86 0.680314099616
3654.82 0.758856102724
3656.78 0.750728333599
3658.73 0.793864981444
3660.69 0.821975168322
3662.65 0.875340910969
3664.61 0.796997146132
3666.56 0.773842916038
3668.52 0.683644502574
3670.48 0.714450729942
3672.44 0.720913297588
3674.39 0.723886871658
3676.35 0.731974993129
3678.31 0.733441956337
3680.27 0.76179002914
3682.22 0.699265678357
3684.18 0.635908726833
3686.14 0.615291946613
3688.1 0.674485894438
3690.05 0.759054340995
3692.01 0.776380365911
3693.97 0.753424374089
3695.93 0.727177626963
3697.89 0.715719454879
3699.84 0.759886941735
3701.8 0.698433077617
3703.76 0.71944633438
3705.72 0.693437473179
3707.67 0.741966202005
3709.63 0.754296622483
3711.59 0.746565329901
3713.55 0.745534490889
3715.5 0.695737037127
3717.46 0.693001348982
3719.42 0.679877975419
3721.38 0.681781062824
3723.33 0.680948462084
3725.29 0.660529920135
3727.25 0.644670858427
3729.21 0.596142129601
3731.16 0.589481323684
3733.12 0.600503371571
3735.08 0.579490114808
3737.04 0.543608987693
3738.99 0.513635361065
3740.95 0.558238972119
3742.91 0.603833774529
3744.87 0.605102499466
3746.83 0.585714796528
3748.78 0.554670683235
3750.74 0.586547397268
3752.7 0.606331576748
3754.66 0.595745653058
3756.61 0.569697144203
3758.57 0.601970334779
3760.53 0.641974817937
3762.49 0.638247938435
3764.44 0.634045287083
3766.4 0.658864718656
3768.36 0.734908919545
3770.32 0.75259177335
3772.27 0.764684307902
3774.23 0.766389157035
3776.19 0.779671121216
3778.15 0.840966394717
3780.1 0.846794599895
3782.06 0.882437841083
3784.02 0.833036863863
3785.98 0.785301088122
3787.93 0.699463916628
3789.89 0.656763392979
3791.85 0.657595993719
3793.81 0.65779423199
3795.76 0.660093795938
3797.72 0.645701697438
3799.68 0.642173056208
3801.64 0.64887350978
3803.6 0.687569620347
3805.55 0.710723850441
3807.51 0.71238905192
3809.47 0.689670946023
3811.43 0.647366898917
3813.38 0.605300737737
3815.34 0.58777647455
3817.3 0.588410837018
3819.26 0.568230180995
3821.21 0.52426093241
3823.17 0.488617691221
3825.13 0.494683782324
3827.09 0.475494317658
3829.04 0.488617691221
3831.0 0.475692555929
3832.96 0.498608900097
3834.92 0.508639756627
3836.87 0.501741064784
3838.83 0.519860042786
3840.79 0.529256536848
3842.75 0.525093533149
3844.7 0.542379910411
3846.66 0.570926221485
3848.62 0.594040803925
3850.58 0.574058386173
3852.53 0.555067159777
3854.49 0.540714708932
3856.45 0.586111273071
3858.41 0.617195034018
3860.37 0.650935187802
3862.32 0.604468136998
3864.28 0.571520936299
3866.24 0.576516540737
3868.2 0.590710400966
3870.15 0.579688353079
3872.11 0.554234559038
3874.07 0.570926221485
3876.03 0.620723675248
3877.98 0.648001261386
3879.94 0.631349246592
3881.9 0.620287551051
3883.86 0.621754514259
3885.81 0.628217081905
3887.77 0.643441781145
3889.73 0.725076301286
3891.69 0.775547765172
3893.64 0.828041259425
3895.6 0.841759347802
3897.56 0.877006112448
3899.52 0.881367354418
3901.47 0.855318845563
3903.43 0.862851899874
3905.39 0.882199955158
3907.35 0.89615592946
3909.3 0.904283698586
3911.26 0.90134977217
3913.22 0.917407072149
3915.18 0.905948900065
3917.14 0.883270441823
3919.09 0.860552335926
3921.05 0.812420083643
3923.01 0.7609574284
3924.97 0.689274469481
3926.92 0.663027722354
3928.88 0.59863993182
3930.84 0.535481218568
3932.8 0.477992119877
3934.75 0.489252053689
3936.71 0.548644239786
3938.67 0.587142112082
3940.63 0.630913122395
3942.58 0.664256799636
3944.54 0.749499256316
3946.5 0.79846410934
3948.46 0.845763760884
3950.41 0.844693274218
3952.37 0.882437841083
3954.33 0.886561197127
3956.29 0.872406984553
3958.24 0.823878255727
3960.2 0.762582982226
3962.16 0.734710681274
3964.12 0.664891162105
3966.07 0.653234751749
3968.03 0.619454950311
3969.99 0.615291946613
3971.95 0.59594389133
3973.91 0.634877887822
3975.86 0.750728333599
3977.82 0.898059016865
3979.78 1.01949978189
3981.74 1.06537211788
3983.69 1.11037220548
3985.65 1.10577307758
3987.61 1.14994056444
3989.57 1.18157939255
3991.52 1.23974250136
3993.48 1.25472931468
3995.44 1.26055751985
3997.4 1.25492755295
3999.35 1.28533730377
4001.31 1.30722280893
4003.27 1.31578670225
4005.23 1.29596287512
4007.18 1.28034169933
4009.14 1.32577791113
4011.1 1.34722729209
4013.06 1.35638590022
4015.01 1.37597184143
4016.97 1.41720540187
4018.93 1.39702474585
4020.89 1.37827140538
4022.85 1.35638590022
4024.8 1.35828898763
4026.76 1.32974267656
4028.72 1.27181745367
4030.68 1.26888352725
4032.63 1.24327114259
4034.59 1.26824916478
4036.55 1.31015673535
4038.51 1.28890559266
4040.46 1.29160163315
4042.42 1.28161042427
4044.38 1.34013036197
4046.34 1.34702905382
4048.29 1.33890128469
4050.25 1.32910831409
4052.21 1.31868098101
4054.17 1.3218131457
4056.12 1.28950030747
4058.08 1.23470724927
4060.04 1.19161024908
4062.0 1.17428422416
4063.95 1.21409046905
4065.91 1.22158387571
4067.87 1.29076903241
4069.83 1.34492772814
4071.78 1.35598942368
4073.74 1.35305549727
4075.7 1.33243871705
4077.66 1.31431973904
4079.62 1.2790729744
4081.57 1.29742983833
4083.53 1.39413046709
4085.49 1.50371658349
4087.45 1.54288846591
4089.4 1.52643468939
4091.36 1.46973854378
4093.32 1.43056666136
4095.28 1.35285725899
4097.23 1.29869856326
4099.19 1.27808178304
4101.15 1.2976280766
4103.11 1.32783958915
4105.06 1.30202896622
4107.02 1.28993643167
4108.98 1.27784389712
4110.94 1.32078230669
4112.89 1.33973388543
4114.85 1.38679565105
4116.81 1.42517458038
4118.77 1.44662396134
4120.72 1.39032429228
4122.68 1.29850032499
4124.64 1.2893020692
4126.6 1.29850032499
4128.55 1.34683081555
4130.51 1.30995849707
4132.47 1.29306859636
4134.43 1.2716192154
4136.39 1.26598924849
4138.34 1.25199362653
4140.3 1.20909486461
4142.26 1.22408167793
4144.22 1.22451780212
4146.17 1.23950461544
4148.13 1.2155177846
4150.09 1.18970716167
4152.05 1.19573360512
4154.0 1.24346938086
4155.96 1.27867649786
4157.92 1.2851390655
4159.88 1.24263678012
4161.83 1.26325356034
4163.79 1.27931086032
4165.75 1.28533730377
4167.71 1.28347386402
4169.66 1.27574257144
4171.62 1.28034169933
4173.58 1.29449591191
4175.54 1.30952237288
4177.49 1.32157525978
4179.45 1.30202896622
4181.41 1.29243423389
4183.37 1.28533730377
4185.32 1.27054872873
4187.28 1.26075575813
4189.24 1.27617869564
4191.2 1.28347386402
4193.16 1.29850032499
4195.11 1.31828450447
4197.07 1.31265453756
4199.03 1.29723160005
4200.99 1.27015225219
4202.94 1.26765444997
4204.9 1.29596287512
4206.86 1.34702905382
4208.82 1.40241682683
4210.77 1.40059303474
4212.73 1.3705401128
4214.69 1.3630863538
4216.65 1.36847843478
4218.6 1.38473397303
4220.56 1.35491893702
4222.52 1.35246078245
4224.48 1.31657965534
4226.43 1.29469415018
4228.39 1.28743862945
4230.35 1.30452676844
4232.31 1.32720522668
4234.26 1.34139908691
4236.22 1.35139029579
4238.18 1.38532868784
4240.14 1.40951375695
4242.1 1.43683099074
4244.05 1.47076938279
4246.01 1.47140374526
4247.97 1.4763993497
4249.93 1.41807765027
4251.88 1.39159301722
4253.84 1.34766341629
4255.8 1.33660172074
4257.76 1.33140787803
4259.71 1.33200259285
4261.67 1.35888370244
4263.63 1.39995867227
4265.59 1.44408651147
4267.54 1.44472087394
4269.5 1.40138598782
4271.46 1.34928897011
4273.42 1.33390568025
4275.37 1.34013036197
4277.33 1.3478220069
4279.29 1.33806868395
4281.25 1.36387930688
4283.2 1.38972957747
4285.16 1.40158422609
4287.12 1.35285725899
4289.08 1.30262368103
4291.03 1.28264126328
4292.99 1.26781304059
4294.95 1.25013018678
4296.91 1.20699353894
4298.87 1.15576876962
4300.82 1.10973784301
4302.78 1.08559242156
4304.74 1.06116946653
4306.7 1.04681701569
4308.65 1.09098450254
4310.61 1.18907279921
4312.57 1.29053114648
4314.53 1.35765462516
4316.48 1.39202914141
4318.44 1.42243889224
4320.4 1.42390585545
4322.36 1.44472087394
4324.31 1.48722315931
4326.27 1.51247871508
4328.23 1.55307791306
4330.19 1.57369469328
4332.14 1.5822585866
4334.1 1.55767704095
4336.06 1.51640383286
4338.02 1.54661534541
4339.97 1.54495014393
4341.93 1.54181797924
4343.89 1.50994126521
4345.85 1.52663292766
4347.8 1.56160215872
4349.76 1.58788855351
4351.72 1.58705595277
4353.68 1.60557140731
4355.64 1.61473001545
4357.59 1.6551706228
4359.55 1.68914866251
4361.51 1.74747036194
4363.47 1.77665103548
4365.42 1.76039549723
4367.38 1.69854515657
4369.34 1.63078731543
4371.3 1.61496790137
4373.25 1.61770358952
4375.21 1.60747449472
4377.17 1.55597219182
4379.13 1.51890163508
4381.08 1.46954030551
4383.04 1.45681340849
4385.0 1.44515699813
4386.96 1.46371210033
4388.91 1.48785752178
4390.87 1.52350076297
4392.83 1.56140392045
4394.79 1.60228065201
4396.74 1.57163301526
4398.7 1.5776594587
4400.66 1.5697695755
4402.62 1.59954496386
4404.57 1.59684892337
4406.53 1.61996350581
4408.49 1.65873891169
4410.45 1.69747466991
4412.41 1.70956720446
4414.36 1.69894163312
4416.32 1.6922808272
4418.28 1.71789321186
4420.24 1.7591267723
4422.19 1.75603425526
4424.15 1.73704302887
4426.11 1.74188004269
4428.07 1.74873908688
4430.02 1.73704302887
4431.98 1.72935138394
4433.94 1.75750121847
4435.9 1.78541316708
4437.85 1.76646158834
4439.81 1.78854533177
4441.77 1.81288899149
4443.73 1.8245850495
4445.68 1.80936035026
4447.64 1.80959823618
4449.6 1.8018669436
4451.56 1.79687133916
4453.51 1.76769066562
4455.47 1.74604304639
4457.43 1.72122361482
4459.39 1.69854515657
4461.34 1.71162888248
4463.3 1.71832933605
4465.26 1.74168180442
4467.22 1.80416650755
4469.18 1.85582740106
4471.13 1.89789356224
4473.09 1.91458522469
4475.05 1.93730333059
4477.01 1.96771308141
4478.96 1.98460298213
4480.92 1.93230772615
4482.88 1.93230772615
4484.84 1.90395965334
4486.79 1.96021967475
4488.75 1.9606161513
4490.71 1.94729453946
4492.67 1.93563812911
4494.62 1.92437819529
4496.58 1.93857205552
4498.54 1.95106106662
4500.5 1.94792890193
4502.45 1.9848012204
4504.41 2.00981889025
4506.37 2.03317135861
4508.33 2.03626387564
4510.28 2.07420668078
4512.24 2.11000851258
4514.2 2.08939173236
4516.16 2.03729471465
4518.12 2.00085852038
4520.07 2.01457660876
4522.03 2.0260744285
4523.99 1.99649727841
4525.95 1.93127688714
4527.9 1.84250578923
4529.86 1.77645279721
4531.82 1.78291536486
4533.78 1.80289778261
4535.73 1.84540006799
4537.69 1.83584498331
4539.65 1.83084937887
4541.61 1.86625473413
4543.56 1.8970609615
4545.52 1.93896853207
4547.48 1.94190245848
4549.44 1.94689806292
4551.39 1.9527262681
4553.35 1.9625192387
4555.31 1.97706992782
4557.27 2.00438716161
4559.22 2.05188505143
4561.18 2.10667810963
4563.14 2.10961203604
4565.1 2.07250183165
4567.05 2.05168681315
4569.01 2.04125948008
4570.97 2.07024191535
4572.93 2.05271765217
4574.89 2.05707889413
4576.84 2.01838278357
4578.8 1.9926911036
4580.76 1.9564531476
4582.72 1.93813593133
4584.67 1.96525492685
4586.63 2.00775721222
4588.59 2.03523303663
4590.55 2.01877926011
4592.5 2.00835192704
4594.46 2.01544885715
4596.42 1.99895543298
4598.38 1.97917125349
4600.33 1.95899059747
4602.29 1.9926911036
4604.25 2.00874840358
4606.21 2.0256383043
4608.16 2.01418013221
4610.12 2.02294226381
4612.08 2.05898198154
4614.04 2.10255475358
4615.99 2.12336977207
4617.95 2.1031494684
4619.91 2.09002609483
4621.87 2.07979700003
4623.82 2.08796441681
4625.78 2.11274420073
4627.74 2.12023760739
4629.7 2.10564727062
4631.66 2.06524631091
4633.61 2.05271765217
4635.57 2.04399516823
4637.53 2.03836520132
4639.49 2.00795545049
4641.44 1.9810743409
4643.4 1.94436061305
4645.36 1.91831210419
4647.32 1.91648831209
4649.27 1.94356765996
4651.23 1.95106106662
4653.19 1.95399499303
4655.15 1.93730333059
4657.1 1.95252802983
4659.06 1.95399499303
4661.02 1.97270868585
4662.98 1.95669103352
4664.93 1.92084955406
4666.89 1.88104330918
4668.85 1.88833847756
4670.81 1.91541782543
4672.76 1.91438698642
4674.72 1.91125482173
4676.68 1.89789356224
4678.64 1.89186711879
4680.59 1.90126361285
4682.55 1.88853671583
4684.51 1.90625921729
4686.47 1.87604770474
4688.43 1.89852792471
4690.38 1.93064252467
4692.34 1.95336063056
4694.3 1.93896853207
4696.26 1.88520631288
4698.21 1.87458074153
4700.17 1.84476570552
4702.13 1.81728988111
4704.09 1.8245850495
4706.04 1.8427040275
4708.0 1.87561158054
4709.96 1.88040894671
4711.92 1.89083627978
4713.87 1.9254090343
4715.83 1.94479673724
4717.79 1.98710078435
4719.75 2.0131492932
4721.7 2.02940483145
4723.66 2.05232117562
4725.62 2.03606563737
4727.58 1.98333425719
4729.53 1.94836502613
4731.49 1.93750156886
4733.45 1.95252802983
4735.41 1.95605667106
4737.36 1.98043997843
4739.32 2.03019778454
4741.28 2.07107451609
4743.24 2.10065166618
4745.2 2.10858119703
4747.15 2.07270006992
4749.11 2.04526389316
4751.07 2.02666914331
4753.03 2.04106124181
4754.98 2.05002161167
4756.94 2.03919780206
4758.9 2.01398189394
4760.86 1.98357214312
4762.81 1.97377917251
4764.77 1.98876598583
4766.73 1.96545316512
4768.69 1.93583636738
4770.64 1.90542661655
4772.6 1.93020640047
4774.56 1.9666822424
4776.52 1.99566467767
4778.47 1.99106554978
4780.43 1.99625939248
4782.39 1.9848012204
4784.35 1.99209638879
4786.3 1.97960737769
4788.26 1.97044876956
4790.22 1.97167784684
4792.18 2.00272196013
4794.14 2.06025070648
4796.09 2.09315825952
4798.05 2.0887573699
4800.01 2.05854585734
4801.97 2.05188505143
4803.92 2.02064269986
4805.88 2.03317135861
4807.84 2.01751053517
4809.8 2.05918021981
4811.75 2.04106124181
4813.71 2.03983216453
4815.67 2.0210391764
4817.63 2.03582775145
4819.58 2.05232117562
4821.54 2.06730798894
4823.5 2.04855464847
4825.46 2.02730350578
4827.41 2.00331667494
4829.37 1.99292898953
4831.33 1.97167784684
4833.29 1.93877029379
4835.24 1.92980992393
4837.2 1.93730333059
4839.16 1.9489993886
4841.12 1.95336063056
4843.07 1.95728574834
4845.03 1.96898180635
4846.99 1.9848012204
4848.95 1.98000385423
4850.91 1.95518442266
4852.86 1.91149270766
4854.82 1.85499480032
4856.78 1.81705199519
4858.74 1.79663345324
4860.69 1.81312687741
4862.65 1.78271712659
4864.61 1.78164663992
4866.57 1.78394620387
4868.52 1.82811369073
4870.48 1.8381048996
4872.44 1.83667758405
4874.4 1.84064234948
4876.35 1.84417099071
4878.31 1.84417099071
4880.27 1.86336045537
4882.23 1.87228117758
4884.18 1.86645297241
4886.14 1.86625473413
4888.1 1.87418426499
4890.06 1.90855878124
4892.01 1.929572038
4893.97 1.93956324688
4895.93 1.98043997843
4897.89 2.01604357197
4899.84 2.03856343959
4901.8 2.02274402554
4903.76 1.99150167397
4905.72 1.9750082498
4907.68 1.96814920561
4909.63 1.96081438957
4911.59 1.94043549527
4913.55 1.91938259086
4915.51 1.89313584373
4917.46 1.87580981881
4919.42 1.87374814079
4921.38 1.88373934967
4923.34 1.8793781077
4925.29 1.90522837828
4927.25 1.93103900121
4929.21 1.98087610263
4931.17 1.96105227549
4933.12 1.93750156886
4935.08 1.9398011328
4937.04 1.94979234168
4939.0 1.96168663796
4940.95 1.95312274464
4942.91 1.95899059747
4944.87 1.97167784684
4946.83 1.9908673115
4948.78 2.00188935939
4950.74 1.98749726089
4952.7 1.95792011081
4954.66 1.91625042617
4956.61 1.89769532397
4958.57 1.86918866055
4960.53 1.87164681511
4962.49 1.89896404891
4964.45 1.93563812911
4966.4 1.9341711659
4968.36 1.88750587682
4970.32 1.85836485093
4972.28 1.84892870922
4974.23 1.88520631288
4976.19 1.8872679909
4978.15 1.86835605981
4980.11 1.82268196209
4982.06 1.80079645693
4984.02 1.79873477891
4985.98 1.78335148906
4987.94 1.7874748451
4989.89 1.8060299473
4991.85 1.81606080383
4993.81 1.80123258113
4995.77 1.79124137226
4997.72 1.79017088559
4999.68 1.77708715968
5001.64 1.75373469132
5003.6 1.74394172071
5005.55 1.72978750814
5007.51 1.691844703
5009.47 1.66666844254
5011.43 1.71373020816
5013.39 1.77185366932
5015.34 1.80979647445
5017.3 1.80250130607
5019.26 1.80206518187
5021.22 1.80020174212
5023.17 1.78037791499
5025.13 1.76499462513
5027.09 1.76122809797
5029.05 1.77038670611
5031.0 1.80166870533
5032.96 1.83604322158
5034.92 1.84710491712
5036.88 1.81479207889
5038.83 1.80289778261
5040.79 1.80000350385
5042.75 1.78247924066
5044.71 1.75266420465
5046.66 1.78164663992
5048.62 1.84647055465
5050.58 1.87291554005
5052.54 1.87311377832
5054.49 1.86542213339
5056.45 1.87751466795
5058.41 1.88060718498
5060.37 1.88270851066
5062.32 1.87561158054
5064.28 1.84666879292
5066.24 1.82268196209
5068.2 1.79853654064
5070.16 1.78561140535
5072.11 1.78517528115
5074.07 1.78874357004
5076.03 1.77538231055
5077.99 1.75706509428
5079.94 1.77708715968
5081.9 1.80460263174
5083.86 1.80725902458
5085.82 1.77855412289
5087.77 1.76499462513
5089.73 1.77062459204
5091.69 1.78707836856
5093.65 1.8060299473
5095.6 1.82478328777
5097.56 1.8381048996
5099.52 1.84417099071
5101.48 1.84393310478
5103.43 1.81788459593
5105.39 1.77018846784
5107.35 1.7368447906
5109.31 1.7614659839
5111.26 1.79956737965
5113.22 1.83168197961
5115.18 1.84436922898
5117.14 1.83731194652
5119.09 1.81705199519
5121.05 1.77998143844
5123.01 1.75769945674
5124.97 1.74374348244
5126.93 1.76622370241
5128.88 1.81376123988
5130.84 1.81748811938
5132.8 1.80103434286
5134.76 1.7939770604
5136.71 1.82228548555
5138.67 1.81142202828
5140.63 1.77292415598
5142.59 1.74521044565
5144.54 1.73228531036
5146.5 1.71333373162
5148.46 1.68914866251
5150.42 1.67769049043
5152.37 1.68038653092
5154.33 1.69434250522
5156.29 1.69061562572
5158.25 1.65703406255
5160.2 1.61770358952
5162.16 1.59558019843
5164.12 1.58685771449
5166.08 1.55097658738
5168.03 1.50038618053
5169.99 1.48119671587
5171.95 1.50018794226
5173.91 1.50621438571
5175.86 1.47243458427
5177.82 1.43076489963
5179.78 1.43346094012
5181.74 1.45705129442
5183.7 1.48099847759
5185.65 1.48892800845
5187.61 1.50038618053
5189.57 1.54851843282
5191.53 1.62143046902
5193.48 1.69977423386
5195.44 1.74497255972
5197.4 1.75559813107
5199.36 1.74624128466
5201.31 1.73288002517
5203.27 1.75476553033
5205.23 1.77355851845
5207.19 1.77082283031
5209.14 1.75892853403
5211.1 1.77312239425
5213.06 1.80789338705
5215.02 1.81522820309
5216.97 1.79603873842
5218.93 1.79917090311
5220.89 1.83707406059
5222.85 1.88373934967
5224.8 1.88167767165
5226.76 1.87311377832
5228.72 1.89166888052
5230.68 1.92104779234
5232.63 1.93064252467
5234.59 1.92001695332
5236.55 1.93294208862
5238.51 1.97377917251
5240.47 2.00212724532
5242.42 1.99003471076
5244.38 1.93857205552
5246.34 1.9123253084
5248.3 1.9337350417
5250.25 1.98543558287
5252.21 2.02436957936
5254.17 1.9991933189
5256.13 1.94273505922
5258.08 1.89000367904
5260.04 1.86248820698
5262.0 1.85455867612
5263.96 1.84623266873
5265.91 1.85083179662
5267.87 1.85836485093
5269.83 1.88001247017
5271.79 1.91938259086
5273.74 1.94519321379
5275.7 1.93583636738
5277.66 1.92794648418
5279.62 1.95125930489
5281.57 1.99732987915
5283.53 2.03043567047
5285.49 2.03126827121
5287.45 2.02793786825
5289.41 2.04562072205
5291.36 2.076704483
5293.32 2.0906604573
5295.28 2.05232117562
5297.24 1.98313601892
5299.19 1.93583636738
5301.15 1.95209190563
5303.11 2.0256383043
5305.07 2.09276178298
5307.02 2.13899094786
5308.98 2.17170026263
5310.94 2.18692496187
5312.9 2.18192935743
5314.85 2.1542156471
5316.81 2.14378831402
5318.77 2.16254165449
5320.73 2.14378831402
5322.68 2.06833882795
5324.64 1.97564261226
5326.6 1.95062494242
5328.56 1.99292898953
5330.51 2.02460746529
5332.47 2.03919780206
5334.43 2.04229031909
5336.39 2.04229031909
5338.34 2.03063390874
5340.3 2.04316256749
5342.26 2.06147978376
5344.22 2.06044894475
5346.18 2.04189384255
5348.13 2.04125948008
5350.09 2.09169129631
5352.05 2.1542156471
5354.01 2.15857688907
5355.96 2.1254314501
5357.92 2.09668690075
5359.88 2.11544024122
5361.84 2.11837416764
5363.79 2.10402171679
5365.75 2.10564727062
5367.71 2.12400413454
5369.67 2.10628163308
5371.62 2.06167802203
5373.58 2.03773083885
5375.54 2.04316256749
5377.5 2.09521993754
5379.45 2.15068700587
5381.41 2.16876633621
5383.37 2.11084111332
5385.33 2.04899077266
5387.28 2.05588946451
5389.24 2.08483225212
5391.2 2.09002609483
5393.16 2.07733884547
5395.11 2.09002609483
5397.07 2.09375297433
5399.03 2.0623123845
5400.99 2.01711405863
5402.95 2.00502152408
5404.9 2.0131492932
5406.86 2.03626387564
5408.82 2.05168681315
5410.78 2.05795114253
5412.73 2.07190711683
5414.69 2.09399086026
5416.65 2.12293364788
5418.61 2.11964289257
5420.56 2.11920676838
5422.52 2.13046670219
5424.48 2.1231715338
5426.44 2.094823461
5428.39 2.05941810574
5430.35 2.05045773587
5432.31 2.04938724921
5434.27 2.06564278746
5436.22 2.07377055658
5438.18 2.0577132566
5440.14 2.0623123845
5442.1 2.07044015362
5444.05 2.10231686766
5446.01 2.09858998816
5447.97 2.10211862939
5449.93 2.09565606174
5451.88 2.08606132941
5453.84 2.0762683588
5455.8 2.06671327412
5457.76 2.05707889413
5459.72 2.04732557118
5461.67 2.03773083885
5463.63 2.02793786825
5465.59 2.01838278357
5467.55 2.00874840358
5469.5 1.99895543298
5471.46 1.98916246237
5473.42 1.97833865275
5475.38 1.96961616882
5477.33 1.98357214312
5479.29 2.02337838801
5481.25 2.06314498524
5483.21 2.05335201463
5485.16 2.01897749838
5487.12 2.00541800062
5489.08 2.04022864107
5491.04 2.08733005434
5492.99 2.10338735432
5494.95 2.08855913163
5496.91 2.06940931461
5498.87 2.05125068896
5500.82 2.04879253439
5502.78 2.05648417932
5504.74 2.06814058968
5506.7 2.07293795584
5508.65 2.06814058968
5510.61 2.07396879485
5512.57 2.06710975067
5514.53 2.06564278746
5516.49 2.08356352719
5518.44 2.11500411702
5520.4 2.11583671776
5522.36 2.09981906544
5524.32 2.1087794353
5526.27 2.1268984133
5528.23 2.13252838021
5530.19 2.12792925231
5532.15 2.14378831402
5534.1 2.12983233972
5536.06 2.09085869557
5538.02 2.05941810574
5539.98 2.08023312423
5541.93 2.12336977207
5543.89 2.15294692216
5545.85 2.16377073177
5547.81 2.15734781178
5549.76 2.15734781178
5551.72 2.17376194065
5553.68 2.19211880458
5555.64 2.16777514486
5557.59 2.13502618243
5559.55 2.11984113084
5561.51 2.10544903234
5563.47 2.07940052349
5565.43 2.05751501833
5567.38 2.08522872867
5569.34 2.12562968837
5571.3 2.13625525971
5573.26 2.11627284196
5575.21 2.09545782347
5577.17 2.09629042421
5579.13 2.08958997064
5581.09 2.06270886104
5583.04 2.05125068896
5585.0 2.06108330722
5586.96 2.05941810574
5588.92 2.02084093813
5590.87 2.0177484211
5592.83 2.04625508452
5594.79 2.06588067338
5596.75 2.03293347268
5598.7 2.00732108803
5600.66 2.01231669246
5602.62 2.02793786825
5604.58 2.02920659318
5606.53 2.03400395935
5608.49 2.06358110944
5610.45 2.10295123012
5612.41 2.10981027431
5614.36 2.09149305804
5616.32 2.06770446548
5618.28 2.05941810574
5620.24 2.04962513513
5622.2 2.04316256749
5624.15 2.05125068896
5626.11 2.0623123845
5628.07 2.06588067338
5630.03 2.06710975067
5631.98 2.07503928152
5633.94 2.07190711683
5635.9 2.06001282055
5637.86 2.05105245069
5639.81 2.05898198154
5641.77 2.06980579116
5643.73 2.07170887856
5645.69 2.0721053551
5647.64 2.08542696694
5649.6 2.09958117951
5651.56 2.1092155595
5653.52 2.10231686766
5655.47 2.07460315732
5657.43 2.05125068896
5659.39 2.03043567047
5661.35 2.0177484211
5663.3 2.03336959688
5665.26 2.06588067338
5667.22 2.10168250519
5669.18 2.09105693384
5671.13 2.0562462934
5673.09 2.05918021981
5675.05 2.10255475358
5677.01 2.11857240591
5678.97 2.10544903234
5680.92 2.07876616102
5682.88 2.08439612793
5684.84 2.09815386396
5686.8 2.10901732123
5688.75 2.12253717133
5690.71 2.11544024122
5692.67 2.09418909853
5694.63 2.08213621163
5696.58 2.09355473606
5698.54 2.1031494684
5700.5 2.10358559259
5702.46 2.08812300743
5704.41 2.06314498524
5706.37 2.04399516823
5708.33 2.04708768526
5710.29 2.0706383919
5712.24 2.07979700003
5714.2 2.08776617854
5716.16 2.09521993754
5718.12 2.10084990445
5720.07 2.09858998816
5722.03 2.10608339481
5723.99 2.14212311254
5725.95 2.1858544752
5727.9 2.20984130604
5729.86 2.22443164281
5731.82 2.22589860602
5733.78 2.20464746333
5735.74 2.18775756261
5737.69 2.1900174789
5739.65 2.22046687738
5741.61 2.22922900897
5743.57 2.21590739714
5745.52 2.2048457016
5747.48 2.2044095774
5749.44 2.20797786629
5751.4 2.20607477888
5753.35 2.19148444211
5755.31 2.17859895447
5757.27 2.16836985967
5759.23 2.16856809794
5761.18 2.16503945671
5763.14 2.16170905375
5765.1 2.15814076487
5767.06 2.15461212364
5769.01 2.15128172068
5770.97 2.1477134318
5772.93 2.14442267649
5774.89 2.14089403526
5776.84 2.12983233972
5778.8 2.131061417
5780.76 2.13066494046
5782.72 2.12356801035
5784.68 2.12293364788
5786.63 2.15025088167
5788.59 2.20088093617
5790.55 2.2188016759
5792.51 2.19275316705
5794.46 2.16503945671
5796.42 2.17419806485
5798.38 2.21233910826
5800.34 2.23961669439
5802.29 2.23985458032
5804.25 2.23025984799
5806.21 2.22379728034
5808.17 2.21566951121
5810.12 2.19774877148
5812.08 2.1760615046
5814.04 2.16440509424
5816.0 2.16273989276
5817.95 2.17939190756
5819.91 2.22379728034
5821.87 2.26879736794
5823.83 2.29064322544
5825.78 2.27648901286
5827.74 2.26170043782
5829.7 2.26546696498
5831.66 2.27256389509
5833.61 2.26213656202
5835.57 2.23069597218
5837.53 2.20944482949
5839.49 2.2104756685
5841.45 2.19901749642
5843.4 2.149180395
5845.36 2.07979700003
5847.32 2.03562951317
5849.28 2.02064269986
5851.23 2.04546213143
5853.19 2.07733884547
5855.15 2.08629921533
5857.11 2.09252389705
5859.06 2.10838295876
5861.02 2.13879270958
5862.98 2.13086317873
5864.94 2.11563847949
5866.89 2.12273540961
5868.85 2.13815834712
5870.81 2.11524200295
5872.77 2.07127275436
5874.72 2.02436957936
5876.68 1.97231220931
5878.64 1.89186711879
5880.6 1.80789338705
5882.55 1.76352766192
5884.51 1.75603425526
5886.47 1.7424747575
5888.43 1.72249233975
5890.38 1.71373020816
5892.34 1.70810024125
5894.3 1.71602977211
5896.26 1.74084920368
5898.22 1.79750570163
5900.17 1.84563795391
5902.13 1.87624594301
5904.09 1.90645745556
5906.05 1.94190245848
5908.0 1.97044876956
5909.96 1.97853689103
5911.92 1.97064700783
5913.88 1.96315360117
5915.83 1.97461177325
5917.79 2.00331667494
5919.75 2.02999954627
5921.71 2.0502594976
5923.66 2.06627714993
5925.62 2.07567364399
5927.58 2.06857671387
5929.54 2.0823344499
5931.49 2.12043584566
5933.45 2.15897336561
5935.41 2.15607908685
5937.37 2.12420237281
5939.32 2.10211862939
5941.28 2.09775738742
5943.24 2.08733005434
5945.2 2.06960755288
5947.15 2.05085421241
5949.11 2.04189384255
5951.07 2.02940483145
5953.03 2.01544885715
5954.99 2.01628145789
5956.94 2.03043567047
5958.9 2.047920286
5960.86 2.05065597414
5962.82 2.03983216453
5964.77 2.03729471465
5966.73 2.05462073957
5968.69 2.09252389705
5970.65 2.12606581256
5972.6 2.14335218983
5974.56 2.14089403526
5976.52 2.12087196985
5978.48 2.0989864647
5980.43 2.08836089335
5982.39 2.0823344499
5984.35 2.06671327412
5986.31 2.04855464847
5988.26 2.05918021981
5990.22 2.09545782347
5992.18 2.10667810963
5994.14 2.08483225212
5996.09 2.04605684625
5998.05 2.02999954627
6000.01 2.03166474775
6001.97 2.03773083885
6003.92 2.03626387564
6005.88 2.0195722132
6007.84 2.01981009912
6009.8 2.03376607342
6011.76 2.04502600724
6013.71 2.04145771835
6015.67 2.05462073957
6017.63 2.0845943662
6019.59 2.10901732123
6021.54 2.12983233972
6023.5 2.14442267649
6025.46 2.1477134318
6027.42 2.12233893306
6029.37 2.10231686766
6031.33 2.09839174988
6033.29 2.09565606174
6035.25 2.07523751979
6037.2 2.05751501833
6039.16 2.06481018672
6041.12 2.08895560817
6043.08 2.09375297433
6045.03 2.09605253828
6046.99 2.11817592936
6048.95 2.16567381918
6050.91 2.19318929124
6052.86 2.1862905994
6054.82 2.16543593325
6056.78 2.15314516043
6058.74 2.1575064024
6060.7 2.16337425523
6062.65 2.15960772808
6064.61 2.14795131772
6066.57 2.13046670219
6068.53 2.11964289257
6070.48 2.11857240591
6072.44 2.12963410145
6074.4 2.11837416764
6076.36 2.07250183165
6078.31 2.03336959688
6080.27 2.03729471465
6082.23 2.07503928152
6084.19 2.10128602865
6086.14 2.11254596246
6088.1 2.12170457059
6090.06 2.13796010885
6092.02 2.15441388537
6093.97 2.16067821474
6095.93 2.14335218983
6097.89 2.11607460369
6099.85 2.1092155595
6101.8 2.11690720443
6103.76 2.12107020813
6105.72 2.09648866248
6107.68 2.05462073957
6109.63 2.0214753006
6111.59 1.99752811742
6113.55 1.97940913942
6115.51 1.96878356808
6117.47 1.96834744388
6119.42 1.99229462706
6121.38 2.02999954627
6123.34 2.06397758598
6125.3 2.09276178298
6127.25 2.10275299185
6129.21 2.08376176546
6131.17 2.07896439929
6133.13 2.09732126322
6135.08 2.12463849701
6137.04 2.10108779037
6139.0 2.04106124181
6140.96 1.99832107051
6142.91 1.97481001152
6144.87 1.94210069675
6146.83 1.91541782543
6148.79 1.92687599751
6150.74 1.95815799673
6152.7 1.96125051376
6154.66 1.91438698642
6156.62 1.89250148126
6158.57 1.89230324299
6160.53 1.9160521879
6162.49 1.9160521879
6164.45 1.9160521879
6166.4 1.9160521879
6168.36 1.9160521879
6170.32 1.9160521879
6172.28 1.9160521879
6174.24 1.9160521879
6176.19 1.92188039307
6178.15 1.91918435258
6180.11 1.93064252467
6182.07 1.95375710711
6184.02 1.98979682484
6185.98 1.99792459396
6187.94 1.96355007771
6189.9 1.92124603061
6191.85 1.90542661655
6193.81 1.9123253084
6195.77 1.93147512541
6197.73 1.93563812911
6199.68 1.9239420711
6201.64 1.91125482173
6203.6 1.91042222099
6205.56 1.93020640047
6207.51 1.94146633428
6209.47 1.94336942169
6211.43 1.93540024318
6213.39 1.91874822839
6215.34 1.90439577754
6217.3 1.89460280694
6219.26 1.89313584373
6221.22 1.88667327608
6223.17 1.88124154745
6225.13 1.87604770474
6227.09 1.8706159761
6229.05 1.86542213339
6231.01 1.85999040476
6232.96 1.85479656205
6234.92 1.84936483342
6236.88 1.84393310478
6238.84 1.83873926207
6240.79 1.83104761714
6242.75 1.82395068703
6244.71 1.83354541936
6246.67 1.85372607538
6248.62 1.86336045537
6250.58 1.84393310478
6252.54 1.83977010108
6254.5 1.85876132748
6256.45 1.88060718498
6258.41 1.87961599362
6260.37 1.86395517019
6262.33 1.86355869364
6264.28 1.87751466795
6266.24 1.893334082
6268.2 1.89523716941
6270.16 1.87961599362
6272.11 1.86918866055
6274.07 1.85749260254
6276.03 1.85935604229
6277.99 1.88080542325
6279.94 1.90958962025
6281.9 1.92830331307
6283.86 1.93837381725
6285.82 1.97231220931
6287.78 2.00521976235
6289.73 2.01418013221
6291.69 1.99689375495
6293.65 1.97730781374
6295.61 1.95399499303
6297.56 1.93730333059
6299.52 1.93956324688
6301.48 1.96081438957
6303.44 1.97770429029
6305.39 1.97481001152
6307.35 1.96438267845
6309.31 1.94979234168
6311.27 1.93500376664
6313.22 1.91648831209
6315.18 1.89813144817
6317.14 1.89523716941
6319.1 1.91414910049
6321.05 1.95605667106
6323.01 2.00311843667
6324.97 2.03210087194
6326.93 2.03753260058
6328.88 2.02274402554
6330.84 2.00188935939
6332.8 1.98460298213
6334.76 1.96854568215
6336.72 1.95605667106
6338.67 1.9522901439
6340.63 1.94626370045
6342.59 1.9300081622
6344.55 1.90915349605
6346.5 1.90958962025
6348.46 1.93064252467
6350.42 1.94229893502
6352.38 1.94103021009
6354.33 1.92417995702
6356.29 1.91268213728
6358.25 1.91894646666
6360.21 1.94919762687
6362.16 1.98147081744
6364.12 1.98460298213
6366.08 1.9806382167
6368.04 1.99832107051
6369.99 2.01751053517
6371.95 1.9987571947
6373.91 1.97980561596
6375.87 1.96918004462
6377.82 1.97853689103
6379.78 1.9810743409
6381.74 1.98293778065
6383.7 1.98916246237
6385.65 1.98396861966
6387.61 1.99043118731
6389.57 2.00795545049
6391.53 2.0214753006
6393.49 2.01814489764
6395.44 2.00981889025
6397.4 2.00712284975
6399.36 2.00712284975
6401.32 2.00125499692
6403.27 2.00375279914
6405.23 2.00855016531
6407.19 2.00918452778
6409.15 2.00629024902
6411.1 2.00252372186
6413.06 2.00188935939
6415.02 1.99439595273
6416.98 2.00085852038
6418.93 2.00022415791
6420.89 1.98543558287
6422.85 1.97706992782
6424.81 1.98000385423
6426.76 1.98686289842
6428.72 1.96898180635
6430.68 1.95082318069
6432.64 1.96144875204
6434.59 1.99356335199
6436.55 2.02377486455
6438.51 2.0275413917
6440.47 2.0173122969
6442.42 2.01275281666
6444.38 2.00565588655
6446.34 2.00458539988
6448.3 2.01418013221
6450.26 2.03669999984
6452.21 2.04879253439
6454.17 2.04125948008
6456.13 2.0252021801
6458.09 2.01295105493
6460.04 2.01295105493
6462.0 2.0195722132
6463.96 2.02900835491
6465.92 2.04502600724
6467.87 2.05462073957
6469.83 2.0535502529
6471.79 2.04399516823
6473.75 2.04125948008
6475.7 2.03107003293
6477.66 2.00458539988
6479.62 1.97187608511
6481.58 1.94420202243
6483.53 1.94436061305
6485.49 1.9666822424
6487.45 1.99043118731
6489.41 1.98916246237
6491.36 1.96834744388
6493.32 1.96374831598
6495.28 1.97917125349
6497.24 1.9848012204
6499.19 1.97044876956
6501.15 1.95312274464
6503.11 1.95336063056
6505.07 1.96315360117
6507.03 1.96315360117
6508.98 1.96271747697
6510.94 1.98832986163
6512.9 2.02583654257
6514.86 2.04688944699
6516.81 2.04625508452
6518.77 2.04355904403
6520.73 2.05271765217
6522.69 2.05668241759
6524.64 2.05898198154
6526.6 2.06108330722
6528.56 2.05878374327
6530.52 2.04439164477
6532.47 2.03523303663
6534.43 2.03582775145
6536.39 2.03792907712
6538.35 2.02793786825
6540.3 2.00958100432
6542.26 1.99958979544
6544.22 2.00438716161
6546.18 2.02337838801
6548.13 2.0252021801
6550.09 1.99752811742
6552.05 1.96398620191
6554.01 1.94582757625
6555.97 1.94126809601
6557.92 1.93020640047
6559.88 1.92774824591
6561.84 1.9262812827
6563.8 1.92041342987
6565.75 1.90895525778
6567.71 1.90562485482
6569.67 1.90645745556
6571.63 1.90645745556
6573.58 1.92188039307
6575.54 1.94626370045
6577.5 1.97207432338
6579.46 1.98729902262
6581.41 1.99669551668
6583.37 2.00712284975
6585.33 2.02127706233
6587.29 2.04125948008
6589.24 2.04879253439
6591.2 2.03816696305
6593.16 2.01838278357
6595.12 2.00438716161
6597.07 1.99376159027
6599.03 1.99459419101
6600.99 2.00815368877
6602.95 2.01691582036
6604.9 2.01354576975
6606.86 2.00502152408
6608.82 2.01148409172
6610.78 2.00775721222
6612.74 1.99649727841
6614.69 1.98959858657
6616.65 2.00066028211
6618.61 2.01751053517
6620.57 2.02210966307
6622.52 2.01691582036
6624.48 2.00855016531
6626.44 1.99649727841
6628.4 1.98650606953
6630.35 1.97853689103
6632.31 1.97461177325
6634.27 1.97481001152
6636.23 1.98024174016
6638.18 2.00125499692
6640.14 2.02294226381
6642.1 2.02627266677
6644.06 2.00541800062
6646.01 1.98206553226
6647.97 1.97417564906
6649.93 1.97623732708
6651.89 1.97524613572
6653.84 1.98166905571
6655.8 1.99832107051
6657.76 2.01275281666
6659.72 1.99566467767
6661.67 1.96771308141
6663.63 1.94582757625
6665.59 1.94126809601
6667.55 1.95518442266
6669.51 1.97437388733
6671.46 1.99023294904
6673.42 1.98396861966
6675.38 1.95815799673
6677.34 1.93436940417
6679.29 1.93314032689
6681.25 1.97588049819
6683.21 2.03919780206
6685.17 2.07313619411
6694.09 1.93107864887
6709.52 1.91410945284
6724.99 1.83711370825
6740.49 1.90681428445
6756.03 1.85130756847
6771.6 1.91712267456
6787.21 1.94455885132
6802.86 1.88794200102
6818.54 1.91494205358
6834.26 1.90689357976
6850.01 1.87283624474
6865.8 1.82252337147
6881.63 1.87434285561
6897.5 1.89242218595
6913.4 1.90193762298
6929.33 1.88088471856
6945.31 1.9522901439
6961.32 1.90859842889
6977.36 1.97191573276
6993.45 1.98638712657
7009.57 1.94194210614
7025.73 1.95169542909
7041.93 1.98420650559
7058.16 1.97592014584
7074.43 1.79036912386
7090.74 1.82858946258
7107.09 1.85051461539
7123.47 1.8385410238
7139.89 1.7484615533
7156.35 1.74112673726
7172.85 1.71793285951
7189.38 1.74255405281
7205.96 1.75536024514
7222.57 1.82200795197
7239.21 1.86090230081
7255.9 1.91383191926
7272.63 1.89273936719
7289.39 1.82922382505
7306.2 1.92065131579
7323.04 1.92588480616
7339.92 1.94451920366
7356.84 1.97695098486
7373.8 1.99150167397
7390.8 1.99693340261
7407.84 1.98856774756
7424.92 1.97572190757
7442.03 2.07448421436
7459.19 2.08974856125
7476.38 2.08102607731
7493.62 2.09636971952
7510.89 2.08760758792
7528.2 2.11270455308
7545.56 2.12824643355
7562.95 2.07111416375
7580.39 2.02952377442
7597.87 2.00252372186
7615.38 1.99419771446
7632.93 2.0089069942
7650.53 1.95498618439
7668.17 1.92457643357
7685.84 1.96121086611
7703.56 1.93068217232
7721.32 1.86165560624
7739.12 1.89273936719
7756.96 1.78354972733
7774.84 1.90752794223
7792.76 1.89523716941
7810.73 1.91803457061
7828.74 1.94555004267
7846.78 1.93302138392
7864.87 1.94281435453
7883.0 1.90820195235
7901.17 1.86990231833
7919.39 1.8450432391
7937.64 1.86724592549
7955.94 1.83822384257
7974.28 1.91244425136
7992.66 1.93547953849
8011.09 1.8966248373
8029.56 1.95962495994
8048.06 2.00621095371
8066.62 2.01172197765
8085.21 1.93984078046
8103.85 1.88782305806
8122.53 1.93266455504
8141.26 1.90705217038
8160.02 1.92556762492
8178.83 1.91759844641
8197.69 1.93175265899
8216.59 1.95054564711
8235.53 1.75532059749
8254.52 2.03495550305
8273.54 2.02655020035
8292.61 1.94963375106
8311.73 1.86704768722
8330.89 1.86791993561
8350.1 1.9300081622
8369.34 1.9398011328
8388.64 1.90970856321
8407.98 1.91942223851
8427.36 1.91589359728
8446.79 1.80539558483
8466.26 1.82295949567
8485.77 1.8706159761
8505.33 1.5037958788
8524.94 1.75143512737
8544.59 1.73621042813
8564.29 1.81051013223
8584.04 1.84080094009
8603.82 1.84595513515
8623.66 1.83410048652
8643.54 1.86910936524
8663.46 1.81066872285
8683.43 1.7141266847
8703.45 1.83762912775
8723.52 1.88132084276
8743.62 1.85214016921
8763.78 1.9049508447
8783.98 1.84968201465
8804.23 1.89365126323
8824.53 1.93873064614
8844.87 1.89987594495
8865.26 1.9272328264
8885.7 1.75044393601
8906.18 1.80036033274
8926.71 1.81376123988
8947.29 1.84413134305
8967.91 1.82391103937
8988.59 1.75880959106
9009.31 1.68046582623
9030.08 1.76868185698
9050.9 1.91807421826
9071.76 1.80333390681
9092.67 1.84203001738
9113.63 1.82184936135
9134.64 1.89987594495
9155.7 1.78216205943
9176.8 1.74647917059
9197.96 1.82549694554
9219.16 1.70841742249
9240.41 1.70143943533
9261.72 1.79072595275
9283.07 1.85035602477
9304.46 1.67677859438
9325.92 1.8779904398
9347.42 1.87029879487
9368.96 1.83711370825
9390.56 1.87220188227
9412.21 1.843219447
9433.9 1.89147064225
9455.65 1.86649262006
9477.45 1.9109376405
9499.3 1.91632972148
9521.19 1.8909948704
9543.15 1.86173490155
9565.14 1.88425476917
9587.19 1.91589359728
9609.3 1.8905587462
9631.45 1.90467331112
9653.65 1.86657191537
9675.9 1.87184505339
9698.21 1.8988847536
9720.56 1.86090230081
9742.97 1.84056305417
9765.43 1.85003884354
9787.94 1.81725023346
9810.51 1.87343095956
9833.12 1.85725471661
9855.79 1.86680980129
9878.52 1.85495515267
9901.29 1.85590669637
9924.11 1.84413134305
9946.98 1.85364678008
9969.91 1.85463797143
9992.89 1.85134721613
10015.94 1.86090230081
10085.36 1.84254543688
10131.91 1.86589790525
10178.68 1.84654984996
10225.66 1.857096126
10272.86 1.86340010303
10296.54 1.85586704872
10487.98 1.80432509816
10707.58 1.72709146765
10906.65 1.67614423191
11109.42 1.58967269795
11289.93 1.56069026268
11499.84 1.54637745949
11686.69 1.50078265708
11903.96 1.44317461542
12097.38 1.41355781768
12293.95 1.39095865475
12493.71 1.34992333258
12696.72 1.31919640052
12903.02 1.28620955217
13112.68 1.25984386208
13295.09 1.21987902657
13511.12 1.19208602093
13699.08 1.17305514688
13889.65 1.12282156892
14115.34 1.06981265516
14311.71 1.05514302308
14510.8 1.06489634603
14712.67 1.02168040288
14883.04 1.03587426311
15090.09 1.04305048853
15299.99 1.06247783912
15512.84 1.05030600926
15692.47 1.03349540385
15910.78 1.00070679377
16095.02 1.00304600537
16281.4 0.996107665875
16507.9 0.982468872806
16699.03 0.971208938993
16892.4 0.955667058519
17088.01 0.931799170649
17285.89 0.895997338843
17486.03 0.861622822591
17688.52 0.824750504121
17893.35 0.789424444166
18100.55 0.752155649153
18310.13 0.728287761282
18479.55 0.701961718847
18693.54 0.670362538394
18909.99 0.650618006568
19084.97 0.638723710287
19305.97 0.615609127847
19484.59 0.591979125903
19710.22 0.569261020006
19892.6 0.549952612377
20122.95 0.541150833129
20309.13 0.521564891919
20497.06 0.513238884523
20686.7 0.500393044539
20878.12 0.48786438579
21119.89 0.478983311234
21315.29 0.468080206309
21512.53 0.457414987311
21711.59 0.442903945848
21912.47 0.43382463302
22115.24 0.420066896989
22319.85 0.408608724905
22474.58 0.398379630103
22682.52 0.38753599666
22892.41 0.345394504937
23104.24 0.341437669041
23318.0 0.296695291197
23479.65 0.278814199122
23696.89 0.282691739709
23916.16 0.258411516234
24081.93 0.249066564123
24304.77 0.245081974869
24473.23 0.227149340843
24699.69 0.222490741466
24928.24 0.18505939107
25101.02 0.181265110556
25275.03 0.182101676061
25508.88 0.180432509816
25685.71 0.183786701368
25923.36 0.180432509816
26103.07 0.180016209447
26283.99 0.175516200687
26527.21 0.173105623307
26711.07 0.169945705262
26896.24 0.167229840945
27082.66 0.16380031885
27270.41 0.160442162534
27522.72 0.157876959302
27713.52 0.153928052937
27905.6 0.151814832965
28099.05 0.148357557512
28293.81 0.145986627787
28489.95 0.142664154359
28687.42 0.140059303474
28886.26 0.137188813304
29086.5 0.134683081555
29288.11 0.131618317879
29491.14 0.129215670031
29695.55 0.126856634602
29901.41 0.124255748482
30108.66 0.121987902657
30317.38 0.120037238067
30527.51 0.11838789565
30668.41 0.11676630659
30881.01 0.115164541358
31095.06 0.113320925434
31310.61 0.112024447139
31527.63 0.113261453953
31673.18 0.111294930301
31892.72 0.108325320996
32113.77 0.105549985197
32336.39 0.102822226583
32485.64 0.100994469721
32710.84 0.0983777245397
32937.56 0.0958600984935
33089.58 0.0941711084217
33318.97 0.0917050243261
33472.75 0.0901587658095
33704.79 0.0878235189731
33938.41 0.0855041311983
34095.05 0.0840728508791
34331.41 0.0819160184869
34489.86 0.080468879106
34728.95 0.0784111658494
34889.24 0.0770829694314
35131.07 0.0750807628907
35293.25 0.0737565312381
35537.87 0.07191688008
35701.9 0.0706838380322
35866.72 0.069446831219
36115.32 0.0676745810731
36282.0 0.0665366933956
36533.52 0.0648239147311
36702.14 0.0636741327573
36871.58 0.0626274346846
37127.14 0.0610454932792
37298.5 0.0599869009102
37470.69 0.0589441676029
37730.4 0.0574851339258
37904.55 0.0565058368653
38079.53 0.0555225750394
38343.47 0.0541230128437
38520.44 0.0532230110918
38698.27 0.052315079809
38876.88 0.0514031837608
39056.32 0.0505428296632
39327.07 0.0492859990228
39508.58 0.0484454687523
39690.93 0.0476009737163
39874.17 0.0468159501618
40058.21 0.0460428209035
40335.85 0.0448732151026
40522.07 0.0440921563135
40709.1 0.0433784985366
40896.99 0.0426569112289
41085.79 0.0419353239212
41275.42 0.041209771848
41465.92 0.04053179696
41657.35 0.0398657163683
41946.09 0.0388626307153
42139.69 0.0381898100223
42334.23 0.0375709101392
42529.62 0.0369535961622
42725.91 0.0363335068494
42923.16 0.0357106422008
43121.27 0.0351202886287
43320.29 0.0345485694542
43520.24 0.0339744714203
43721.15 0.0333975980507
43922.94 0.0328349978366
44125.67 0.0323057016521
44329.38 0.0317736301318
44533.98 0.0312391797523
44739.52 0.0307035399431
44946.06 0.0302130984598
45049.67 0.0299668865267
45257.59 0.0294728767545
45466.48 0.0289768845996
45676.37 0.028488425499
45887.19 0.0280324774749
46098.98 0.0275749435447
46311.8 0.0271150307551
46525.55 0.0266531355829
46740.29 0.0262277162526
46848.03 0.0260156013022
47064.3 0.0255901819719
47281.53 0.0251631767354
47499.75 0.0247385503582
47719.04 0.0243460385809
47939.28 0.0239519408975
48049.79 0.0237540991027
48271.56 0.0233572260834
48494.41 0.0229698685012
48718.23 0.0226051100819
48943.09 0.0222387657565
49055.91 0.0220548006407
49282.38 0.0216856809794
49509.83 0.0213324203799
49738.34 0.0209934329359
49853.0 0.020823344499
50083.14 0.0204819781958
50314.3 0.0201390259863
50546.53 0.0198166905571
50663.09 0.0196588928931
50779.88 0.0195010952291
50896.93 0.0193429010886
51014.25 0.0191843104715
51131.84 0.0190253233779
51249.7 0.0188663362843
51367.83 0.0187065562376
51486.3 0.0185586704872
51604.98 0.0184123706429
51723.93 0.0182660707986
51843.16 0.0181193744778
51962.66 0.0179722816805
52082.44 0.0178247924066
52202.55 0.0176769066562
52322.88 0.0175286244292
52443.49 0.0173835140146
52564.38 0.017247919037
52685.54 0.0171119275828
52806.98 0.0169755396522
52928.71 0.0168391517215
53050.77 0.0167023673142
53173.06 0.0165651864305
53295.62 0.0164276090702
53418.47 0.0162896352333
53541.61 0.0161595909273
53665.02 0.0160335113867
53788.73 0.0159070353696
53912.77 0.0157801628759
54037.05 0.0156528939057
54161.6 0.0155256249355
54286.45 0.0153979594888
54411.58 0.015270294042
54537.01 0.0151426285953
54662.78 0.0150252715386
54788.78 0.014907914482
54915.07 0.0147901609488
55041.66 0.0146720109391
55168.53 0.0145538609294
55295.7 0.0144353144431
55423.16 0.0143167679568
55550.97 0.0141974285175
55679.02 0.0140828467966
55807.37 0.0139738157474
55936.01 0.0138647846982
56064.94 0.0137549606958
56194.17 0.0136451366935
56323.77 0.0135353126912
56453.6 0.0134246957358
56583.73 0.0133144752569
56714.16 0.0132034618249
56844.89 0.0131007744004
56975.92 0.0129992764054
57107.26 0.012897381934
57238.95 0.0127954874625
57370.89 0.0126931965145
57503.14 0.0125905090899
57635.69 0.0124878216654
57768.54 0.0123851342408
57901.7 0.0122840327224
58035.17 0.0121896713053
58169.01 0.0120953098881
58303.09 0.0120005519944
58437.48 0.0119053976241
58572.19 0.0118102432539
58707.2 0.0117146924071
58842.52 0.0116191415603
58978.23 0.011523194237
59114.17 0.0114327975852
59250.44 0.0113447797928
59387.01 0.0112567620003
59523.9 0.0111683477313
59661.11 0.0110799334622
59798.63 0.0109911227167
59936.54 0.0109023119711
60074.7 0.010813104749
60213.17 0.0107242940034
60351.97 0.0106426198356
60491.09 0.0105609456678
60630.52 0.0104788750235
60770.34 0.0103964079026
60910.43 0.0103139407817
61050.83 0.0102314736609
61191.55 0.0101486100634
61332.6 0.010065746466
61473.98 0.00998565820439
61615.68 0.0099095347082
61757.78 0.009833411212
61900.14 0.00975689123926
62042.82 0.00968037126652
62185.83 0.00960345481723
62329.18 0.00952653836795
62472.85 0.00944922544212
62616.92 0.0093719125163
62761.26 0.00930015026207
62905.93 0.00922918096093
63050.93 0.00915821165978
63196.27 0.0090868458821
63341.94 0.00901548010441
63487.95 0.00894371785018
63634.36 0.00887195559596
63781.04 0.00880019334173
63928.06 0.00872962051713
64075.42 0.00866380541104
64223.12 0.00859759382841
64371.16 0.00853138224578
64519.54 0.0084647741866
64668.33 0.00839816612743
64817.4 0.00833155806826
64966.81 0.00826455353254
65116.56 0.00819754899683
65266.65 0.00813411274999
65417.1 0.00807265888588
65567.96 0.00801080854521
65719.1 0.0079493546811
65870.59 0.00788710786389
66022.43 0.00782525752323
66174.62 0.00776301070603
66327.15 0.00770036741228
66480.04 0.00763812059508
66633.35 0.00758102797293
66786.95 0.00752353887424
66940.9 0.00746604977555
67095.2 0.00740856067686
67249.86 0.00735067510162
67404.88 0.00729278952639
67560.32 0.00723490395115
67716.06 0.00717662189938
67872.14 0.00712071870686
68028.59 0.00706719437359
68185.4 0.00701367004033
68342.58 0.00696014570706
68500.11 0.00690622489726
68658.09 0.00685230408745
68816.34 0.00679838327764
68974.97 0.00674406599129
69133.96 0.00668974870494
69293.32 0.00663939618402
69453.05 0.00658983661618
69613.22 0.00653988057181
69773.68 0.00648952805088
69934.52 0.0064395720065
70095.72 0.00638921948558
70257.3 0.00633886696466
70419.24 0.00628851444373
70581.57 0.0062389548759
70744.34 0.0061925671204
70907.41 0.00614578288836
71070.86 0.00609939513287
71234.68 0.00605261090083
71398.88 0.00600582666879
71563.46 0.00595904243675
71728.42 0.00591186172817
71893.83 0.00586468101959
72059.56 0.00581987917027
72225.66 0.00577666322711
72392.15 0.00573344728396
72559.02 0.00568983486426
72726.27 0.00564622244456
72893.99 0.00560261002487
73062.01 0.00555860112863
73230.42 0.00551498870893
73399.23 0.00547097981269
73568.41 0.00543053920534
73738.0 0.00539009859798
73907.97 0.00534965799063
74078.41 0.00530921738327
74249.17 0.00526838029937
74420.32 0.00522754321547
74591.87 0.00518670613158
74763.8 0.00514586904768
74936.14 0.00510622139341
75108.95 0.00506855612185
75282.08 0.0050308908503
75455.61 0.0049928291022
75629.55 0.00495516383064
75803.88 0.00491710208254
75978.61 0.00487904033444
76153.75 0.0048405821098
76329.37 0.0048025203617
76505.32 0.00476683747286
76681.67 0.00473155106056
76858.42 0.00469626464826
77035.59 0.00466097823596
77213.16 0.00462569182366
77391.14 0.00459000893482
77569.62 0.00455432604597
77748.42 0.00451903963367
77927.64 0.00448375322137
78107.27 0.00445124214487
78287.31 0.00441833459183
78467.77 0.00438542703878
78648.72 0.0043521230092
78830.01 0.00431921545615
79011.73 0.00428591142657
79193.85 0.00425260739698
79376.4 0.00421930336739
79559.37 0.00418798172052
79742.76 0.00415705655019
79926.66 0.0041265278564
80110.9 0.00409560268607
80295.56 0.00406467751574
80480.64 0.00403375234541
80666.16 0.00400282717508
80852.1 0.00397190200475
81038.56 0.0039408182438
81225.35 0.00391223228507
81412.59 0.00388360667869
81600.25 0.003854901777
81788.34 0.00382611758
81976.87 0.00379729373535
82165.84 0.00376839059538
82355.33 0.00373940816011
82545.16 0.00371038607719
82735.43 0.00368235518562
82926.14 0.00365567231429
83117.3 0.00362887050001
83308.89 0.00360206868572
83501.01 0.00357514792847
83693.48 0.00354818752357
83886.41 0.00352118747101
84079.76 0.00349410812314
84273.58 0.00346694947997
84467.83 0.0034416939242
84662.54 0.00341671590201
84857.78 0.00339165858451
85053.39 0.00336656161936
85249.44 0.00334142500655
85445.95 0.00331620909844
85642.91 0.00329095354267
85840.32 0.00326565833924
86038.19 0.00324079926001
86236.61 0.0032174864393
86435.39 0.00319409432328
86634.63 0.00317070220727
86834.33 0.00314723079594
87034.48 0.00312371973696
87235.11 0.00310016903032
87436.29 0.00307649938072
87637.83 0.00305282973112
87839.84 0.0030303891588
88042.32 0.00300858294896
88245.27 0.00298673709145
88448.67 0.0029648515863
88652.55 0.00294288678583
88857.01 0.00292088233771
89061.83 0.00289883824194
89267.12 0.00287671485085
89472.89 0.00285463110743
89679.13 0.00283429186079
89885.84 0.00281391296649
90093.14 0.00279345477689
90300.8 0.00277295693963
90508.96 0.00275241945472
90717.59 0.00273184232215
90926.7 0.00271122554193
91136.29 0.0026905294664
91346.36 0.00267058669631
91557.03 0.0026515161746
91768.07 0.0026324456529
91979.61 0.00261329583589
92191.62 0.00259414601887
92404.13 0.00257491690655
92617.13 0.00255564814658
92830.72 0.00253633973895
93044.7 0.00251699168366
93259.17 0.00249895200097
93474.15 0.0024811502042
93689.61 0.00246326911213
93905.57 0.0024453483724
94122.03 0.00242742763267
94339.09 0.00240942759763
94556.55 0.00239138791494
94774.51 0.00237330858459
94992.97 0.00235558608313
95211.94 0.00233893406834
95431.41 0.00232224240589
95651.38 0.00230551109579
95871.97 0.00228874013803
96092.97 0.00227192953262
96314.46 0.00225507927956
96536.47 0.00223822902649
96759.0 0.00222129947812
96982.03 0.00220524217814
97205.69 0.00218962100236
97429.76 0.00217399982658
97654.34 0.00215833900314
97879.44 0.00214263853205
98105.06 0.0021268984133
98331.2 0.00211115829456
98557.86 0.00209533888051
98785.16 0.00207955911411
99012.86 0.00206496877733
99241.09 0.00205037844056
99469.85 0.00203574845614
99699.14 0.00202107882406
99928.95 0.00200636954432
100159.4 0.00199162061694
100390.27 0.00197683204189
100621.68 0.00196204346685
100853.62 0.00194773066366
101086.09 0.00193409187059
101319.11 0.00192041342987
101552.65 0.00190669534149
101786.85 0.00189293760546
102021.48 0.00187917986943
102256.64 0.00186538248574
102492.35 0.0018515454544
102728.6 0.00183766877541
102965.4 0.00182470399246
103202.75 0.00181193744778
103440.75 0.0017990916078
103679.19 0.00178624576782
103918.18 0.00177339992783
104157.71 0.00176047479254
104397.81 0.00174754965725
104638.45 0.0017345848743
104879.76 0.00172181832963
105121.52 0.00170988438569
105363.83 0.00169787114645
105606.7 0.00168585790721
105850.13 0.00167384466796
106094.13 0.00166175213341
106338.68 0.00164965959886
106583.91 0.00163752741665
106829.6 0.00162539523445
107075.85 0.00161385776705
107322.67 0.00160263748089
107570.05 0.00159137754708
107818.01 0.00158011761327
108066.66 0.00156885767946
108315.75 0.00155751845034
108565.43 0.00154617922121
108815.68 0.00153480034444
109066.51 0.00152346111532
109317.92 0.00151299413459
109569.9 0.00150244785855
109822.59 0.00149194123017
110075.74 0.00148135530648
110329.47 0.00147076938279
110583.79 0.0014601834591
110838.69 0.00144955788776
111094.18 0.00143889266876
111350.38 0.00142858427865
111607.06 0.00141875166039
111864.32 0.00140887939448
112122.17 0.00139900712856
112380.62 0.001389095215
112639.67 0.00137918330143
112899.31 0.00136923174021
113159.68 0.00135924053133
113420.52 0.00134924932246
113681.96 0.0013399321237
113944.0 0.00133069422026
114206.65 0.00132145631681
114469.91 0.00131217876571
114733.77 0.00130290121461
114998.37 0.00129358401586
115263.44 0.00128426681711
115529.13 0.0012749099707
115795.43 0.00126571171491
116062.35 0.00125706852628
116329.88 0.00124842533765
116598.16 0.00123974250136
116866.93 0.00123105966508
117136.31 0.00122233718114
117406.32 0.00121357504954
117676.95 0.00120485256561
117948.21 0.00119605078636
118220.08 0.00118772477896
118492.72 0.00117959700984
118765.85 0.00117150888836
119039.62 0.00116334147158
119314.01 0.00115517405481
119589.04 0.00114700663803
119864.7 0.00113879957359
120141.13 0.00113059250916
120418.06 0.00112238544472
120695.64 0.00111481274276
120973.84 0.00110720039314
121252.7 0.00109958804352
121532.2 0.00109193604624
121812.33 0.00108428404897
122093.26 0.00107659240404
122374.69 0.00106890075911
122656.77 0.00106116946653
122939.51 0.00105371570753
123222.89 0.00104661877741
123506.93 0.00103948219965
123791.75 0.00103230597422
124077.1 0.0010251297488
124363.11 0.00101795352338
124649.78 0.0010107376503
124937.1 0.00100352177722
125225.09 0.000996266256492
125513.74 0.000989486507612
125803.2 0.000982825701694
126093.18 0.000976085600468
126383.84 0.000969385146897
126675.16 0.000962645045671
126967.16 0.000955904944445
127259.83 0.000949125195565
127553.17 0.000942345446685
127847.33 0.000935684640767
128142.03 0.000929420311393
128437.4 0.000923116334364
128733.46 0.000916812357335
129030.2 0.000910508380306
129327.62 0.000904204403277
129625.87 0.000897860778594
129924.67 0.000891477506257
130224.16 0.000885133881573
130524.33 0.00087906779047
130825.2 0.000873160289984
131126.76 0.000867252789498
131429.01 0.000861345289012
131732.12 0.000855398140871
132035.77 0.000849490640385
132340.12 0.00084350384459
132645.18 0.00083755669645
132950.93 0.000831569900655
133257.39 0.000826058876711
133564.71 0.000820508205114
133872.59 0.000814957533516
134181.17 0.000809406861918
134490.47 0.00080385619032
134800.47 0.000798265871068
135111.21 0.000792675551816
135422.65 0.00078704558491
135734.94 0.000781613856275
136047.82 0.000776420013566
136361.43 0.000771226170856
136675.75 0.000766032328147
136990.8 0.000760798837783
137306.57 0.00075556534742
137623.07 0.000750331857056
137940.46 0.000745058719038
138258.41 0.00073978558102
138577.12 0.000734829624237
138896.54 0.000729952962761
139216.71 0.000725076301286
139537.62 0.000720199639811
139859.41 0.000715283330682
140181.79 0.000710367021552
140504.93 0.000705411064768
140828.8 0.000700455107985
141153.43 0.000695618094164
141478.78 0.000691018966269
141804.91 0.000686459486027
142131.93 0.000681860358132
142459.55 0.000677261230237
142787.94 0.000672622454687
143117.07 0.000667983679138
143446.97 0.000663344903588
143777.62 0.000658706128039
144109.2 0.00065426559076
144441.38 0.000649983644099
144774.32 0.000645662049784
145108.05 0.000641340455468
145442.53 0.000637018861153
145777.79 0.000632657619183
146113.82 0.000628336024868
146450.77 0.000623974782898
146788.36 0.000619613540929
147126.72 0.000615569480193
147465.86 0.000611525419458
147805.77 0.000607441711068
148146.47 0.000603397650332
148488.13 0.000599313941942
148830.4 0.000595230233553
149173.47 0.000591146525163
149517.32 0.000587023169119
149861.96 0.000583058403692
150207.41 0.000579252228882
150553.65 0.000575446054072
150900.84 0.000571639879262
151248.68 0.000567833704452
151597.33 0.000563987881988
151946.78 0.000560142059524
152297.02 0.00055629623706
152648.07 0.000552450414596
152999.94 0.000548802830403
153352.78 0.000545234541518
153706.27 0.000541666252634
154060.57 0.000538058316096
154415.69 0.000534450379557
154771.64 0.000530882090673
155128.39 0.00052723450648
155486.14 0.000523626569941
155844.55 0.000520058281057
156203.78 0.000516688230444
156563.84 0.000513318179831
156924.74 0.000509948129218
157286.45 0.000506578078605
157649.02 0.000503208027992
158012.58 0.000499798329725
158376.81 0.000496388631458
158741.89 0.000492978933191
159107.79 0.000489727825541
159474.55 0.000486595660853
159842.14 0.000483423848512
160210.77 0.00048025203617
160580.06 0.000477040576174
160950.22 0.000473868763833
161321.21 0.000470657303837
161693.08 0.000467485491495
162065.78 0.000464274031499
162439.36 0.000461300457429
162813.98 0.000458326883359
163189.27 0.000455353309289
163565.43 0.000452340087564
163942.47 0.000449366513494
164320.36 0.00044635329177
164699.14 0.000443340070045
165078.96 0.000440326848321
165459.48 0.000437392921905
165840.87 0.000434617586106
166223.15 0.000431802602652
166606.3 0.000428987619199
166990.34 0.000426172635746
167375.27 0.000423357652293
167761.26 0.00042054266884
168147.96 0.000417688037732
168535.55 0.000414873054279
168924.04 0.000412216661443
169313.43 0.000409560268607
169703.71 0.000406943523425
170094.88 0.000404287130589
170487.15 0.000401630737753
170880.13 0.000398974344917
171274.04 0.000396306057785
171668.83 0.000393637770652
172064.53 0.000391009131174
172461.16 0.000388535117548
172858.89 0.000386053174391
173257.33 0.000383567266468
173656.71 0.000381073429014
174056.99 0.000378575626795
174458.21 0.000376069895045
174860.35 0.00037356019853
175263.42 0.000371046537249
175667.6 0.000368647854166
176072.53 0.00036631260733
176478.39 0.000363977360493
176885.19 0.000361634184126
177292.92 0.000359283078228
177701.59 0.000356931972329
178111.4 0.000354568972135
178521.96 0.00035220597194
178933.47 0.000349839006981
179345.92 0.000347646491699
179759.33 0.000345450011653
180173.68 0.000343245602075
180588.99 0.000341037227733
181005.47 0.000338820923859
181422.7 0.00033660065522
181840.89 0.000334376421815
182260.04 0.000332148223645
182680.17 0.000329987426488
183101.25 0.0003279217837
183523.31 0.000325848211382
183946.55 0.000323770674298
184370.56 0.000321689172449
184795.55 0.000319599741069
185221.52 0.000317510309689
185648.46 0.000315412948778
186076.4 0.000313311623102
186505.51 0.000311337169919
186935.43 0.000309386505329
187366.33 0.000307431875974
187798.23 0.000305473281853
188231.11 0.000303510722966
188664.99 0.000301540234549
189099.89 0.000299569746132
189535.98 0.000297591328184
189972.88 0.000295644628359
190410.78 0.000293808941966
190849.68 0.000291969290808
191289.6 0.000290125674885
191730.55 0.000288278094196
192172.7 0.000286426548741
192615.68 0.000284571038522
193059.67 0.000282707598771
193504.69 0.00028084415902
193950.73 0.000279063979343
194397.79 0.000277335341617
194845.9 0.00027559877436
195295.24 0.000273858242338
195745.41 0.000272117710315
196196.62 0.000270369248762
196648.87 0.000268616822443
197102.16 0.000266864396125
197556.5 0.000265108005041
198012.1 0.00026347848645
198468.52 0.000261845003094
198926.0 0.000260207554973
199384.55 0.000258566142086
199844.14 0.000256920764434
200304.8 0.000255271422016
200766.52 0.000253622079599
201229.52 0.00025196480765
201693.36 0.000250359077652
202158.29 0.000248820748666
202624.27 0.000247278454915
203091.34 0.000245732196399
203559.48 0.000244185937882
204028.7 0.000242631749835
204499.23 0.000241077561788
204970.61 0.000239515444209
205443.08 0.000237953326631
205916.64 0.000236486363423
206391.28 0.000235035259277
206867.04 0.000233580190365
207344.11 0.000232121156688
207822.05 0.000230658158245
208301.09 0.000229191195037
208781.24 0.00022772423183
209262.5 0.000226253303856
209744.86 0.00022480219971
210228.34 0.000223434355638
210713.16 0.0002220625468
211198.88 0.000220690737962
211685.7 0.000219314964359
212173.65 0.000217931261225
212662.72 0.000216547558091
213152.93 0.000215163854957
213644.5 0.000213772222292
214136.96 0.000212444025874
214630.56 0.00021115547711
215125.29 0.000209858998816
215621.18 0.000208562520521
216118.21 0.000207262077461
216616.37 0.000205957669635
217115.92 0.00020465326181
217616.39 0.000203340924454
218118.02 0.000202032551863
218620.78 0.000200815368877
219124.73 0.000199598185891
219629.83 0.000198373073374
220136.32 0.000197147960857
220643.75 0.000195918883574
221152.36 0.000194689806292
221662.13 0.000193452799479
222173.07 0.000192215792665
222685.2 0.000191018433507
223198.51 0.000189868651533
223713.24 0.000188714904793
224228.91 0.000187561158054
224745.77 0.00018640344655
225263.83 0.000185241770279
225783.08 0.000184080094009
226303.52 0.000182914452974
226825.18 0.000181744847173
227348.28 0.00018064660715
227872.33 0.000179560261423
228397.59 0.00017846995093
228924.06 0.000177379640438
229451.74 0.00017628536518
229980.66 0.000175187125157
230511.03 0.000174088885133
231042.37 0.000172986680345
231574.94 0.000171900334618
232108.74 0.000170877425137
232643.76 0.000169850550892
233180.03 0.000168819711881
233717.53 0.00016778887287
234256.5 0.000166754069093
234796.49 0.000165719265317
235337.71 0.000164680496775
235880.19 0.000163637763468
236423.91 0.000162642607346
236968.88 0.000161675204581
237515.37 0.000160703837052
238062.85 0.000159732469522
238611.6 0.000158757137227
239161.63 0.000157777840167
239712.92 0.000156798543106
240265.46 0.000155819246046
240819.29 0.00015483598422
241374.66 0.000153920123406
241931.05 0.000153004262593
242488.72 0.000152088401779
243047.67 0.0001511685762
243607.91 0.000150244785855
244169.44 0.000149320995511
244732.28 0.000148397205166
245296.66 0.000147465485291
245862.1 0.000146565483539
246428.82 0.000145701164676
246996.86 0.000144836845813
247566.21 0.000143968562185
248136.86 0.000143096313791
248709.11 0.000142224065397
249282.41 0.000141351817003
249857.02 0.000140475603843
255676.79 0.000132193208866
261632.39 0.000124489669642
267726.46 0.000117261902268
273962.75 0.000110474223857
280344.0 0.000104102845816
286874.21 9.81160500215e-05
293556.5 9.2494012646e-05
300394.15 8.72644870478e-05
307391.4 8.23481779184e-05
314551.28 7.77252614305e-05
321878.29 7.33759137571e-05
329375.61 6.92842758365e-05
337047.92 6.54344886069e-05
