102.0 1.47033528694e-06
103.9 1.82569913288e-06
106.08 2.31449816477e-06
108.05 2.98862384384e-06
110.06 4.32007997456e-06
113.92 6.36110550561e-06
117.93 8.80174161961e-06
120.95 3.35429648452e-05
124.92 4.30166313899e-05
126.95 4.70602271728e-05
128.12 5.01945640929e-05
131.1 5.65837002539e-05
132.01 6.74056181568e-05
133.85 7.23955381317e-05
136.97 9.3485710579e-05
140.16 0.000103459759071
143.09 0.000297032283743
147.1 0.000786757948875
150.87 0.000856788255672
155.1 0.000946046202113
159.08 0.00104942372248
162.04 0.00112195593902
165.81 0.00124736416457
170.07 0.00134917799136
172.83 0.00143906141523
176.85 0.00155280564493
180.14 0.0016373609277
181.81 0.00169886620873
186.04 0.00182048682093
190.82 0.00197813030017
193.92 0.00209060040917
197.98 0.00221465343361
202.12 0.00235689163531
204.94 0.0024625278242
210.19 0.00252009491397
216.08 0.00284754393368
220.1 0.00301653867006
223.16 0.00308707862514
226.79 0.00327020451837
229.94 0.00505362600986
234.22 0.00834919711307
240.22 0.0103920759106
245.82 0.00990269773292
252.13 0.0106123829624
256.81 0.00901278233907
259.79 0.0104204540534
264.01 0.0109628819839
268.92 0.0109892910311
273.92 0.0109904493226
279.01 0.011016974199
284.2 0.0110182483197
290.15 0.0105236578301
296.22 0.0107206832218
301.03 0.0105990626096
308.05 0.0107481347315
318.14 0.010950256606
327.81 0.0109021875069
337.77 0.0107549686516
348.03 0.0105852789403
356.96 0.0104660907403
366.11 0.010444083201
374.64 0.0102552816792
385.14 0.00977343239652
395.02 0.00993431909209
405.15 0.00989076733001
413.63 0.00966744872018
422.3 0.00942733488294
430.15 0.00923552180313
441.18 0.00911100546207
451.46 0.0088442509193
459.85 0.00860471622784
469.48 0.00841058656494
480.42 0.00829718982271
490.47 0.00794367924324
499.59 0.00792699984499
506.54 0.00769429907365
512.41 0.00822664986763
519.54 0.00809634206884
530.42 0.00785947144793
540.28 0.00747271790113
550.32 0.00756086388769
560.55 0.0077564993296
569.66 0.00792051341234
580.25 0.00761819931916
589.68 0.00788750210332
600.64 0.00763904856696
610.4 0.0072132605951
620.32 0.00817000941109
630.4 0.00819051117143
640.64 0.00813595563967
649.56 0.00838475666349
658.59 0.00850301823021
664.69 0.00870224437591
675.49 0.00856498682786
684.88 0.00823788529561
694.41 0.00950389795405
705.69 0.00899517630759
715.51 0.00995632663144
725.47 0.010096943225
735.56 0.0102395289141
745.79 0.0110249664107
754.43 0.0114407930752
764.92 0.0114697503639
775.56 0.0124632170218
784.54 0.0129635989692
795.46 0.013360892969
804.67 0.0137373377211
815.86 0.0140292271903
825.31 0.0150693729976
834.87 0.012195651675
844.53 0.015391378047
854.31 0.0156091368574
864.2 0.0166133756267
874.21 0.0176419385185
884.34 0.0190388381215
894.57 0.0199411472349
904.93 0.0194465567453
915.41 0.0315449119305
926.01 0.238793384871
934.58 0.518937777891
945.4 1.00510748798
954.15 1.48689885603
965.2 1.49755513824
974.13 0.200199110599
985.41 1.01760545375
994.53 1.24064607361
1006.04 2.10751146572
1015.35 2.11758860216
1024.75 0.948281704794
1034.23 1.30319381703
1043.8 2.88472509227
1055.89 2.82634719841
1065.66 2.00592929725
1075.52 2.53746928714
1085.47 1.8134212425
1095.51 2.71387708941
1105.65 2.58634919033
1115.88 2.38654389886
1126.2 2.07426849839
1134.01 2.91704142637
1144.5 2.58241099908
1155.09 2.83225448529
1165.78 2.89885624911
1173.86 1.8042707393
1184.72 2.7950733267
1195.68 1.66145339183
1203.97 1.04611100867
1215.11 0.890598785864
1226.36 1.86971421158
1234.86 3.08927937908
1246.28 3.41163191599
1254.92 3.1480047604
1263.62 2.58299014485
1275.31 3.61595454449
1284.15 3.84865531583
1296.03 2.70657985268
1305.02 2.6515610043
1314.06 3.65244072815
1326.22 3.44105252123
1335.42 2.84951302931
1344.67 3.71417766748
1353.99 3.56406308328
1366.52 3.0342605307
1375.99 3.26696130205
1385.53 3.2902429621
1395.14 2.80746704623
1404.81 2.91345072258
1414.55 2.94101806134
1424.35 3.09449169103
1434.22 3.03159646015
1440.84 3.25642084899
1447.49 3.34039698598
1454.17 3.19781129682
1464.25 2.85727358266
1474.4 2.86445499023
1484.62 2.9658055004
1494.92 3.0355346514
1505.28 2.80746704623
1512.23 2.39546274375
1515.71 2.6449587425
1526.22 2.5090911443
1533.26 2.08724136369
1543.89 2.41364792101
1554.59 2.2531087129
1565.37 2.26920896537
1576.22 2.44330018455
1583.49 2.61843386612
1594.47 2.66766125678
1605.52 2.6256152737
1616.65 2.64449542588
1624.11 2.4457325968
1635.37 2.65769994949
1646.71 2.70148336988
1654.31 2.43600294782
1665.78 2.71503538096
1673.47 2.31125494845
1677.32 2.71573035589
1685.07 2.9037210736
1696.75 2.67959165969
1704.58 2.54175496586
1716.39 2.35098434844
1724.32 2.34055972453
1736.27 2.54337657402
1744.28 2.46878259854
1756.37 2.69522859554
1764.48 2.39708435192
1776.71 2.46484440729
1784.91 2.52264315537
1793.15 2.7602087512
1805.58 2.72928236696
1813.91 2.4497866172
1826.49 2.51905245158
1834.92 2.38399565746
1843.39 2.14978910711
1856.17 2.13554212111
1864.73 2.22623634906
1873.34 2.48117631807
1886.33 2.2375876062
1895.03 2.14214438291
1903.78 2.2905215298
1916.98 2.172954938
1925.82 2.13866950828
1934.71 2.2039971514
1943.64 2.31368736069
1957.12 2.14492428262
1966.15 2.41272128777
1975.23 2.48071300145
1984.34 2.32086876827
1993.5 2.24256825984
2002.7 2.32179540151
2016.59 2.2027230307
2025.89 2.33905394552
2035.25 2.18337956191
2044.64 2.30778007381
2054.08 2.18419036599
2063.56 2.17457654617
2073.08 2.36847455076
2077.86 2.2465064511
2082.65 2.36349389712
2097.09 2.20631373449
2106.77 2.20168056831
2116.49 2.22762629892
2126.26 2.25913182893
2136.08 2.0513343258
2145.94 2.13855367912
2155.84 2.23457604818
2165.79 2.14434513685
2175.79 2.12025267272
2185.83 2.07716422725
2195.92 2.19056096948
2206.06 2.11666196893
2216.24 1.97581371708
2226.47 1.89600742965
2236.75 2.06963533221
2247.07 1.95299537365
2257.44 1.82998481159
2262.65 1.88928933869
2273.09 1.94986798648
2283.58 2.01704889608
2294.12 1.88546697659
2304.71 1.87979134802
2315.35 1.75307425302
2326.04 1.27203577447
2336.77 1.57110665134
2347.56 1.5131920741
2352.97 1.67778530261
2363.83 1.49083704728
2374.74 1.54933077029
2385.71 1.40871417676
2396.72 1.52581745194
2402.24 1.44659031027
2413.33 1.49987172133
2424.47 1.62832625365
2435.66 1.55384810732
2446.9 1.66376997492
2452.54 1.63655012362
2463.86 1.6129209761
2475.24 1.53566293007
2486.66 1.57388655104
2492.39 1.47508428227
2503.9 1.68068103147
2515.46 1.43269081174
2527.07 1.40222774411
2532.89 1.43767146538
2544.58 1.40060613595
2556.33 1.54516092073
2562.22 1.47508428227
2574.05 1.58662775804
2585.93 1.54933077029
2597.87 1.51284458663
2603.85 1.44415789803
2615.87 1.41670638842
2627.95 1.50635815398
2634.01 1.58767022043
2646.16 1.76361470608
2652.26 1.83322802792
2664.51 1.5844270041
2676.81 1.68473505188
2682.98 1.6762795236
2695.36 1.57759308399
2707.8 1.64292072711
2714.04 1.52558579363
2726.57 1.51388704902
2732.86 1.60655037261
2745.47 1.32288477329
2758.14 1.36516241467
2764.5 1.43547071144
2777.26 1.5157403155
2783.66 1.39771040708
2796.51 1.08158947868
2802.96 1.17184355585
2815.9 1.47740086536
2822.39 1.60064308573
2835.41 1.53438880937
2841.95 1.48168654408
2855.07 1.3943513616
2868.25 1.60319132713
2874.86 1.61720665482
2888.13 1.58628027057
2894.79 1.57469735513
2908.15 1.76118229383
2928.31 1.66423329154
2948.61 1.62415640409
2969.04 1.67118304081
2989.62 1.66886645772
3010.35 1.69747625887
3031.21 1.68728329328
3052.23 1.68102851894
3073.38 1.69029485129
3087.57 1.70813254108
3108.97 1.70176193759
3130.52 1.66828731194
3152.22 1.66956143264
3166.77 1.66793982448
3188.72 1.55790212773
3210.83 1.62878957027
3233.08 1.51782524028
3248.0 1.64720640583
3270.52 1.71427148627
3293.19 1.68809409736
3308.39 1.68635666004
3323.66 1.64998630554
3331.32 1.67987022739
3339.0 1.57052750556
3346.7 1.68971570552
3354.42 1.61651167989
3362.15 1.53577875922
3369.9 1.54921494114
3377.67 1.57353906358
3385.45 1.60562373937
3393.26 1.68809409736
3401.08 1.80369159353
3408.92 1.62531469563
3416.78 1.62068152945
3424.65 1.72365364778
3432.55 1.77913581278
3440.46 1.6981712338
3448.39 1.55500639886
3456.34 1.58662775804
3464.31 1.50404157089
3472.3 1.66342248746
3480.3 1.52674408517
3488.32 1.60516042275
3496.36 1.57863554638
3504.42 1.65218705947
3512.5 1.59519911547
3520.6 1.67709032768
3528.72 1.50079835457
3536.85 1.64465816443
3545.0 1.71728304429
3553.18 1.73210917606
3561.37 1.68786243905
3569.58 1.53496795514
3577.81 1.51296041579
3586.05 1.41774885081
3594.32 1.54643504143
3602.61 1.69863455042
3610.91 1.55535388633
3619.24 1.63527600292
3627.58 1.71137575741
3635.94 1.53137725135
3643.51 1.8017224979
3646.19 1.71322902388
3648.86 1.83832451072
3651.53 1.92380642672
3654.21 1.46014232135
3656.88 1.66446494985
3659.55 1.84816998885
3662.22 1.80473405592
3664.9 1.62149233353
3667.57 1.73558405069
3670.24 1.60075891488
3672.91 1.51122297847
3675.59 1.80114335213
3678.26 1.72747600988
3680.93 1.54319182511
3683.61 1.6037704729
3686.28 1.75735993174
3688.95 1.74705113699
3691.62 1.63875087755
3694.3 1.58801770789
3696.97 1.71519811951
3699.64 1.81678028798
3702.31 1.59600991955
3704.99 1.64732223498
3707.66 1.55245815747
3710.33 1.54770916213
3713.0 1.70210942505
3715.68 1.70813254108
3718.35 1.55268981577
3721.02 2.28704665516
3723.7 2.86341252784
3726.37 3.74255581033
3729.04 4.36733826958
3731.71 3.5853756477
3734.39 2.8182391576
3737.06 2.35156349421
3739.73 1.81087300111
3742.4 1.71288153642
3745.08 1.83936697311
3747.75 1.67210967404
3750.42 1.54145438779
3753.1 1.42180287121
3755.77 1.8236142081
3758.44 1.78400063727
3761.11 1.77230189266
3763.79 1.9582076856
3766.46 1.70257274167
3769.13 1.8742315486
3771.8 1.66272751253
3774.48 1.77716671715
3777.15 1.96052426869
3779.82 2.0009486436
3782.5 2.27511625225
3785.17 2.35144766505
3787.84 2.08700970538
3790.51 2.01484814214
3793.19 1.84191521451
3795.86 1.82859486174
3798.53 1.59149258252
3801.2 1.85743632121
3803.88 1.73882726702
3806.55 1.85349812995
3809.22 2.02851598237
3811.89 2.22820544469
3814.57 2.03430744009
3817.24 2.10380493278
3819.91 2.16658433451
3822.59 1.89160592178
3825.26 1.67199384489
3827.93 1.68936821806
3830.6 1.65612525072
3833.28 1.75909736905
3835.95 1.61824911721
3838.62 1.67894359416
3841.29 1.71820967752
3843.97 1.85685717543
3846.64 1.80160666875
3849.31 2.1922984068
3851.99 2.05295593396
3854.66 2.42025018281
3857.33 2.36916952569
3860.0 2.30801173212
3862.68 2.79831654303
3865.35 2.71503538096
3868.02 2.90464770684
3870.69 3.00715650855
3873.37 2.78059468239
3876.04 2.5014464201
3878.71 2.39187203997
3881.38 2.06894035728
3884.06 2.06836121151
3886.73 1.69527550494
3889.4 1.94175994567
3892.08 2.04843859694
3894.75 1.94071748327
3897.42 2.11202880275
3900.09 2.07519513162
3902.77 2.29272228373
3905.44 2.49912983701
3908.11 2.48140797638
3910.78 2.54198662417
3913.46 2.75708136403
3916.13 2.78615448181
3918.8 2.43739289768
3921.48 2.46739264869
3924.15 2.34357128255
3926.82 2.29272228373
3929.49 2.16322528903
3932.17 2.29422806274
3934.84 2.05967402492
3937.51 2.16751096774
3940.18 2.05886322084
3942.86 2.18419036599
3945.53 2.42685244462
3948.2 2.51256601893
3950.87 2.44990244636
3953.55 2.50422631981
3956.22 2.41619616241
3958.89 2.28762580094
3961.57 2.03569738995
3964.24 2.06419136195
3966.91 1.99480969842
3969.58 2.06708709081
3972.26 1.92183733109
3974.93 1.93990667919
3977.6 2.01948130832
3980.27 2.00801422203
3982.95 2.23017454031
3985.62 2.38723887379
3988.29 2.41144716707
3990.97 2.58750748188
3993.64 2.56387833437
3996.31 2.47086752332
3998.98 2.52982456295
4001.66 2.54314491571
4004.33 2.56897481716
4007.0 2.52264315537
4009.67 2.60465019674
4012.35 2.3772775665
4015.02 2.51488260202
4017.69 2.5505579816
4020.36 2.6696303524
4023.04 2.7757298579
4025.71 2.72233261769
4028.38 2.54244994079
4031.06 2.53746928714
4033.73 2.58333763232
4036.4 2.62457281131
4039.07 2.51870496412
4041.75 2.43287556065
4044.42 2.55553863524
4047.09 2.52391727607
4049.76 2.54696727781
4052.44 2.56804818393
4055.11 2.77329744566
4057.78 2.66696628185
4060.46 2.61831803697
4063.13 2.77920473254
4065.8 2.79136679376
4068.47 2.79426252262
4071.15 2.61715974542
4073.82 2.69476527892
4076.49 2.69337532907
4079.16 2.71665698912
4081.84 2.76947508356
4084.51 2.65769994949
4087.18 2.70542156114
4089.85 2.80098061358
4092.53 2.69742934948
4095.2 2.49785571631
4097.87 2.52750797986
4100.55 2.3500577152
4103.22 2.35596500208
4105.89 2.36731625922
4108.56 2.47005671924
4111.24 2.47364742303
4113.91 2.4419102347
4116.58 2.45986375364
4119.25 2.51302933555
4121.93 2.820787399
4124.6 2.72557583402
4127.27 2.61889718274
4129.95 2.56816401308
4132.62 2.70831729
4135.29 2.64380045095
4137.96 2.66441804045
4140.64 2.73854869932
4143.31 2.72140598445
4145.98 2.63383914367
4148.65 2.73959116171
4151.33 2.70542156114
4154.0 2.70831729
4156.67 2.74491930281
4159.35 2.73704292031
4162.02 2.69928261595
4164.69 2.56492079676
4167.36 2.63082758565
4170.04 2.68329819263
4172.71 2.43611877698
4175.38 2.36882203822
4178.05 2.55484366032
4180.73 2.40507656358
4183.4 2.57256552095
4186.07 2.46820345277
4188.74 2.48476702186
4191.42 2.67831753899
4194.09 2.55252707723
4196.76 2.49820320378
4199.44 2.52264315537
4202.11 2.65642582879
4204.78 2.39245118574
4207.45 2.60719843814
4210.13 2.65769994949
4212.8 2.70878060662
4215.47 2.65271929585
4218.14 2.68318236348
4220.82 2.67623261421
4223.49 2.58970823581
4226.16 2.63129090227
4228.84 2.45291400438
4231.51 2.53897506615
4234.18 2.53341526674
4236.85 2.77352910397
4239.53 2.70831729
4242.2 2.37947832044
4244.87 2.56793235477
4247.54 2.38457480323
4250.22 2.74399266958
4252.89 2.70924392323
4255.56 2.66140648244
4258.23 2.66082733666
4260.91 2.64009391801
4263.58 2.71816276813
4266.25 2.67970748884
4268.93 2.7212901553
4271.6 2.7406336241
4274.27 2.55472783116
4276.94 2.44967078805
4279.62 2.69603939962
4282.29 2.6810974387
4284.96 2.71885774306
4287.63 2.51800998919
4290.31 2.50804868191
4292.98 2.45882129125
4295.65 2.60685095068
4298.33 2.38387982831
4301.0 2.55299039384
4303.67 2.27569539802
4306.34 2.28947906741
4309.02 2.21778082079
4311.69 2.37774088312
4314.36 2.36986450061
4317.03 2.76171453021
4319.71 2.5401333577
4322.38 2.70009342003
4325.05 2.68352985094
4327.72 2.69418613315
4330.4 2.75916628881
4333.07 2.58171602415
4335.74 2.65028688361
4338.42 2.7136454311
4341.09 2.96036153014
4343.76 2.82067156984
4346.43 2.70275749058
4349.11 2.48024968483
4351.78 2.49820320378
4354.45 2.6202871326
4357.12 2.73704292031
4359.8 2.81627006197
4362.47 2.67843336814
4365.14 2.92746605027
4367.82 2.8854200672
4370.49 2.83260197275
4373.16 2.53017205041
4375.83 2.68480397164
4378.51 2.58739165272
4381.18 2.67055698564
4383.85 2.78302709464
4386.52 2.67020949818
4389.2 2.68619392149
4391.87 2.6217929116
4394.54 2.55924516819
4397.21 2.75464895179
4399.89 2.73669543285
4402.56 2.80515046314
4405.23 2.68063412208
4407.91 2.59793210578
4410.58 2.66418638214
4413.25 2.64843361713
4415.92 2.68213990109
4418.6 2.63117507312
4421.27 2.5841484364
4423.94 2.79032433137
4426.61 2.74862583576
4429.29 2.64322130518
4431.96 2.73240975413
4434.63 2.70229417397
4437.31 2.87001478965
4439.98 2.73449467891
4442.65 2.69163789175
4445.32 2.7548806101
4448.0 2.91159745611
4450.67 2.8932964497
4453.34 2.81499594127
4456.01 2.73009317104
4458.69 2.6126424084
4461.36 2.54847305682
4464.03 2.72951402527
4466.7 2.77665649114
4469.38 2.81719669521
4472.05 2.93568992024
4474.72 2.8441848882
4477.4 2.75140573546
4480.07 2.74341352381
4482.74 2.80491880483
4485.41 2.93580574939
4488.09 2.92491780887
4490.76 2.77121252088
4493.43 2.90383690276
4496.1 2.82715800249
4498.78 2.8571577535
4501.45 2.90348941529
4504.12 2.96974369166
4506.8 2.92144293424
4509.47 3.07758063447
4512.14 3.19514722627
4514.81 3.14012837789
4517.49 3.02846907298
4520.16 2.99337283917
4522.83 2.94935776047
4525.5 2.86005348236
4528.18 2.78395372787
4530.85 2.72881905034
4533.52 2.80827785031
4536.19 2.72325925093
4538.87 2.83966755118
4541.54 2.78557533604
4544.21 2.76356779668
4546.89 2.90847006894
4549.56 2.76495774654
4552.23 2.85553614534
4554.9 2.85796855758
4557.58 2.79681076402
4560.25 2.85901101997
4562.92 2.92283288409
4565.59 2.91287157681
4568.27 3.0200135447
4570.94 3.01248464966
4573.61 2.85704192435
4576.29 2.88391428819
4578.96 2.97808339078
4581.63 2.88762082113
4584.3 2.92121127593
4586.98 2.91831554707
4589.65 2.93592157855
4592.32 2.96731127941
4594.99 2.91159745611
4597.67 2.89781378672
4600.34 2.94067057388
4603.01 2.96522635463
4605.69 3.02047686132
4608.36 3.01074721234
4611.03 3.05881631145
4613.7 3.05128741641
4616.38 3.00113339252
4619.05 3.10341053592
4621.72 3.14279244844
4624.39 3.12252234641
4627.07 3.15541782628
4629.74 3.17418214931
4632.41 3.16827486243
4635.08 3.02487836919
4637.76 2.95966655522
4640.43 3.06263867355
4643.1 3.0408627925
4645.78 2.91124996864
4648.45 2.8765012223
4651.12 3.03657711379
4653.79 2.90939670217
4656.47 2.93360499546
4659.14 3.06287033186
4661.81 3.10167309861
4664.48 2.94854695639
4667.16 2.83711930978
4669.83 2.92422283395
4672.5 3.00437660884
4675.18 3.07653817208
4677.85 2.93904896572
4680.52 2.94947358962
4683.19 3.01155801642
4685.87 3.05140324556
4688.54 3.12796631667
4691.21 3.10213641522
4693.88 3.05371982865
4696.56 2.97310273714
4699.23 2.85159795409
4701.9 2.78267960717
4704.57 2.75163739377
4707.25 2.70820146084
4709.92 2.73611628707
4712.59 2.77642483283
4715.27 2.86260172376
4717.94 2.83816177217
4720.61 2.84348991327
4723.28 2.97113364151
4725.96 2.89619217856
4728.63 2.9319833873
4731.3 2.7627569926
4733.97 2.69372281653
4736.65 2.70762231507
4739.32 2.84858639607
4741.99 2.84789142114
4744.67 2.84233162173
4747.34 2.93163589983
4750.01 2.94843112723
4752.68 2.85727358266
4755.36 2.96279394239
4758.03 2.86040096983
4760.7 2.72233261769
4763.37 2.77248664158
4766.05 2.72603915063
4768.72 2.80943614186
4771.39 2.77503488298
4774.06 2.83283363106
4776.74 2.83642433485
4779.41 2.95758163044
4782.08 2.90325775698
4784.76 2.90186780713
4787.43 2.83387609345
4790.1 2.90128866136
4792.77 2.79935900542
4795.45 2.73878035763
4798.12 2.91287157681
4800.79 2.91657810975
4803.46 2.83711930978
4806.14 2.85240875817
4808.81 3.00182836745
4811.48 2.84904971269
4814.16 2.74816251914
4816.83 2.83329694768
4819.5 2.8996670532
4822.17 2.89028489168
4824.85 2.81766001183
4827.52 2.83549770162
4830.19 2.76773764625
4832.86 2.90233112375
4835.54 2.75198488124
4838.21 2.84511152144
4840.88 2.8299379022
4843.55 2.76634769639
4846.23 2.85043966254
4848.9 2.89352810801
4851.57 2.85773689928
4854.25 2.90209946544
4856.92 3.19514722627
4859.59 3.72796133687
4862.26 4.11135583819
4864.94 4.0792711624
4867.61 3.44001005883
4870.28 2.91159745611
4872.95 2.55634943932
4875.63 2.50329968657
4878.3 2.50445797812
4880.97 2.65630999964
4883.65 2.61634894134
4886.32 2.68329819263
4888.99 2.66592381946
4891.66 2.76762181709
4894.34 2.52970873379
4897.01 2.88403011734
4899.68 2.78522784857
4902.35 2.72198513023
4905.03 2.7691275961
4907.7 2.80700372961
4910.37 2.71665698912
4913.04 2.60175446788
4915.72 2.66163814074
4918.39 2.52322230114
4921.06 2.66013236174
4923.74 2.6151906498
4926.41 2.68943713782
4929.08 2.87117308119
4931.75 2.9670796211
4934.43 2.88808413775
4937.1 3.14441405661
4939.77 3.11244520997
4942.44 3.17302385776
4945.12 3.29545527405
4947.79 3.42112990665
4950.46 3.56220981681
4953.14 3.8362615963
4955.81 4.22695333436
4958.48 4.67555964965
4961.15 4.89320263091
4963.83 4.76787548577
4966.5 4.02703221373
4969.17 3.35302236382
4971.84 3.17939446126
4974.52 3.01526454936
4977.19 3.00669319193
4979.86 3.30750150611
4982.54 3.2787758758
4985.21 3.56487388736
4987.88 3.81170581555
4990.55 4.10915508425
4993.23 4.39455812089
4995.9 4.61000034821
4998.57 4.96791243555
5001.24 5.71755872333
5003.92 7.02862892286
5006.59 8.55989034506
5009.26 9.45548136748
5011.93 8.24356092418
5014.61 6.25315273364
5017.28 4.34301414714
5019.95 3.25109270788
5022.63 2.99742685958
5025.3 2.81291101649
5027.97 2.48963184634
5030.64 2.77596151621
5033.32 2.62920597749
5035.99 2.70148336988
5038.66 2.67287356873
5041.33 2.74040196579
5044.01 2.77596151621
5046.68 2.64148386787
5049.35 2.60418688012
5052.03 2.60430270928
5054.7 2.78800774828
5057.37 2.75036327307
5060.04 2.67831753899
5062.72 2.76507357569
5065.39 2.70032507834
5068.06 2.67032532733
5070.73 2.80665624215
5073.41 2.57175471687
5076.08 2.55125295653
5078.75 2.51719918511
5081.42 2.56306753028
5084.1 2.41654364987
5086.77 2.54198662417
5089.44 2.64588537574
5092.12 2.74932081068
5094.79 2.76461025908
5097.46 2.65237180839
5100.13 2.75499643925
5102.81 2.64808612967
5105.48 2.61449567487
5108.15 2.48754692156
5110.82 2.60314441773
5113.5 2.59005572328
5116.17 2.61669642881
5118.84 2.56329918859
5121.52 2.722564276
5124.19 2.50167807841
5126.86 2.57708285798
5129.53 2.63569241014
5132.21 2.66766125678
5134.88 2.64414793842
5137.55 2.64993939614
5140.22 2.76982257103
5142.9 2.68074995123
5145.57 2.5597084848
5148.24 2.57870446614
5150.91 2.638588139
5153.59 2.47839641836
5156.26 2.61229492094
5158.93 2.70924392323
5161.61 2.65422507486
5164.28 2.5803260743
5166.95 2.45789465802
5169.62 2.33117756302
5172.3 2.21604338347
5174.97 2.55912933903
5177.64 2.43762455598
5180.31 2.39198786912
5182.99 2.50920697345
5185.66 2.40461324696
5188.33 2.3747293251
5191.01 2.58009441599
5193.68 2.63105924396
5196.35 2.7459617652
5199.02 2.76681101301
5201.7 2.70090422411
5204.37 2.83700348062
5207.04 2.60337607604
5209.71 2.55507531862
5212.39 2.58391677809
5215.06 2.68735221304
5217.73 2.53781677461
5220.4 2.7910193063
5223.08 2.60546100082
5225.75 2.62422532385
5228.42 2.64530622996
5231.1 2.53422607082
5233.77 2.54974717752
5236.44 2.75812382642
5239.11 2.68885799205
5241.79 2.50770119444
5244.46 2.64854944629
5247.13 2.71445623519
5249.8 2.65700497457
5252.48 2.58634919033
5255.15 2.66824040255
5257.82 2.71561452673
5260.5 2.66673462354
5263.17 2.50190973672
5265.84 2.553106223
5268.51 2.46808762361
5271.19 2.40901475483
5273.86 2.40472907611
5276.53 2.57997858684
5279.2 2.5894765775
5281.88 2.63013261073
5284.55 2.65943738681
5287.22 2.72198513023
5289.89 2.81893413253
5292.57 2.7355371413
5295.24 2.74955246899
5297.91 2.76924342525
5300.59 2.58866577342
5303.26 2.78696528589
5305.93 2.72360673839
5308.6 2.78406955703
5311.28 2.8233356404
5313.95 2.65248763754
5316.62 2.66754542762
5319.29 2.84754393368
5321.97 2.82009242407
5324.64 2.51430345625
5327.31 2.69696603286
5329.99 2.56028763058
5332.66 2.63974643055
5335.33 2.65248763754
5338.0 2.73843287016
5340.68 2.71202382294
5343.35 2.73831704101
5346.02 2.72186930107
5348.69 2.63789316408
5351.37 2.67704341829
5354.04 2.66522884453
5356.71 2.70727482761
5359.39 2.83260197275
5362.06 2.7859228235
5364.73 2.87487961414
5367.4 2.72349090924
5370.08 2.56283587197
5372.75 2.6978926661
5375.42 2.67646427252
5378.09 2.66372306552
5380.77 2.77735146607
5383.44 2.73472633722
5386.11 2.79808488472
5388.78 2.77769895353
5391.46 2.73368387483
5394.13 2.63951477224
5396.8 2.59156150229
5399.48 2.50677456121
5402.15 2.61704391627
5404.82 2.5996695431
5407.49 2.50098310348
5410.17 2.56665823407
5412.84 2.42592581138
5415.51 2.61750723289
5418.18 2.69082708767
5420.86 2.63221753551
5423.53 2.63244919382
5426.2 2.70484241536
5428.88 2.81777584098
5431.55 2.80063312612
5434.22 2.70646402353
5436.89 2.64831778798
5439.57 2.68862633374
5442.24 2.68295070517
5444.91 2.7950733267
5447.58 2.82530473602
5450.26 2.68538311741
5452.93 2.63256502297
5455.6 2.66627130692
5458.27 2.70044090749
5460.95 2.71109718971
5463.62 2.58322180316
5466.29 2.59665798508
5468.97 2.63627155591
5471.64 2.67831753899
5474.31 2.69696603286
5476.98 2.71897357221
5479.66 2.59526803523
5482.33 2.60395522181
5485.0 2.72291176346
5487.67 2.60407105097
5490.35 2.62109793668
5493.02 2.74364518211
5495.69 2.64206301364
5498.37 2.78962935644
5501.04 2.69603939962
5503.71 2.7070431693
5506.38 2.74167608649
5509.06 2.65063437107
5511.73 2.67020949818
5514.4 2.75349066025
5517.07 2.71457206434
5519.75 2.77468739551
5522.42 2.68410899671
5525.09 2.60372356351
5527.76 2.58854994427
5530.44 2.77051754595
5533.11 2.79970649288
5535.78 2.7599770929
5538.46 2.63835648069
5541.13 2.73993864917
5543.8 2.75476478094
5546.47 2.69638688709
5549.15 2.64970773783
5551.82 2.71074970224
5554.49 2.80190724682
5557.16 2.74526679028
5559.84 2.74283437803
5562.51 2.8441848882
5565.18 2.67055698564
5567.86 2.60974667954
5570.53 2.74549844859
5573.2 2.6592057285
5575.87 2.58009441599
5578.55 2.63615572676
5581.22 2.70542156114
5583.89 2.59445723115
5586.56 2.48557782594
5589.24 2.39824264346
5591.91 2.48430370524
5594.58 2.511871044
5597.25 2.6643022113
5599.93 2.54604064458
5602.6 2.56121426381
5605.27 2.54337657402
5607.95 2.73391553314
5610.62 2.73773789524
5613.29 2.72603915063
5615.96 2.73240975413
5618.64 2.56677406323
5621.31 2.5894765775
5623.98 2.56329918859
5626.65 2.5299403921
5629.33 2.65990070343
5632.0 2.69650271624
5634.67 2.73055648766
5637.35 2.64194718448
5640.02 2.70553739029
5642.69 2.6332599979
5645.36 2.5737238125
5648.04 2.6760009559
5650.71 2.65075020022
5653.38 2.69383864569
5656.05 2.77804644099
5658.73 2.64588537574
5661.4 2.50214139503
5664.07 2.72094266784
5666.74 2.7032208072
5669.42 2.74457181535
5672.09 2.69059542936
5674.76 2.59121401482
5677.44 2.83271780191
5680.11 2.78731277335
5682.78 2.73252558328
5685.45 2.63916728478
5688.13 2.54360823233
5690.8 2.59827959325
5693.47 2.60129115126
5696.14 2.67820170983
5698.82 2.61148411686
5701.49 2.66105899497
5704.16 2.72719744218
5706.84 2.68781552966
5709.51 2.49878234955
5712.18 2.45638887901
5714.85 2.51592506441
5717.53 2.59862708071
5720.2 2.78325875295
5722.87 2.60963085038
5725.54 2.64959190868
5728.22 2.83063287713
5730.89 2.71329794364
5733.56 2.62005547429
5736.24 2.70982306901
5738.91 2.73472633722
5741.58 2.86850901064
5744.25 2.78117382817
5746.93 2.69928261595
5749.6 2.73264141244
5752.27 2.7614828719
5754.94 2.63499743521
5757.62 2.75175322293
5760.29 2.64391628011
5762.96 2.65086602938
5765.63 2.69488110808
5768.31 2.69210120837
5770.98 2.68074995123
5773.65 2.72615497979
5776.33 2.64565371743
5779.0 2.5467356195
5781.67 2.61820220782
5784.34 2.56816401308
5787.02 2.45210320029
5789.69 2.7833745821
5792.36 2.70634819437
5795.03 2.76600020893
5797.71 2.79692659317
5800.38 2.76437860077
5803.05 2.79067181883
5805.73 2.58229516993
5808.4 2.58078939092
5811.07 2.56584742999
5813.74 2.67380020196
5816.42 2.65353009993
5819.09 2.7108655314
5821.76 2.72997734189
5824.43 2.61762306204
5827.11 2.68399316756
5829.78 2.74225523226
5832.45 2.85796855758
5835.12 2.92294871325
5837.8 2.80920448355
5840.47 2.70947558154
5843.14 2.55241124807
5845.82 2.63036426904
5848.49 2.73785372439
5851.16 2.68781552966
5853.83 2.6696303524
5856.51 2.63546075183
5859.18 2.60117532211
5861.85 2.54465069472
5864.52 2.52472808015
5867.2 2.68735221304
5869.87 2.74237106142
5872.54 2.83584518908
5875.22 2.95005273539
5877.89 2.95989821352
5880.56 2.89236981646
5883.23 2.86897232726
5885.91 2.69835598271
5888.58 2.55936099734
5891.25 2.52959290464
5893.92 2.41584867494
5896.6 2.48268209708
5899.27 2.42627329885
5901.94 2.54708310697
5904.61 2.51766250173
5907.29 2.4716783274
5909.96 2.42592581138
5912.63 2.53955421192
5915.31 2.60430270928
5917.98 2.66789291509
5920.65 2.6851514591
5923.32 2.5429132574
5926.0 2.56688989238
5928.67 2.46403360321
5931.34 2.54465069472
5934.01 2.55241124807
5936.69 2.4368137519
5939.36 2.55078963991
5942.03 2.57163888772
5944.71 2.65827909526
5947.38 2.52171652214
5950.05 2.5790519536
5952.72 2.54858888597
5955.4 2.63152256058
5958.07 2.510365265
5960.74 2.51673586849
5963.41 2.66673462354
5966.09 2.60685095068
5968.76 2.65804743696
5971.43 2.64808612967
5974.1 2.54731476527
5976.78 2.62746854017
5979.45 2.60731426729
5982.12 2.56526828422
5984.8 2.59028738159
5987.47 2.59955371394
5990.14 2.56619491745
5992.81 2.52217983875
5995.49 2.46449691982
5998.16 2.55785521833
6000.83 2.5622567262
6003.5 2.56295170113
6006.18 2.49773988716
6008.85 2.63360748536
6011.52 2.47781727259
6014.2 2.48986350465
6016.87 2.4793230516
6019.54 2.52345395945
6022.21 2.53804843292
6024.89 2.47885973498
6027.56 2.53364692505
6030.23 2.61843386612
6032.9 2.67634844336
6035.58 2.56248838451
6038.25 2.64912859206
6040.92 2.62202456991
6043.59 2.56295170113
6046.27 2.72175347192
6048.94 2.71445623519
6051.61 2.70600070691
6054.29 2.64808612967
6056.96 2.72441754247
6059.63 2.77526654129
6062.3 2.6360398976
6064.98 2.62248788653
6067.65 2.51071275246
6070.32 2.6449587425
6072.99 2.59735296001
6075.67 2.58646501949
6078.34 2.87244720189
6081.01 2.81117357918
6083.69 2.71028638563
6086.36 2.68422482587
6089.03 2.61727557458
6091.7 2.53677431222
6094.38 2.44897581312
6097.05 2.54661979035
6099.72 2.68526728826
6102.39 2.74144442818
6105.07 2.44665923003
6107.74 2.45187154199
6110.41 2.56966979209
6113.09 2.59549969354
6115.76 2.59538386438
6118.43 2.49542330407
6121.1 2.66847206086
6123.78 2.60013285972
6126.45 2.53225697519
6129.12 2.45117656706
6131.79 2.65445673317
6134.47 2.57013310871
6137.14 2.57731451628
6139.81 2.47248913148
6142.48 2.54488235303
6145.16 2.54963134836
6147.83 2.5894765775
6150.5 2.50851199852
6153.18 2.38839716533
6155.85 2.49994064109
6158.52 2.59688964339
6161.19 2.50086727433
6163.87 2.52623385916
6166.54 2.44758586327
6169.21 2.36627379683
6171.88 2.40194917641
6174.56 2.42106098689
6177.23 2.3915245525
6179.9 2.48453536355
6182.58 2.54430320726
6185.25 2.4044974178
6187.92 2.47874390582
6190.59 2.44121525977
6193.27 2.51847330581
6195.94 2.36720043006
6198.61 2.48198712215
6201.28 2.41909189127
6203.96 2.56121426381
6206.63 2.63661904338
6209.3 2.54337657402
6211.97 2.53804843292
6214.65 2.54580898627
6217.32 2.47109918163
6219.99 2.31797303941
6222.67 2.38086827029
6225.34 2.44932330059
6228.01 2.3927986732
6230.68 2.37171776709
6233.36 2.45349315015
6236.03 2.51592506441
6238.7 2.47214164402
6241.37 2.42557832392
6244.05 2.49264340436
6246.72 2.48870521311
6249.39 2.46774013615
6252.07 2.41167882538
6254.74 2.36534716359
6257.41 2.31936298926
6260.08 2.27071474438
6262.76 2.46681350291
6265.43 2.51499843118
6268.1 2.47885973498
6270.77 2.53665848306
6273.45 2.52878210056
6276.12 2.70634819437
6278.79 2.60048034718
6281.46 2.58866577342
6284.14 2.52009491397
6286.81 2.47075169417
6289.48 2.52090571805
6292.16 2.42372505745
6294.83 2.53967004108
6297.5 2.65619417048
6300.17 2.86665574417
6302.85 2.92074795931
6305.52 2.8390884054
6308.19 2.79727408064
6310.86 2.80132810104
6313.54 2.61102080024
6316.21 2.54835722767
6318.88 2.45001827551
6321.56 2.33754816652
6324.23 2.49113762535
6326.9 2.36407304289
6329.57 2.40646651343
6332.25 2.64472708419
6334.92 2.40681400089
6337.59 2.58739165272
6340.26 2.45801048717
6342.94 2.63905145562
6345.61 2.56758486731
6348.28 2.51731501427
6350.95 2.33418912104
6353.63 2.31461399393
6356.3 2.46194867842
6358.97 2.5441873781
6361.65 2.48928435888
6364.32 2.42882154024
6366.99 2.71283462702
6369.66 2.44862832566
6372.34 2.40391827203
6375.01 2.3513318359
6377.68 2.52310647199
6380.35 2.35770243939
6383.03 2.43032731925
6385.7 2.60592431744
6388.37 2.51986325566
6391.05 2.38411148662
6393.72 2.24557981786
6396.39 2.35990319333
6399.06 2.23967253098
6401.74 2.4302114901
6404.41 2.45372480846
6407.08 2.3592082184
6409.75 2.56086677635
6412.43 2.59561552269
6415.1 2.52125320552
6417.77 2.51650421018
6420.44 2.53086702534
6423.12 2.48129214722
6425.79 2.43044314841
6428.46 2.47364742303
6431.14 2.42997983179
6433.81 2.39453611052
6436.48 2.43947782246
6439.15 2.52970873379
6441.83 2.53538436236
6444.5 2.43194892741
6447.17 2.45013410467
6449.84 2.53445772913
6452.52 2.55403285623
6455.19 2.47978636821
6457.86 2.41886023296
6460.54 2.55762356002
6463.21 2.56978562124
6465.88 2.4587054621
6468.55 2.52924541718
6471.23 2.64391628011
6473.9 2.66013236174
6476.57 2.64148386787
6479.24 2.55217958976
6481.92 2.53005622126
6484.59 2.52252732622
6487.26 2.6088200463
6489.94 2.58171602415
6492.61 2.58136853669
6495.28 2.41133133792
6497.95 2.40252832218
6500.63 2.53387858336
6503.3 2.56283587197
6505.97 2.46310696997
6508.64 2.53851174953
6511.32 2.65781577865
6513.99 2.49530747491
6516.66 2.56179340958
6519.33 2.6424105011
6522.01 2.69337532907
6524.68 2.62677356525
6527.35 2.74248689057
6530.03 2.77341327482
6532.7 2.84047835526
6535.37 2.73229392498
6538.04 2.96105650507
6540.72 3.12657636682
6543.39 3.33159397024
6546.06 3.74730480566
6548.73 4.52926742754
6551.41 4.38575510515
6554.08 4.36849656113
6556.75 5.00277701105
6559.43 6.71496357254
6562.1 9.25602356347
6564.77 10.5661671298
6567.44 8.81679940969
6570.12 5.97481527543
6572.79 4.22035107255
6575.46 3.73514274444
6578.13 4.06930985511
6580.81 5.36231070655
6583.48 6.6478984921
6586.15 6.84781961272
6588.82 5.92385044746
6591.5 4.39641138736
6594.17 3.67873394621
6596.84 3.07584319716
6599.52 2.82576805264
6602.19 2.68098160954
6604.86 2.47735395597
6607.53 2.74352935296
6610.21 2.5492838609
6612.88 2.65584668302
6615.55 2.85391453718
6618.22 2.70507407367
6620.9 2.70518990283
6623.57 2.57824114952
6626.24 2.55507531862
6628.92 2.4948441583
6631.59 2.61750723289
6634.26 2.69256452499
6636.93 2.76843262117
6646.86 2.42071349943
6662.18 2.40414993034
6677.54 2.40982555891
6692.94 2.38781801956
6708.37 2.38793384871
6723.83 2.25959514555
6739.33 2.35538585631
6754.87 2.29654464583
6770.44 2.36106148487
6786.05 2.38839716533
6801.69 2.30743258635
6817.37 2.33430495019
6833.08 2.35052103182
6848.84 2.24488484293
6864.62 2.25530946684
6880.45 2.27106223185
6896.31 2.29747127907
6912.21 2.29225896711
6928.14 2.26619740736
6944.11 2.32978761317
6960.12 2.28727831347
6976.16 2.36777957583
6992.25 2.36245143473
7008.37 2.29295394204
7024.52 2.24083082253
7040.71 2.3358107292
7056.95 2.41793359972
7073.21 2.19519413566
7089.52 2.25681524584
7105.86 2.20040644761
7122.24 2.19044514033
7138.66 2.07751171471
7155.12 2.09685518351
7171.61 2.07299437769
7188.14 2.07785920218
7204.71 2.11168131528
7221.32 2.16600518873
7237.97 2.20631373449
7254.65 2.23202780679
7271.38 2.17619815433
7288.14 2.17631398348
7304.94 2.25808936654
7321.78 2.25299288375
7338.66 2.24279991815
7355.58 2.28461424292
7372.53 2.25334037121
7389.53 2.27430544817
7406.56 2.25878434147
7423.63 2.21256850883
7440.75 2.3009461537
7457.9 2.2958496709
7475.09 2.31183409422
7492.33 2.29075318811
7509.6 2.31206575253
7526.91 2.33360997526
7544.26 2.33372580442
7561.65 2.30175695778
7579.08 2.24951800911
7596.55 2.21870745402
7614.07 2.18836021555
7631.62 2.1986690103
7649.21 2.20376549309
7666.85 2.10473156602
7684.52 2.13901699574
7702.23 2.10009839984
7719.99 2.07612176486
7737.79 2.11480870245
7755.62 2.00581346809
7773.5 2.1004458873
7791.42 2.09581272112
7809.38 2.08144990597
7827.38 2.13982779982
7845.43 2.0912953841
7863.51 2.11075468205
7881.64 2.08666221792
7899.81 2.11585116485
7918.02 2.03940392289
7936.27 2.03951975204
7954.57 1.98403758705
7972.91 2.04913357187
7991.29 2.09697101267
8009.71 2.04936523017
8028.17 2.1263916179
8046.68 2.16102453509
8065.23 2.14619840332
8083.82 2.07820668964
8102.46 2.00778256372
8121.13 2.10739563657
8139.86 2.08341900159
8158.62 2.05017603426
8177.43 2.03616070656
8196.28 1.9671265305
8215.17 2.09338030888
8234.11 2.03650819403
8253.09 2.09361196719
8272.12 2.13264639224
8291.19 2.03210668616
8310.3 2.04160467682
8329.46 1.98148934565
8348.66 1.99990618121
8367.9 2.04670115962
8387.2 1.98183683311
8406.53 1.99110316547
8425.91 2.03755065642
8445.33 1.87133581974
8464.8 1.95959763545
8484.31 2.00998331765
8503.87 1.8416835562
8523.48 1.87168330721
8543.12 1.91975240631
8562.82 1.96006095207
8582.56 1.96932728443
8602.34 1.92450140165
8622.17 1.90701119932
8642.05 1.95600693167
8661.97 1.88535114743
8681.94 1.84261018943
8701.95 1.88129712703
8722.01 1.90318883722
8742.12 1.93863255849
8762.27 1.86010039176
8782.47 1.88604612236
8802.72 1.92125818532
8823.01 1.97511874215
8843.35 1.94813054916
8863.73 1.92148984363
8884.17 1.81411621743
8904.65 1.88662526813
8925.18 1.89982979174
8945.75 1.92635466812
8966.37 1.87828556901
8987.04 1.84840164716
9007.76 1.81898104192
9028.52 1.74114385011
9049.34 1.97187552583
9070.2 1.87886471478
9091.1 1.78203154164
9112.06 1.87909637309
9133.07 1.94071748327
9154.12 1.84075692296
9175.22 1.84932828039
9196.38 1.84098858127
9217.58 1.80751395563
9238.82 1.67917525246
9260.12 1.81608531306
9281.47 1.88002300633
9302.86 1.77901998362
9324.31 1.88025466464
9345.81 1.87596898592
9367.35 1.84608506407
9388.94 1.87191496552
9410.59 1.82940566582
9432.28 1.89380667571
9454.02 1.86797677426
9475.82 1.91593004422
9497.66 1.9205632104
9519.55 1.85546722558
9541.5 1.78017827517
9563.5 1.8599845626
9585.54 1.89901898766
9607.64 1.87307325706
9629.79 1.88616195152
9651.99 1.86473355794
9674.23 1.86044787922
9696.54 1.88222376026
9718.89 1.84365265182
9741.29 1.81017802618
9763.75 1.82280340402
9786.25 1.80623983493
9808.82 1.84840164716
9831.43 1.82732074104
9854.1 1.83589209847
9876.81 1.82338254979
9899.58 1.82349837894
9922.4 1.83623958594
9945.28 1.84481094337
9968.2 1.84492677252
9991.18 1.84087275211
10014.21 1.84944410955
10083.62 1.82025516262
10130.17 1.89751320865
10176.93 1.88905768038
10223.9 1.92438557249
10271.1 1.94697225762
10294.77 1.9516054238
10510.34 1.86427024132
10705.74 1.75191596148
10904.78 1.71600892359
11107.51 1.5831528834
11287.99 1.60145388981
11497.85 1.62739962041
11711.61 1.59045012013
11901.91 1.46720789977
12095.3 1.48770966011
12291.84 1.47740086536
12491.57 1.41091493069
12694.54 1.38195764207
12900.81 1.35995010272
13110.43 1.33817422168
13292.81 1.28385034823
13508.8 1.24029858615
13696.73 1.21481617216
13887.27 1.14421830251
14112.92 1.06538497997
14309.25 1.05562058225
14508.3 1.07277488003
14710.13 1.02213437369
14914.77 1.05076734068
15087.48 1.07277488003
15297.37 1.10283254561
15510.18 1.09020716778
15689.78 1.05805299449
15908.05 1.00810746308
16092.24 0.998864296554
16316.11 0.998864296554
16505.05 0.994277462037
16696.17 1.00810746308
16889.49 1.01276379509
17085.06 1.00810746308
17282.9 0.973891530849
17483.04 0.938656302057
17685.48 0.888201122366
17890.26 0.838510415095
18097.42 0.782541767652
18306.98 0.75946860008
18518.97 0.728634879158
18690.32 0.68471246378
18906.74 0.672214498012
19081.69 0.667592914748
19302.63 0.653890325773
19481.25 0.628790147998
19706.83 0.603261402351
19889.17 0.582782807839
20119.48 0.576111048541
20305.65 0.56041619811
20493.52 0.56041619811
20683.15 0.552725142252
20922.66 0.546400870418
21116.24 0.542636422897
21311.64 0.533960819227
21508.81 0.526628833749
21707.84 0.511107727049
21908.71 0.504088480287
22111.42 0.490351142566
22316.02 0.478084835107
22522.49 0.479185212074
22678.63 0.4768802119
22888.48 0.440950008181
23100.25 0.448849556517
23314.0 0.404174251635
23475.6 0.384379049134
23692.82 0.399772743765
23912.03 0.378135857708
24077.8 0.366773017654
24300.57 0.364641761211
24525.43 0.339750075914
24695.45 0.330750150611
24848.19 0.281638589113
24942.27 0.274028613663
25036.25 0.254059667432
25130.33 0.267646427252
25224.41 0.251175521485
25318.39 0.262827934425
25412.47 0.26566574871
25506.55 0.268422482587
25600.53 0.264704366728
25694.61 0.26696303524
25788.69 0.266893537748
25882.67 0.269117457514
25976.75 0.263951477224
26070.73 0.267750673491
26164.81 0.260592431744
26258.89 0.260685095068
26352.87 0.248580948425
26446.95 0.243820370176
26541.03 0.244665923003
26635.01 0.253005622126
26729.09 0.240391827203
26823.07 0.251916828074
26917.15 0.249009516296
27011.23 0.252808712563
27105.21 0.24482808382
27199.29 0.253283612097
27293.27 0.259885873902
27387.35 0.266059567835
27481.43 0.247955470991
27575.41 0.254360823233
27669.49 0.251939993905
27763.57 0.258889743173
27857.55 0.260314441773
27951.63 0.258472758217
28045.61 0.250607958628
28139.69 0.252646551747
28233.77 0.242870571109
28327.75 0.243889867668
28421.83 0.234137052861
28515.91 0.227812781027
28609.89 0.233638987497
28703.97 0.236615796767
28797.95 0.228276097645
28892.03 0.231635143125
28986.11 0.23177413811
29080.09 0.235202681083
29174.17 0.234032806622
29268.25 0.22930697712
29362.23 0.228195017237
29456.3 0.233233585456
29550.29 0.224766474264
29644.37 0.227291549832
29738.44 0.215129488612
29832.43 0.226318584934
29926.51 0.217955719981
30020.58 0.23256177636
30114.57 0.238364817
30208.64 0.253943838277
30302.63 0.238225822014
30396.7 0.234600369479
30490.78 0.233430495019
30584.77 0.233974892045
30678.85 0.229318560035
30772.92 0.234982605689
30866.91 0.230013534962
30960.99 0.218870770301
31054.97 0.212870820099
31149.05 0.207797503133
31243.12 0.212940317592
31337.11 0.202782100744
31431.19 0.209303282141
31525.26 0.219704740213
31619.25 0.210948056135
31713.33 0.229932454554
31807.31 0.235075269013
31901.38 0.243461299797
31995.46 0.245847380379
32089.44 0.242789490701
32183.52 0.250758536529
32277.6 0.251986325566
32371.59 0.23927986732
32465.66 0.257592456643
32559.65 0.253990169939
32653.72 0.249530747491
32747.8 0.256515245506
32841.78 0.257048059617
32935.86 0.244654340088
33029.94 0.25635308469
33123.92 0.233720067905
33218.0 0.242465169068
33311.98 0.234519289071
33406.06 0.233094590471
33500.14 0.242696827377
33594.12 0.23785516872
33688.2 0.224557981786
33782.28 0.233789565398
33876.26 0.239905344754
33970.34 0.239303033151
34064.33 0.229608132921
34158.4 0.232747103008
34252.48 0.22012172517
34346.46 0.223712428958
34440.54 0.213843784997
34534.62 0.226561826158
34628.6 0.219206674849
34722.68 0.221534840854
34816.66 0.224187328492
34910.74 0.216704765112
35004.82 0.207357352346
35098.8 0.227268384001
35192.88 0.210241498293
35286.96 0.21561597106
35380.94 0.21910242861
35475.02 0.214017528729
35569.0 0.218836021555
35663.08 0.223086951524
35757.16 0.219299338173
35851.14 0.231067580268
35945.22 0.216473106803
36133.28 0.209442277127
36227.36 0.213519463364
36321.34 0.206882452813
36415.42 0.212141096426
36509.5 0.212349588904
36603.48 0.215812880623
36697.56 0.208863131354
36791.64 0.210751146572
36885.62 0.208457729314
36979.7 0.214608257416
37073.68 0.207878583541
37167.76 0.204728030539
37261.84 0.21263916179
37355.82 0.22169700167
37449.9 0.20940752838
37543.98 0.200280191007
37637.96 0.194477150368
37732.04 0.208005995611
37826.02 0.209836096252
37920.1 0.200372854331
38014.18 0.19426865789
38108.16 0.199423055264
38202.24 0.204183633513
38296.32 0.197546622962
38390.3 0.205585166283
38484.38 0.209569689197
38578.36 0.202747351998
38672.44 0.201264738821
38766.52 0.202631522843
38860.5 0.209870844998
38954.58 0.195450115266
39048.65 0.201716472523
39142.64 0.195890266053
39236.71 0.203743482726
39330.7 0.205619915029
39424.78 0.202863181152
39518.86 0.195739688152
39612.84 0.197407627976
39706.92 0.201531145876
39801.0 0.200952000103
39894.98 0.191894160223
39989.06 0.204809110948
40083.04 0.195148959464
40177.12 0.2017743871
40271.2 0.197592954624
40412.12 0.199249311533
40600.66 0.203546573164
40741.4 0.197175969667
40835.38 0.184423179759
40929.46 0.190307300807
41023.54 0.184712752646
41117.52 0.194106497074
41211.59 0.185152903433
41305.68 0.202457779112
41399.65 0.187631647339
41493.74 0.192357476841
41587.81 0.190434712877
41681.8 0.197639286285
41775.87 0.200616095555
41869.86 0.193272527162
41963.93 0.190179888737
42058.01 0.182558330372
42151.99 0.19503313031
42246.07 0.190399964131
42340.06 0.189438582148
42434.14 0.189264838417
42528.21 0.201264738821
42622.2 0.191998406462
42716.28 0.184678003899
42810.35 0.184133606873
42904.33 0.188616195152
42998.42 0.189149009262
43092.39 0.181330541335
43186.48 0.199492552757
43280.55 0.182095013754
43468.61 0.180589234746
43562.69 0.191454009436
43656.67 0.184585340576
43750.75 0.189137426347
43844.74 0.18119154635
43938.81 0.181098883026
44032.89 0.18134212425
44126.87 0.172608606003
44220.95 0.179813179411
44315.03 0.196932728443
44409.01 0.186369109555
44503.09 0.183079561568
44597.17 0.185708883374
44691.15 0.188025466464
44785.23 0.183415466116
44879.21 0.176662626409
44973.29 0.181643280052
45067.37 0.18119154635
45161.35 0.182836320343
45255.43 0.16167433382
45349.42 0.179697350257
45443.49 0.168114434809
45537.57 0.170176193759
45631.55 0.174125967926
45725.63 0.169712877141
45819.71 0.168450339357
45913.7 0.170824837024
46007.77 0.1791297874
46101.75 0.174705113699
46195.83 0.174566118713
46289.91 0.169979284196
46383.89 0.178678053697
46477.97 0.188847853461
46572.05 0.186855592004
46666.03 0.187759059408
46760.11 0.179651018595
46854.09 0.183925114395
46948.17 0.175666495681
47042.25 0.167292047812
47136.23 0.175759159005
47230.31 0.169064233876
47324.39 0.173500490492
47418.37 0.174809359938
47512.45 0.158037298369
47606.43 0.166932977433
47700.51 0.16309903242
47794.59 0.168114434809
47888.57 0.158037298369
47982.65 0.163770841516
48077.7 0.149408026361
48558.48 0.154736167467
49044.06 0.16012222315
49534.5 0.165554610495
50029.85 0.171044912417
50530.15 0.176581546001
51035.45 0.182187677078
51545.8 0.187840139817
51857.8 0.19129184862
52158.93 0.227569539802
52460.09 0.190098808329
52761.22 0.175817073582
53062.36 0.213774287504
53363.51 0.163203278659
53664.66 0.225264539628
53965.79 0.153774785485
54266.94 0.184712752646
54568.08 0.172133706469
54869.23 0.187040918651
55170.37 0.138740161233
55471.52 0.153543127176
55772.66 0.180913556379
56073.8 0.193805341272
56374.94 0.169782374633
56676.09 0.170002450027
56977.24 0.192623883897
57278.38 0.208770468031
57579.52 0.186855592004
57880.67 0.1748556916
58181.81 0.211735694385
58482.95 0.206338055787
58784.1 0.201577477538
59085.24 0.175851822328
59386.38 0.193411522147
59687.53 0.206627628673
59988.67 0.204728030539
60289.81 0.192264813518
60590.96 0.203257000278
60892.1 0.212905568846
61193.24 0.204461623484
61494.38 0.25790519536
61795.53 0.288599921297
62096.68 0.297935751148
62397.81 0.294263966951
62698.95 0.244897581312
63000.11 0.235237429829
63301.24 0.211782026047
63602.38 0.1960755927
63903.54 0.190967526987
64204.67 0.204519538061
64505.81 0.171230239064
64806.97 0.172469611017
65108.1 0.162369308747
65409.24 0.153184056797
65710.39 0.156079785659
66011.53 0.153323051782
66312.68 0.181932852938
66613.82 0.19258913515
66914.97 0.175573832357
67216.11 0.153137725135
67517.25 0.173245666352
67818.4 0.180334410606
68119.54 0.189670240457
68420.68 0.153716870907
68721.83 0.1735815709
69022.97 0.191685667745
69324.11 0.174010138772
69625.26 0.209616020858
69926.39 0.221083107152
70227.55 0.165600942157
70528.68 0.179952174397
70829.83 0.167546871952
71130.98 0.174959937839
71432.12 0.158871268282
71733.26 0.191361346113
72034.41 0.177010113873
72335.55 0.188303456434
72636.69 0.17963943568
72937.83 0.163689761108
73219.27 0.179338279878
73238.98 0.207334186515
73540.13 0.219079262779
73822.74 0.206720291996
73841.26 0.231808886856
74426.23 0.231530896886
75029.72 0.264159969702
75633.21 0.278511201942
76236.69 0.299256203509
76840.19 0.294124971965
77443.67 0.269766100779
78047.15 0.26088200463
78650.65 0.26436846218
79254.13 0.2355154198
79857.61 0.210890141558
80461.1 0.198855492407
81064.58 0.201728055438
81668.08 0.179836345242
82271.56 0.171230239064
82875.05 0.166678153293
83478.54 0.168311344372
84082.03 0.178353732065
84685.51 0.173106671367
85289.0 0.174994686585
85892.49 0.172214786878
86495.97 0.171531394866
87099.45 0.147902247353
87702.94 0.149454358023
88306.43 0.127863803628
88909.92 0.129937145493
89513.41 0.126543351267
90116.9 0.121527948878
90720.39 0.117138023923
91323.87 0.114419513668
91927.35 0.11265196077
92530.83 0.107704897583
93134.33 0.103152811812
93737.81 0.112131887867
94341.3 0.0992377863904
94944.79 0.10458330187
95548.28 0.10638328693
96151.77 0.115322981073
96755.26 0.122396667537
97358.7 0.131581919487
97962.24 0.125257647652
98565.68 0.103362462581
99169.23 0.105013028033
99772.68 0.110456998293
100376.21 0.107944663932
100979.67 0.107060887484
101583.11 0.109229209256
102186.65 0.117728752611
102790.09 0.108818015757
103393.65 0.11561371225
103997.09 0.113001764817
104600.53 0.116002898209
105204.08 0.133771090506
105807.53 0.12676342666
106411.06 0.117798250104
107014.51 0.118817546663
107618.05 0.119721014068
108221.5 0.11742759681
108824.95 0.125802044678
109428.49 0.132068401936
110031.94 0.136180336919
110635.48 0.131025939545
111238.92 0.150519986244
111842.47 0.181226295096
112445.91 0.199237728617
113049.36 0.190932778241
113652.91 0.169110565538
114256.35 0.15404119254
114859.89 0.141937045897
115463.33 0.140106945256
116066.88 0.135172623276
116670.33 0.133527849282
117273.77 0.13452398001
117877.32 0.126879255815
118480.77 0.129311668059
119084.3 0.132601216046
119687.75 0.135774934879
120291.2 0.136666819368
120894.74 0.132635964792
121498.18 0.130157220887
122101.73 0.131605085318
122705.18 0.131697748641
123308.72 0.137130135986
123912.17 0.133713175929
124515.61 0.140512347297
125119.16 0.139388804499
125722.6 0.137245965141
126326.14 0.145052850152
126929.59 0.145029684322
127533.03 0.150311493766
128136.57 0.173349912591
128740.03 0.151307624494
129343.57 0.123520210335
129947.01 0.121041466429
130550.55 0.126022120072
131154.0 0.121388953893
131757.45 0.122581994184
132361.0 0.122964230394
132964.43 0.122130260481
133567.98 0.122697823338
134171.43 0.126856089984
134774.97 0.12533872806
135378.41 0.127504733249
135981.86 0.123983526953
136585.4 0.12493332602
137188.86 0.128686190625
137792.38 0.125419808469
138395.84 0.123647622405
138999.38 0.122257672551
139602.83 0.117682420949
140206.27 0.110577460614
140809.83 0.106611470364
141329.1 0.118516390862
142220.22 0.125396642638
143111.44 0.139979533186
144002.57 0.126369607535
144893.69 0.119443024097
145784.82 0.117219104331
146676.04 0.115200202169
147567.17 0.11897970748
148458.29 0.118643802932
149349.51 0.12623061255
150240.64 0.110643483232
151131.76 0.11240408638
152022.89 0.113578594006
152914.11 0.113096744724
153805.24 0.113689789995
154696.36 0.128385034823
155587.58 0.142759432894
156478.71 0.129219004735
157369.83 0.116014481125
158261.05 0.116072395702
159152.18 0.116825285206
160043.3 0.116269305265
160934.43 0.121238375992
161825.67 0.118666968762
162716.77 0.120960386021
163607.9 0.128616693132
164499.03 0.125802044678
165390.25 0.126682346252
166281.38 0.126080034649
167172.51 0.125686215524
168063.74 0.124863828527
168954.85 0.127342572433
169845.98 0.134605060419
170737.21 0.132207396921
171628.32 0.127157245786
172519.45 0.126832924153
173410.57 0.124852245612
174301.79 0.124377346078
175192.92 0.119477772844
176084.04 0.120323325671
176975.26 0.11559865446
177866.39 0.11691794853
178757.51 0.118666968762
179648.73 0.113165083925
180539.86 0.118110988821
181430.99 0.115738807737
182322.11 0.115258116746
183213.33 0.115276649411
184104.46 0.113407166858
184995.58 0.111274752124
185886.82 0.115128388093
186777.95 0.123531793251
187669.05 0.126601265844
188560.18 0.113777820152
189451.42 0.1087299856
190342.53 0.110381709343
191233.66 0.112548872823
192124.89 0.107978254387
193016.0 0.10252154292
193907.13 0.111322242077
194798.26 0.102489110757
195689.49 0.102790266558
196580.6 0.107254322172
197471.73 0.103999522931
198362.96 0.110503329955
199774.14 0.0986343164955
201479.79 0.109978623885
203186.43 0.106722666353
204894.05 0.0982497637027
206602.53 0.105038510447
208311.88 0.107307603583
210022.21 0.0983725426064
211733.43 0.1030311912
213445.6 0.105765917537
215158.75 0.100770206104
216872.77 0.0946984418264
218587.77 0.0992389446819
220303.64 0.1019215479
222020.47 0.0993999472066
223738.28 0.0935204593253
225456.98 0.0970729394932
227176.64 0.099798399498
228897.28 0.0998180904543
230618.79 0.0953540348407
232341.37 0.0946405272491
234064.72 0.096447462059
235789.13 0.0958416755811
237514.54 0.0945281729693
239240.81 0.0914668084164
240968.04 0.0928961401827
242696.25 0.096979117878
244425.34 0.0968250651026
246155.5 0.0907347681601
247886.54 0.0880741724818
249618.64 0.087406996552
251351.59 0.0884610418578
253085.57 0.0881668358054
254820.48 0.0872656849835
256556.36 0.0873803558465
258293.22 0.09916249744
260031.08 0.0978941681984
261769.88 0.0858085542202
263509.65 0.0851054712525
265250.4 0.0838348254279
266992.11 0.0831954484952
268734.92 0.0818784710088
270478.58 0.082402018787
272223.22 0.0837398455212
273968.91 0.0834433228858
275715.61 0.0810861995922
277463.16 0.0796615009921
279211.77 0.0784638275348
280961.38 0.0795850537501
282712.06 0.0798827346771
284463.67 0.0789549431498
286216.2 0.0768375862059
287969.85 0.0773981993136
289724.42 0.0766626841826
291480.01 0.0755935810868
293236.61 0.0721279727848
294994.18 0.0758692544745
296752.82 0.0741132844926
298512.42 0.0736916663703
300273.0 0.0734657995191
302034.64 0.0735491965103
303797.37 0.0712963194557
305561.05 0.0697963319052
307325.72 0.0714631134381
309091.34 0.0738318196472
310858.15 0.0718719903534
312625.83 0.0706534676483
314394.64 0.0728495884172
316164.36 0.0683612086812
317935.23 0.0719855029248
319707.1 0.0700036660917
321479.89 0.0683206684772
323253.8 0.0674114096145
325028.77 0.0692751007101
326804.78 0.0756097971684
328581.82 0.0726144552336
330359.86 0.0766406766433
332138.9 0.0759781338797
333919.04 0.0734241010234
335700.33 0.0777642194417
337482.47 0.0728530632919
339265.79 0.0735955281721
