100.08 6.1647916705e-09
101.94 8.95155675196e-09
104.07 1.18276046956e-08
106.01 1.59184694556e-08
107.98 2.1772195835e-08
109.98 3.37987873352e-08
114.11 5.57068070988e-08
118.12 8.60819765962e-08
120.87 3.3955032344e-07
125.12 4.84074582061e-07
126.86 5.60914832604e-07
128.04 6.13629714001e-07
131.02 7.49738587953e-07
131.93 9.07598286842e-07
134.07 1.02779771461e-06
136.88 1.41223642174e-06
140.07 1.68231707985e-06
143.0 4.86306653616e-06
147.0 1.3210064333e-05
151.12 1.57000113886e-05
155.0 1.87888184932e-05
158.98 2.24337438511e-05
161.93 2.54038237453e-05
166.08 3.02621411931e-05
169.95 3.51480033536e-05
173.11 3.94369051005e-05
177.15 4.53841885217e-05
180.02 5.02216099804e-05
182.11 5.38166699099e-05
185.92 6.12204987477e-05
191.13 7.15972569328e-05
193.79 7.8868111295e-05
197.85 8.82903027088e-05
201.99 9.90612352322e-05
204.8 0.000107623841643
210.05 0.000117463952837
215.94 0.000142201954387
219.95 0.000157361044605
223.01 0.000167072930412
227.16 0.000184459343097
229.79 0.000292349133691
234.06 0.000516320892394
240.07 0.000677504953173
246.22 0.000685340949056
251.96 0.000772486721457
257.23 0.000686908148233
260.21 0.000810764374076
263.83 0.00088086091907
268.74 0.000920230862023
273.73 0.000954756734795
278.82 0.000992891914761
284.01 0.00103254680302
289.95 0.00102779771461
296.03 0.00109119804494
300.84 0.00111660566795
307.84 0.00118005348917
317.93 0.00127323060385
328.34 0.00134247231293
338.32 0.00139927141037
347.8 0.00144842447545
356.72 0.0014959153596
365.87 0.00155204958465
375.26 0.00158819014748
384.88 0.00158087655133
394.76 0.00166688254251
404.88 0.00171356608162
414.31 0.00173740650546
422.02 0.00174946919003
429.86 0.00176157936549
440.89 0.00179847978247
451.16 0.00180679068719
459.55 0.00181510159191
470.25 0.00182768667621
480.1 0.00185309429923
490.15 0.00184036674228
500.41 0.00187456017886
506.21 0.00188320351977
512.07 0.00212274753939
520.39 0.00214734781737
530.07 0.00215727341216
539.92 0.00212274753939
549.96 0.00226935189874
560.18 0.00243167574073
570.6 0.0025698267227
579.87 0.00254627124417
590.65 0.00275998022281
600.25 0.00277270777976
610.0 0.00281772913793
619.91 0.0032801953677
629.98 0.00341901122205
640.22 0.00355550002307
650.62 0.00382738533479
658.16 0.00395276126892
664.25 0.00422573887097
675.04 0.00440454204977
684.43 0.00434413364514
695.55 0.00524679288003
705.23 0.00501076318584
716.69 0.00603799100984
726.66 0.00638135010219
735.07 0.0067128364735
745.3 0.00732641869662
755.67 0.00783267152157
764.42 0.00799651507186
775.05 0.00905508687939
785.83 0.00948202992783
794.93 0.010254231704
804.14 0.0109371506179
815.32 0.0115583313825
824.76 0.0126444479029
834.31 0.0108117746838
845.92 0.0137690320393
855.72 0.0143517451878
865.63 0.0156278252447
875.65 0.0167842282735
885.79 0.0181510159191
893.98 0.0192708509672
904.34 0.0197196398224
914.81 0.0261157120986
925.4 0.140250079049
933.96 0.299847944297
944.78 0.560914832604
955.72 0.790485766547
964.56 0.897245274099
975.73 0.15992080326
984.76 0.767167742433
993.87 0.814516153923
1005.38 1.18822192124
1014.68 1.15317364874
1024.07 0.516320892394
1035.93 0.827766110599
1045.51 1.56639183166
1055.19 1.54136413572
1064.95 1.22716444623
1074.81 1.46523624844
1084.75 1.17193254798
1094.79 1.55561140096
1104.92 1.49933470325
1115.14 1.44842447545
1125.46 1.30286491556
1135.87 1.66303578089
1143.75 1.52023069228
1154.33 1.61772947742
1165.01 1.67072930412
1175.79 1.15583313825
1183.94 1.63268910592
1194.9 1.1479021606
1205.95 0.843153157061
1214.31 0.580623549523
1225.55 1.14263067246
1234.04 1.70568259485
1245.46 1.87888184932
1254.09 1.80261148939
1265.7 1.57000113886
1274.47 2.01793515809
1286.26 2.11790346921
1295.18 1.69005809397
1304.16 1.67842282735
1316.22 2.09363562741
1325.35 2.00862694479
1334.53 1.79434807554
1343.79 2.12763910045
1356.22 2.0649036425
1365.62 1.8573684788
1375.09 1.94940581227
1384.62 1.97652310711
1394.22 1.69784659897
1403.88 1.75754264033
1413.61 1.84886761054
1423.41 1.89194184246
1436.58 1.89626351291
1443.21 1.99480709751
1446.54 2.02724337138
1456.57 1.97652310711
1466.66 1.8319133649
1473.43 1.83614005359
1483.64 1.87456017886
1493.93 1.90504932648
1504.28 1.81092239411
1511.23 1.62143376638
1518.2 1.73341727119
1525.21 1.68616384147
1535.78 1.47197995399
1546.43 1.5845333494
1553.57 1.50973520688
1564.34 1.56278252447
1575.18 1.67072930412
1586.1 1.74946919003
1593.42 1.79021636862
1604.46 1.75754264033
1615.59 1.76157936549
1626.78 1.67842282735
1634.29 1.7860846617
1645.62 1.81510159191
1653.22 1.69395234647
1664.68 1.84036674228
1672.36 1.65159047781
1676.22 1.86596432883
1683.95 1.93596589206
1695.63 1.82350747841
1703.45 1.76157936549
1715.26 1.67457606574
1723.18 1.66688254251
1735.12 1.77786873875
1743.13 1.74139573973
1755.21 1.84886761054
1763.32 1.70962433824
1775.54 1.74543246488
1783.73 1.77786873875
1796.1 1.88757268112
1804.39 1.87888184932
1816.9 1.74543246488
1825.28 1.78200044567
1833.71 1.717507825
1846.42 1.58819014748
1854.94 1.5992080326
1863.5 1.64779120708
1876.42 1.76970030668
1885.08 1.63644088577
1893.78 1.57726724413
1906.91 1.67072930412
1915.71 1.61397769757
1924.55 1.57726724413
1933.44 1.62518554623
1946.84 1.70178834235
1955.83 1.59184694556
1964.85 1.73740650546
1973.92 1.7860846617
1983.03 1.69395234647
1996.78 1.65159047781
2006.0 1.69784659897
2015.26 1.65159047781
2024.56 1.717507825
2033.9 1.63644088577
2043.29 1.69395234647
2052.72 1.59550374364
2066.95 1.61772947742
2071.71 1.74543246488
2076.49 1.67457606574
2086.07 1.73740650546
2095.7 1.64779120708
2105.38 1.66303578089
2115.1 1.68231707985
2124.86 1.70178834235
2134.67 1.5992080326
2144.52 1.63268910592
2154.42 1.69005809397
2164.36 1.63644088577
2174.35 1.62893732608
2184.39 1.61027340861
2194.47 1.67842282735
2204.6 1.63644088577
2214.78 1.56278252447
2225.0 1.52369752682
2235.27 1.61772947742
2245.59 1.55922070816
2255.95 1.4959153596
2266.37 1.52369752682
2276.83 1.55922070816
2287.34 1.5992080326
2292.61 1.50973520688
2303.19 1.52365003593
2313.82 1.46172192301
2324.5 1.19629537154
2335.23 1.37025448015
2346.01 1.3267053394
2356.84 1.42477401515
2367.72 1.32048403357
2373.18 1.35743194144
2384.13 1.26382740879
2395.14 1.33553864385
2406.19 1.29013735861
2417.3 1.31706468992
2422.87 1.39504472168
2434.05 1.34760132842
2445.29 1.41427852975
2456.57 1.39798915649
2462.24 1.38511912689
2473.6 1.33800816982
2485.02 1.35030830882
2496.49 1.25143228803
2502.25 1.41380362091
2513.8 1.26287759111
2519.59 1.29227444839
2525.4 1.25119483361
2537.06 1.27147344114
2542.9 1.25399679577
2554.64 1.34356460327
2566.43 1.30685414983
2572.35 1.37158422491
2584.22 1.35263536214
2596.15 1.33401893555
2602.14 1.2916570669
2614.15 1.27090355053
2626.21 1.32765515708
2632.27 1.3806074929
2644.42 1.48950409024
2656.62 1.53462043017
2662.75 1.38673381695
2675.04 1.4452900771
2687.39 1.45521567189
2693.58 1.37695069482
2706.01 1.41869518198
2712.25 1.34237733116
2724.77 1.32993471952
2737.35 1.38934581558
2743.66 1.21837863267
2756.32 1.2524295966
2762.68 1.30239000672
2775.43 1.35116314473
2781.83 1.26677184361
2794.67 1.0511632296
2807.57 1.11332879695
2814.04 1.32926984714
2827.03 1.40468537116
2833.54 1.3569570326
2846.62 1.31378781891
2853.19 1.24597083635
2866.35 1.38830101613
2872.96 1.40753482421
2886.22 1.39134043271
2892.88 1.40093359131
2912.93 1.52184538234
2933.12 1.45649792576
2946.66 1.42653117786
2967.09 1.45288861856
2987.65 1.45269865503
3008.36 1.46262424981
3029.21 1.46580613905
3050.21 1.46898802829
3071.35 1.4824279485
3092.64 1.48223798496
3106.92 1.49928721237
3128.46 1.46832315591
3150.14 1.46818068326
3171.98 1.48499245624
3186.62 1.40178842723
3208.71 1.45421836332
3230.95 1.37585840448
3253.34 1.48769943664
3268.36 1.55052987636
3291.01 1.53609264758
3306.21 1.52189287322
3321.47 1.525264726
3329.12 1.57517764523
3336.8 1.58966236489
3344.49 1.49724510435
3352.2 1.48000591341
3359.93 1.53196094066
3367.67 1.5213704735
3375.44 1.36840233567
3383.22 1.40345060817
3391.02 1.5423139534
3398.83 1.54934260426
3406.67 1.50707571737
3414.52 1.51742873011
3422.39 1.60357719395
3430.28 1.55266696615
3438.19 1.57418033666
3446.12 1.37414873265
3454.06 1.53115359563
3462.02 1.41575074716
3470.0 1.48584729216
3478.0 1.37704567659
3486.02 1.44856694811
3494.06 1.43189764777
3502.11 1.52721185224
3510.18 1.49235354328
3518.28 1.45160636469
3526.39 1.42833583146
3534.52 1.51989825609
3542.66 1.59878061465
3550.83 1.59137203672
3559.02 1.53371810337
3567.22 1.51961331078
3575.44 1.38901337939
3583.69 1.33872053308
3591.95 1.3021525523
3600.23 1.54753795066
3608.53 1.44087342487
3616.85 1.46761079265
3625.18 1.55090980343
3633.54 1.53661504731
3641.92 1.60523937489
3650.31 1.49116627118
3658.73 1.66531534333
3667.16 1.64617651702
3675.61 1.66901963229
3684.09 1.51856851133
3692.58 1.55385423825
3701.09 1.59365159916
3709.62 1.39115046918
3718.18 1.65330014964
3726.75 1.37823294869
3735.34 1.44315298731
3743.95 1.80004698164
3752.58 1.19197370109
3761.23 1.80816792283
3769.9 1.66042378226
3778.59 1.73859377756
3787.3 2.21397752783
3796.03 1.80365628884
3804.78 1.55646623688
3813.55 2.21364509164
3822.35 2.05630779247
3831.16 1.73408214357
3839.99 1.12733860777
3848.84 1.99537698812
3857.71 2.20799367642
3866.61 2.24893081855
3875.52 2.06518858781
3884.45 1.95405991892
3893.41 1.22156052191
3902.38 2.03650409379
3911.38 2.26393793794
3920.4 2.38693932787
3929.43 2.29518693971
3938.49 1.42824084969
3947.57 2.22727497539
3956.67 2.30544497068
3965.79 1.81438922865
3974.93 1.06588540369
3984.1 2.2371055884
3993.28 2.5099407178
3994.6 2.47351520966
3997.35 2.46225987012
4000.09 2.65393307852
4002.84 2.64842413596
4005.59 2.65056122574
4008.33 2.60705957587
4011.08 2.68356739022
4013.82 2.74321594071
4016.57 2.74924728299
4019.31 2.71643108205
4022.06 2.71581370056
4024.81 2.57775770035
4027.55 2.50110741335
4030.3 2.66442856391
4033.04 2.66072427495
4035.79 2.80276950942
4038.53 2.84190199795
4041.28 2.66784790757
4044.03 2.62021455078
4046.77 2.72194002461
4049.52 2.64676195501
4052.26 2.82252571722
4055.01 2.80419423594
4057.75 2.57310359371
4060.5 2.49493359841
4063.25 2.48467556744
4065.99 2.61689018889
4068.74 2.63037759998
4071.48 2.62705323809
4074.23 2.54052484719
4076.98 2.50386188463
4079.72 2.66689808989
4082.47 2.49745061527
4085.21 2.48614778484
4087.96 2.48472305832
4090.7 2.40850018927
4093.45 2.38119293089
4096.2 2.26754724514
4098.94 2.11685866975
4101.69 2.05545295656
4104.43 2.06594844195
4107.18 2.16833878816
4109.92 2.2790400391
4112.67 2.38788914555
4115.42 2.47536735414
4118.16 2.48614778484
4120.91 2.56849697795
4123.65 2.61408822672
4126.4 2.56194323594
4129.14 2.5605660003
4131.89 2.5273223814
4134.64 2.5551520395
4137.38 2.57452832023
4140.13 2.56099341825
4142.87 2.6665656537
4145.62 2.69691232867
4148.36 2.63731126907
4151.11 2.59832125319
4153.86 2.5704441042
4156.6 2.55819145609
4159.35 2.64315264782
4162.09 2.62387134886
4164.84 2.62197171349
4167.59 2.56958926828
4170.33 2.59718147197
4173.08 2.53672557646
4175.82 2.51198282582
4178.57 2.56873443237
4181.31 2.53895764801
4184.06 2.52869961704
4186.81 2.55263502264
4189.55 2.57889748157
4192.3 2.64956391718
4195.04 2.66100922026
4197.79 2.55586440277
4200.53 2.54399168173
4203.28 2.62458371212
4206.03 2.62306400383
4208.77 2.63493672486
4211.52 2.60212052392
4214.26 2.58635355038
4217.01 2.5920049656
4219.75 2.54622375328
4222.5 2.5686394506
4225.25 2.51749176838
4227.99 2.53221394246
4230.74 2.53050427063
4233.48 2.53392361429
4236.23 2.60316532337
4238.98 2.72326976937
4241.72 2.62382385797
4244.47 2.61779251569
4247.21 2.57471828377
4249.96 2.48828487463
4252.7 2.57728279151
4255.45 2.54280440963
4258.2 2.57324606636
4260.94 2.52746485405
4263.69 2.5842164606
4266.43 2.56935181386
4269.18 2.45337907479
4271.92 2.41491145863
4274.67 2.47019084777
4277.42 2.48372574975
4280.16 2.51435737002
4282.91 2.4111121879
4285.65 2.40484339119
4288.4 2.43053595951
4291.14 2.40802528043
4293.89 2.33180241138
4296.64 2.21402501871
4299.38 2.20737629493
4302.13 2.2487883459
4304.87 2.33341710144
4307.62 2.35948959684
4310.36 2.34058822495
4313.11 2.54779095246
4315.86 2.52276325652
4318.6 2.55971116438
4321.35 2.47289782817
4324.09 2.31556052901
4326.84 2.31385085718
4329.59 2.38632194638
4332.33 2.39814717653
4335.08 2.4030387376
4337.82 2.4853879307
4340.57 2.35355323632
4343.31 2.39050114418
4346.06 2.40294375583
4348.81 2.40375110086
4351.55 2.49274901774
4354.3 2.55890381935
4357.04 2.5422820099
4359.79 2.582411807
4362.53 2.71676351824
4365.28 2.67539895815
4368.03 2.64196537571
4370.77 2.58203187993
4373.52 2.55329989502
4376.26 2.53919510243
4379.01 2.53126412478
4381.75 2.35279338217
4384.5 2.36732559272
4387.25 2.52352311066
4389.99 2.57870751804
4392.74 2.54099975603
4395.48 2.48505549451
4398.23 2.60895921124
4400.97 2.54304186405
4403.72 2.5422820099
4406.47 2.67772601147
4409.21 2.66153161998
4411.96 2.59632663605
4414.7 2.58568867801
4417.45 2.636931342
4420.2 2.63313207126
4422.94 2.61802997011
4425.69 2.61161870075
4428.43 2.70603057842
4431.18 2.71890060803
4433.92 2.66381118242
4436.67 2.65948951196
4439.42 2.60914917477
4442.16 2.65155853431
4444.91 2.68850644217
4447.65 2.69876447315
4450.4 2.71780831769
4453.14 2.62529607538
4455.89 2.61712764331
4458.64 2.56341545334
4461.38 2.590200312
4464.13 2.55714665664
4466.87 2.68684426123
4469.62 2.73613979897
4472.36 2.70527072428
4475.11 2.66053431141
4477.86 2.71757086327
4480.6 2.74031899677
4483.35 2.78923460744
4486.09 2.71092213949
4488.84 2.77508232397
4491.59 2.86887682015
4494.33 2.85562686347
4497.08 2.79251147845
4499.82 2.86417522262
4502.57 2.90278531142
4505.31 2.88374146688
4508.06 2.89893854981
4510.81 2.81169779564
4513.55 2.82879451393
4516.3 2.8690192928
4519.04 2.81350244924
4521.79 2.73010845668
4524.53 2.58302918849
4527.28 2.61613033474
4530.03 2.61579789855
4532.77 2.69145087699
4535.52 2.72165507931
4538.26 2.80785103402
4541.01 2.86066089719
4543.75 2.69691232867
4546.5 2.62268407675
4549.25 2.69449029358
4551.99 2.72725900363
4554.74 2.80310194561
4557.48 2.82433037082
4560.23 2.8238079711
4562.97 2.76415942061
4565.72 2.80305445473
4568.47 2.82983931338
4571.21 2.70289618007
4573.96 2.76107251314
4576.7 2.82385546198
4579.45 2.7105897033
4582.2 2.75869796894
4584.94 2.77028574467
4587.69 2.71833071742
4590.43 2.73894176113
4593.18 2.7342401636
4595.92 2.66794288934
4598.67 2.7339552183
4601.42 2.74511557607
4604.16 2.7504345551
4606.91 2.84627115929
4609.65 2.89409447963
4612.4 2.90895912636
4615.14 2.82765473271
4617.89 2.81407233985
4620.64 2.83112156725
4623.38 2.84180701619
4626.13 2.91228348825
4628.87 2.81245764979
4631.62 2.7576056786
4634.36 2.70451087013
4637.11 2.71134955745
4639.86 2.70175639885
4642.6 2.62586596599
4645.35 2.64733184562
4648.09 2.70944992208
4650.84 2.70422592483
4653.58 2.76620152863
4656.33 2.87034903755
4659.08 2.73338532769
4661.82 2.5929072924
4664.57 2.60316532337
4667.31 2.6420128666
4670.06 2.66609074486
4672.81 2.65792231279
4675.55 2.69064353196
4678.3 2.69909690934
4681.04 2.64030319477
4683.79 2.72084773428
4686.53 2.73841936141
4689.28 2.73556990836
4692.03 2.73955914263
4694.77 2.68309248138
4697.52 2.62686327456
4700.26 2.57082403127
4703.01 2.55348985856
4705.75 2.54741102539
4708.5 2.56754716026
4711.25 2.70351356156
4713.99 2.76126247668
4716.74 2.74074641473
4719.48 2.78871220771
4722.23 2.80167721909
4724.97 2.79906522046
4727.72 2.72203500638
4730.47 2.69425283916
4733.21 2.64452988346
4735.96 2.72554933181
4738.7 2.71272679309
4741.45 2.72502693208
4744.19 2.84964301207
4746.94 2.76757876427
4749.69 2.72607173153
4752.43 2.68200019105
4755.18 2.69316054882
4757.92 2.64932646276
4760.67 2.60938662919
4763.42 2.58112955313
4766.16 2.61033644688
4768.91 2.66053431141
4771.65 2.70802519556
4774.4 2.7690034908
4777.14 2.73523747217
4779.89 2.73628227162
4782.64 2.74207615949
4785.38 2.7722803618
4788.13 2.6821426637
4790.87 2.72768642159
4793.62 2.7495322283
4796.36 2.78296581073
4799.11 2.76833861842
4801.86 2.69938185464
4804.6 2.67178965096
4807.35 2.64343759312
4810.09 2.74207615949
4812.84 2.78458050079
4815.58 2.76762625516
4818.33 2.81378739454
4821.08 2.75399637141
4823.82 2.72630918595
4826.57 2.77422748805
4829.31 2.71443646492
4832.06 2.67796346589
4834.81 2.68641684327
4837.55 2.61332837258
4840.3 2.6509886437
4843.04 2.64386501108
4845.79 2.61727011596
4848.53 2.58725587718
4851.28 2.58963042139
4854.03 2.69487022065
4856.77 2.88711331966
4859.52 3.01191936318
4862.26 2.90786683603
4865.01 2.64196537571
4867.75 2.44962729494
4870.5 2.44986474936
4873.25 2.55211262292
4875.99 2.61000401069
4878.74 2.56963675917
4881.48 2.52423547393
4884.23 2.56322548981
4886.97 2.5315015792
4889.72 2.6234439309
4892.47 2.69957181818
4895.21 2.67573139434
4897.96 2.69506018419
4900.7 2.75698829711
4903.45 2.74169623241
4906.19 2.71662104559
4908.94 2.70493828809
4911.69 2.64367504754
4914.43 2.64115803068
4917.18 2.60568234023
4919.92 2.60297535983
4922.67 2.65141606166
4925.42 2.69392040297
4928.16 2.72151260665
4930.91 2.71234686601
4933.65 2.68029051922
4936.4 2.63788115968
4939.14 2.67411670428
4941.89 2.71077966684
4944.64 2.6770611391
4947.38 2.74715768409
4950.13 2.76126247668
4952.87 2.77427497894
4955.62 2.77512981485
4958.36 2.75437629848
4961.11 2.71757086327
4963.86 2.67767852059
4966.6 2.6998092726
4969.35 2.72417209617
4972.09 2.71282177486
4974.84 2.66143663821
4977.58 2.582411807
4980.33 2.49369883542
4983.08 2.49559847079
4985.82 2.55491458508
4988.57 2.6300451638
4991.31 2.63555410636
4994.06 2.61665273447
4996.8 2.55543698481
4999.55 2.52513780073
5002.3 2.63370196187
5005.04 2.66438107303
5007.79 2.58549871447
5010.53 2.53411357783
5013.28 2.49355636277
5016.03 2.46757884914
5018.77 2.46534677759
5021.52 2.48823738375
5024.26 2.48396320417
5027.01 2.46776881268
5029.75 2.49802050588
5032.5 2.58193689816
5035.25 2.55339487679
5037.99 2.4817786235
5040.74 2.48828487463
5043.48 2.52005627612
5046.23 2.49669076112
5048.97 2.48970960115
5051.72 2.52086362115
5054.47 2.61802997011
5057.21 2.66100922026
5059.96 2.61142873721
5062.7 2.57443333846
5065.45 2.54166462841
5068.19 2.51606704185
5070.94 2.48942465585
5073.69 2.45646598226
5076.43 2.40598317241
5079.18 2.40888011634
5081.92 2.5303143071
5084.67 2.54365924554
5087.42 2.4964533067
5090.16 2.53881517536
5092.91 2.5991760891
5095.65 2.54703109831
5098.4 2.49099185503
5101.14 2.42825639707
5103.89 2.43481013909
5106.64 2.49080189149
5109.38 2.52741736316
5112.13 2.53724797618
5114.87 2.54931066075
5117.62 2.56213319947
5120.36 2.5108430446
5123.11 2.45019718555
5125.86 2.38048056763
5128.6 2.43139079543
5131.35 2.46078765271
5134.09 2.44468824299
5136.84 2.50975075426
5139.58 2.44122140845
5142.33 2.34054073406
5145.08 2.35084625592
5147.82 2.37183722671
5150.57 2.36015446922
5153.31 2.40503335473
5156.06 2.46349463311
5158.8 2.38807910909
5161.55 2.29765646568
5164.3 2.20314960624
5167.04 2.11951815927
5169.79 2.14934243451
5172.53 2.20025266231
5175.28 2.26968433492
5178.03 2.25885641334
5180.77 2.27652302224
5183.52 2.32268416163
5186.26 2.33764379013
5189.01 2.32976030336
5191.75 2.40641059037
5194.5 2.44250366232
5197.25 2.47949906106
5199.99 2.47042830219
5202.74 2.46724641296
5205.48 2.37354689854
5208.23 2.40251633787
5210.97 2.44397587973
5213.72 2.5117453714
5216.47 2.50576152
5219.21 2.51027315399
5221.96 2.50989322692
5224.7 2.48733505695
5227.45 2.51810914987
5230.19 2.54698360743
5232.94 2.51407242472
5235.69 2.49631083405
5238.43 2.56778461468
5241.18 2.53325874191
5243.92 2.50295955783
5246.67 2.56251312654
5249.41 2.51867904048
5252.16 2.44160133552
5254.91 2.48054386052
5257.65 2.49246407244
5260.4 2.43618737473
5263.14 2.31456322044
5265.89 2.35160611007
5268.64 2.35934712418
5271.38 2.4024213561
5274.13 2.44093646314
5276.87 2.4817786235
5279.62 2.57490824731
5282.36 2.60501746785
5285.11 2.61579789855
5287.86 2.71106461214
5290.6 2.66518841806
5293.35 2.60197805127
5296.09 2.58725587718
5298.84 2.61959716928
5301.58 2.60435259547
5304.33 2.67421168605
5307.08 2.70560316047
5309.82 2.72222496992
5312.57 2.68370986288
5315.31 2.68342491757
5318.06 2.60449506813
5320.8 2.57419588404
5323.55 2.54859829749
5326.3 2.47465499088
5329.04 2.51763424103
5331.79 2.5078511189
5334.53 2.52684747255
5337.28 2.61670022535
5340.03 2.55420222182
5342.77 2.53340121457
5345.52 2.57258119398
5348.26 2.58526126005
5351.01 2.67630128495
5353.75 2.74791753824
5356.5 2.71348664723
5359.25 2.67245452333
5361.99 2.68779407891
5364.74 2.60568234023
5367.48 2.54190208283
5370.23 2.53259386954
5372.97 2.67378426809
5375.72 2.65146355254
5378.47 2.66305132827
5381.21 2.68247509989
5383.96 2.64462486523
5386.7 2.61299593639
5389.45 2.61285346374
5392.19 2.55728912929
5394.94 2.59670656313
5397.69 2.51540216948
5400.43 2.49759308792
5403.18 2.43371784875
5405.92 2.42702163409
5408.67 2.45067209439
5411.41 2.56968425005
5414.16 2.63474676133
5416.91 2.58179442551
5419.65 2.62657832925
5422.4 2.63773868703
5425.14 2.57286613929
5427.89 2.54508397206
5430.64 2.60653717614
5433.38 2.55443967624
5436.13 2.56042352764
5438.87 2.64016072212
5441.62 2.61518051706
5444.36 2.56749966938
5447.11 2.61228357313
5449.86 2.61988211459
5452.6 2.64809169977
5455.35 2.65060871663
5458.09 2.62064196874
5460.84 2.64149046687
5463.58 2.56398534395
5466.33 2.5285096535
5469.08 2.57243872133
5471.82 2.52385554685
5474.57 2.51549715124
5477.31 2.58393151529
5480.06 2.54090477426
5482.8 2.6069645941
5485.55 2.62315898559
5488.3 2.55344236767
5491.04 2.5539647674
5493.79 2.5063314106
5496.53 2.55538949392
5499.28 2.53620317673
5502.02 2.57129894011
5504.77 2.5656475249
5507.52 2.53634564938
5510.26 2.4719005196
5513.01 2.55681422045
5515.75 2.58155697109
5518.5 2.62296902206
5521.25 2.58431144237
5523.99 2.53815030298
5526.74 2.47342022789
5529.48 2.58013224456
5532.23 2.57248621221
5534.97 2.55011800578
5537.72 2.63769119614
5540.47 2.44601798774
5543.21 2.69653240159
5545.96 2.75808058744
5548.7 2.60292786895
5551.45 2.74601790287
5554.19 2.54403917261
5556.94 2.66998499736
5559.69 2.5913875841
5562.43 2.47745695305
5565.18 2.57367348432
5567.92 2.41039982464
5570.67 2.48586283954
5573.41 2.58307667938
5576.16 2.63265716242
5578.91 2.48724007518
5581.65 2.57737777328
5584.4 2.4895671285
5587.14 2.51768173191
5589.89 2.46145252509
5592.63 2.49198916359
5595.38 2.46643906793
5598.13 2.47593724475
5600.87 2.64282021163
5603.62 2.55890381935
5606.36 2.68162026397
5609.11 2.60145565154
5611.86 2.56692977877
5614.6 2.52623009106
5617.35 2.54988055136
5620.09 2.51117548079
5622.84 2.48339331356
5625.58 2.59148256587
5628.33 2.636931342
5631.08 2.56446025279
5633.82 2.6027853963
5636.57 2.6596794755
5639.31 2.55557945746
5642.06 2.62211418614
5644.8 2.59281231063
5647.55 2.61228357313
5650.3 2.57747275505
5653.04 2.57737777328
5655.79 2.48315585914
5658.53 2.54152215575
5661.28 2.56673981523
5664.02 2.48999454646
5666.77 2.63503170663
5669.52 2.56873443237
5672.26 2.65744740395
5675.01 2.72426707793
5677.75 2.68351989934
5680.5 2.60914917477
5683.25 2.65464544178
5685.99 2.63289461684
5688.74 2.60549237669
5691.48 2.5665498517
5694.23 2.61361331788
5696.97 2.60354525044
5699.72 2.57148890365
5702.47 2.51943889463
5705.21 2.53577575877
5707.96 2.50927584542
5710.7 2.50314952137
5713.45 2.51663693246
5716.19 2.52485285542
5718.94 2.5335911781
5721.69 2.63702632376
5724.43 2.59001034846
5727.18 2.60895921124
5729.92 2.58264926142
5732.67 2.61427819026
5735.41 2.64737933651
5738.16 2.64225032102
5740.91 2.6438175202
5743.65 2.582411807
5746.4 2.64087308538
5749.14 2.65293576995
5751.89 2.58146198932
5754.63 2.64001824947
5757.38 2.61855236983
5760.13 2.62216167703
5762.87 2.63279963508
5765.62 2.66077176584
5768.36 2.62719571075
5771.11 2.63636145139
5773.86 2.61328088169
5776.6 2.59751390816
5779.35 2.55296745883
5782.09 2.44834504107
5784.84 2.46629659527
5787.58 2.54494149941
5790.33 2.60534990404
5793.08 2.65882463959
5795.82 2.68988367781
5798.57 2.59532932749
5801.31 2.61323339081
5804.06 2.64462486523
5806.8 2.61342335435
5809.55 2.65179598873
5812.3 2.62933280053
5815.04 2.66366870977
5817.79 2.68465968056
5820.53 2.63569657901
5823.28 2.65265082465
5826.02 2.67919822888
5828.77 2.68299749961
5831.52 2.71638359117
5834.26 2.71320170193
5837.01 2.71842569918
5839.75 2.72322227848
5842.5 2.66219649236
5845.24 2.66922514321
5847.99 2.66794288934
5850.74 2.54536891737
5853.48 2.51070057195
5856.23 2.53710550353
5858.97 2.61513302617
5861.72 2.57481326554
5864.47 2.609054193
5867.21 2.6315173812
5869.96 2.64908900834
5872.7 2.64813919065
5875.45 2.50571402911
5878.19 2.39249576132
5880.94 2.37630136982
5883.69 2.36808544687
5886.43 2.33365455586
5889.18 2.14677792676
5891.92 2.24812347352
5894.67 2.28967799715
5897.41 2.4189006929
5900.16 2.48705011164
5902.91 2.60824684797
5905.65 2.61731760685
5908.4 2.63892595913
5911.14 2.5581439652
5913.89 2.5608509456
5916.63 2.61817244276
5919.38 2.69301807617
5922.13 2.69287560352
5924.87 2.53392361429
5927.62 2.51454733356
5930.36 2.54731604362
5933.11 2.55121029612
5935.86 2.57695035532
5938.6 2.54076230161
5941.35 2.60986153803
5944.09 2.59846372584
5946.84 2.57595304676
5949.58 2.54513146295
5952.33 2.56194323594
5955.08 2.58678096834
5957.82 2.63175483562
5960.57 2.62277905852
5963.31 2.57804264566
5966.06 2.63018763645
5968.8 2.68959873251
5971.55 2.6237288762
5974.3 2.53131161566
5977.04 2.58925049432
5979.79 2.56764214203
5982.53 2.54598629886
5985.28 2.57248621221
5988.02 2.60629972172
5990.77 2.57201130337
5993.52 2.54427662703
5996.26 2.55439218536
5999.01 2.5009649407
6001.75 2.64001824947
6004.5 2.5728186484
6007.24 2.5000626139
6009.99 2.43870439159
6012.74 2.5913875841
6015.48 2.47076073838
6018.23 2.48481804009
6020.97 2.51687438688
6023.72 2.59157754764
6026.47 2.56792708734
6029.21 2.65260333376
6031.96 2.6438175202
6034.7 2.62558102069
6037.45 2.66575830867
6040.19 2.56821203264
6042.94 2.64766428181
6045.69 2.63108996325
6048.43 2.58264926142
6051.18 2.53487343197
6053.92 2.50362443021
6056.67 2.50908588189
6059.41 2.54270942786
6062.16 2.56612243374
6064.91 2.56094592737
6067.65 2.54912069722
6070.4 2.55382229475
6073.14 2.50941831807
6075.89 2.58155697109
6078.63 2.63617148785
6081.38 2.6216392773
6084.13 2.55781152901
6086.87 2.52447292835
6089.62 2.50077497716
6092.36 2.56417530749
6095.11 2.53226143335
6097.85 2.53587074054
6100.6 2.57704533709
6103.35 2.49113432768
6106.09 2.4991602871
6108.84 2.54536891737
6111.58 2.51369249765
6114.33 2.58165195285
6117.08 2.56232316301
6119.82 2.53710550353
6122.57 2.47061826573
6125.31 2.55135276877
6128.06 2.55757407459
6130.8 2.52936448941
6133.55 2.40094913869
6136.3 2.41700105753
6139.04 2.44905740433
6141.79 2.4991602871
6144.53 2.52285823829
6147.28 2.46206990658
6150.02 2.46055019829
6152.77 2.47631717183
6155.52 2.4260718164
6158.26 2.42412469015
6161.01 2.35464552665
6163.75 2.32325405224
6166.5 2.32686335943
6169.24 2.35991701479
6171.99 2.40954498872
6174.74 2.41101720613
6177.48 2.45907798088
6180.23 2.45024467643
6182.97 2.41068476994
6185.72 2.39985684836
6188.47 2.35706756175
6191.21 2.35502545373
6193.96 2.44426082503
6196.7 2.50747119182
6199.45 2.47546233591
6202.19 2.47883418869
6204.94 2.44682533277
6207.69 2.44274111674
6210.43 2.44050904518
6213.18 2.36780050156
6215.92 2.37558900656
6218.67 2.4024213561
6221.41 2.49840043295
6224.16 2.53207146981
6226.91 2.46643906793
6229.65 2.4362823565
6232.4 2.51222028024
6235.14 2.4539489654
6237.89 2.36927271897
6240.63 2.38532463781
6243.38 2.37003257312
6246.13 2.38879147235
6248.87 2.41495894952
6251.62 2.38432732924
6254.36 2.33526924592
6257.11 2.34386509595
6259.85 2.35834981562
6262.6 2.39016870799
6265.35 2.30159820907
6268.09 2.30758206047
6270.84 2.34448247745
6273.58 2.32197179836
6276.33 2.44753769604
6279.08 2.31123885855
6281.82 2.37573147921
6284.57 2.49284399951
6287.31 1.27351554916
6290.06 1.89716583971
6292.8 2.27400600538
6295.55 2.5195338764
6298.3 2.55895131023
6301.04 2.56365290776
6303.79 2.45893550823
6306.53 2.48999454646
6309.28 2.52205089326
6312.02 2.57676039179
6314.77 2.42464708988
6317.52 2.35469301754
6320.26 2.49502858018
6323.01 2.52817721731
6325.75 2.45076707616
6328.5 2.52209838414
6331.24 2.54722106185
6333.99 2.4530466386
6336.74 2.38736674583
6339.48 2.4686236486
6342.23 2.42811392442
6344.97 2.56246563566
6347.72 2.54579633533
6350.46 2.36172166839
6353.21 2.37549402479
6355.96 2.47645964448
6358.7 2.2859262173
6361.45 2.36181665016
6364.19 2.47731448039
6366.94 2.44815507753
6369.69 2.56018607322
6372.43 2.43139079543
6375.18 2.5303143071
6377.92 2.45684590933
6380.67 2.41182455116
6383.41 2.50219970368
6386.16 2.48168364173
6388.91 2.47584226299
6391.65 2.43153326808
6394.4 2.38010064055
6397.14 2.4362823565
6399.89 2.42930119653
6402.63 2.49664327024
6405.38 2.48714509341
6408.13 2.46971593893
6410.87 2.47926160664
6413.62 2.41913814732
6416.36 2.42949116006
6419.11 2.45656096402
6421.85 2.44103144491
6424.6 2.47028582954
6427.35 2.42108527357
6430.09 2.40617313595
6432.84 2.40731291717
6435.58 2.40783531689
6438.33 2.41372418653
6441.07 2.42521698049
6443.82 2.40997240668
6446.57 2.37701373309
6449.31 2.37957824083
6452.06 2.42118025534
6454.8 2.43381283052
6457.55 2.45746329082
6460.3 2.385657074
6463.04 2.38613198284
6465.79 2.42208258214
6468.53 2.45660845491
6471.28 2.46434946902
6474.02 2.42103778269
6476.77 2.46705644942
6479.52 2.40128157488
6482.26 2.39411045138
6485.01 2.35231847333
6487.75 2.4042260097
6490.5 2.4611200889
6493.24 2.38033809498
6495.99 2.3081044602
6498.74 2.20371949685
6501.48 2.27348360566
6504.23 2.39472783287
6506.97 2.39168841629
6509.72 2.41210949647
6512.46 2.48833236551
6515.21 2.41714353019
6517.96 2.43314795814
6520.7 2.47636466271
6523.45 2.49911279622
6526.19 2.43314795814
6528.94 2.42626177994
6531.69 2.56379538042
6534.43 2.55562694834
6537.18 2.47114066546
6539.92 2.72873122104
6542.67 2.79973009284
6545.41 2.97235945669
6548.16 2.9983844612
6550.91 2.9462869613
6553.65 3.15282481643
6556.4 4.19501226893
6559.14 5.5721054364
6561.89 5.87082309766
6564.63 4.76096113526
6567.38 3.49936579802
6570.13 2.79730805774
6572.87 2.61190364605
6575.62 3.11535450884
6578.36 3.72784444163
6581.11 4.10748656946
6583.85 3.94188585646
6586.6 3.37897640672
6589.35 2.98014796169
6592.09 2.65336318791
6594.84 2.5003475592
6597.58 2.44753769604
6600.33 2.4455430789
6603.07 2.40826273485
6605.82 2.48035389698
6608.57 2.46197492482
6611.31 2.3943479058
6614.06 2.41747596637
6616.8 2.45428140158
6619.55 2.41586127631
6622.3 2.46240234277
6625.04 2.49897032356
6627.79 2.43732715595
6630.53 2.33408197382
6633.28 2.37297700793
6636.02 2.3886489997
6638.77 2.39354056077
6641.52 2.43053595951
6644.26 2.43495261174
6647.01 2.41562382189
6649.75 2.36927271897
6652.5 2.37824849607
6655.24 2.40109161135
6657.99 2.31883740001
6660.74 2.28374163663
6663.48 2.3709823908
6666.23 2.36533097559
6668.97 2.39472783287
6671.72 2.40973495226
6674.46 2.38579954665
6677.21 2.46131005244
6679.96 2.43082090482
6682.7 2.44976976759
6685.45 2.42417218104
6688.19 2.40940251607
6690.94 2.40137655665
6693.68 2.39890703068
6696.43 2.25016558154
6699.18 2.34334269623
6701.92 2.31921732708
6704.67 2.36195912281
6707.41 2.47351520966
6710.16 2.59153005676
6712.91 2.67354681367
6715.65 2.74549550314
6718.4 2.66732550785
6721.14 2.49445868957
6723.89 2.55714665664
6726.63 2.78591024555
6729.38 2.74635033906
6732.13 2.64234530279
6734.87 2.46325717869
6737.62 2.38209525769
6740.36 2.42360229043
6743.11 2.28445399989
6745.85 2.28008483855
6748.6 2.33550670035
6751.35 2.33365455586
6754.09 2.34329520534
6756.84 2.2790400391
6759.58 2.44217122613
6762.33 2.44559056979
6765.07 2.35208101891
6767.82 2.30924424141
6770.57 2.30207311791
6773.31 2.31461071132
6776.06 2.31066896794
6778.8 2.28635363526
6781.55 2.36628079327
6784.3 2.35516792638
6787.04 2.26498273739
6789.79 2.31859994559
6792.53 2.32463128788
6795.28 2.28070222005
6798.02 2.33816618986
6800.77 2.37539904302
6803.52 2.34405505949
6806.26 2.38484972897
6809.01 2.39012121711
6811.75 2.38978878092
6814.5 2.49132429122
6817.24 2.55819145609
6828.57 2.38423234748
6844.31 2.36775301068
6860.09 2.33517426416
6875.91 2.34585971309
6891.76 2.2661700095
6907.64 2.32420386992
6923.57 2.31878990913
6939.53 2.37273955351
6955.52 2.37264457174
6971.56 2.38351998421
6987.63 2.30781951489
7003.74 2.377868569
7019.88 2.36143672309
7036.07 2.35051381973
7052.29 2.40517582738
7068.54 2.27053917084
7084.84 2.33949593461
7101.17 2.22898464721
7117.54 2.20338706066
7133.95 2.19825804517
7150.39 2.21848916182
7166.88 2.22352319554
7183.4 2.17285042216
7199.96 2.09900209732
7216.55 2.1978781181
7233.19 2.25937881307
7249.87 2.22314326846
7266.58 2.24365933041
7283.33 2.22300079581
7300.12 2.15736839393
7316.95 2.23824536962
7333.81 2.26412790148
7350.72 2.30083835492
7367.67 2.30606235218
7384.65 2.38698681876
7401.67 2.34334269623
7418.74 2.32178183483
7435.84 2.38674936433
7452.98 2.30563493422
7470.16 2.27391102361
7487.38 2.370080064
7504.64 2.36452363056
7521.94 2.38632194638
7539.28 2.35350574544
7556.66 2.39714986796
7574.08 2.35877723357
7591.54 2.35322080013
7609.04 2.34234538766
7626.58 2.22143359664
7644.16 2.30473260742
7661.78 2.24185467682
7679.45 2.25211270779
7697.15 2.23653569779
7714.89 2.22105366956
7732.68 2.19046954017
7750.51 2.1703334053
7768.37 2.19032706752
7786.28 2.15523130414
7804.23 2.16510940804
7822.22 2.24627132904
7840.25 2.14506825494
7858.32 2.18994714045
7876.44 2.22029381542
7894.6 2.23045686462
7912.79 2.18966219514
7931.04 2.14962737981
7949.32 2.10061678738
7967.64 2.13466775131
7986.01 2.16430206301
8004.42 2.12469466564
8022.87 2.20941840295
8041.37 2.22979199224
8059.91 2.20419440569
8078.49 2.1293012814
8097.11 2.16876620612
8115.78 2.17869180091
8134.48 2.18866488658
8153.23 2.15855566603
8172.03 2.00516011025
8190.87 2.08513475915
8209.75 2.11894826866
8228.67 2.10427358546
8247.65 2.21863163447
8266.66 2.15309421436
8285.71 2.12345990265
8304.82 2.12341241177
8323.96 2.14791770798
8343.15 2.06062946293
8362.38 2.1526667964
8381.66 2.12307997558
8400.98 2.15252432375
8420.35 2.09377810006
8439.76 2.17223304066
8459.21 2.08399497793
8478.71 1.9855463751
8498.26 2.11766601478
8517.85 2.09819475229
8537.48 2.06452371543
8557.17 1.9002052563
8576.89 2.09311322768
8596.66 2.07383192872
8616.48 2.04999150488
8636.35 2.08803170308
8656.25 2.00777210888
8676.21 1.86510949292
8696.21 1.91283783148
8716.25 2.05901477287
8736.35 2.06846545881
8756.49 2.01199879757
8776.67 2.0493266325
8796.9 2.10664812966
8817.19 1.92561287931
8837.51 2.07758370857
8857.88 2.05844488226
8878.3 1.90775630688
8898.77 1.98839582815
8919.28 1.98830084638
8939.84 1.97908761486
8960.45 1.96992187422
8981.11 1.88548308221
9001.81 1.78817426061
9022.57 1.8004743996
9043.36 2.07193229336
9064.21 2.10550834844
9085.11 2.06219666211
9106.05 2.0244889001
9127.04 1.82512216847
9148.08 1.91549732099
9169.17 1.98269692205
9190.31 1.98720855605
9211.49 1.99167269916
9232.73 1.88021159407
9254.01 1.8888074441
9275.34 2.02843064348
9296.73 1.86700912828
9318.16 1.97300878169
9339.64 1.9774729248
9361.16 1.94574901419
9382.75 1.96821220239
9404.38 1.9277499691
9426.05 1.97709299772
9447.79 1.94988072111
9469.56 1.98606877483
9491.39 1.98141466818
9513.28 1.94066748959
9535.2 1.94057250782
9557.18 1.87028599929
9579.22 1.93150174895
9601.3 1.94926333962
9623.43 1.95367999184
9645.61 1.93121680364
9667.85 1.93112182187
9690.14 1.94893090343
9712.47 1.92209855389
9734.87 1.9043844541
9757.31 1.89992031099
9779.8 1.90419449057
9802.35 1.91730197459
9824.94 1.89963536569
9847.59 1.90832619749
9870.29 1.89507624081
9893.05 1.89065958859
9915.85 1.87755210456
9938.71 1.88610046371
9961.62 1.89037464328
9984.58 1.88158882971
10030.67 1.86848134569
10076.97 1.83841961603
10123.48 1.87242308907
10170.21 1.85508891636
10217.16 1.8591731324
10264.32 1.85898316886
10311.69 1.85029233706
10503.4 1.790881241
10698.68 1.717507825
10897.58 1.65159047781
11100.18 1.58819014748
11306.54 1.55561140096
11490.26 1.54136413572
11703.88 1.49933470325
11894.06 1.44842447545
12087.32 1.41874267286
12312.04 1.39604203024
12512.09 1.35800183205
12686.16 1.32404584988
12892.29 1.29388913845
13101.77 1.27028616904
13314.66 1.23281586145
13499.88 1.20755071108
13687.69 1.18551494084
13910.09 1.14524267109
14103.6 1.09623207865
14299.8 1.07870794241
14498.74 1.08117746838
14700.44 1.04688905003
14904.92 1.0565771904
15112.27 1.0565771904
15287.27 1.0688298385
15499.94 1.05899922549
15715.57 1.03967043564
15897.55 1.0020576554
16081.62 1.00438470872
16305.34 0.999778092962
16494.15 0.981541593451
16685.15 0.974750397019
16917.26 0.954756734795
17113.16 0.935190490528
17311.3 0.899287382117
17511.76 0.872787468765
17714.55 0.839258904561
17919.68 0.808912229594
18085.47 0.770729558744
18294.9 0.751448259782
18506.75 0.725945654998
18721.03 0.693271926708
18894.26 0.675937753996
19113.05 0.663590124119
19289.89 0.641079445036
19513.26 0.61647916705
19693.82 0.596912922783
19921.87 0.579293804767
20106.19 0.568703337603
20292.24 0.549422038641
20479.99 0.541870988063
20717.14 0.527101323094
20908.85 0.51513362029
21102.3 0.504543153127
21297.57 0.493050359164
21494.64 0.482934800842
21693.51 0.466555194901
21894.25 0.458040079375
22096.82 0.445554725934
22301.29 0.433416055947
22507.65 0.422573887097
22715.89 0.411057347693
22926.09 0.370599863492
23085.0 0.367199516188
23298.61 0.322776543161
23514.2 0.30472050901
23677.18 0.308249081702
23896.27 0.284380163332
24117.37 0.274730015674
24284.55 0.272208249726
24509.24 0.254038237453
24679.14 0.250557155646
24907.48 0.213746971347
25080.15 0.211301190814
25312.19 0.212274753939
25487.66 0.210816783796
25723.48 0.213746971347
25901.8 0.209363562741
26081.33 0.208404246881
26322.67 0.203189747802
26505.12 0.201328105144
26688.86 0.197196398224
26873.84 0.194494166916
27122.52 0.191825179227
27310.51 0.187888184932
27499.83 0.184886761054
27690.44 0.180679068719
27882.39 0.17860846617
28075.65 0.174946919003
28270.28 0.172149705927
28531.84 0.168616384147
28729.63 0.165159047781
28928.76 0.162893732608
29129.31 0.15992080326
29331.2 0.156639183166
29466.58 0.153780231941
29670.85 0.151320204142
29876.51 0.148219049408
30083.62 0.145849254289
30292.13 0.143185015689
30502.13 0.141546580186
30713.54 0.139286014101
30926.45 0.13737213147
31069.2 0.135178052622
31284.54 0.133629849799
31501.41 0.131492760013
31719.76 0.129688106416
31866.19 0.12820639083
32087.06 0.12673892251
32309.5 0.126154784635
32533.44 0.127323060385
32683.6 0.133017217394
32910.17 0.151320204142
33062.06 0.149244852505
33291.22 0.127028616904
33522.0 0.117734650877
33676.73 0.112952318844
33910.18 0.109623207865
34066.69 0.10688298385
34302.81 0.104931108512
34461.17 0.102779771461
34700.03 0.100671176205
34860.23 0.0988332789883
35101.85 0.0972518325464
35263.86 0.0952572154124
35508.32 0.0935190490528
35672.2 0.0918141263121
35919.49 0.0903466579921
36085.28 0.088693975224
36335.39 0.0872787468765
36503.14 0.0854883405444
36671.61 0.0839258904561
36925.79 0.0822067204502
37096.26 0.0807060085113
37267.48 0.0794142564626
37525.78 0.0777853191365
37699.02 0.0768972396031
37873.02 0.0754915094324
38135.52 0.0741142737923
38311.58 0.0730979688717
38488.41 0.0717634750273
38666.05 0.070452726625
38934.09 0.0693271926708
39113.79 0.0680639351526
39294.32 0.067128364735
39475.72 0.0657511290949
39657.92 0.0647015805553
39932.84 0.0633718357994
40117.15 0.0625027526196
40302.31 0.0615054440526
40488.32 0.0603799100984
40675.24 0.0595535687143
40862.97 0.0585990019431
41146.2 0.0577964060011
41336.15 0.0570033082359
41526.94 0.0559632578732
41718.61 0.0550704292513
41911.2 0.054310575105
42104.64 0.0534462410136
42298.97 0.0528336086082
42494.25 0.0519882708705
42690.38 0.0512759076083
42887.41 0.0495329921603
43085.41 0.0477425858282
43284.27 0.0476333567946
43484.04 0.0460153423719
43684.74 0.045071698504
43886.42 0.0444533671925
44088.97 0.0431421438813
44292.46 0.0426482386862
44496.94 0.0420631509936
44702.31 0.0410112279098
44908.63 0.0408226890998
45115.96 0.0401701643517
45324.19 0.0394369051005
45533.38 0.0391652572432
45743.54 0.0387169432969
45849.03 0.0378359873961
46060.64 0.0378359873961
46273.23 0.0372309535321
46486.86 0.0368044853925
46701.42 0.036635417845
46916.96 0.036216073338
47133.51 0.0357193186899
47351.1 0.0356371594603
47460.25 0.0351480033536
47679.3 0.0348260151592
47899.41 0.0345068764177
48120.49 0.033955032344
48342.59 0.033955032344
48454.02 0.0334891467706
48677.71 0.0331058953355
48902.38 0.032801953677
49128.09 0.0325013363804
49354.84 0.0322035685368
49468.66 0.0319081752375
49696.98 0.0317614284055
49926.36 0.0314000227771
50156.84 0.0313302111775
50272.46 0.0311155523811
50504.49 0.0309037430379
50737.59 0.0308348812558
50854.54 0.0308358310735
50971.82 0.0307660194738
51089.31 0.0306259213656
51207.08 0.0305565846748
51325.11 0.0305575344925
51443.42 0.0304881978016
51562.01 0.0304193360196
51680.92 0.0304905723458
51800.04 0.030421235655
51919.45 0.030352373873
52039.12 0.030283512091
52159.08 0.0302849368175
52279.31 0.0302160750355
52399.81 0.0301476881623
52520.66 0.03014863798
52641.72 0.0302193993974
52763.07 0.030220349215
52884.69 0.0301519623419
53006.59 0.0300142387779
53128.77 0.0300151885956
53251.3 0.0300854751041
53374.05 0.0300864249218
53497.08 0.0300878496483
53620.39 0.030088799466
53743.99 0.0300897492837
53867.87 0.0300906991013
53992.04 0.0301609856099
54116.56 0.0301619354276
54241.3 0.0300935485544
54366.33 0.0300944983721
54491.65 0.0301652597894
54617.26 0.030235546298
54743.15 0.0302364961157
54869.34 0.030307257533
54995.88 0.0303082073507
55122.65 0.0303789687681
55249.71 0.0305204916028
55377.06 0.0306620144376
55504.71 0.0305926777467
55632.65 0.0306643889818
55760.95 0.0308776230516
55889.48 0.0308785728693
56018.32 0.0310224702482
56147.44 0.0311663676272
56276.87 0.0312395035887
56406.59 0.0313843507854
56536.61 0.0316028088524
56666.99 0.0317500305933
56797.61 0.0319708632045
56928.54 0.0321195096719
57059.76 0.0323431917362
57191.29 0.032643334124
57323.11 0.032870815459
57455.31 0.0331761818441
57587.75 0.0334839227733
57720.5 0.0337949880644
57853.55 0.0341089028086
57986.9 0.0345842865589
58120.57 0.0349860594387
58254.54 0.0353921064981
58388.88 0.0359681709228
58523.47 0.0364696746593
58658.37 0.0370633107111
58793.59 0.0377538281665
58929.11 0.0385455012052
59153.62 0.038270528986
59463.0 0.0405990070355
59772.37 0.0432708441773
60081.74 0.0525059215076
60391.13 0.0544008077849
60700.5 0.0590691616961
61009.87 0.0631676249975
61319.26 0.0778280609322
61628.63 0.103981290829
61938.0 0.12997305172
62247.38 0.133900547839
62556.75 0.123162858934
62866.13 0.104527435997
63175.5 0.0879293719893
63484.88 0.0782792243316
63794.26 0.071255322567
64103.63 0.0632483595006
64413.0 0.0568608355835
64722.39 0.0529285903765
65031.76 0.0522447216448
65341.13 0.0500126500902
65650.52 0.0511761767516
65959.88 0.0503213408371
66269.26 0.0535459718703
66578.65 0.050378329898
66888.01 0.0511191876907
67197.39 0.0483172255263
67506.77 0.0513281475809
67816.14 0.0534652373673
68125.53 0.0539828880044
68434.9 0.0561247268793
68744.27 0.0568418392298
69053.65 0.0614152113727
69363.02 0.0635570502475
69672.4 0.0762418654019
69981.78 0.0763131017281
70291.15 0.0650672603632
70600.53 0.0579341295651
70909.91 0.05851826744
71219.28 0.0643026571285
71528.66 0.0671758556191
71838.03 0.0646873332901
72147.42 0.0680591860642
72456.78 0.0713265588932
72766.16 0.0751068332709
73075.55 0.0764508252921
73384.91 0.0798179289778
73694.29 0.0882523100015
74003.67 0.094782306571
74313.04 0.0969241454458
74622.42 0.106531551308
74931.79 0.117117269383
75220.92 0.12179987056
75241.17 0.132024657915
75550.55 0.135382263424
75840.89 0.14141360571
75859.92 0.142467903338
76460.88 0.141556078363
77080.86 0.137391127823
77700.85 0.134432445741
78320.83 0.131407276421
78940.83 0.121852110532
79560.81 0.106588540369
80180.79 0.0946398339186
80800.78 0.0832230253708
81420.76 0.0755627457587
82040.74 0.0713645516005
82660.73 0.0701962758506
83280.71 0.070452726625
83900.71 0.0694649162348
84520.69 0.0686908148233
85140.68 0.0727512854174
85760.66 0.0781842425633
86380.65 0.0722146384266
87000.62 0.0630726432293
87620.61 0.0519122854558
88240.6 0.0447311888647
88860.58 0.0370884808797
89480.56 0.0323170717499
90100.55 0.0320458988015
90720.53 0.0279768798482
91340.52 0.0275466124378
91960.51 0.0274359586778
92580.49 0.0259385711008
93200.48 0.0242293741805
93820.46 0.0251639947804
94440.44 0.0245095703969
95060.42 0.024641120146
95680.42 0.0241106469702
96300.4 0.0268636935239
96920.38 0.0276558414714
97540.37 0.0233873608047
98160.36 0.0211899575954
98780.34 0.0213058353527
99400.33 0.0213196077091
100020.27 0.0210446354899
100640.31 0.0196004377032
101260.25 0.0199509204281
101880.3 0.0189859056624
102500.24 0.0194774363132
103120.27 0.0187394279737
103740.23 0.0198621124748
104360.17 0.0210242144098
104980.21 0.0237805853254
105600.15 0.0242512199872
106220.2 0.0250433679347
106840.14 0.0251597206009
107460.08 0.0256949428651
108080.12 0.0259281231063
108700.07 0.0272355471467
109320.11 0.0308187343552
109940.05 0.035748763038
110560.09 0.0412767019522
111180.04 0.053954393474
111799.98 0.0843580575018
112420.03 0.102456833448
113039.97 0.0929206639126
113660.01 0.0756909711458
114279.95 0.0611255169794
114899.99 0.0514373766144
115519.93 0.0441090582824
116139.88 0.0389919155161
116759.93 0.0358560924362
117379.87 0.0343720023068
117999.9 0.0337408484565
118619.84 0.0351342309972
119239.89 0.0378288637635
119859.83 0.0383564874863
120479.78 0.037509725022
121099.83 0.0358760386075
121719.77 0.0347979955375
122339.8 0.0368282308346
122959.74 0.0388503926814
123579.7 0.0387169432969
124199.74 0.0394867705289
124819.68 0.0418945583549
125439.72 0.0437096599468
126059.67 0.0454948422817
126679.7 0.0462319008036
127299.65 0.0510384531876
127919.59 0.0647633187047
128539.64 0.0561864650286
129159.58 0.0345306218598
129779.62 0.0273685216223
130399.56 0.0262002458724
131019.5 0.0255947370996
131639.55 0.025566717478
132259.49 0.0248662269369
132879.54 0.0243020352332
133499.47 0.0238333002068
134119.51 0.0229627923004
134739.46 0.0225405983404
135359.41 0.0223401868093
135979.45 0.0217356278542
136599.39 0.021146265982
137219.43 0.019906278997
137839.38 0.0193026698596
138459.42 0.0194508414181
139079.36 0.0181229962975
139699.3 0.018016616717
140319.35 0.0188301355624
140939.3 0.0194270959761
141559.32 0.0195614951782
142179.27 0.0197533583501
142799.31 0.0196303569602
143419.26 0.0183623503536
144039.2 0.0168782602241
144659.26 0.0165320516787
145192.73 0.0161563987852
146108.21 0.0155660870953
147023.79 0.015372324288
147939.28 0.01478533696
148854.76 0.014542658542
149770.25 0.014264361961
150685.84 0.0139832159268
151601.33 0.0141451598418
152516.81 0.0142676863228
153432.4 0.0141066922256
154347.89 0.0149781499496
155263.37 0.0181918580795
156178.86 0.0179325578521
157094.45 0.0153471541194
158009.94 0.0151006764307
158925.42 0.0155589634627
159841.0 0.0158391596791
160756.5 0.0159165698203
161671.97 0.0160528686577
162587.56 0.0177079259701
163503.05 0.0213381291539
164418.53 0.0249683323378
165334.02 0.02351226183
166249.62 0.0218481812496
167165.08 0.0220880102145
168080.58 0.0224741111026
168996.07 0.0232833557684
169911.66 0.0280143976466
170827.15 0.0285092526594
171742.64 0.0240132906577
172658.23 0.0229846381071
173573.71 0.0229770395657
174489.2 0.0213006113555
175404.78 0.0180859534079
176320.26 0.0164194982833
177235.75 0.0161378773404
178151.23 0.0158733531157
179066.82 0.015303462506
179982.31 0.01416225656
180897.79 0.0135534234253
181813.37 0.0132561304906
182728.87 0.013102260026
183644.34 0.0132072148799
184559.93 0.013173971261
185475.42 0.0136194357543
186390.92 0.0165424996733
187306.39 0.0196146849684
188221.98 0.0156074041645
189137.47 0.0135116314473
190052.95 0.0132941231979
190968.55 0.0133173937312
191884.04 0.0128942499534
192799.51 0.0124597083635
193715.0 0.0120123442349
194630.6 0.0119919231547
195546.08 0.0121728634233
196461.57 0.0121552917962
197377.16 0.0120370394947
198292.63 0.0119548802651
199208.13 0.011646664427
200123.62 0.0117753647231
201039.2 0.011754468734
201954.68 0.0116286178911
202870.17 0.0113693176636
203785.76 0.0116238688026
204884.16 0.0111109672539
206646.75 0.0116680353249
208410.42 0.0113754914786
210174.99 0.0110045876734
211940.65 0.0113840398377
213707.33 0.0114149089124
215475.1 0.0109718189634
217243.76 0.0112966566109
219013.53 0.0114410288987
220784.31 0.0112695868069
222556.17 0.0109499731567
224329.04 0.0112871584341
226102.9 0.011577802645
227877.84 0.0114571757993
229653.81 0.0111907519393
231430.76 0.0113887889261
233208.82 0.0116371662502
234987.88 0.0118119327038
236768.02 0.0115759030097
238549.27 0.0115559568383
240331.52 0.0115455088438
242114.77 0.0115830266423
243899.12 0.0113550703984
245684.46 0.011143735964
247471.01 0.0112102232018
249258.46 0.0113740667521
251046.98 0.0115526324764
252836.62 0.0113507962188
254627.36 0.0113355991359
256419.09 0.0117364221981
258211.91 0.0124958014355
260005.85 0.0126178530077
261800.87 0.0116642360542
263596.91 0.0112187715609
265394.01 0.0111584581381
267192.27 0.011314228238
268991.46 0.0112016748426
270791.9 0.0112211461051
272593.3 0.0112349184615
274395.83 0.0111594079557
276199.45 0.0111052683478
278004.17 0.0111404116021
279809.97 0.0114258318158
281616.87 0.0119814751602
283424.89 0.0117164760267
285234.0 0.0112097482929
287044.21 0.0110492291045
288855.51 0.0111328130606
290667.9 0.0111423112374
292481.41 0.0112966566109
294296.01 0.0113180275088
296111.71 0.0114329554484
297928.59 0.0112648377185
299746.6 0.0113227765972
301565.57 0.0112833591633
303385.76 0.0115953742722
305207.04 0.0116366913414
307029.54 0.0118119327038
308853.04 0.0117435458307
310677.72 0.0117103022118
312503.59 0.0117568432782
314330.49 0.0117478200103
316158.57 0.0119885987929
317987.81 0.0121605157935
319818.08 0.0120232671383
321649.56 0.0123746996809
323482.26 0.0128923503181
325315.99 0.0126795911571
327150.85 0.0127270820413
328986.95 0.0129208448486
330824.21 0.0130614178656
332662.56 0.0145431334509
334502.03 0.0183210332844
336342.69 0.0169200522022
338184.56 0.0133862555132
340027.59 0.0133420889909
341871.74 0.013132179283
343717.02 0.0129450651995
345563.54 0.014725498446
347411.22 0.0229437959468
349260.05 0.025698267227
