102.06 4.59867620541e-10
103.95 6.43622033779e-10
105.89 9.13357087746e-10
108.1 1.32019478746e-09
110.11 2.12635834445e-09
113.98 3.8426991295e-09
117.99 6.45096751313e-09
121.02 2.81601921624e-08
124.98 4.30165887706e-08
127.01 5.12418258169e-08
127.89 5.69701817383e-08
130.87 7.25514941843e-08
132.08 8.98748167174e-08
133.92 1.0414270886e-07
137.04 1.50186155369e-07
139.91 1.8562546111e-07
142.84 5.88366211174e-07
146.84 1.78910887837e-06
150.95 2.2112467725e-06
154.83 2.7582748078e-06
159.16 3.4326815701e-06
162.12 4.00528673763e-06
165.9 4.95044242221e-06
170.15 5.95140694846e-06
172.92 6.84914124733e-06
176.95 8.1215459697e-06
179.82 9.19670722189e-06
181.9 9.9916721426e-06
186.14 1.16852930606e-05
190.92 1.41135076504e-05
194.02 1.58721083097e-05
198.08 1.82238219274e-05
202.23 2.09234767132e-05
205.04 2.31544478327e-05
209.82 2.59200040583e-05
216.19 3.25562329617e-05
220.21 3.6781759546e-05
222.76 3.95943223931e-05
226.9 4.46309436212e-05
230.06 7.28833056295e-05
233.8 0.000128125302758
239.8 0.000173634164161
245.95 0.000179735807958
252.26 0.000208755483933
256.95 0.000189510420114
259.92 0.000226793122772
264.14 0.000250978490331
269.06 0.000267693491881
274.06 0.000283551313865
279.15 0.000299662602925
283.69 0.000317419123733
290.3 0.000323322602362
295.69 0.000349650918837
301.19 0.000362771296398
308.21 0.000391413076006
318.3 0.000435143059383
327.98 0.00047167918629
337.94 0.000504215141886
348.21 0.00053532246487
357.14 0.000567074976776
366.3 0.000604818528664
374.84 0.000631870378429
385.34 0.000639197881177
395.22 0.000692840731479
405.36 0.000730538198444
413.85 0.000752705046378
421.54 0.000766714862951
430.37 0.000782752416135
441.41 0.000817776957569
450.65 0.000834920548903
460.09 0.000848469516247
469.72 0.000868239948188
479.56 0.00089460052411
489.6 0.000896674345642
499.85 0.000928196432933
505.64 0.000926030441555
511.49 0.000987738153371
519.81 0.00099916721426
529.47 0.00100377570655
540.56 0.000987738153371
550.61 0.00100838419885
559.55 0.00105594383932
569.96 0.00109304220229
580.55 0.00108801894569
589.99 0.00112364259112
599.57 0.00111078489762
609.31 0.00102953717848
620.64 0.00118475119894
629.28 0.00119023530477
639.5 0.00121516724808
649.89 0.00124060612554
657.42 0.00124632065599
665.03 0.00128420246264
674.28 0.00129309685277
685.24 0.00126659802208
694.77 0.00137604971406
704.44 0.0013293196022
715.88 0.00143757308619
725.84 0.00146093814212
734.25 0.00148467187743
744.46 0.00154393708833
754.82 0.00157992941315
765.32 0.00154393708833
774.18 0.00168127015869
784.95 0.00171647903982
795.87 0.00177270264581
805.08 0.00182238219274
814.41 0.00186054050893
825.74 0.00195718059234
835.3 0.00173233225331
844.97 0.00201667622785
854.75 0.00204944260806
864.65 0.00214603660654
874.66 0.00225235452377
884.79 0.00238033235477
895.04 0.00246964493543
905.4 0.00246964493543
915.89 0.00353697175072
924.36 0.0201202165063
935.06 0.0443235571852
945.89 0.0856303953147
954.64 0.12348915951
965.7 0.139517495708
974.63 0.0222143154047
985.92 0.117931317803
995.04 0.127245080729
1004.25 0.191266255678
1015.88 0.18562546111
1025.28 0.0791831145954
1034.76 0.12901474177
1044.34 0.256232171546
1054.0 0.252715891926
1066.21 0.197985437442
1076.07 0.239683075718
1086.03 0.187773018519
1096.08 0.255642284532
1106.22 0.245830804438
1113.89 0.23639261222
1124.19 0.212635834445
1134.6 0.276458844224
1145.09 0.250978490331
1155.69 0.270168252243
1163.7 0.28030693529
1174.47 0.191704062445
1185.34 0.274555536907
1196.3 0.18562546111
1204.6 0.130807445273
1215.74 0.0884369671217
1224.17 0.18691123046
1235.5 0.290828123197
1244.06 0.32257602661
1255.57 0.308059275884
1264.27 0.262803881557
1275.97 0.34724528586
1284.82 0.366130887281
1293.72 0.285519140074
1305.69 0.282901516451
1314.74 0.36110763068
1323.86 0.346443408201
1336.11 0.304533779279
1345.37 0.369518129117
1354.69 0.357794124721
1364.08 0.318151874008
1373.54 0.337005215983
1386.25 0.342480104828
1395.86 0.298284663729
1405.53 0.31162624892
1415.28 0.318151874008
1425.09 0.329332076313
1434.96 0.327820490841
1441.59 0.348042555027
1448.24 0.354512878208
1454.93 0.344853478359
1465.01 0.317419123733
1475.17 0.317419123733
1485.39 0.324815753865
1495.69 0.33237828972
1506.06 0.313787631806
1513.01 0.27773539659
1516.5 0.299662602925
1523.5 0.290159891814
1534.06 0.251554551868
1544.69 0.28030693529
1555.4 0.264628844506
1566.18 0.269546105783
1573.41 0.288823429049
1584.31 0.305234270108
1595.3 0.313064098515
1606.35 0.307349568071
1613.77 0.309478691511
1624.95 0.292169194455
1636.22 0.313064098515
1643.77 0.318884624283
1655.16 0.293519482697
1666.64 0.323322602362
1670.48 0.28683716887
1678.19 0.33085287877
1685.94 0.34724528586
1693.72 0.324064569621
1705.46 0.31162624892
1713.33 0.299662602925
1725.21 0.299662602925
1733.17 0.324064569621
1745.18 0.315234698386
1753.24 0.342480104828
1765.39 0.308768983697
1773.54 0.321834059351
1785.83 0.327820490841
1794.08 0.359443964962
1806.51 0.352886080428
1814.85 0.328576283577
1823.23 0.334682535867
1835.87 0.31962198305
1844.34 0.290828123197
1857.12 0.298975937573
1865.7 0.315234698386
1874.31 0.337779442688
1882.96 0.314511165096
1896.01 0.308059275884
1904.76 0.323322602362
1913.56 0.315234698386
1926.82 0.305234270108
1935.71 0.298975937573
1944.65 0.336226380785
1953.62 0.31962198305
1967.17 0.355333189836
1976.25 0.360273493575
1985.37 0.346443408201
1994.53 0.338558277886
2003.74 0.342480104828
2012.99 0.33237828972
2026.94 0.340904000463
2036.3 0.337005215983
2045.7 0.355333189836
2055.14 0.340120556773
2064.62 0.337005215983
2074.15 0.370370700191
2078.94 0.37812218423
2083.73 0.395035350949
2093.35 0.37207584234
2103.01 0.365287533191
2112.72 0.374656598025
2127.36 0.375522994576
2137.18 0.341692052646
2147.04 0.36781759546
2156.96 0.380744416345
2166.91 0.36110763068
2176.91 0.36110763068
2186.96 0.368665558042
2197.06 0.388717108014
2207.2 0.374656598025
2217.38 0.342480104828
2222.5 0.337005215983
2232.75 0.380744416345
2243.06 0.36110763068
2253.42 0.33085287877
2263.82 0.337005215983
2274.27 0.354512878208
2284.76 0.378997797766
2295.31 0.348881300624
2305.9 0.363066239905
2316.55 0.340641316403
2327.24 0.257997224095
2332.6 0.294284492417
2343.37 0.267970001419
2354.19 0.326138391154
2365.05 0.27146784707
2375.97 0.295823728844
2386.94 0.250241131564
2392.44 0.277021080284
2403.48 0.267200383206
2414.58 0.282592747468
2425.72 0.333797705346
2436.92 0.323451640146
2442.54 0.352351495322
2453.81 0.353429882519
2465.14 0.344056209193
2476.52 0.323562243961
2482.22 0.316317694075
2493.68 0.304409349987
2505.19 0.369647166901
2510.97 0.282459101191
2516.76 0.274868914383
2522.56 0.269956261597
2534.2 0.290155283322
2545.9 0.292390402085
2557.65 0.345383454973
2563.55 0.318036661701
2575.38 0.351411362894
2587.27 0.34131876477
2593.23 0.329857444435
2605.2 0.310934975076
2617.22 0.298551956282
2623.26 0.339774919851
2635.37 0.388634155152
2647.53 0.463337815238
2653.63 0.510574861251
2665.88 0.413441669171
2672.03 0.45142947115
2684.36 0.464443853389
2696.75 0.414280414768
2702.97 0.451309650351
2715.45 0.397952526571
2727.98 0.390108872686
2734.27 0.4269399431
2746.89 0.31602735906
2753.22 0.348259154165
2765.93 0.38571697953
2772.31 0.416340410824
2785.1 0.342618359597
2797.96 0.229705689902
2804.41 0.255480987302
2817.35 0.403390547478
2823.85 0.48186395426
2836.88 0.468038477378
2843.42 0.440009627246
2856.55 0.379172920473
2863.13 0.495459006527
2876.35 0.519284911687
2882.98 0.505321180036
2896.28 0.518731892612
2909.65 0.618505750777
2929.82 0.573987715217
2950.13 0.560346578026
2970.58 0.590255693014
2991.17 0.597905790223
3011.9 0.618321411085
3032.78 0.623436837531
3046.78 0.637077974721
3067.9 0.660350860806
3089.16 0.675098036147
3110.58 0.696573610237
3132.14 0.678508320444
3146.6 0.690167805948
3168.41 0.712150314191
3190.37 0.650396517451
3212.48 0.701089932685
3227.31 0.635603257187
3249.68 0.746114902397
3272.21 0.813629314504
3287.31 0.806947000678
3310.1 0.804412329916
3325.38 0.790494683188
3333.04 0.835796162438
3340.73 0.755608396523
3348.43 0.880083773384
3356.15 0.842801070725
3363.89 0.672885959846
3371.64 0.716390127101
3379.41 0.849898148858
3387.2 0.83095724553
3395.01 0.7812776986
3402.84 0.933265774456
3410.68 0.791093787187
3418.54 0.786024445663
3426.42 0.829159933535
3434.32 0.915937843431
3442.24 0.789019965654
3450.18 0.832339793218
3458.13 0.846257439946
3466.1 0.819850779101
3474.09 0.88095938692
3482.1 0.835934417207
3490.13 0.881835000455
3498.17 0.775517083233
3506.24 0.903264489622
3514.32 0.820403798176
3522.42 0.902112366549
3530.54 0.806255726834
3538.68 0.909301614528
3546.84 0.937367332598
3555.01 0.93787426675
3563.21 0.902342791164
3571.42 0.79537968502
3579.66 0.81998903387
3587.91 0.712887672958
3596.18 0.857548246066
3604.47 0.929993744928
3611.73 0.759387360204
3614.59 0.762244625426
3617.45 0.907135623149
3620.32 0.894047505034
3623.18 0.953773565165
3626.04 0.891605004119
3628.9 0.912757983748
3631.77 0.913495342515
3634.63 0.898425572714
3637.49 0.91483180528
3640.35 0.949856346715
3643.22 0.973405742337
3646.08 0.934233557838
3648.94 0.891605004119
3651.8 0.893955335189
3654.66 1.05433086702
3657.53 0.995664760117
3660.39 1.00294617794
3663.25 0.92031591111
3666.11 1.008891133
3668.98 1.06207313407
3671.84 0.99336051397
3674.7 1.0301823674
3677.56 0.944418325808
3680.43 0.893955335189
3683.29 0.878977735233
3686.15 0.928841621854
3689.01 0.966032154667
3691.88 0.998015091187
3694.74 0.961331492527
3697.6 1.03101189601
3700.46 1.00317660256
3703.32 0.953819650088
3706.19 0.932297991075
3709.05 0.936860398446
3711.91 1.00396004625
3714.77 1.02437566711
3717.64 1.09041536168
3720.5 1.01354571022
3723.36 1.20521290472
3726.22 1.30632322565
3729.09 1.29060826693
3731.95 1.18147916941
3734.81 1.05082841288
3737.67 0.959995029761
3740.54 1.00345311209
3743.4 0.976631686943
3746.26 0.943081863043
3749.12 0.986401690606
3751.98 1.02230184558
3754.85 1.03110406586
3757.71 1.04391567444
3760.57 1.06622077714
3763.43 1.09797328904
3766.3 1.04216444736
3769.16 1.01220924745
3772.02 1.0697693162
3774.88 1.13207613202
3777.75 1.19341516445
3780.61 1.19470554229
3783.47 1.26111391625
3786.33 1.31673841824
3789.2 1.20548941426
3792.06 1.10083055427
3794.92 1.01778552313
3797.78 1.00654080193
3800.64 1.07460823311
3803.51 1.13852802123
3806.37 1.17581072389
3809.23 1.15110920519
3812.09 1.18631808632
3814.96 1.18654851093
3817.82 1.08843371
3820.68 1.05585166948
3823.54 1.02529736557
3826.41 0.995019571196
3829.27 0.965709560206
3832.13 0.910177228063
3834.99 0.890775475506
3837.86 0.914877890203
3840.72 0.965755645129
3843.58 1.0570959624
3846.44 1.14313651352
3849.3 1.22346253421
3852.17 1.29065435186
3855.03 1.21037441609
3857.89 1.19959054413
3860.75 1.24092872
3863.62 1.25452377227
3866.48 1.29982525152
3869.34 1.31881223977
3872.2 1.29563152353
3875.07 1.2465510806
3877.93 1.15567161256
3880.79 1.10972494439
3883.65 1.06133577531
3886.52 1.03188750955
3889.38 1.08175139617
3892.24 1.13479514247
3895.1 1.18230869802
3897.96 1.2320804148
3900.83 1.3164619087
3903.69 1.32139299546
3906.55 1.34070257817
3909.41 1.3405643234
3912.28 1.32802922436
3915.14 1.37849221498
3918.0 1.32162342007
3920.86 1.26240429409
3923.73 1.1778384605
3926.59 1.06811025898
3929.45 0.919440297574
3932.31 0.867318249729
3935.18 0.909854633603
3938.04 1.02331571388
3940.9 1.17627157312
3943.76 1.23945400247
3946.62 1.27512373282
3949.49 1.3130516244
3952.35 1.3556340932
3955.21 1.32466502499
3958.07 1.2091762081
3960.94 1.10557730133
3963.8 0.940362852589
3966.66 0.816578749572
3969.52 0.821187241866
3972.39 0.935339595989
3975.25 1.16014185009
3978.11 1.31692275793
3980.97 1.39171858786
3983.84 1.45752785782
3986.7 1.47347324116
3989.56 1.48398060359
3992.42 1.53112547976
3995.28 1.58854729374
3998.15 1.55896077321
4001.01 1.61481569981
4003.87 1.60946984875
4006.73 1.69145492666
4009.6 1.69620167373
4012.46 1.67550954333
4015.32 1.76671160582
4018.18 1.68431176361
4021.05 1.6989667691
4023.91 1.66071628306
4026.77 1.68905851067
4029.63 1.66136147198
4032.5 1.61532263397
4035.36 1.65578519631
4038.22 1.69297572912
4041.08 1.66666123812
4043.94 1.60163541185
4046.81 1.64094585112
4049.67 1.61937810719
4052.53 1.68090147931
4055.39 1.68652383991
4058.26 1.61504612443
4061.12 1.59781036325
4063.98 1.69246879497
4066.84 1.65961024491
4069.71 1.6352774056
4072.57 1.61228102905
4075.43 1.63255839515
4078.29 1.63578433975
4081.16 1.66647689843
4084.02 1.69343657835
4086.88 1.65426439385
4089.74 1.57730257254
4092.6 1.5772104027
4095.47 1.48075465898
4098.33 1.48614659497
4101.19 1.39900000569
4104.05 1.44305719202
4106.92 1.51785302195
4109.78 1.56624219104
4112.64 1.57237148579
4115.5 1.69597124911
4118.37 1.64891854279
4121.23 1.64205188927
4124.09 1.62214320256
4126.95 1.64500132434
4129.82 1.64781250464
4132.68 1.69551039988
4135.54 1.71740073828
4138.4 1.69873634449
4141.26 1.67896591255
4144.13 1.66057802829
4146.99 1.64481698465
4149.85 1.64509349419
4152.71 1.68458827315
4155.58 1.71104101891
4158.44 1.67850506332
4161.3 1.70864460292
4164.16 1.72371437272
4167.03 1.72380654257
4169.89 1.6788737427
4172.75 1.62223537241
4175.61 1.6453239188
4178.48 1.61384791643
4181.34 1.64661429664
4184.2 1.64560042834
4187.06 1.73818503852
4189.92 1.72302309888
4192.79 1.682883131
4195.65 1.63458613176
4198.51 1.66348137844
4201.37 1.65984066953
4204.24 1.7224700798
4207.1 1.74744810804
4209.96 1.72007366381
4212.82 1.69744596665
4215.69 1.68140841346
4218.55 1.72353003303
4221.41 1.69495738081
4224.27 1.59785644817
4227.14 1.64716731572
4230.0 1.59813295771
4232.86 1.67357397656
4235.72 1.71601819059
4238.58 1.71832243674
4241.45 1.69177752112
4244.31 1.78597510361
4247.17 1.74159532282
4250.03 1.75823198
4252.9 1.68818289714
4255.76 1.67209925903
4258.62 1.70389785586
4261.48 1.73104187547
4264.35 1.70938196169
4267.21 1.6844961033
4270.07 1.67573996794
4272.93 1.62440136379
4275.8 1.68283704607
4278.66 1.74131881328
4281.52 1.68707685898
4284.38 1.68615516053
4287.24 1.66435699198
4290.11 1.6240326844
4292.97 1.60979244321
4295.83 1.50057117585
4298.69 1.42019907024
4301.56 1.4450388437
4304.42 1.44227374833
4307.28 1.49402711679
4310.14 1.54697869325
4313.01 1.63495481114
4315.87 1.67159232488
4318.73 1.71371394444
4321.59 1.71329918014
4324.45 1.65670689477
4327.32 1.69901285403
4330.18 1.70034931679
4333.04 1.68762987806
4335.9 1.63209754592
4338.77 1.6083638106
4341.63 1.62338749548
4344.49 1.62661344009
4347.35 1.6364756136
4350.22 1.71481998259
4353.08 1.73647989638
4355.94 1.77482255226
4358.8 1.81781978537
4361.67 1.84113875637
4364.53 1.85772932863
4367.39 1.84141526591
4370.25 1.80579162048
4373.11 1.77242613627
4375.98 1.77606684518
4378.84 1.76035188646
4381.7 1.66924199381
4384.56 1.63896419944
4387.43 1.70790724415
4390.29 1.77846326117
4393.15 1.7656516526
4396.01 1.81049228262
4398.88 1.79399388021
4401.74 1.77191920212
4404.6 1.79145920944
4407.46 1.82980186533
4410.33 1.80961666908
4413.19 1.81344171769
4416.05 1.87206173967
4418.91 1.85173828865
4421.77 1.87570244858
4424.64 1.84510205975
4427.5 1.83330431947
4430.36 1.84948012742
4433.22 1.82339606104
4436.09 1.84874276866
4438.95 1.84593158836
4441.81 1.85146177911
4444.67 1.89289212483
4447.54 1.91828491737
4450.4 1.86957315383
4453.26 1.85436512926
4456.12 1.81454775584
4458.99 1.77219571165
4461.85 1.79035317129
4464.71 1.88261518702
4467.57 1.88279952671
4470.43 1.88630198085
4473.3 1.93883879301
4476.16 1.98003871411
4479.02 1.9814212618
4481.88 1.99215904885
4484.75 1.9786100815
4487.61 1.95533719542
4490.47 1.93828577393
4493.33 1.9830342341
4496.2 2.01391113247
4499.06 2.03432675334
4501.92 2.0714251163
4504.78 2.10290111867
4507.65 2.09681790884
4510.51 2.07478931568
4513.37 2.05561798774
4516.23 2.03220684688
4519.09 2.01169905617
4521.96 1.97681276951
4524.82 1.92791666627
4527.68 1.86150829231
4530.54 1.8813708941
4533.41 1.9215569469
4536.27 1.94694973944
4539.13 1.95565978988
4541.99 1.9741859289
4544.86 1.97160517322
4547.72 1.93736407547
4550.58 1.96722710554
4553.44 1.99699796576
4556.31 2.01188339587
4559.17 2.02884264751
4562.03 2.04405067208
4564.89 2.02879656258
4567.75 2.02262118291
4570.62 2.03759878287
4573.48 2.06151685787
4576.34 2.02266726783
4579.2 1.97335640029
4582.07 1.95782578126
4584.93 1.9641394157
4587.79 1.98155951657
4590.65 1.97948569504
4593.52 1.97266512644
4596.38 1.98676711286
4599.24 2.01460240632
4602.1 1.99999348575
4604.97 2.03418849857
4607.83 2.08783134887
4610.69 2.09497451193
4613.55 2.10548187436
4616.41 2.09561970085
4619.28 2.0838680455
4622.14 2.1268652786
4625.0 2.12999905336
4627.86 2.10244026944
4630.73 2.08879913225
4633.59 2.06280723571
4636.45 2.05027213667
4639.31 2.02630797675
4642.18 2.01446415155
4645.04 1.99160602977
4647.9 1.98773489624
4650.76 1.99169819962
4653.63 2.00073084451
4656.49 2.02451066475
4659.35 2.02317420199
4662.21 1.96704276584
4665.07 1.93455289517
4667.94 1.95165040158
4670.8 1.98354116826
4673.66 1.99188253931
4676.52 1.99667537129
4679.39 2.00884179095
4682.25 2.03322071519
4685.11 2.02487934413
4687.97 2.02022476692
4690.84 2.01225207525
4693.7 2.01340419832
4696.56 1.97040696522
4699.42 1.96390899108
4702.29 1.95814837572
4705.15 1.96344814186
4708.01 1.9741859289
4710.87 1.98672102794
4713.73 2.01603103893
4716.6 2.02898090228
4719.46 2.07787700552
4722.32 2.10672616728
4725.18 2.06566450094
4728.05 2.0244184949
4730.91 2.04119340685
4733.77 2.01681448262
4736.63 2.03492585734
4739.5 2.07792309044
4742.36 2.06755398278
4745.22 2.05543364804
4748.08 2.05879784742
4750.95 2.05833699819
4753.81 2.04064038778
4756.67 2.03275986596
4759.53 2.00999391402
4762.39 1.95801012095
4765.26 1.95363205327
4768.12 1.95916224402
4770.98 1.9954771633
4773.84 2.04206902039
4776.71 2.04271420931
4779.57 2.03699967887
4782.43 2.00764358295
4785.29 2.02045519153
4788.16 2.05630926158
4791.02 2.07156337107
4793.88 2.11635791617
4796.74 2.12142725769
4799.61 2.09737092792
4802.47 2.04842873976
4805.33 2.08861479256
4808.19 2.06239247141
4811.06 2.05723096004
4813.92 2.10995211188
4816.78 2.12617400476
4819.64 2.11663442571
4822.5 2.08773917902
4825.37 2.06220813172
4828.23 2.03391198903
4831.09 2.04921218345
4833.95 2.05077907083
4836.82 2.04004128378
4839.68 2.03368156442
4842.54 1.99791966421
4845.4 1.97939352519
4848.27 1.95432332711
4851.13 1.95902398925
4853.99 1.9237690232
4856.85 1.96390899108
4859.72 1.99464763469
4862.58 1.9858454144
4865.44 1.92740973212
4868.3 1.86192305662
4871.16 1.8594805557
4874.03 1.89699368298
4876.89 1.92086567306
4879.75 1.92648803366
4882.61 1.93312426256
4885.48 1.92464463674
4888.34 1.95796403603
4891.2 2.01202165063
4894.06 2.03939609486
4896.93 2.07050341784
4899.79 2.08497408365
4902.65 2.08004299689
4905.51 2.07207030522
4908.38 2.05612492189
4911.24 2.02474108937
4914.1 2.02958000627
4916.96 1.99644494668
4919.82 1.99994740082
4922.69 2.00916438541
4925.55 2.07455889106
4928.41 2.08156379935
4931.27 2.05087124067
4934.14 2.01243641494
4937.0 2.02778269428
4939.86 2.08502016857
4942.72 2.11087381034
4945.59 2.10856956419
4948.45 2.13331716781
4951.31 2.121242918
4954.17 2.11718744478
4957.03 2.12248721092
4959.9 2.11654225586
4962.76 2.09091903871
4965.62 2.08197856366
4968.48 2.06856785108
4971.35 2.06183945233
4974.21 2.05234595821
4977.07 1.99967089129
4979.93 1.95072870312
4982.8 1.92473680659
4985.66 1.96049870679
4988.52 1.99123735039
4991.38 2.01644580324
4994.25 2.0274140149
4997.11 2.00990174418
4999.97 2.03110080873
5002.83 2.05087124067
5005.69 2.07442063629
5008.56 2.02188382414
5011.42 1.9798082895
5014.28 1.92713322258
5017.14 1.89109481284
5020.01 1.91556590692
5022.87 1.93031308226
5025.73 1.9434472853
5028.59 1.98953220824
5031.46 2.02372722106
5034.32 1.98437069687
5037.18 1.9763980052
5040.04 1.95183474127
5042.91 1.9444611536
5045.77 1.98930178362
5048.63 1.99791966421
5051.49 1.99893353252
5054.35 2.0284278832
5057.22 2.09013559502
5060.08 2.0921172467
5062.94 2.05345199636
5065.8 2.03386590411
5068.67 2.00073084451
5071.53 1.99718230545
5074.39 1.99741273006
5077.25 1.97552239167
5080.12 1.96266469817
5082.98 1.95713450741
5085.84 1.98524631041
5088.7 2.02298986229
5091.57 2.05082515575
5094.43 2.04663142776
5097.29 2.02497151398
5100.15 1.99635277683
5103.01 2.01404938724
5105.88 2.00091518421
5108.74 1.97676668458
5111.6 2.00939481003
5114.46 2.0424837847
5117.33 2.03635448995
5120.19 2.00497065742
5123.05 1.9472723339
5125.91 1.91141826386
5128.78 1.94031351054
5131.64 1.95492243111
5134.5 1.97307989075
5137.36 1.95584412957
5140.23 1.94423072899
5143.09 1.95234167543
5145.95 1.92860794011
5148.81 1.93243298872
5151.67 1.95916224402
5154.54 1.96957743661
5157.4 1.96492285939
5160.26 1.93123478072
5163.12 1.85537899756
5165.99 1.75827806493
5168.85 1.68818289714
5171.71 1.70348309155
5174.57 1.7672646249
5177.44 1.81256610415
5180.3 1.82754370411
5183.16 1.85588593171
5186.02 1.87196956982
5188.89 1.86524117107
5191.75 1.88441249901
5194.61 1.93367728164
5197.47 1.97363290983
5200.33 1.98178994119
5203.2 1.95487634619
5206.06 1.92768624165
5208.92 1.95492243111
5211.78 1.97123649383
5214.65 2.00142211836
5217.51 2.0400873687
5220.37 2.0312390635
5223.23 2.01003999895
5226.1 2.00096126913
5228.96 2.00179079774
5231.82 1.99621452207
5234.68 2.02879656258
5237.55 2.07193205046
5240.41 2.08382196057
5243.27 2.10230201467
5246.13 2.06630968986
5248.99 2.03077821427
5251.86 2.04612449361
5254.72 2.05064081606
5257.58 2.01109995218
5260.44 1.99298857746
5263.31 1.91321557585
5266.17 1.87044876736
5269.03 1.87685457165
5271.89 1.93266341333
5274.76 1.99566150299
5277.62 2.07893695874
5280.48 2.09898390022
5283.34 2.10621923312
5286.21 2.15502316652
5289.07 2.18788171657
5291.93 2.17142939908
5294.79 2.1156205574
5297.65 2.08783134887
5300.52 2.11649617094
5303.38 2.16672873694
5306.24 2.21009464943
5309.1 2.22977291153
5311.97 2.22617828754
5314.83 2.19207544456
5317.69 2.16460883049
5320.55 2.1387091038
5323.42 2.07889087382
5326.28 2.0507329859
5329.14 2.04179251085
5332.0 2.04976520252
5334.87 2.09502059685
5337.73 2.14866344715
5340.59 2.11110423495
5343.45 2.11875433216
5346.31 2.15612920467
5349.18 2.146958305
5352.04 2.18603831966
5354.9 2.23627088566
5357.76 2.22203064447
5360.63 2.19709870116
5363.49 2.15594486498
5366.35 2.11995254016
5369.21 2.09511276669
5372.08 2.11142682942
5374.94 2.146958305
5377.8 2.16327236772
5380.66 2.20189153315
5383.53 2.17124505939
5386.39 2.12511405153
5389.25 2.10534361959
5392.11 2.09677182392
5394.97 2.0776465809
5397.84 2.0732224283
5400.7 2.04414284192
5403.56 2.03142340319
5406.42 2.05147034467
5409.29 2.0346493478
5412.15 2.10073512729
5415.01 2.13599009334
5417.87 2.14944689084
5420.74 2.14557575731
5423.6 2.13244155428
5426.46 2.11045904603
5429.32 2.11350065095
5432.19 2.09419106824
5435.05 2.12045947431
5437.91 2.1330867432
5440.77 2.14382453024
5443.63 2.16838779417
5446.5 2.11898475678
5449.36 2.13428495119
5452.22 2.12986079859
5455.08 2.10916866819
5457.95 2.1268652786
5460.81 2.13225721458
5463.67 2.14741915423
5466.53 2.14677396531
5469.4 2.12414626815
5472.26 2.10257852421
5475.12 2.08308460181
5477.98 2.05787614896
5480.85 2.0748354006
5483.71 2.12055164416
5486.57 2.13677353703
5489.43 2.14202721825
5492.29 2.16437840587
5495.16 2.13304065827
5498.02 2.14479231362
5500.88 2.14142811425
5503.74 2.11861607739
5506.61 2.10345413775
5509.47 2.13880127364
5512.33 2.09686399377
5515.19 2.1435480207
5518.06 2.15728132774
5520.92 2.14658962562
5523.78 2.17308845631
5526.64 2.12751046752
5529.5 2.12248721092
5532.37 2.17502402307
5535.23 2.17032336093
5538.09 2.10032036299
5540.95 2.147557409
5543.82 2.18921817934
5546.68 2.15723524282
5549.54 2.16193590496
5552.4 2.1899555381
5555.27 2.17119897447
5558.13 2.16451666064
5560.99 2.15976991358
5563.85 2.09059644425
5566.72 2.0597656308
5569.58 2.06815308677
5572.44 2.08031950643
5575.3 2.1670513314
5578.16 2.11253286757
5581.03 2.13953863241
5583.89 2.07617186337
5586.75 2.06045690464
5589.61 2.00418721373
5592.48 2.0513320899
5595.34 2.08483582888
5598.2 2.08216290335
5601.06 2.09621880485
5603.93 2.15041467422
5606.79 2.20709912944
5609.65 2.19198327471
5612.51 2.14258023732
5615.38 2.13373193212
5618.24 2.12294806015
5621.1 2.11488319864
5623.96 2.12640442937
5626.82 2.14847910746
5629.69 2.15147462745
5632.55 2.14709655977
5635.41 2.14165853886
5638.27 2.15889430004
5641.14 2.17977077014
5644.0 2.15387104344
5646.86 2.18285845997
5649.72 2.15345627914
5652.59 2.16488534003
5655.45 2.1234549943
5658.31 2.1011498916
5661.17 2.06156294279
5664.04 2.09902998514
5666.9 2.12386975861
5669.76 2.17815779783
5672.62 2.19023204764
5675.49 2.18318105443
5678.35 2.16838779417
5681.21 2.13257980904
5684.07 2.13755698072
5686.93 2.13645094257
5689.8 2.17004685139
5692.66 2.17884907168
5695.52 2.17520836276
5698.38 2.18193676151
5701.25 2.15290326006
5704.11 2.12198027677
5706.97 2.10147248606
5709.83 2.11409975495
5712.7 2.13903169826
5715.56 2.15967774373
5718.42 2.19691436147
5721.28 2.23369012997
5724.15 2.24396706779
5727.01 2.23557961182
5729.87 2.22115503094
5732.73 2.2012002593
5735.59 2.2108320082
5738.46 2.21843602048
5741.32 2.21309016942
5744.18 2.20414969437
5747.04 2.19880384331
5749.91 2.2034123356
5752.77 2.199587287
5755.63 2.18244369567
5758.49 2.18931034918
5761.36 2.17714392953
5764.22 2.17013902124
5767.08 2.19562398363
5769.94 2.19525530424
5772.81 2.17944817567
5775.67 2.16036901758
5778.53 2.12068989893
5781.39 2.08455931934
5784.25 2.1190308417
5787.12 2.16188982003
5789.98 2.17792737322
5792.84 2.20364276022
5795.7 2.22885121307
5798.57 2.24170890657
5801.43 2.25797688436
5804.29 2.25700910098
5807.15 2.24249235026
5810.02 2.24645565363
5812.88 2.2572395256
5815.74 2.26498179265
5818.6 2.27719429723
5821.47 2.29092760427
5824.33 2.29475265287
5827.19 2.27249363509
5830.05 2.28152627999
5832.91 2.28558175321
5835.78 2.27300056924
5838.64 2.28194104429
5841.5 2.28687213105
5844.36 2.21723781249
5847.23 2.21115460266
5850.09 2.21631611403
5852.95 2.15175113699
5855.81 2.13138160105
5858.68 2.12497579676
5861.54 2.15179722191
5864.4 2.16078378188
5867.26 2.16184373511
5870.13 2.17801954306
5872.99 2.17502402307
5875.85 2.08843045287
5878.71 2.02967217612
5881.57 1.94077435977
5884.44 1.84533248436
5887.3 1.76901585197
5890.16 1.72196314565
5893.02 1.73790852899
5895.89 1.82159874905
5898.75 1.93008265765
5901.61 2.01524759524
5904.47 2.07810743013
5907.34 2.12502188168
5910.2 2.13847867918
5913.06 2.13225721458
5915.92 2.16009250804
5918.79 2.13815608472
5921.65 2.15230415606
5924.51 2.13728047118
5927.37 2.14806434315
5930.23 2.16682090679
5933.1 2.17654482553
5935.96 2.18571572519
5938.82 2.20202978792
5941.68 2.18603831966
5944.55 2.18696001811
5947.41 2.18755912211
5950.27 2.17064595539
5953.13 2.15649788405
5956.0 2.17202850308
5958.86 2.16539227418
5961.72 2.19682219162
5964.58 2.19935686238
5967.45 2.21295191465
5970.31 2.16193590496
5973.17 2.14497665332
5976.03 2.18036987413
5978.89 2.15894038497
5981.76 2.14442363424
5984.62 2.15769609205
5987.48 2.14082901025
5990.34 2.13456146073
5993.21 2.15082943853
5996.07 2.1610142065
5998.93 2.14576009701
6001.79 2.17073812524
6004.66 2.14566792716
6007.52 2.12654268414
6010.38 2.11101206511
6013.24 2.11073555557
6016.11 2.14359410563
6018.97 2.1071870165
6021.83 2.1252523063
6024.69 2.13834042441
6027.55 2.17377973015
6030.42 2.18470185689
6033.28 2.21138502727
6036.14 2.20921903589
6039.0 2.20318191099
6041.87 2.20995639466
6044.73 2.22193847463
6047.59 2.21825168079
6050.45 2.22908163768
6053.32 2.20156893869
6056.18 2.24055678349
6059.04 2.20797474297
6061.9 2.20327408083
6064.77 2.21594743464
6067.63 2.22608611769
6070.49 2.23382838474
6073.35 2.22889729799
6076.21 2.23640914043
6079.08 2.20755997867
6081.94 2.18520879104
6084.8 2.17742043907
6087.66 2.16331845265
6090.53 2.17290411662
6093.39 2.19488662486
6096.25 2.18433317751
6099.11 2.17539270246
6101.98 2.16318019788
6104.84 2.16345670741
6107.7 2.17645265568
6110.56 2.1670513314
6113.42 2.17599180645
6116.29 2.17520836276
6119.15 2.16387147172
6122.01 2.17313454123
6124.87 2.1716598237
6127.74 2.16811128463
6130.6 2.16834170925
6133.46 2.12857042075
6136.32 2.11124248972
6139.19 2.11995254016
6142.05 2.14769566377
6144.91 2.13769523549
6147.77 2.13225721458
6150.64 2.13866301887
6153.5 2.1234549943
6156.36 2.0637750191
6159.22 2.01916481369
6162.08 1.98713579225
6164.95 2.00616886542
6167.81 2.02474108937
6170.67 2.06437412309
6173.53 2.07437455137
6176.4 2.07907521351
6179.26 2.10529753466
6182.12 2.09156422763
6184.98 2.06372893417
6187.85 2.071010352
6190.71 2.05469628928
6193.57 2.05225378836
6196.43 2.096725739
6199.3 2.09667965407
6202.16 2.08515842334
6205.02 2.10714093158
6207.88 2.1067722522
6210.74 2.08801568856
6213.61 2.0525302979
6216.47 2.0631759151
6219.33 2.02584712752
6222.19 2.01907264384
6225.06 1.99838051344
6227.92 1.98271163964
6230.78 1.98091432765
6233.64 2.01271292448
6236.51 2.02146905984
6239.37 2.00741315834
6242.23 1.99630669191
6245.09 1.97280338121
6247.96 1.99151385993
6250.82 1.96423158555
6253.68 1.99363376638
6256.54 1.99897961744
6259.4 2.02110038045
6262.27 2.06713921847
6265.13 2.08972083071
6267.99 2.08073427074
6270.85 2.07515799506
6273.72 2.04335939823
6276.58 2.07248506953
6279.44 2.05589449727
6282.3 2.0587517625
6285.17 2.0760336086
6288.03 3.29203038529
6290.89 2.3444321998
6293.75 1.90593415803
6296.62 2.09055035932
6299.48 2.08290026212
6302.34 2.09059644425
6305.2 2.09133380301
6308.06 2.08248549781
6310.93 2.09386847378
6313.79 2.08732441472
6316.65 2.08437497965
6319.51 2.06506539694
6322.38 2.06409761356
6325.24 2.10161074083
6328.1 2.0923015864
6330.96 2.10967560234
6333.83 2.10543578943
6336.69 2.11847782263
6339.55 2.08944432117
6342.41 2.13082858197
6345.28 2.13801782995
6348.14 2.10654182758
6351.0 2.11350065095
6353.86 2.10414541159
6356.72 2.10488277036
6359.59 2.0519311939
6362.45 2.0603647348
6365.31 2.09027384979
6368.17 2.15285717514
6371.04 2.14364019055
6373.9 2.1541936379
6376.76 2.12207244661
6379.62 2.11294763187
6382.49 2.13405452658
6385.35 2.1576039222
6388.21 2.13700396165
6391.07 2.12889301521
6393.94 2.12041338939
6396.8 2.10944517773
6399.66 2.09709441838
6402.52 2.10520536482
6405.38 2.0999516836
6408.25 2.07773875075
6411.11 2.09008951009
6413.97 2.07299200368
6416.83 2.07239289969
6419.7 2.09972125899
6422.56 2.11267112233
6425.42 2.10391498698
6428.28 2.10672616728
6431.15 2.0923015864
6434.01 2.07640228798
6436.87 2.09778569223
6439.73 2.1067722522
6442.6 2.11147291434
6445.46 2.10870781896
6448.32 2.08686356549
6451.18 2.08478974396
6454.04 2.0613786031
6456.91 2.03990302901
6459.77 2.04299071885
6462.63 2.05686228065
6465.49 2.08331502642
6468.36 2.09207116178
6471.22 2.0977396073
6474.08 2.13391627181
6476.94 2.17276586185
6479.81 2.16838779417
6482.67 2.12234895615
6485.53 2.09165639747
6488.39 2.08409847011
6491.26 2.03160774288
6494.12 1.96169691478
6496.98 1.9703608803
6499.84 1.99469371961
6502.7 2.06474280248
6505.57 2.1101825365
6508.43 2.09216333163
6511.29 2.12658876906
6514.15 2.15811085635
6517.02 2.13511447981
6519.88 2.0792595532
6522.74 2.08879913225
6525.6 2.10179508052
6528.47 2.11101206511
6531.33 2.1162196614
6534.19 2.13903169826
6537.05 2.18133765752
6539.92 2.15041467422
6542.78 2.23742300873
6545.64 2.33917851858
6548.5 2.31940808664
6551.36 2.28258623321
6554.23 2.37604645694
6557.09 2.81956775531
6559.95 3.37350852905
6562.81 3.71020497605
6565.68 3.32650190765
6568.54 2.7291491365
6571.4 2.34424786011
6574.26 2.25871424313
6577.13 2.44485124689
6579.99 2.71242030947
6582.85 2.8494768703
6585.71 2.74523277461
6588.58 2.49181178336
6591.44 2.23263017675
6594.3 2.0945136627
6597.16 2.095527531
6600.02 2.09621880485
6602.89 2.06649402955
6605.75 2.11976820047
6608.61 2.11525187802
6611.47 2.12004471001
6614.34 2.13419278135
6617.2 2.11944560601
6620.06 2.12045947431
6622.92 2.09105729348
6625.79 2.10985994204
6628.65 2.10414541159
6631.51 2.08958257594
6634.37 2.08552710272
6637.24 2.08902955687
6640.1 2.12322456969
6642.96 2.10423758144
6645.82 2.11216418818
6648.68 2.11829348293
6651.55 2.12087423862
6654.41 2.09465191747
6657.27 2.07525016491
6660.13 2.08552710272
6663.0 2.08995125533
6665.86 2.08451323442
6668.72 2.09423715316
6671.58 2.09442149285
6674.45 2.12253329584
6677.31 2.10709484666
6680.17 2.09944474945
6683.03 2.12032121954
6685.9 2.11649617094
6688.76 2.1234549943
6691.62 2.11640400109
6694.48 2.08285417719
6697.34 2.08391413042
6700.21 2.08396021534
6703.07 2.11331631126
6705.93 2.12322456969
6708.79 2.1497694853
6711.66 2.24903640931
6714.52 2.3343856866
6717.38 2.3400080472
6720.24 2.2757195797
6723.11 2.2124449805
6725.97 2.22599394784
6728.83 2.29710298394
6731.69 2.28682604612
6734.56 2.20921903589
6737.42 2.12654268414
6740.28 2.07607969352
6743.14 2.07354502276
6746.0 2.03990302901
6748.87 2.0658027557
6751.73 2.05524930835
6754.59 2.09207116178
6757.45 2.09635705961
6760.32 2.07631011814
6763.18 2.08815394333
6766.04 2.07843002459
6768.9 2.08478974396
6771.77 2.12451494753
6774.63 2.05778397911
6777.49 2.06566450094
6780.35 2.06110209356
6783.22 2.11810914324
6786.08 2.04497237054
6788.94 2.05211553359
6791.8 2.03713793364
6794.66 2.05455803451
6797.53 2.08810785841
6800.39 2.07658662767
6803.25 2.096725739
6806.11 2.13193462012
6808.98 2.18175242182
6820.89 2.06566450094
6836.61 2.07031907815
6852.37 2.08455931934
6868.17 2.00907221557
6884.0 2.03690750902
6899.87 2.0603647348
6915.78 2.05082515575
6931.72 2.06018039511
6947.7 2.08870696241
6963.72 2.07902912859
6979.77 2.10783220543
6995.86 2.07879870397
7011.99 2.02202207891
7028.15 2.07856827936
7044.35 2.04054821793
7060.59 2.03105472381
7076.87 1.99847268329
7093.18 1.98460112148
7109.53 1.97994654427
7125.92 1.96621323723
7142.35 1.9751997972
7158.81 1.96598281262
7175.32 1.95685799787
7191.86 1.88597938639
7208.44 1.88155523379
7225.05 2.0021133922
7241.71 1.96095955602
7258.4 1.9384240287
7275.13 2.04372807762
7291.91 1.97879442119
7308.72 1.99238947346
7325.56 2.0199943423
7342.45 2.0860801218
7359.38 2.04317505854
7376.34 2.08101078028
7393.35 2.02418807029
7410.39 2.11949169093
7427.47 2.08068818581
7444.59 2.12414626815
7461.76 2.13875518872
7478.96 2.08995125533
7496.2 2.12377758876
7513.48 2.09935257961
7530.8 2.09926040976
7548.16 2.14308717148
7565.56 2.08455931934
7583.0 2.10856956419
7600.48 2.05100949544
7618.0 2.04617057853
7635.57 2.09368413408
7653.17 2.07437455137
7670.81 1.9048742048
7688.49 1.99455546484
7706.22 1.96704276584
7723.98 1.94441506868
7741.79 1.9713747486
7759.63 1.93082001641
7777.52 1.95754927172
7795.45 1.92174128659
7813.42 1.97091389937
7831.43 2.01206773556
7849.48 1.99349551161
7867.58 2.02575495767
7885.72 1.97496937259
7903.89 1.90344557219
7922.12 1.87722325103
7940.38 1.88141697902
7958.68 1.91630326569
7977.03 1.9563049788
7995.42 1.91164868847
8013.85 1.96059087663
8032.32 1.93358511179
8050.84 1.99220513377
8069.4 2.00128386359
8088.0 1.9601300274
8106.65 1.90220127927
8125.33 1.93745624532
8144.06 1.95072870312
8162.84 1.91063482017
8181.65 2.01441806663
8200.51 1.95487634619
8219.42 1.99570758791
8238.37 1.71818418197
8257.36 2.02787486413
8276.39 2.03709184871
8295.47 1.94980700467
8314.59 1.86620895445
8333.76 1.93611978255
8352.98 1.94496808776
8372.23 1.91814666261
8391.53 1.86146220739
8410.88 1.94012917085
8430.26 1.93552067855
8449.7 1.8697114086
8469.17 1.91754755861
8488.7 1.90422901588
8508.27 1.51596354011
8527.88 1.86063267878
8547.54 1.56541266242
8567.24 1.88192391317
8586.99 1.91681019984
8606.79 1.81362605738
8626.63 1.89026528423
8646.51 1.91201736785
8666.45 1.72767767609
8686.43 1.81735893614
8706.45 1.85528682772
8726.52 1.89837623066
8746.64 1.86358211384
8766.8 1.8506322505
8787.01 1.92441421213
8807.27 1.92427595736
8827.57 1.91528939738
8847.92 1.83745196254
8868.31 1.7996162408
8888.76 1.77072099412
8909.25 1.82021620136
8929.79 1.80339520448
8950.37 1.81159832077
8971.01 1.77841717625
8991.68 1.83233653609
9012.42 1.7377241893
9033.19 1.66707600243
9054.01 1.93607369763
9074.89 1.90939052725
9095.81 1.68988803928
9116.77 1.74113447359
9137.79 1.77339391965
9158.85 1.80205874172
9179.97 1.7090132823
9201.13 1.8018283171
9222.34 1.71270007614
9243.6 1.72445173149
9264.91 1.74832372157
9286.27 1.78892453868
9307.67 1.62389442963
9329.13 1.8303548844
9350.63 1.82602290165
9372.19 1.79666680574
9393.8 1.82155266412
9415.45 1.78818717991
9437.16 1.83814323638
9458.91 1.81279652876
9480.71 1.85487206341
9502.57 1.80837237616
9524.48 1.81657549245
9546.43 1.758831084
9568.44 1.81215133984
9590.5 1.84570116374
9612.6 1.82864974226
9634.76 1.83694502839
9656.98 1.81579204876
9679.24 1.81150615092
9701.55 1.80722025309
9723.92 1.78638986792
9746.33 1.77804849687
9768.8 1.78611335838
9791.32 1.76555948275
9813.89 1.80238133618
9836.51 1.785744679
9859.18 1.78970798237
9881.92 1.77726505318
9904.69 1.76896976705
9927.53 1.78109010178
9950.41 1.78505340515
9973.35 1.78491515039
9996.34 1.77661986426
10019.38 1.77238005135
10065.64 1.74781678742
10135.4 1.78399345193
10182.18 1.76735679475
10229.19 1.77523731657
10276.4 1.77906236517
10300.09 1.77076707904
10491.58 1.7174468232
10711.28 1.65057760002
10910.41 1.59453833372
11087.69 1.52978901699
11293.82 1.50531792291
11503.79 1.49840518447
11690.71 1.46093814212
11908.07 1.40807873551
12101.56 1.38558929311
12298.19 1.36655621994
12498.02 1.3293196022
12701.09 1.30208341274
12907.47 1.27245080729
13087.03 1.25208127135
13299.68 1.21516724808
13484.7 1.19023530477
13703.8 1.16852930606
13894.44 1.12626943173
14087.74 1.07557601649
14283.72 1.06322525715
14515.81 1.0681563439
14683.9 1.03188750955
14888.16 1.0462660055
15095.27 1.05105883749
15305.27 1.0681563439
15482.5 1.05834025532
15697.89 1.0390306726
15916.27 1.00147146041
16100.57 1.00377570655
16286.99 0.99916721426
16513.57 0.987738153371
16704.79 0.983175746
16898.23 0.967460787278
17093.91 0.949810261792
17291.83 0.913357087746
17492.06 0.886397407826
17694.62 0.85040508301
17899.52 0.817776957569
18106.77 0.777360480151
18316.44 0.757958727593
18485.93 0.733902397818
18699.97 0.70085950807
18916.51 0.683347237353
19091.55 0.670858223236
19312.63 0.649566988838
19491.31 0.624635045528
19717.01 0.604818528664
19899.46 0.585647200721
20083.57 0.576291961364
20316.14 0.556705869114
20504.13 0.550346149749
20693.84 0.536566757789
20885.32 0.52435425321
21078.56 0.515966797235
21322.64 0.504215141886
21519.95 0.493892119147
21719.05 0.477117207197
21920.03 0.469513194912
22122.86 0.456701586335
22276.2 0.444258657141
22482.33 0.434143016556
22690.34 0.422313016837
22900.3 0.378997797766
23112.18 0.376384782635
23326.04 0.330092477542
23487.74 0.310911932614
23705.06 0.314511165096
23924.41 0.289491660432
24090.23 0.279661746369
24313.15 0.27582748078
24481.67 0.256232171546
24708.2 0.250978490331
24879.46 0.211170333895
25109.68 0.207317634338
25283.72 0.208271592242
25517.68 0.205889001726
25694.54 0.209234767132
25872.66 0.20541432702
26112.07 0.204944260806
26293.06 0.199819617375
26475.3 0.197985437442
26720.29 0.194372379484
26905.52 0.191704062445
27092.0 0.189077221838
27279.78 0.185196871326
27468.89 0.182657592072
27723.04 0.178496123531
27915.22 0.176454561445
28108.71 0.173233225331
28303.57 0.170463521462
28499.75 0.167352789164
28697.31 0.163919462405
28896.22 0.161670518166
29096.54 0.159085153989
29298.21 0.155822341444
29501.31 0.153333755606
29705.79 0.150882037705
29911.72 0.148126159313
30119.04 0.145757394274
30327.8 0.143098294221
30467.81 0.141784873917
30678.99 0.140162684629
30891.66 0.138240943343
31105.78 0.136342244518
31321.41 0.134784574122
31465.97 0.13293196022
31684.07 0.131111605764
31903.71 0.129609237276
32124.84 0.128125302758
32273.15 0.127245080729
32496.84 0.127535415744
32722.08 0.131111605764
32873.14 0.142771091268
33100.99 0.141135076504
33330.46 0.125208127135
33484.29 0.118475119894
33716.38 0.114456514614
33872.03 0.111590032407
34106.8 0.109304220229
34264.22 0.107308743066
34501.75 0.105350133841
34660.99 0.103188750955
34901.27 0.101538910714
35062.36 0.0996862968113
35305.38 0.0978659423552
35468.37 0.0960824558374
35714.21 0.0943266202734
35879.08 0.0928196432933
36127.77 0.0913357087746
36294.51 0.0896674345642
36462.07 0.0878286461389
36714.79 0.0864230559892
36884.25 0.0846533949483
37139.94 0.0829159933535
37311.36 0.0817776957569
37483.57 0.0799158648701
37743.42 0.0790033833959
37917.62 0.0775609253079
38092.62 0.0761415096813
38268.48 0.0749248677157
38533.73 0.0737266597193
38711.62 0.0722150742469
38890.29 0.0710629511734
39069.79 0.0699246535767
39340.63 0.0688093984416
39522.21 0.0673945913073
39704.62 0.0663162041105
39887.92 0.0649566988838
40072.02 0.0639197881177
40256.97 0.0628967028284
40536.04 0.0617491882472
40723.13 0.0609012256651
40911.09 0.0599288337911
41099.91 0.0589702673939
41289.65 0.0581591727502
41480.22 0.0570992195226
41671.67 0.0561867380484
41864.05 0.0554171198353
42057.27 0.0544032515306
42251.39 0.0537811050709
42544.29 0.0529239255042
42740.64 0.0521957837218
42937.91 0.0503063018812
43136.14 0.0486011597324
43335.23 0.04837534361
43535.24 0.0467347203534
43736.23 0.045775693107
43938.09 0.0450438645307
44140.88 0.0437152362023
44344.61 0.0432147539392
44549.33 0.0425239409444
44652.02 0.0414603009229
44858.11 0.0412699701912
45065.2 0.0406100340947
45273.2 0.0397772795371
45482.16 0.0395035350949
45692.07 0.0390509811516
45903.02 0.0380744416345
46114.88 0.0379868802809
46327.72 0.0373794809966
46541.59 0.0369518129117
46648.88 0.0366974241371
46864.18 0.0361937159293
47080.48 0.0356973813093
47297.83 0.0356148892972
47516.13 0.0350457404989
47735.44 0.0346443408201
47845.53 0.034326815701
48066.36 0.0337005215983
48288.2 0.0337005215983
48511.08 0.0331613279999
48735.03 0.0327064698105
48847.37 0.0324064569621
49072.82 0.0320354733325
49299.32 0.0317419123733
49526.91 0.0313064098515
49755.5 0.031162624892
49870.19 0.0307377219025
50100.42 0.0306266572382
50331.65 0.0305155925739
50447.67 0.0301810160334
50680.51 0.0301409221504
50797.33 0.0300860810921
50914.48 0.0300312400338
51031.84 0.0299077324403
51149.47 0.0297846856961
51267.37 0.029730305487
51385.55 0.0296759252779
51504.0 0.0296220059181
51622.77 0.029567625709
51741.77 0.0295819120351
51861.04 0.0294597869893
51980.58 0.0293381227928
52100.4 0.0292842034329
52220.49 0.0292307449223
52340.86 0.0291100024242
52461.57 0.0291233670519
52582.5 0.0291371925288
52703.71 0.0291505571564
52825.19 0.0290970986458
52946.96 0.0289099938587
53069.0 0.0288565353481
53191.39 0.0288035376867
53314.0 0.0288164414651
53436.89 0.0287634438037
53560.07 0.0287763475821
53683.53 0.0287233499208
53807.27 0.0287362536992
53931.3 0.0286827951886
54055.68 0.028695698967
54180.28 0.0286427013056
54305.17 0.0285238022044
54430.35 0.0285362451336
54555.81 0.0286150503519
54681.57 0.0285615918412
54807.61 0.0285085941799
54934.01 0.0285210371091
55060.64 0.0285334800383
55187.55 0.0285463838167
55314.77 0.0286906296255
55442.27 0.0286367102656
55570.07 0.0285178111645
55698.22 0.028661596124
55826.61 0.0287404013423
55955.3 0.0286864819824
56084.28 0.0287648263514
56213.56 0.0288436315696
56343.13 0.0288560744988
56473.01 0.0289348797171
56603.24 0.0290805080735
56733.72 0.0291602349902
56864.49 0.0292395010577
56995.57 0.0293192279744
57126.95 0.029467160577
57258.63 0.0296837597148
57390.68 0.02976440833
57522.97 0.0299833117139
57655.56 0.0301344702612
57788.46 0.0303556778913
57921.67 0.0306492388504
58055.18 0.0308745941236
58189.0 0.0311013319445
58323.2 0.031474158971
58457.63 0.0317783194625
58592.38 0.0321594417752
58727.44 0.0325451725802
58862.81 0.0330115520003
58998.5 0.033561345131
59087.07 0.0337493716166
59396.1 0.0364739122608
59705.13 0.0380380345454
60014.15 0.0415262023627
60323.19 0.0445627379352
60632.21 0.044092210872
60941.24 0.0487947164088
61250.27 0.0549562706059
61559.29 0.0702841159757
61868.32 0.0873585799249
62177.35 0.0929348556006
62486.38 0.0845105316872
62795.4 0.0749663441464
63104.43 0.0643575948856
63413.46 0.0581130878272
63722.5 0.0535967653791
64031.52 0.0500620517896
64340.54 0.045769702067
64649.58 0.0431792685486
64958.6 0.0385398993562
65267.62 0.0364891202854
65576.66 0.0366213840142
65885.68 0.0363688386365
66194.71 0.0379195962934
66503.75 0.0385431253008
66812.77 0.0383283695599
67121.79 0.0389348471458
67430.82 0.0401238381576
67739.85 0.0417225241344
68048.88 0.0394201213843
68357.91 0.0418916558016
68666.94 0.0407399935773
68975.97 0.0420524921827
69284.99 0.043399093631
69594.02 0.0445811719044
69903.05 0.0459314601465
70212.07 0.0428746472079
70521.11 0.043186181287
70830.13 0.0450332649984
71139.16 0.0485550748095
71448.19 0.0496426789909
71757.21 0.0474628621358
72066.25 0.0485228153634
72375.27 0.0503155188658
72684.3 0.0539331853166
72993.34 0.0557765822342
73302.35 0.0573665120756
73611.38 0.0580024840122
73920.41 0.0597629280685
74229.44 0.0671319072466
74538.47 0.0744087165788
74847.49 0.0830450311377
75136.3 0.0702288140681
75156.53 0.088441575614
75465.56 0.0901375007782
75755.57 0.0840082060272
75774.58 0.0948980733179
76374.86 0.0847962582095
76994.15 0.0828330404922
77613.44 0.0794734496099
78232.72 0.0787130483814
78852.02 0.0736252728888
79471.3 0.0661687323571
80090.58 0.0593896401927
80709.88 0.0519930100608
81329.17 0.0472969564132
81948.45 0.0450378734907
82567.74 0.0441945194009
83187.02 0.0435737554889
83806.32 0.0439470433647
84425.6 0.0432539261237
85044.89 0.0457669369716
85664.18 0.0482831737642
86283.47 0.0465826401077
86902.75 0.0413879475939
87522.04 0.0356112025034
88141.33 0.0303842505435
88760.61 0.0266177297916
89379.9 0.0239687684211
89999.19 0.022431836241
90618.47 0.0207465106091
91237.77 0.0199229730362
91857.05 0.0201423372694
92476.34 0.0198335682857
93095.63 0.0191796232291
93714.91 0.0190731670571
94334.2 0.017913670396
94953.48 0.018130730383
95572.78 0.0180279610049
96192.06 0.0177634335472
96811.34 0.0183989446345
97430.64 0.0179791109866
98049.93 0.0173330003669
98669.22 0.0170242313832
99288.51 0.0161610607766
99907.75 0.0163066891331
100527.09 0.0161509220935
101146.33 0.0158145021561
101765.68 0.0157684172331
102384.93 0.0154107982311
103004.26 0.0157458356209
103623.52 0.0155679478183
104242.77 0.0164145278527
104862.11 0.0170094842079
105481.35 0.0179062968083
106100.7 0.0182436384442
106719.95 0.0186722282276
107339.19 0.0187491900489
107958.53 0.0185699196986
108577.79 0.0186888187998
109197.12 0.0204953477791
109816.37 0.0229443005841
110435.71 0.0250840235562
111054.96 0.0299588867048
111674.21 0.0436954196855
112293.55 0.0550161810057
112912.8 0.0517625854461
113532.14 0.0426133456949
114151.39 0.0350360626651
114770.73 0.0301376962058
115389.97 0.0261647149991
116009.22 0.0235871852591
116628.57 0.0220944946051
117247.82 0.0212953820413
117867.15 0.0213414669642
118486.4 0.021967761067
119105.75 0.0229659604979
119724.99 0.0232019153033
120344.24 0.0226585740619
120963.59 0.0218691393319
121582.83 0.0211414583987
122202.17 0.0212580532537
122821.41 0.0218295062982
123440.67 0.0223728475396
124060.01 0.0228770165966
124679.26 0.0240319047655
125298.6 0.0250038357903
125917.85 0.0258476507293
126537.19 0.0264891528566
127156.44 0.0274527885953
127775.68 0.0313124008915
128395.03 0.0292620826699
129014.27 0.0211419192479
129633.62 0.0174145706805
130252.86 0.0163560000006
130872.11 0.0160186583647
131491.45 0.0159744168387
132110.7 0.0153794604835
132730.05 0.0151246108597
133349.28 0.0147411843008
133968.63 0.0145554620613
134587.88 0.0145043077969
135207.13 0.0141798699394
135826.48 0.0140370066783
136445.71 0.0138061212143
137065.06 0.012951706743
137684.31 0.0125346381904
138303.66 0.0123097437665
138922.89 0.0121820885299
139542.14 0.01242126928
140161.49 0.0122816319635
140780.74 0.0119295431522
141400.07 0.0119184827707
142019.32 0.0121779408869
142638.67 0.0118484336879
143257.92 0.0111060055793
143877.15 0.0104700336427
144496.51 0.00991747541667
145029.39 0.0098239230231
145943.83 0.00959626350378
146858.39 0.00922021053259
147772.85 0.00910361567755
148687.3 0.00884231416448
149601.76 0.00852939753772
150516.32 0.00839805550734
151430.78 0.00848699940862
152345.23 0.00855013575304
153259.79 0.00847916497172
154174.25 0.00865152258351
155088.7 0.0101133363392
156003.16 0.0104640426027
156917.72 0.00908287746223
157832.18 0.0087109721341
158746.63 0.0091718213635
159661.18 0.00930270254465
160575.65 0.00941422805817
161490.09 0.00936583888908
162404.65 0.0102363830834
163319.11 0.0126106783133
164233.56 0.0153319930129
165148.02 0.0149218371987
166062.59 0.0132692318621
166977.02 0.0130558586689
167891.49 0.0133222295235
168805.95 0.0135526541382
169720.51 0.0155642610245
170634.97 0.0166048585845
171549.43 0.0146457885103
172463.99 0.0138139556512
173378.44 0.0138793962418
174292.9 0.0128890312478
175207.46 0.0109732810012
176121.9 0.00979765461703
177036.37 0.00949349412562
177950.81 0.00926076526478
178865.37 0.00871972826946
179779.83 0.00795748364404
180694.28 0.00763258493731
181608.83 0.00733764143049
182523.3 0.00714777154798
183437.74 0.00729708669831
184352.3 0.00724869752922
185266.76 0.00736390983657
186181.23 0.00878470801081
187095.67 0.011085267364
188010.23 0.0093990200336
188924.69 0.0076574707957
189839.14 0.00712795503112
190753.71 0.00718832628017
191668.18 0.00682425538894
192582.61 0.00675236290916
193497.07 0.00646156704541
194411.64 0.00645695855311
195326.09 0.00629888726743
196240.55 0.00640856938403
197155.11 0.00614726787096
198069.56 0.00616385844321
198984.02 0.00611224332952
199898.48 0.0060021003637
200813.04 0.00613897258483
201727.48 0.00601638668981
202641.95 0.00582236916423
203556.5 0.00594587675771
204653.67 0.0057905705674
206414.27 0.00600256121292
208175.96 0.0058454116257
209938.54 0.00546198506684
211702.22 0.00581822152116
213466.91 0.00570623515842
215232.7 0.00548272328216
216999.37 0.00563664692478
218767.14 0.00573066016758
220535.93 0.00555046811888
222305.8 0.00539977042087
224076.67 0.00557443227881
225848.53 0.00567121061699
227621.48 0.00549931385442
229395.45 0.00539193598397
231170.41 0.00546705440836
232946.46 0.00563572522632
234723.52 0.00569517477692
236501.66 0.00560023983566
238280.91 0.00546336761453
240061.15 0.00550622659286
241842.39 0.00550069640211
243624.74 0.00537442371325
245408.07 0.00529930528886
247192.61 0.00526981093818
248978.04 0.00537165861788
250764.55 0.00545599402686
252552.18 0.00545599402686
254340.9 0.00540668315931
256130.62 0.00555185066657
257921.43 0.00584264653032
259713.34 0.00583849888726
261506.35 0.0054661327099
263300.37 0.00521036138759
265095.45 0.00514722504316
266891.68 0.0051149655971
268688.84 0.00505413349882
270487.26 0.005072567468
272286.64 0.00503155188658
274087.14 0.00496933724061
275888.73 0.0049472164776
277691.41 0.0049002098562
279495.19 0.00505321180036
281300.05 0.00556936293729
283106.04 0.00554770302351
284913.12 0.00494491223145
286721.29 0.00478499754885
288530.55 0.00484076030561
290340.9 0.00482785652719
292152.37 0.00491311363462
293964.93 0.00496611129601
295778.59 0.00489421881622
297593.42 0.00483062162256
299409.38 0.00485182068711
301226.31 0.00483338671794
303044.45 0.00491311363462
304863.69 0.0049472164776
306684.13 0.00501081367126
308505.58 0.00497947592366
310328.21 0.00497440658213
312152.02 0.00500113583744
313976.87 0.00491034853925
315802.89 0.00502279575122
317630.07 0.00508639294488
319458.28 0.00502832594197
321287.71 0.00510114012022
323118.35 0.00535737229177
324950.01 0.00526842839049
326782.81 0.00531313076574
328616.84 0.00532004350418
330452.03 0.00542465627926
332288.31 0.00582789935498
334125.72 0.0076104641743
335964.3 0.00786531379816
337804.11 0.00583204699805
339645.06 0.00540944825469
341487.14 0.00515045098777
343330.34 0.005122800034
345174.79 0.00569010543539
347020.39 0.00879254244771
348867.14 0.0114806760028
