100.01 1.30936164627e-11
102.11 2.11738857078e-11
104.01 3.10875517217e-11
105.94 4.62753511994e-11
107.91 6.96798117602e-11
109.92 1.17183320947e-10
114.04 2.303348739e-10
118.05 4.18678742072e-10
121.08 1.92542968745e-09
125.04 3.15532414468e-09
127.08 3.88858813568e-09
127.96 4.39232234349e-09
130.94 5.87937224558e-09
132.15 7.39909935889e-09
133.99 8.85031483128e-09
137.11 1.33531398214e-08
139.98 1.7227362613e-08
142.91 5.7395074671e-08
146.91 1.82139933867e-07
151.03 2.37075535346e-07
154.9 3.09328480164e-07
158.88 4.01740264949e-07
161.83 4.8370165658e-07
165.98 6.22414050313e-07
169.85 7.79122589358e-07
173.01 9.20913271105e-07
177.04 1.13429388179e-06
179.91 1.31940160102e-06
182.0 1.45921902122e-06
185.81 1.76867379013e-06
191.01 2.22852266112e-06
194.12 2.56239851493e-06
198.18 3.03487625983e-06
201.87 3.59496681744e-06
205.15 4.05781504598e-06
209.93 4.70646558183e-06
215.81 6.15152447819e-06
219.82 7.13657664263e-06
222.88 7.81822011155e-06
227.02 9.02822409239e-06
230.18 1.47642586192e-05
233.92 2.68995014136e-05
239.92 3.75851073448e-05
246.07 4.02024414612e-05
251.81 4.80323432811e-05
257.08 4.46572767305e-05
260.05 5.41399824225e-05
264.28 6.09532598932e-05
269.19 6.62794874618e-05
274.2 7.17398968157e-05
279.3 7.746866974e-05
283.83 8.36678682171e-05
289.78 8.70602994694e-05
295.85 9.63977731114e-05
301.35 0.000101948163192
307.66 0.000112872139118
317.73 0.000129815352068
328.14 0.000145217842402
338.12 0.000159865757521
348.39 0.000174373176417
357.33 0.000188943739682
365.65 0.00020525077311
375.03 0.000219331967512
384.65 0.000227446018994
395.43 0.000250904152269
404.64 0.00026935809426
414.06 0.000282571053581
421.76 0.00029251629178
429.6 0.000303487625983
440.62 0.000322651942131
450.88 0.000334507297508
460.33 0.000345289198603
469.96 0.000358881024141
479.81 0.000374698688704
489.85 0.000381391991873
500.11 0.000399056629245
505.9 0.000407644263499
511.76 0.000482533485744
520.07 0.000498240647661
529.74 0.000515431702262
539.59 0.000515084408229
549.62 0.000581528071052
559.84 0.000641546794276
570.25 0.000697997860623
579.52 0.000696024599076
590.29 0.000787410287857
599.88 0.000814578152841
609.63 0.000866230247105
619.53 0.00101231474598
629.6 0.00108385731664
639.83 0.0011158399398
650.23 0.00124225496757
657.76 0.00132494251945
665.37 0.00140014746354
674.63 0.0014352399469
685.59 0.00144359078977
695.13 0.00180782329923
704.8 0.00176535871073
716.25 0.00209544590237
726.21 0.00220263346962
734.62 0.00231629333475
744.84 0.00262649004999
755.21 0.00283107780722
765.71 0.00300267263138
774.58 0.00333654848519
785.35 0.0036292226379
794.45 0.00383302109051
805.5 0.0040552892712
814.83 0.00425324686963
824.26 0.00472509317084
835.73 0.00392473828723
845.4 0.0050752286998
855.19 0.00528549945029
865.1 0.00576350232752
875.11 0.00627007803196
885.25 0.00691588707117
895.5 0.00736879006152
905.87 0.00742893507349
914.25 0.011960017169
924.84 0.0887620402278
935.55 0.200309726195
944.2 0.393057914141
955.14 0.572656287135
963.97 0.63917888042
975.13 0.0941908773969
984.16 0.523245817989
995.55 0.578165633375
1004.77 0.890682904199
1014.06 0.875717688624
1025.8 0.377271821762
1035.3 0.600155660059
1044.88 1.21860740119
1054.54 1.20072175852
1064.3 0.931126872874
1074.15 1.13907706778
1084.09 0.881227034864
1094.12 1.22067537929
1104.24 1.17786349676
1114.46 1.1286740329
1124.77 1.00933117452
1135.18 1.33496668811
1145.68 1.20752556434
1156.28 1.30707266288
1164.3 1.35547282211
1175.07 0.912988652731
1185.95 1.32988356636
1194.17 0.884226392416
1205.22 0.612184662452
1216.37 0.430707744465
1224.8 0.911773123618
1236.13 1.43266681384
1244.7 1.58792303239
1256.22 1.51025545788
1264.93 1.28440383422
1273.69 1.71137027479
1285.48 1.80924404754
1294.39 1.38713972342
1306.37 1.37484235746
1315.42 1.77751400186
1324.54 1.69984642735
1333.72 1.48236143265
1346.06 1.81555848449
1355.39 1.75999143932
1364.79 1.55609827015
1374.25 1.65390889853
1383.77 1.67506226232
1396.58 1.45198899091
1406.26 1.51848001201
1416.01 1.54825258224
1425.82 1.60797136971
1435.7 1.59455319119
1442.33 1.69668920888
1445.66 1.7299978638
1455.68 1.67648301063
1465.77 1.53734439241
1475.93 1.53854413543
1486.16 1.57554673596
1496.46 1.60970783987
1503.37 1.51565430148
1510.31 1.33490354374
1517.28 1.4431014209
1524.28 1.3935962352
1534.85 1.19778554534
1545.48 1.34154948863
1556.2 1.26419763598
1563.38 1.28710325602
1574.22 1.37972026
1585.13 1.45530407031
1596.12 1.48968617951
1603.48 1.46502830322
1614.6 1.47557341293
1625.79 1.38691871813
1633.3 1.48856536696
1644.62 1.51295487968
1656.02 1.38633463271
1663.66 1.52949870449
1671.34 1.34964775402
1675.19 1.53303478919
1686.8 1.60528773401
1694.59 1.50378316001
1706.34 1.43593453496
1714.21 1.35443094001
1726.1 1.34483299585
1734.06 1.44299091826
1746.08 1.40650925877
1754.14 1.50908728705
1766.3 1.37263230453
1774.45 1.40961911897
1786.75 1.43516101644
1795.0 1.53964916189
1803.29 1.53085630844
1815.79 1.39533270537
1824.17 1.43272995821
1836.81 1.36731239139
1845.29 1.24831682704
1853.81 1.24959550052
1866.66 1.28947116987
1875.27 1.4087350978
1883.93 1.28598244346
1896.99 1.2297523824
1905.75 1.30975629858
1914.54 1.25474176664
1923.38 1.22998917379
1936.71 1.26591832004
1945.65 1.32045926921
1954.63 1.23035225392
1968.18 1.35353113275
1977.26 1.39233334781
1981.82 1.31182427668
1995.56 1.26838095046
2004.77 1.30762517611
2014.02 1.25518377723
2023.32 1.32102756854
2032.66 1.24195503181
2046.75 1.28934488113
2056.2 1.23175721614
2065.69 1.23216765454
2075.22 1.32068027451
2080.01 1.249848078
2084.8 1.29990577694
2094.42 1.22463768847
2104.09 1.23052590093
2113.8 1.24211289274
2123.56 1.25954073872
2133.36 1.16212476265
2143.21 1.19199204943
2153.1 1.23672983524
2163.04 1.19472304342
2173.03 1.18097335695
2183.06 1.15663120251
2193.13 1.20818858022
2203.25 1.17233836442
2213.43 1.11162505313
2223.64 1.07113372618
2233.91 1.1421395697
2244.22 1.08815113377
2254.58 1.04060342352
2264.98 1.07118108446
2275.44 1.10267433875
2285.94 1.1350989725
2296.49 1.07553804596
2307.09 1.07948456905
2312.41 1.02923743701
2323.08 0.807442839086
2333.81 0.963172640403
2344.58 0.936067919789
2355.4 1.01604026378
2366.27 0.936509930375
2377.19 0.968539911812
2382.67 0.902459329114
2393.67 0.966124639678
2404.72 0.928222231876
2415.82 0.953385263128
2426.97 1.01364077774
2432.57 0.973181022971
2443.8 1.03471521106
2455.07 1.02197583451
2466.41 1.01641913
2477.79 0.981074069161
2483.5 1.01162015791
2494.97 0.954237712117
2506.48 1.0624040171
2512.26 0.951932942629
2518.05 0.981595010209
2523.86 0.940267020361
2535.51 0.954758653165
2547.21 0.940898464057
2553.08 1.00893652221
2564.87 0.987451650482
2576.71 1.04753351808
2582.65 1.03632539249
2594.57 1.02601707416
2606.54 0.992692633152
2612.55 0.982068592981
2624.61 1.02756411122
2636.73 1.06284602768
2642.8 1.15028519337
2655.0 1.17619017096
2667.26 1.06942882821
2673.4 1.12070205625
2685.74 1.12245431251
2691.94 1.0727596937
2704.36 1.10455288375
2716.84 1.05406896032
2723.11 1.05249035108
2735.68 1.10638407046
2741.98 0.968839847567
2754.64 0.992976782814
2767.35 1.03190528662
2773.73 1.07891626972
2786.54 1.02727996155
2792.96 0.841461868162
2805.85 0.903106558902
2812.32 1.07670621679
2825.3 1.12928969051
2831.81 1.08682510201
2844.89 1.06137792109
2858.02 1.02704317017
2864.61 1.12704806539
2877.83 1.13153131562
2884.46 1.12726907068
2897.78 1.12654291043
2911.15 1.22032808525
2931.33 1.17915795633
2951.65 1.16594499701
2972.11 1.1879192376
2992.71 1.1937285196
3013.46 1.21068278281
3027.37 1.21557647145
3048.35 1.21874947602
3069.48 1.22760547384
3090.76 1.23938189876
3112.18 1.24268119206
3126.55 1.23065218967
3148.22 1.23965026233
3170.04 1.24586998272
3192.01 1.19030293755
3206.75 1.23437770747
3228.97 1.18479359131
3251.36 1.26137192544
3266.37 1.30509940133
3289.01 1.29974791601
3311.81 1.3003951458
3319.44 1.30762517611
3327.09 1.31793349443
3334.76 1.35926148428
3342.45 1.28740319177
3350.15 1.34934781827
3357.88 1.30778303703
3365.62 1.23013124862
3373.38 1.20883581
3381.15 1.28167284024
3388.95 1.34956882356
3396.76 1.29602239821
3404.59 1.33976566019
3412.44 1.28364610179
3420.3 1.33310392921
3428.19 1.32825759885
3436.09 1.33569284836
3444.01 1.22215927197
3451.95 1.35689357042
3459.91 1.30607813906
3467.89 1.30097923122
3475.88 1.32558974924
3483.89 1.30781460922
3491.92 1.33562970399
3499.97 1.24688029264
3508.04 1.30906171052
3516.13 1.25632037588
3524.23 1.30388387222
3532.36 1.34083911447
3540.5 1.3693645834
3548.66 1.40171028669
3556.84 1.36080852133
3565.04 1.37702083821
3573.26 1.26789158159
3581.5 1.25957231091
3589.54 1.08344687824
3592.22 1.27496375098
3594.9 1.22945244665
3597.57 1.18097335695
3600.25 1.2235484481
3602.92 1.2506847409
3605.6 1.37471606872
3608.27 1.30658329401
3610.95 1.22931037182
3613.62 1.14842243447
3616.3 1.20481035645
3618.97 1.23761385641
3621.65 1.39646930402
3624.33 1.41880662473
3627.0 1.44051250175
3629.68 1.47394744541
3632.35 1.44007049117
3635.03 1.37962554345
3637.7 1.44564298178
3640.38 1.46929054816
3643.05 0.979337598999
3645.73 1.0913872827
3648.4 1.27117508881
3651.08 1.18343598737
3653.76 1.36829112912
3656.43 1.47262141365
3659.11 1.31280301441
3661.78 1.49421678803
3664.46 1.37858366135
3667.13 1.37408462502
3669.81 1.5197428994
3672.48 1.38570318902
3675.16 1.21158259008
3677.83 1.25388931765
3680.51 1.38488231221
3683.19 1.17828972125
3685.86 1.29005525529
3688.54 1.37801536203
3691.21 1.44237526066
3693.89 1.28205170646
3696.56 1.32375856252
3699.24 1.31877015733
3701.91 1.47186368122
3704.59 1.34663261038
3707.26 1.25128461241
3709.94 1.3018474663
3712.62 1.58255576098
3715.29 2.00578089766
3717.97 2.87196378648
3720.64 4.62295715315
3723.32 7.15141556947
3725.99 9.67261238329
3728.67 10.4279769036
3731.34 8.65125220638
3734.02 5.70083154077
3736.69 3.1886327996
3739.37 2.07997553184
3742.05 1.54302738566
3744.72 1.34216514623
3747.4 1.31774406132
3750.07 1.23445663793
3752.75 1.28620344875
3755.42 1.38726601216
3758.1 1.48324545382
3760.77 1.52935662966
3763.45 1.42119032468
3766.12 1.5361130772
3768.8 1.52342105893
3771.48 1.48423997764
3774.15 1.58634442315
3776.83 1.53552899178
3779.5 1.58523939668
3782.18 1.67522012324
3784.85 1.68484963959
3787.53 1.61539083313
3790.2 1.70884450001
3792.88 1.52181087751
3795.55 1.37752599316
3798.23 1.37312167339
3800.91 1.46386013238
3803.58 1.57106348573
3806.26 1.66606418966
3808.93 1.64948879267
3811.61 1.60181479368
3814.28 1.60102548906
3816.96 1.57365240488
3819.63 1.63101906458
3822.31 1.49560596416
3824.98 1.539838595
3827.66 1.33176211136
3830.34 1.26350304791
3833.01 1.26326625653
3835.69 1.33226726631
3838.36 1.18228360262
3841.04 1.19873271088
3843.71 1.48359274786
3846.39 1.59376388657
3849.06 1.59628966135
3851.74 1.70174075844
3854.41 1.69211124209
3857.09 1.78872212745
3859.77 1.87428274814
3862.44 2.12828097452
3865.12 2.53193135664
3867.79 2.7824566427
3870.47 2.73920274958
3873.14 2.4526851729
3875.82 2.17500780796
3878.49 1.88549087373
3881.17 1.78556490897
3883.84 1.69668920888
3886.52 1.76456940611
3889.2 1.7492568965
3891.87 1.74909903558
3894.55 1.62202099193
3897.22 1.61554869405
3899.9 1.72463059239
3902.57 1.72147337391
3905.25 1.67111573922
3907.92 1.7074237517
3910.6 1.79598372994
3913.27 1.96978860703
3915.95 1.92590327022
3918.63 1.88722734389
3921.3 1.76504298888
3923.98 1.75904427378
3926.65 1.70884450001
3929.33 1.49846324688
3932.0 1.38401407713
3934.68 1.38808688896
3937.35 1.39440132592
3940.03 1.45175219953
3942.7 1.54574259355
3945.38 1.67900878541
3948.06 1.71689540712
3950.73 1.68579680514
3953.41 1.72384128777
3956.08 1.81571634542
3958.76 1.77325175692
3961.43 1.82676661008
3964.11 1.82108361682
3966.78 1.85818093391
3969.46 1.77625111447
3972.13 1.77119956491
3974.81 1.65248815022
3977.49 1.64270077294
3980.16 1.71657968528
3982.84 1.80450821983
3985.51 1.85644446375
3988.19 2.02014624172
3990.86 1.98099673262
3993.54 2.01588399678
3996.21 2.00167651364
3998.89 1.97768165322
4001.56 2.11549423969
4004.24 2.08139628015
4006.92 1.99504635484
4009.59 2.03214367193
4012.27 2.04635115507
4014.94 2.24446661442
4017.62 2.06766237978
4020.29 2.11154771659
4022.97 2.04398324121
4025.64 2.16679903992
4028.32 2.05755928066
4030.99 2.2051592444
4033.67 2.06782024071
4036.35 2.05329703572
4039.02 2.11502065692
4041.7 2.18984673479
4044.37 2.21794597923
4047.05 2.00151865271
4049.72 2.07950194907
4052.4 2.13996268288
4055.07 2.05598067142
4057.75 1.94784593863
4060.42 2.05045553909
4063.1 2.12859669636
4065.78 2.26277848158
4068.45 2.16569401345
4071.13 2.26877719669
4073.8 2.23846789932
4076.48 2.09513018052
4079.15 2.04051030089
4081.83 2.10349680948
4084.5 2.07081959826
4087.18 2.10049745193
4089.85 2.03482730763
4092.53 2.07823906168
4095.21 1.90506562828
4097.88 2.07555542597
4100.56 2.22583902542
4103.23 2.2217346414
4105.91 2.0525077311
4108.58 1.93284915087
4111.26 1.86828403304
4113.93 1.97199865997
4116.61 2.00767522874
4119.28 2.01162175184
4121.96 2.02251415558
4124.64 2.06718879701
4127.31 1.95289748819
4129.99 1.95684401128
4132.66 1.89291033715
4135.34 2.03356442024
4138.01 2.14106770934
4140.69 2.06703093609
4143.36 2.05313917479
4146.04 2.07792333983
4148.71 2.05234987017
4151.39 1.96978860703
4154.07 2.08818429987
4156.74 2.01683116232
4159.42 2.133490385
4162.09 2.1593795765
4164.77 2.15164439124
4167.44 2.12480803419
4170.12 2.05266559202
4172.79 1.98036528893
4175.47 1.97673448768
4178.14 1.95968550791
4180.82 1.94137364075
4183.5 2.05503350588
4186.17 2.18337443692
4188.85 2.05471778403
4191.52 2.09955028639
4194.2 2.03056506269
4196.87 1.9735772692
4199.55 2.07018815456
4202.22 1.94200508445
4204.9 2.00546517581
4207.57 2.12212439849
4210.25 2.16443112606
4212.93 2.17942791382
4215.6 2.0199883808
4218.28 2.10475969687
4220.95 2.18495304616
4223.63 2.11438921322
4226.3 2.14754000722
4228.98 2.01130602999
4231.65 1.96047481253
4234.33 2.03135436731
4237.0 2.03466944671
4239.68 2.1759549735
4242.36 2.16774620546
4245.03 2.18416374154
4247.71 2.19837122468
4250.38 2.17153486763
4253.06 2.13854193456
4255.73 2.218419562
4258.41 2.20436993978
4261.08 2.05092912186
4263.76 2.14043626565
4266.43 2.16348396052
4269.11 2.15180225216
4271.79 2.09213082297
4274.46 2.04840334708
4277.14 2.08707927341
4279.81 2.10775905442
4282.49 2.08550066417
4285.16 2.07318751211
4287.84 2.0744503995
4290.51 1.97831309692
4293.19 1.92321963452
4295.86 1.90348701904
4298.54 1.93711139581
4301.22 1.85597088098
4303.89 1.77593539262
4306.57 1.74310032047
4309.24 1.77104170398
4311.92 1.84192125876
4314.59 1.89006884052
4317.27 1.98936336158
4319.94 2.08013339276
4322.62 2.09386729313
4325.29 2.09749809438
4327.97 2.07618686967
4330.65 2.06797810163
4333.32 2.25330682616
4336.0 2.54550739609
4338.67 2.8793832499
4341.35 2.98625509531
4344.02 2.85191544916
4346.7 2.49025607276
4349.37 2.23404779345
4352.05 2.11502065692
4354.72 2.05440206218
4357.4 2.15559091433
4360.08 2.21415731706
4362.75 2.29766574574
4365.43 2.34139322163
4368.1 2.38780433322
4370.78 2.27935387858
4373.45 2.21684095276
4376.13 2.21289442967
4378.8 2.10933766366
4381.48 2.02946003622
4384.15 2.00499159304
4386.83 2.07492398228
4389.51 2.06860954532
4392.18 2.0226720165
4394.86 2.05598067142
4397.53 2.11138985567
4400.21 2.16853551008
4402.88 2.05203414833
4405.56 2.14896075553
4408.23 2.17453422519
4410.91 2.10365467041
4413.58 2.11438921322
4416.26 2.16553615253
4418.94 2.23783645563
4421.61 2.25662190556
4424.29 2.28282681891
4426.96 2.31376755997
4429.64 2.28266895798
4432.31 2.25804265387
4434.99 2.27556521641
4437.66 2.28487901091
4440.34 2.2741444681
4443.01 2.30350659992
4445.69 2.26262062066
4448.37 2.34455044011
4451.04 2.3578107577
4453.72 2.31613547382
4456.39 2.18984673479
4459.07 2.15780096726
4461.74 2.24699238921
4464.42 2.23262704514
4467.09 2.33460520191
4469.77 2.43184753096
4472.44 2.44479212671
4475.12 2.46673479512
4477.8 2.37312326731
4480.47 2.3810163135
4483.15 2.28882553401
4485.82 2.20042341669
4488.5 2.29150916971
4491.17 2.338551725
4493.85 2.35717931401
4496.52 2.32734359941
4499.2 2.33744669854
4501.87 2.43547833221
4504.55 2.46073608002
4507.23 2.41100988902
4509.9 2.48820388075
4512.58 2.42805886879
4515.25 2.35354851276
4517.93 2.41037844533
4520.6 2.43895127253
4523.28 2.35133845983
4525.95 2.30161226884
4528.63 2.3159776129
4531.3 2.21384159521
4533.98 2.22015603216
4536.66 2.30208585161
4539.33 2.25804265387
4542.01 2.3325530099
4544.68 2.28835195124
4547.36 2.29150916971
4550.03 2.27225013701
4552.71 2.27588093826
4555.38 2.35417995646
4558.06 2.3611258371
4560.73 2.38306850551
4563.41 2.42932175618
4566.09 2.43595191498
4568.76 2.34754979766
4571.44 2.37533332025
4574.11 2.40138037267
4576.79 2.39838101512
4579.46 2.34597118842
4582.14 2.35733717493
4584.81 2.3132939772
4587.49 2.31866124861
4590.16 2.30287515623
4592.84 2.25599046186
4595.52 2.32244991078
4598.19 2.31787194399
4600.87 2.27540735549
4603.54 2.37012390976
4606.22 2.25883195849
4608.89 2.35212776445
4611.57 2.39190871724
4614.24 2.45347447752
4616.92 2.36917674422
4619.59 2.3750175984
4622.27 2.38796219415
4624.95 2.45300089475
4627.62 2.45252731198
4630.3 2.4659454905
4632.97 2.40658978316
4635.65 2.41385138565
4638.32 2.35717931401
4641.0 2.45347447752
4643.67 2.43389972297
4646.35 2.40879983609
4649.02 2.38322636643
4651.7 2.36159941988
4654.38 2.44384496117
4657.05 2.48425735766
4659.73 2.50635788699
4662.4 2.41621929951
4665.08 2.34644477119
4667.75 2.34786551951
4670.43 2.24383517073
4673.1 2.35639000939
4675.78 2.44716004057
4678.45 2.51014654916
4681.13 2.62554288445
4683.81 2.67400618805
4686.48 2.71915441226
4689.16 2.70242115434
4691.83 2.62901582477
4694.51 2.57439594514
4697.18 2.50004345004
4699.86 2.3969602668
4702.53 2.37154465807
4705.21 2.31345183812
4707.88 2.33397375821
4710.56 2.36965032699
4713.24 2.40974700163
4715.91 2.46957629175
4718.59 2.43184753096
4721.26 2.50304280759
4723.94 2.45158014644
4726.61 2.38606786306
4729.29 2.45536880861
4731.96 2.34628691027
4734.64 2.4267959814
4737.31 2.43863555068
4739.99 2.42158657092
4742.67 2.40974700163
4745.34 2.48646741059
4748.02 2.43168967004
4750.69 2.42206015369
4753.37 2.46484046403
4756.04 2.47825864256
4758.72 2.39254016094
4761.39 2.35118059891
4764.07 2.37533332025
4766.74 2.34486616195
4769.42 2.3617572808
4772.1 2.35717931401
4774.77 2.44968581535
4777.45 2.47162848376
4780.12 2.43184753096
4782.8 2.39553951849
4785.47 2.38622572399
4788.15 2.42427020662
4790.82 2.26262062066
4793.5 2.40848411424
4796.17 2.42853245156
4798.85 2.43137394819
4801.53 2.26435709082
4804.2 2.30729526209
4806.88 2.40595833946
4809.55 2.30682167932
4812.23 2.39001438616
4814.9 2.33397375821
4817.58 2.4361097759
4820.25 2.33681525484
4822.93 2.3816477572
4825.6 2.37075535346
4828.28 2.35749503586
4830.96 2.3451818838
4833.63 2.31424114274
4836.31 2.253622548
4838.98 2.27872243489
4841.66 2.3590736451
4844.33 2.30019152052
4847.01 2.34944412874
4849.68 2.35102273798
4852.36 2.6152819244
4855.03 3.12485698639
4857.71 3.76545661513
4860.39 4.48325023559
4863.06 4.64032185476
4865.74 4.21425522146
4868.41 3.24041118261
4871.09 2.68963441951
4873.76 2.30555879193
4876.44 2.23799431655
4879.11 2.18495304616
4881.79 2.24572950182
4884.46 2.28661548108
4887.14 2.21321015151
4889.82 2.20421207886
4892.49 2.23609998546
4895.17 2.3424982481
4897.84 2.28708906385
4900.52 2.31739836122
4903.19 2.24415089258
4905.87 2.42490165032
4908.54 2.37233396269
4911.22 2.31739836122
4913.89 2.35149632075
4916.57 2.31739836122
4919.25 2.30050724237
4921.92 2.29703430205
4924.6 2.33381589729
4927.27 2.32434424186
4929.95 2.33997247332
4932.62 2.29877077221
4935.3 2.29435066634
4937.97 2.30066510329
4940.65 2.30761098394
4943.32 2.34739193673
4946.0 2.56981797835
4948.68 2.87117448187
4951.35 3.41137456307
4954.03 4.40621410478
4956.7 5.24698138488
4959.38 5.81480712775
4962.05 5.49498089615
4964.73 4.65105639758
4967.4 3.68526326584
4970.08 3.01119712127
4972.75 2.59018203752
4975.43 2.48962462907
4978.11 2.4207972663
4980.78 2.36680883036
4983.46 2.34376113549
4986.13 2.3617572808
4988.81 2.45284303383
4991.48 2.55924129646
4994.16 2.92863585812
4996.83 3.91842385028
4999.51 6.30670176627
5002.18 8.76159699211
5004.86 11.483592901
5007.54 12.7477431787
5010.21 11.7876330402
5012.89 9.16019582467
5015.56 6.16336404747
5018.24 4.0294000797
5020.91 2.9257943615
5023.59 2.53572001881
5026.26 2.39538165757
5028.94 2.25930554126
5031.61 2.22789121743
5034.29 2.29403494449
5036.97 2.24115153503
5039.64 2.25472757447
5042.32 2.1985290856
5044.99 2.23152201867
5047.67 2.14532995429
5050.34 2.22568116449
5053.02 2.28929911678
5055.69 2.33555236745
5058.37 2.37896412149
5061.04 2.4075369487
5063.72 2.32781718219
5066.4 2.22252394602
5069.07 2.17942791382
5071.75 2.18811026463
5074.42 2.17295561595
5077.1 2.22410255526
5079.77 2.12496589512
5082.45 2.11407349138
5085.12 2.22299752879
5087.8 2.22378683341
5090.47 2.22694405188
5093.15 2.35765289678
5095.83 2.22426041618
5098.5 2.25109677322
5101.18 2.20389635701
5103.85 2.25977912403
5106.53 2.1918989268
5109.2 2.2503074686
5111.88 2.23467923715
5114.55 2.26909291854
5117.23 2.26372564713
5119.9 2.18432160246
5122.58 2.1660097353
5125.26 2.09481445867
5127.93 2.22015603216
5130.61 2.1533808614
5133.28 2.15574877526
5135.96 2.15164439124
5138.63 2.20879004565
5141.31 2.16537829161
5143.98 2.16048460297
5146.66 2.18179582768
5149.33 2.1991605293
5152.01 2.13333252408
5154.69 2.19237250957
5157.36 2.22078747586
5160.04 2.2449401972
5162.71 2.18069080121
5165.39 2.12496589512
5168.06 2.0060966195
5170.74 1.98557469941
5173.41 1.94358369368
5176.09 2.02251415558
5178.76 2.13033316653
5181.44 2.07713403521
5184.12 2.06450516131
5186.79 2.02425062574
5189.47 2.08281702847
5192.14 2.18684737724
5194.82 2.34612904934
5197.49 2.38733075045
5200.17 2.4460550141
5202.84 2.38859363784
5205.52 2.36475663835
5208.19 2.22157678048
5210.87 2.1799014966
5213.55 2.21336801244
5216.22 2.26388350805
5218.9 2.25725334925
5221.57 2.28882553401
5224.25 2.26435709082
5226.92 2.18779454278
5229.6 2.19884480745
5232.27 2.16111604666
5234.95 2.19726619821
5237.62 2.26451495175
5240.3 2.25504329632
5242.98 2.28203751429
5245.65 2.30697954025
5248.33 2.33681525484
5251.0 2.25062319045
5253.68 2.31913483138
5256.35 2.24383517073
5259.03 2.28472114999
5261.7 2.25299110431
5264.38 2.15638021895
5267.05 2.12465017327
5269.73 2.13222749761
5272.41 2.07460826043
5275.08 2.1308067493
5277.76 2.21889314477
5280.43 2.28251109706
5283.11 2.2449401972
5285.78 2.42869031249
5288.46 2.40974700163
5291.13 2.42048154445
5293.81 2.37959556519
5296.48 2.36586166482
5299.16 2.31755622214
5301.84 2.24778169382
5304.51 2.31345183812
5307.19 2.40911555794
5309.86 2.34628691027
5312.54 2.37975342611
5315.21 2.34123536071
5317.89 2.37880626057
5320.56 2.31471472551
5323.24 2.38717288953
5325.91 2.24146725687
5328.59 2.30840028856
5331.27 2.27493377272
5333.94 2.33460520191
5336.62 2.24983388583
5339.29 2.27335516348
5341.97 2.27777526934
5344.64 2.29624499743
5347.32 2.36901888329
5349.99 2.37943770426
5352.67 2.38385781013
5355.34 2.47810078163
5358.02 2.42537523309
5360.7 2.43121608727
5363.37 2.38338422736
5366.05 2.24793955475
5368.72 2.41890293521
5371.4 2.26956650131
5374.07 2.38006914796
5376.75 2.30050724237
5379.42 2.40485331299
5382.1 2.38354208828
5384.77 2.37738551225
5387.45 2.28156393152
5390.13 2.38148989627
5392.8 2.338551725
5395.48 2.23025913128
5398.15 2.18763668186
5400.83 2.2277333565
5403.5 2.1109162729
5406.18 2.25583260094
5408.85 2.11738857078
5411.53 2.22347111156
5414.2 2.19205678773
5416.88 2.21021079396
5419.55 2.26830361392
5422.23 2.25220179969
5424.91 2.31534616921
5427.58 2.25125463415
5430.26 2.34786551951
5432.93 2.24415089258
5435.61 2.28330040168
5438.28 2.26119987235
5440.96 2.31139964611
5443.63 2.38306850551
5446.31 2.23894148209
5448.98 2.30113868606
5451.66 2.25946340218
5454.34 2.29387708357
5457.01 2.25235966061
5459.69 2.38843577692
5462.36 2.32718573849
5465.04 2.3232392154
5467.71 2.33618381115
5470.39 2.35149632075
5473.06 2.32544926833
5475.74 2.29750788482
5478.41 2.19000459572
5481.09 2.28219537521
5483.77 2.3451818838
5486.44 2.30713740117
5489.12 2.31518830828
5491.79 2.23057485313
5494.47 2.25946340218
5497.14 2.32750146034
5499.82 2.3936451874
5502.49 2.29135130879
5505.17 2.22899624389
5507.84 2.27051366685
5510.52 2.33934102962
5513.2 2.32008199692
5515.87 2.30682167932
5518.55 2.29877077221
5521.22 2.28314254075
5523.9 2.28693120292
5526.57 2.32544926833
5529.25 2.34407685734
5531.92 2.29371922265
5534.6 2.25456971355
5537.27 2.24209870057
5539.95 2.33223728805
5542.63 2.29403494449
5545.3 2.38180561812
5547.98 2.27603879918
5550.65 2.29956007683
5553.33 2.33902530777
5556.0 2.39869673697
5558.68 2.26514639544
5561.35 2.29324563988
5564.03 2.32876434773
5566.7 2.33413161914
5569.38 2.29656071927
5572.06 2.28330040168
5574.73 2.32308135447
5577.41 2.31550403013
5580.08 2.38322636643
5582.76 2.31250467258
5585.43 2.29371922265
5588.11 2.27240799794
5590.78 2.13538471609
5593.46 2.24288800519
5596.13 2.22662833004
5598.81 2.26009484588
5601.49 2.29750788482
5604.16 2.28282681891
5606.84 2.34833910228
5609.51 2.34786551951
5612.19 2.27193441516
5614.86 2.23957292579
5617.54 2.2741444681
5620.21 2.27982746135
5622.89 2.33886744685
5625.56 2.26798789207
5628.24 2.30240157346
5630.92 2.23799431655
5633.59 2.34297183087
5636.27 2.37454401563
5638.94 2.2575690711
5641.62 2.27524949456
5644.29 2.33097440066
5646.97 2.27272371978
5649.64 2.29735002389
5652.32 2.19805550283
5654.99 2.22994340944
5657.67 2.27524949456
5660.35 2.22678619096
5663.02 2.21321015151
5665.7 2.26119987235
5668.37 2.29813932851
5671.05 2.32829076496
5673.72 2.26246275974
5676.4 2.33760455946
5679.07 2.3458133275
5681.75 2.30745312302
5684.42 2.26909291854
5687.1 2.25062319045
5689.78 2.17627069535
5692.45 2.36712455221
5695.13 2.35165418168
5697.8 2.3518120426
5700.48 2.2861418983
5703.15 2.27367088533
5705.83 2.23862576024
5708.5 2.24683452828
5711.18 2.18684737724
5713.85 2.25488543539
5716.53 2.2774595475
5719.21 2.30224371253
5721.88 2.2569376274
5724.56 2.36033653249
5727.23 2.34155108255
5729.91 2.27335516348
5732.58 2.37217610177
5735.26 2.31487258643
5737.93 2.3590736451
5740.61 2.3677559959
5743.28 2.33460520191
5745.96 2.36696669128
5748.64 2.28219537521
5751.31 2.36017867156
5753.99 2.30540093101
5756.66 2.29750788482
5759.34 2.25235966061
5762.01 2.3066638184
5764.69 2.31360969904
5767.36 2.371702519
5770.04 2.36538808205
5772.71 2.30208585161
5775.39 2.25472757447
5778.07 2.22552330357
5780.74 2.27288158071
5783.42 2.30682167932
5786.09 2.19000459572
5788.77 2.22962768759
5791.44 2.25851623664
5794.12 2.25251752154
5796.79 2.32450210279
5799.47 2.31297825535
5802.14 2.29971793775
5804.82 2.37280754546
5807.5 2.30950531503
5810.17 2.30255943438
5812.85 2.30066510329
5815.52 2.26893505761
5818.2 2.26783003115
5820.87 2.30634809655
5823.55 2.35007557244
5826.22 2.38148989627
5828.9 2.35118059891
5831.57 2.31566189105
5834.25 2.27619666011
5836.93 2.40169609452
5839.6 2.30855814948
5842.28 2.31439900366
5844.95 2.3590736451
5847.63 2.28203751429
5850.3 2.29987579867
5852.98 2.27446018994
5855.65 2.31045248057
5858.33 2.25709548833
5861.0 2.26798789207
5863.68 2.30350659992
5866.36 2.37612262486
5869.03 2.34928626782
5871.71 2.44100346454
5874.38 2.48725671521
5877.06 2.60438952066
5879.73 2.58434118334
5882.41 2.40122251175
5885.08 2.33776242038
5887.76 2.14233059673
5890.43 2.0777654789
5893.11 2.05819072435
5895.79 2.00578089766
5898.46 2.01493683124
5901.14 2.06340013484
5903.81 2.20168630408
5906.49 2.16379968237
5909.16 2.20421207886
5911.84 2.24083581318
5914.51 2.27225013701
5917.19 2.25677976648
5919.86 2.23752073378
5922.54 2.27777526934
5925.22 2.24446661442
5927.89 2.20137058223
5930.57 2.33413161914
5933.24 2.35196990352
5935.92 2.2608841505
5938.59 2.29261419618
5941.27 2.28629975923
5943.94 2.22205036325
5946.62 2.22347111156
5949.29 2.25141249507
5951.97 2.166641179
5954.65 2.22378683341
5957.32 2.29924435498
5960.0 2.33397375821
5962.67 2.30540093101
5965.35 2.26009484588
5968.02 2.25520115724
5970.7 2.33286873175
5973.37 2.28850981216
5976.05 2.21052651581
5978.72 2.18274299322
5981.4 2.25062319045
5984.08 2.23531068085
5986.75 2.26198917697
5989.43 2.2801431832
5992.1 2.29956007683
5994.78 2.25646404463
5997.45 2.2376785947
6000.13 2.2900884214
6002.8 2.19821336375
6005.48 2.16080032482
6008.15 2.18400588061
6010.83 2.19458256251
6013.51 2.21257870782
6016.18 2.18290085415
6018.86 2.10807477627
6021.53 2.1726398941
6024.21 2.19789764191
6026.88 2.19284609235
6029.56 2.24020436948
6032.23 2.2834582626
6034.91 2.28093248782
6037.58 2.27477591179
6040.26 2.32560712925
6042.94 2.34739193673
6045.61 2.27840671304
6048.29 2.29150916971
6050.96 2.33792028131
6053.64 2.33413161914
6056.31 2.28156393152
6058.99 2.29403494449
6061.66 2.32955365235
6064.34 2.32308135447
6067.01 2.25804265387
6069.69 2.24667666736
6072.37 2.25788479295
6075.04 2.25930554126
6077.72 2.30082296422
6080.39 2.35639000939
6083.07 2.31692477844
6085.74 2.28330040168
6088.42 2.31092606334
6091.09 2.20484352255
6093.77 2.22394469433
6096.44 2.30208585161
6099.12 2.30540093101
6101.8 2.19947625115
6104.47 2.29403494449
6107.15 2.2177881183
6109.82 2.23752073378
6112.5 2.29419280542
6115.17 2.27651238195
6117.85 2.32087130154
6120.52 2.27430232902
6123.2 2.24588736274
6125.87 2.27035580593
6128.55 2.33302659267
6131.23 2.22994340944
6133.9 2.20815860195
6136.58 2.31487258643
6139.25 2.20389635701
6141.93 2.19426684066
6144.6 2.12496589512
6147.28 2.23515281992
6149.95 2.23909934302
6152.63 2.27114511055
6155.3 2.24036223041
6157.98 2.16111604666
6160.66 2.03735308241
6163.33 2.12828097452
6166.01 2.18305871507
6168.68 2.09923456454
6171.36 2.1726398941
6174.03 2.16711476177
6176.71 2.18779454278
6179.38 2.21163154228
6182.06 2.19016245664
6184.73 2.17279775502
6187.41 2.30177012976
6190.09 2.18353229784
6192.76 2.15085508662
6195.44 2.14738214629
6198.11 2.1792700529
6200.79 2.23515281992
6203.46 2.21589378722
6206.14 2.29545569281
6208.81 2.17374492057
6211.49 2.23278490606
6214.16 2.22220822417
6216.84 2.15353872232
6219.52 2.07160890288
6222.19 2.13049102745
6224.87 2.11060055105
6227.54 2.13854193456
6230.22 2.12370300773
6232.89 2.08628996879
6235.57 2.04619329415
6238.24 2.08344847216
6240.92 2.09292012759
6243.59 2.08581638602
6246.27 1.98699544773
6248.95 2.01083244722
6251.62 2.05598067142
6254.3 2.1042861141
6256.97 2.12528161696
6259.65 2.08218558477
6262.32 2.09402515405
6265.0 2.12180867664
6267.67 2.116914988
6270.35 2.13049102745
6273.02 2.17406064242
6275.7 2.16411540422
6278.38 2.1792700529
6281.05 2.1494343383
6283.73 2.19347753604
6286.4 2.21810384015
6289.08 2.29214061341
6291.75 2.43816196791
6294.43 2.5794474947
6297.1 2.77772081498
6299.78 2.88759201794
6302.45 2.92816227535
6305.13 2.85870346889
6307.81 2.64085539406
6310.48 2.39396090925
6313.16 2.28850981216
6315.83 2.18021721844
6318.51 2.23673142916
6321.18 2.18305871507
6323.86 2.05708569789
6326.53 1.99946646071
6329.21 2.08723713433
6331.88 2.16080032482
6334.56 2.12907027914
6337.24 2.10981124643
6339.91 2.13696332532
6342.59 2.19963411207
6345.26 2.17342919872
6347.94 2.12717594805
6350.61 2.20200202593
6353.29 2.25599046186
6355.96 2.31392542089
6358.64 2.23578426362
6361.31 2.29292991803
6363.99 2.39254016094
6366.67 2.41479855119
6369.34 2.29735002389
6372.02 2.29845505036
6374.69 2.30445376546
6377.37 2.18889956925
6380.04 2.09465659775
6382.72 2.16695690084
6385.39 2.19489828436
6388.07 2.23467923715
6390.74 2.14722428537
6393.42 2.18637379447
6396.1 2.14643498075
6398.77 1.99836143424
6401.45 2.02646067867
6404.12 2.23025913128
6406.8 2.14090984842
6409.47 2.17879647013
6412.15 2.19126748311
6414.82 2.18605807262
6417.5 2.22378683341
6420.17 2.19395111881
6422.85 2.16869337101
6425.53 2.19110962218
6428.2 2.1633260996
6430.88 2.18826812556
6433.55 2.15038150385
6436.23 2.11123199475
6438.9 2.23988864763
6441.58 2.28472114999
6444.25 2.20657999272
6446.93 2.2217346414
6449.6 2.10286536579
6452.28 2.0657680487
6454.96 2.18495304616
6457.63 2.11975648463
6460.31 2.19379325789
6462.98 2.16537829161
6465.66 2.1341218287
6468.33 2.14643498075
6471.01 2.22710191281
6473.68 2.2244182771
6476.36 2.1759549735
6479.03 2.16821978823
6481.71 2.12007220648
6484.39 2.25551687909
6487.06 2.17185058948
6489.74 2.1016024784
6492.41 2.08565852509
6495.09 2.14264631858
6497.76 2.17153486763
6500.44 2.10081317378
6503.11 2.06229510837
6505.79 2.18479518523
6508.46 2.18874170833
6511.14 2.26325206436
6513.82 2.28772050754
6516.49 2.1633260996
6519.17 2.20042341669
6521.84 2.17058770209
6524.52 2.16979839747
6527.19 2.28156393152
6529.87 2.24857099844
6532.54 2.32055557969
6535.22 2.4427399347
6537.89 2.64480191715
6540.57 2.95389360593
6543.25 3.43410653609
6545.92 4.08070487993
6548.6 4.61332763679
6551.27 5.04523512428
6553.95 5.76792243338
6556.62 6.82843211939
6559.3 8.81053387848
6561.97 10.6202515088
6564.65 11.2749007597
6567.32 9.92424269581
6570.0 7.66904153857
6572.68 5.71330255375
6575.35 5.03418485961
6578.03 5.54991649763
6580.7 6.56133143634
6583.38 7.57590359353
6586.05 7.37068439261
6588.73 6.25160830387
6591.4 4.74735156109
6594.08 3.38390676233
6596.75 2.58734054089
6599.43 2.19000459572
6602.11 2.11075841198
6604.78 2.15227583493
6607.46 2.12922814006
6610.13 2.04398324121
6612.81 2.11265274306
6615.48 2.11138985567
6618.16 2.21999817124
6620.83 2.22031389309
6623.51 2.2250497208
6626.18 2.14817145091
6628.86 2.07492398228
6631.54 2.07681831336
6634.21 2.1208615111
6636.89 2.09086793558
6639.56 2.07934408814
6642.24 2.19079390034
6653.72 2.1560644971
6669.06 2.09228868389
6684.43 2.05377061849
6699.85 2.14548781521
6715.29 2.13033316653
6730.77 2.11549423969
6746.29 2.0910257965
6761.84 2.10049745193
6777.42 2.08581638602
6793.05 2.08076483646
6808.71 2.11912504094
6824.4 2.12875455729
6840.13 2.12843883544
6855.91 2.11849359724
6871.71 2.03214367193
6887.55 2.08881574357
6903.43 2.08865788265
6919.34 2.09323584944
6935.29 2.08329061124
6951.28 2.13648974255
6967.3 2.11675712708
6983.36 2.03987885719
6999.47 2.12591306066
7015.6 2.10618044519
7031.77 2.048561208
7047.98 2.15969529835
7064.23 2.0717667638
7080.51 2.08597424694
7096.83 1.97815523599
7113.2 2.00546517581
7129.59 2.00057148717
7146.03 1.97736593137
7162.5 1.99094197082
7179.01 1.98147031539
7195.56 1.86181173516
7212.15 1.93142840255
7228.78 1.98983694435
7245.44 1.99883501701
7262.14 1.99851929516
7278.88 2.01225319553
7295.66 1.94816166047
7312.48 2.04445682398
7329.34 2.08218558477
7346.23 2.12543947789
7363.17 2.00167651364
7380.14 2.13475327239
7397.16 2.04319393659
7414.21 2.10981124643
7431.3 2.0425624929
7448.43 2.07081959826
7465.6 2.12843883544
7482.81 2.10381253133
7500.06 2.07003029364
7517.35 2.09370943221
7534.68 2.15211797401
7552.05 2.14185701396
7569.46 2.11707284893
7586.91 2.12165081572
7604.39 2.08755285618
7621.93 2.10176033932
7639.5 2.04887692985
7657.11 2.06276869114
7674.76 1.85107719234
7692.45 2.01067458629
7710.18 1.88485943003
7727.96 2.00562303673
7745.77 2.00988528168
7763.63 1.98210175909
7781.53 1.91011717784
7799.46 1.97247224274
7817.44 1.95858048144
7835.46 2.00404442749
7853.53 2.02219843373
7871.63 2.01730474509
7889.78 1.97562946121
7907.97 1.95731759405
7926.2 1.88628017835
7944.47 1.90790712491
7962.78 1.94311011091
7981.14 1.96079053438
7999.53 1.98320678555
8017.97 1.96473705747
8036.46 1.90222413165
8054.98 1.928429045
8073.55 2.00041362625
8092.17 1.93679567396
8110.82 1.98162817632
8129.52 1.98589042126
8148.26 1.97641876583
8167.04 1.98983694435
8185.87 1.86970478135
8204.74 1.83102885502
8223.65 1.96631566671
8242.61 1.92132530343
8261.61 1.96568422301
8280.66 1.93853214412
8299.75 1.93821642228
8318.88 1.9025398535
8338.06 1.91990455512
8357.28 1.90206627073
8376.54 1.97768165322
8395.85 1.81587420634
8415.21 1.95905406422
8434.6 1.87491419184
8454.05 1.84034264953
8473.54 1.8700205032
8493.07 1.92211460805
8512.65 1.80608682906
8532.27 1.89954049595
8551.94 1.23196243534
8571.66 1.89038456237
8591.42 1.85123505327
8611.22 1.8468149474
8631.07 1.86354820532
8650.97 1.88485943003
8670.91 1.21679200056
8690.9 1.79945667027
8710.93 1.84113195415
8731.02 1.93205984625
8751.14 1.83213388149
8771.31 1.87017836412
8791.54 1.92227246897
8811.8 1.90443418458
8832.11 1.86070670869
8852.48 1.88201793341
8872.88 1.66180194472
8893.34 1.80087741858
8913.84 1.8341860735
8934.39 1.81287484879
8954.98 1.76314865779
8975.63 1.73078716842
8996.32 1.64885734897
9017.06 1.70647658615
9037.84 1.79487870348
9058.68 1.93632209119
9079.56 1.72541989701
9100.49 1.79408939886
9121.47 1.87822927124
9142.5 1.76883165105
9163.57 1.59455319119
9184.69 1.59423746934
9205.87 1.74783614819
9227.09 1.67664087156
9248.36 1.7074237517
9269.68 1.75904427378
9291.05 1.78319699511
9312.47 1.81618992819
9333.94 1.81997859036
9355.45 1.81555848449
9377.02 1.79030073669
9398.63 1.81082265678
9420.3 1.77340961784
9442.02 1.7977202001
9463.78 1.8308709941
9485.6 1.83055527225
9507.47 1.78856426652
9529.38 1.78414416066
9551.35 1.71152813571
9573.37 1.77956619387
9595.44 1.82061003405
9617.55 1.79945667027
9639.73 1.80750757738
9661.95 1.78651207451
9684.22 1.80687613368
9706.55 1.7817762468
9728.92 1.7652008498
9751.35 1.75683422084
9773.83 1.76456940611
9796.36 1.74420534694
9818.95 1.77625111447
9841.58 1.76772662458
9864.27 1.75935999562
9887.0 1.75509775068
9909.79 1.74673112172
9932.64 1.75841283008
9955.54 1.76220149225
9978.49 1.7618857704
10001.49 1.75351914144
10024.55 1.74120598939
10070.82 1.71279102311
10117.31 1.75604491622
10164.0 1.74341604232
10234.45 1.75446630699
10281.7 1.75793924731
10305.4 1.75351914144
10496.99 1.70047787105
10692.14 1.63149264735
10890.92 1.56885343279
11093.41 1.50862949037
11299.65 1.48793392326
11509.72 1.48793392326
11696.74 1.45405696902
11886.79 1.39823734636
12107.78 1.38223024869
12304.53 1.36327115175
12504.46 1.32612647638
12707.64 1.29892703921
12914.12 1.27228011527
13093.78 1.2519318422
13306.53 1.21502395822
13491.65 1.19284449842
13710.87 1.17107547703
13901.61 1.12870560509
14094.98 1.07790595981
14291.06 1.06311439125
14489.87 1.06802386598
14691.45 1.03414691174
14895.83 1.0485280419
15103.05 1.05337437226
15313.16 1.07048649639
15490.48 1.06311439125
15705.98 1.04371328372
15887.83 1.00364818126
16108.85 1.00596873684
16295.39 1.00364818126
16484.08 0.989882708708
16713.4 0.987609511406
16906.92 0.97629088317
17102.7 0.9606942239
17300.74 0.923817912103
17501.08 0.898639094758
17703.74 0.862141649178
17908.72 0.829053999552
18116.1 0.789920276545
18283.74 0.770156088887
18495.44 0.744014319908
18709.61 0.710532017972
18882.73 0.692756877953
19101.39 0.684832259579
19278.12 0.664641847427
19501.36 0.63911573605
19681.81 0.618846393436
19909.7 0.601986846775
20093.93 0.592357330424
20279.84 0.573571880493
20514.68 0.567004866064
20704.5 0.554091842498
20896.07 0.542725855985
21089.42 0.535274820382
21284.57 0.524303486179
21481.5 0.513553157269
21680.28 0.497261909934
21880.89 0.490442318026
22083.34 0.477071497781
22287.68 0.465137211943
22493.89 0.452713557241
22702.04 0.438221924437
22912.1 0.392221251245
23124.09 0.386632974543
23284.39 0.338706398081
23499.83 0.316590082658
23717.28 0.318500199836
23881.67 0.292105853378
24102.65 0.280582005942
24325.65 0.274472788191
24494.29 0.254566525701
24720.94 0.247825864256
24828.79 0.263154159955
24922.97 0.230729526209
25017.15 0.235717931401
25111.23 0.226893505761
25205.4 0.229166703064
25299.48 0.225046532953
25393.66 0.224683452828
25487.83 0.222378683341
25581.91 0.220294919147
25676.09 0.220294919147
25770.17 0.207681831336
25864.34 0.206371585669
25958.52 0.218069080121
26052.6 0.204114174459
26146.77 0.203435372486
26240.95 0.193095481978
26335.03 0.198620614311
26429.2 0.188438584726
26523.38 0.182976596763
26617.46 0.16802716728
26711.63 0.19311126807
26805.71 0.188249151618
26899.89 0.191958883327
26994.07 0.187017836412
27088.14 0.192037813789
27182.32 0.184570992094
27276.5 0.177119956491
27370.57 0.188833237036
27464.75 0.180845474292
27558.83 0.187144125151
27653.0 0.185376082805
27747.18 0.184065837137
27841.26 0.183576468274
27935.44 0.17134224668
28029.61 0.16616440838
28123.69 0.163275553474
28217.87 0.166085477918
28311.94 0.157908282066
28406.12 0.158744944962
28500.3 0.153822841358
28594.37 0.156703803217
28688.55 0.157800936637
28782.73 0.151980604377
28876.8 0.156577514478
28970.98 0.152665720787
29065.06 0.149628476613
29159.24 0.145172062734
29253.41 0.142565778883
29347.49 0.139449604247
29441.67 0.135433622346
29535.84 0.138616098569
29629.92 0.136849634832
29724.1 0.131859651031
29818.18 0.129395442011
29912.35 0.12740955159
30006.53 0.131790192225
30100.61 0.132953627233
30194.78 0.131659167658
30288.96 0.13223536003
30383.04 0.12695333352
30477.21 0.12668496995
30571.29 0.118997142961
30665.47 0.124258647551
30759.64 0.127510582581
30853.72 0.11719752843
30947.9 0.122184355012
31042.07 0.119027136537
31136.15 0.119388638052
31230.33 0.114646495901
31324.41 0.128819249639
31418.58 0.127707908736
31512.76 0.13151077839
31606.84 0.131839129111
31701.02 0.136879628408
31795.19 0.145580922527
31889.27 0.139317001071
31983.45 0.14103768514
32077.52 0.149131214703
32171.7 0.155013112723
32265.87 0.17007935929
32359.95 0.173283936043
32454.13 0.181303270971
32548.31 0.202914431438
32642.38 0.204808762523
32736.56 0.207271392934
32830.64 0.209181510112
32924.82 0.193790070043
33018.99 0.177230459137
33113.07 0.154880509547
33207.25 0.147344229046
33301.42 0.142388974648
33395.5 0.136925408076
33489.68 0.137673668854
33583.76 0.12407395027
33677.93 0.131679689578
33772.11 0.142123768296
33866.19 0.146016618677
33960.36 0.14489107029
34054.54 0.142717325369
34148.62 0.140774057398
34242.79 0.133341965106
34336.87 0.131798085271
34431.05 0.126470279093
34525.22 0.127744216748
34619.3 0.125220020577
34713.48 0.124959550052
34807.65 0.120875687954
34901.73 0.123039961219
34995.91 0.124670664562
35089.99 0.115614183364
35184.16 0.106185150386
35278.34 0.115590504226
35372.42 0.11717700651
35466.6 0.120545758623
35560.77 0.113093144411
35654.85 0.108010022665
35749.03 0.108058959552
35843.1 0.104057185134
35937.28 0.105132218025
36031.46 0.108036859022
36125.54 0.104368171154
36219.71 0.102877964033
36313.89 0.0978090497701
36407.96 0.0995281552302
36502.14 0.102529091391
36596.22 0.100139077005
36690.39 0.0975722583844
36784.57 0.0960946801378
36878.65 0.101436693799
36972.83 0.096394615893
37067.0 0.0945823724879
37161.08 0.0971886563396
37255.26 0.0946344665927
37349.34 0.0961578245073
37443.51 0.0956700342528
37537.69 0.099978058863
37631.77 0.0983599843941
37725.94 0.0988098880269
37820.12 0.0884321108971
37914.19 0.0920518618795
38008.37 0.0891645855835
38102.45 0.0893003459779
38196.63 0.0914583048061
38290.8 0.0880500874615
38384.88 0.085803726516
38479.06 0.0815083307797
38573.23 0.0846260840245
38667.31 0.08685192305
38761.49 0.0862346868379
38855.57 0.088185847856
38949.74 0.0866482824583
39043.92 0.0872449967502
39138.0 0.0885820787747
39232.17 0.0880548232892
39326.25 0.0881021815664
39420.43 0.0860705114772
39514.61 0.0904511521123
39608.68 0.0873712854892
39702.86 0.0911441615678
39797.03 0.0836599751709
39891.11 0.0891472208818
39985.29 0.0843466701894
40079.37 0.0803401599437
40173.55 0.0807379694716
40267.72 0.097921131026
40361.8 0.100858922818
40455.97 0.10128988314
40550.15 0.0864225413372
40644.23 0.0820592654037
40738.4 0.0798081686305
40832.48 0.0734653167127
40926.66 0.0757116776582
41020.84 0.0736815861783
41114.92 0.0759532048716
41209.09 0.0710232082217
41303.27 0.0675581609445
41397.35 0.0726302324258
41491.52 0.0751781077358
41585.7 0.0728117724882
41679.78 0.0697429561298
41773.95 0.0722987244859
41868.03 0.0670466915514
41962.21 0.0664231409025
42056.39 0.0651160524535
42150.46 0.065284963642
42244.64 0.0621214307292
42338.71 0.0625050327741
42432.89 0.0652202406632
42527.07 0.056910441635
42621.15 0.0576160799643
42715.32 0.0539031910368
42809.5 0.0649502984835
42903.58 0.0630764893182
42997.75 0.065862734623
43091.83 0.062737088332
43186.01 0.0608774866498
43280.18 0.0641657296923
43374.26 0.0622477194683
43468.44 0.0633338026239
43562.62 0.0619383120577
43656.69 0.0626660509163
43750.87 0.0607922417509
43844.95 0.0590589288078
43939.12 0.0571835410331
44033.3 0.0541447182502
44127.38 0.0590557715893
44221.55 0.0566610213754
44315.73 0.056810989253
44409.81 0.0564684310484
44503.99 0.0552244869689
44598.07 0.0590636646355
44692.24 0.0591031298664
44786.41 0.0568741336225
44880.49 0.0539458134862
44974.67 0.0542125984474
45068.85 0.0562584760197
45162.93 0.0530128554267
45257.1 0.0501413652229
45351.18 0.0466242238409
45445.36 0.0465800227823
45539.53 0.0486369506192
45633.61 0.0520072813421
45727.79 0.0470172975412
45821.96 0.0484554105569
45916.04 0.0502818614451
46010.22 0.0522724876941
46104.3 0.0567573165389
46198.47 0.0587716219265
46292.65 0.0524650780211
46386.73 0.0563658214479
46480.9 0.055994848277
46575.08 0.0542173342752
46669.16 0.0541652401703
46763.33 0.0543309941403
46857.41 0.0494215194105
46951.59 0.0439153303887
47045.77 0.0533838285976
47139.84 0.0538258391842
47234.02 0.049683568544
47328.19 0.0542299631491
47422.27 0.046617909404
47516.45 0.0472793466747
47610.53 0.0456723224705
47704.7 0.0520467465731
47798.88 0.0510948452026
47892.96 0.0536995504451
47987.13 0.0541652401703
48081.31 0.0460069876289
48644.62 0.047460886737
49131.06 0.0465689725176
49617.51 0.0457749320709
50103.95 0.0450803440063
50590.4 0.0444804724959
51076.85 0.043976896149
51563.29 0.0435664577471
52049.74 0.0432507358996
52536.18 0.043028151997
53022.63 0.0428971274303
53509.08 0.0428608194178
53995.52 0.0429176493504
54624.41 0.0721077127681
54925.87 0.0307402576893
55227.32 0.0460464528599
55528.78 0.0740746598785
55830.23 0.0447835654696
56131.68 0.0759374187792
56433.13 0.0694872214332
56734.59 0.0463321811319
57036.05 0.0486274789638
57337.5 0.0667009761284
57638.96 0.0249830697988
57940.41 0.0412632668691
58241.87 0.0593083490673
58543.32 0.0247794292071
58844.78 0.0431591765638
59146.23 0.0368242176921
59447.68 0.0332092025374
59749.14 0.0710026863016
60050.59 0.0984168143267
60352.04 0.0717983053575
60653.5 0.0792130329478
60954.95 0.081955077194
61256.4 0.119857484996
61557.86 0.14035414734
61859.32 0.177372533969
62160.78 0.195968550791
62462.22 0.182439869622
62763.67 0.136789647681
63065.14 0.1282998872
63366.58 0.103515722165
63668.04 0.0867840428527
63969.5 0.094012494553
64270.95 0.0932373974172
64572.4 0.0675849973016
64873.86 0.0805690582832
65175.31 0.0676797138558
65476.76 0.066459448915
65778.22 0.0827096524097
66079.67 0.0826212502924
66381.13 0.0802912230573
66682.59 0.0590020988752
66984.04 0.0545914646645
67285.5 0.0614789367694
67586.94 0.0477987091139
67888.4 0.073460580885
68189.85 0.0540863097084
68491.31 0.0754212135584
68792.77 0.0580138894923
69094.22 0.0782153519095
69395.67 0.0532954264802
69697.13 0.105043815907
69998.58 0.126457650219
70300.04 0.0799013065755
70601.49 0.0807884849672
70902.94 0.0745387709944
71204.41 0.0958200021304
71505.85 0.128337773822
71807.3 0.107146523412
72108.76 0.0875922907825
72410.22 0.10151720287
72711.67 0.104609698367
73013.12 0.11344833149
73294.85 0.0726397040813
73314.58 0.111383510607
73616.04 0.118248882182
73898.95 0.10868408881
73917.48 0.111557157623
74503.06 0.140947704414
75107.16 0.156902707981
75711.28 0.20843956377
76315.38 0.235196990352
76919.5 0.203624805595
77523.61 0.189748830394
78127.71 0.188249151618
78731.83 0.179882522657
79335.94 0.154935760871
79940.04 0.133640322252
80544.16 0.094105632498
81148.26 0.0988004163715
81752.38 0.0993182002015
82356.49 0.077528656891
82960.6 0.0897218346444
83564.71 0.0936178422435
84168.83 0.090462202377
84772.93 0.0980742561221
85377.04 0.107096007917
85981.15 0.100757891826
86585.26 0.10930448224
87189.36 0.0876459634966
87793.47 0.0774812986139
88397.58 0.0670924712193
89001.7 0.0735726621409
89605.81 0.0559301252983
90209.92 0.0560785145666
90814.03 0.0454497385679
91418.14 0.0418157801023
92022.24 0.0374209319841
92626.35 0.0396357207448
93230.47 0.0473835348844
93834.57 0.0437290544986
94438.68 0.0489068927989
95042.8 0.051761018301
95646.91 0.0513584729453
96251.02 0.0558669809287
96855.13 0.0462911372917
97459.2 0.0413200968016
98063.36 0.0395804694215
98667.42 0.0357381345365
99271.6 0.0397509592192
99875.66 0.0382796954095
100479.82 0.0388874599661
101083.91 0.0391021508224
101687.97 0.0419436474506
102292.13 0.0420273137402
102896.2 0.0464568912617
103500.37 0.0479944566594
104104.44 0.0506386271329
104708.51 0.0631743630909
105312.67 0.0656133143634
105916.75 0.0610874416784
106520.91 0.057826034993
107124.97 0.0561732311209
107729.14 0.0572182704364
108333.21 0.0524240341809
108937.28 0.0568788694502
109541.45 0.0571851196424
110145.52 0.0577060606909
110749.68 0.0629328358775
111353.75 0.0855306271178
111957.92 0.11670026652
112561.98 0.12747111735
113166.05 0.120927782059
113770.22 0.100787885402
114374.29 0.0893508614735
114978.45 0.081145250655
115582.52 0.072445535145
116186.69 0.0675534251168
116790.76 0.0732932483058
117394.82 0.0694888000425
117999.0 0.0723744977293
118603.07 0.0712726284813
119207.22 0.0715946647658
119811.29 0.0739736288873
120415.37 0.073288512478
121019.53 0.0721613854822
121623.6 0.0796250499589
122227.77 0.077197148951
122831.84 0.076778817503
123436.0 0.074860807279
124040.07 0.0777244044365
124644.14 0.0820750514961
125248.31 0.0864099124633
125852.38 0.0842361675428
126456.54 0.0906784718426
127060.61 0.0965856276108
127664.68 0.125273693291
128268.84 0.149180151589
128872.92 0.0982668464491
129477.08 0.0759121610314
130081.14 0.0690325819727
130685.31 0.0689994311787
131289.38 0.0683080003325
131893.46 0.0678959833214
132497.62 0.0675329031967
133101.68 0.0667278124854
133705.85 0.0674713374364
134309.93 0.0703538779048
134914.09 0.0697603208314
135518.15 0.0712552637796
136122.23 0.0714620615898
136726.39 0.0675218529321
137330.47 0.0643330622715
137934.62 0.0649218835173
138538.69 0.0720650903187
139142.86 0.0637047757948
139746.93 0.0630275524318
140350.99 0.0600881820309
140955.18 0.0595419832345
141474.99 0.063062281835
142367.02 0.0745845506623
143259.17 0.0822408054661
144151.22 0.0667720135441
145043.25 0.0620219783473
145935.3 0.0596651147551
146827.45 0.057660281023
147719.5 0.0596619575366
148611.53 0.0609437882378
149503.68 0.0665967879187
150395.73 0.0536095697186
151287.76 0.0571314469283
152179.81 0.056419494162
153071.96 0.0576618596322
153964.01 0.0580833482987
154856.04 0.0847776305114
155748.19 0.110853097903
156640.24 0.0720761405833
157532.27 0.0615247164373
158424.41 0.0631096401122
159316.47 0.0601765841482
160208.5 0.0601734269297
161100.55 0.0671256220133
161992.71 0.062929678659
162884.73 0.0763683791012
163776.78 0.074535613776
164668.83 0.0722987244859
165560.97 0.0753233397857
166453.03 0.0706048767736
167345.08 0.0732711477764
168237.22 0.0758805888467
169129.25 0.0755427664697
170021.31 0.0966661366819
170913.45 0.0921197420768
171805.48 0.0746540094688
172697.53 0.0736452781658
173589.57 0.0759642551363
174481.71 0.0698360940748
175373.76 0.0693577754757
176265.8 0.0699118673182
177157.94 0.0668730445353
178049.99 0.0702165389011
178942.03 0.0703254629385
179834.17 0.0671051000932
180726.22 0.0618514885496
181618.27 0.0639889254577
182510.31 0.0631554197801
183402.45 0.065929036211
184294.5 0.0617788725246
185186.54 0.0629928230286
186078.7 0.0748055559557
186970.75 0.107970557434
187862.77 0.0900028270888
188754.82 0.0674476582979
189646.98 0.071211062721
190539.01 0.0679891212665
191431.06 0.0670214338036
192323.2 0.0624339953583
193215.24 0.0544272893038
194107.29 0.0639147308235
194999.34 0.0633132807039
195891.48 0.064071013138
196783.52 0.0632248785865
197675.57 0.0594362164156
198567.71 0.0764994036679
199980.35 0.0653638941039
201687.76 0.0712726284813
203396.16 0.0716767524462
205105.55 0.0669740755265
206815.79 0.0713499803339
208526.91 0.0732995627427
210239.0 0.0669835471819
211951.99 0.0715204701316
213665.92 0.0730280419538
215380.84 0.0740083582905
217096.63 0.0678754614013
218813.41 0.0733895434693
220531.05 0.0780211829732
222249.65 0.0751007558831
223969.23 0.0704170222743
225689.7 0.0732427328101
227411.14 0.0743082940457
229133.56 0.0786620983238
230856.84 0.0765404475081
232581.2 0.0742561999409
234306.34 0.0780716984688
236032.52 0.0784742438245
237759.71 0.078935197722
239487.76 0.0764646742647
241216.77 0.0789446693774
242946.77 0.0865756664333
244677.64 0.0856000859243
246409.59 0.0785626459418
248142.41 0.079088322818
249876.31 0.0792509195695
251611.05 0.082572313406
253346.81 0.08173565051
255083.51 0.0836284029862
256821.19 0.090654792704
258559.84 0.119173947196
260299.49 0.104616012804
262040.09 0.0833111025294
263781.66 0.0845424177349
265524.2 0.0846576562093
267267.71 0.084701857268
269012.32 0.0833900329913
270757.78 0.0843861354204
272504.22 0.0870287272846
274251.71 0.0899349468915
276000.21 0.0850428368633
277749.56 0.0864320129927
279499.98 0.0865946097442
281251.4 0.0874707378712
283003.88 0.0882174200407
284757.31 0.0883026649396
286511.64 0.0877754094541
288267.11 0.089055661546
290023.48 0.0889183225423
291780.89 0.0894187416708
293539.3 0.0866182888827
295298.69 0.0915340780495
297059.14 0.0904164227091
298820.56 0.0902664548315
300582.95 0.089380855049
302346.41 0.091311494147
304110.96 0.0911346899123
305876.46 0.0884857836112
307642.96 0.0900849147691
309410.4 0.0916177443391
311179.03 0.092094484329
312948.53 0.0928143301414
314719.17 0.0958436812689
316490.71 0.0891677428019
318263.41 0.0976859182496
320037.12 0.0927890723936
321811.73 0.0947260259285
323587.48 0.0942619148126
325364.28 0.0947654911595
327142.12 0.103866173416
328920.99 0.0999954235646
330700.87 0.102942687012
332481.75 0.111351938422
334263.72 0.125346309316
336046.85 0.111044109621
337830.83 0.103533086867
339616.0 0.105487405103
