100.03 3.24712185905e-15
101.89 5.68197072346e-15
104.02 8.98447483215e-15
105.96 1.44044926225e-14
107.93 2.3307243977e-14
109.93 4.29040961305e-14
114.06 9.67182765371e-14
118.07 1.99755529119e-13
121.1 9.87394732629e-13
125.06 1.84286442265e-12
127.1 2.42383078839e-12
127.98 2.82164900316e-12
130.96 4.14476670097e-12
131.87 5.32720326927e-12
134.01 6.76860110761e-12
137.13 1.10282914491e-11
140.0 1.54705462025e-11
142.93 5.09918017295e-11
146.94 1.6349073588e-10
151.05 2.36866744093e-10
154.93 3.43158342306e-10
158.9 4.92602855452e-10
161.86 6.36056745812e-10
166.01 8.98447483215e-10
169.88 1.22599810062e-09
173.03 1.54705462025e-09
177.07 2.06774992117e-09
179.94 2.55560989622e-09
182.03 2.9342376872e-09
185.84 3.84144125731e-09
191.04 5.29050067169e-09
194.15 6.41945214251e-09
198.21 8.13732342468e-09
201.9 1.02920504757e-08
205.18 1.22037961153e-08
209.96 1.53282597904e-08
215.84 2.18019267043e-08
219.85 2.67607905847e-08
222.91 3.05842818638e-08
227.06 3.72819586676e-08
230.21 6.28781896947e-08
233.96 1.17623434008e-07
239.96 1.7844175426e-07
246.11 2.05352127996e-07
251.84 2.62726387401e-07
257.12 2.57334097219e-07
260.1 3.24712185905e-07
263.71 3.81502706184e-07
269.24 4.38023247116e-07
274.24 4.98308905415e-07
278.7 5.64286020197e-07
283.88 6.40471272957e-07
289.82 7.05499811659e-07
295.89 8.21320951114e-07
300.7 9.00563537548e-07
307.7 1.06043509084e-06
317.78 1.32282582825e-06
328.2 1.59404561994e-06
338.17 1.88584221584e-06
347.64 2.20543938765e-06
357.38 2.54386214629e-06
365.71 2.94102365455e-06
375.09 3.3151274673e-06
384.71 3.64333479123e-06
394.58 4.28055901529e-06
404.7 4.86962476141e-06
414.13 5.36412476903e-06
421.83 5.77427447285e-06
429.67 6.23017473072e-06
440.69 7.02260059506e-06
450.95 7.66449473214e-06
460.4 8.23218103275e-06
470.04 9.00563537548e-06
479.88 9.89656721744e-06
489.93 1.06043509084e-05
500.19 1.17353454662e-05
505.98 1.47058479466e-05
511.84 3.73680601887e-05
520.16 4.15432542917e-05
529.83 4.68268230612e-05
539.68 4.82496871823e-05
549.71 7.4215133207e-05
559.93 9.51713678516e-05
570.34 0.000115740875325
579.61 0.000117083475316
590.38 0.0001564931631
599.97 0.000173180805381
609.72 0.000220543938765
619.63 0.00026822083193
629.7 0.000309381737093
639.93 0.000328470006533
650.33 0.000400401260407
657.86 0.000448224088353
665.48 0.000491471860894
674.73 0.000521789811782
685.7 0.000540126517096
695.24 0.00074390254945
704.91 0.000738721864701
716.36 0.000942957591617
726.33 0.00102446216717
734.74 0.00110786389488
744.96 0.00131676953481
755.32 0.00146722829469
765.83 0.00162367038061
774.7 0.00183863231398
785.48 0.00207249280157
794.57 0.00223615865919
805.62 0.00241821229929
814.95 0.00259114501555
824.39 0.00295459558924
835.86 0.00249169046185
845.54 0.0033151274673
855.33 0.00353585382454
865.23 0.00393097224586
875.25 0.00436009347129
885.39 0.00490340866337
895.64 0.00532720326927
906.01 0.00547642158351
914.39 0.00894361309328
924.98 0.0672197494487
935.69 0.153640138119
944.35 0.304434547995
955.28 0.443094480778
964.12 0.514631710742
975.29 0.0817526646791
984.31 0.456556964385
995.71 0.496017729343
1004.92 0.74390254945
1014.22 0.730330614756
1025.97 0.315861241398
1035.46 0.530268622595
1045.04 1.04591458007
1054.71 1.04591458007
1064.47 0.84043840751
1074.32 1.02446216717
1084.26 0.823218103275
1094.29 1.11815229699
1104.42 1.08517103633
1114.64 1.05561924305
1124.95 0.95828074369
1135.36 1.25168262219
1145.86 1.15215510111
1153.81 1.24883689395
1164.48 1.31071324137
1175.26 0.910924907045
1186.13 1.31976119783
1194.35 0.930042363441
1205.4 0.669110973855
1213.76 0.448224088353
1224.99 0.953902700241
1236.33 1.47058479466
1244.9 1.62739171755
1256.41 1.56858000054
1265.12 1.37558125181
1273.89 1.77215902094
1285.68 1.86854894422
1294.59 1.47737076201
1303.57 1.50487946835
1315.63 1.89452533535
1324.75 1.8217768467
1333.93 1.6349073588
1346.27 1.96107159578
1355.6 1.92086656344
1365.0 1.73582126031
1374.46 1.83440020531
1383.99 1.87715909634
1393.58 1.62739171755
1406.48 1.71991436911
1416.23 1.79266285776
1426.04 1.85563371604
1435.93 1.87715909634
1442.56 1.98836139995
1445.88 2.01601604107
1455.9 1.97471649787
1466.0 1.84286442265
1476.16 1.86424386816
1486.39 1.9076594657
1496.69 1.94757262848
1503.6 1.84709653132
1510.54 1.65387888041
1517.51 1.77624519483
1524.52 1.75588729279
1535.09 1.53990381595
1545.73 1.67686360852
1556.44 1.61250636982
1563.63 1.67299633681
1574.46 1.79266285776
1585.38 1.88584221584
1596.37 1.93421959596
1603.74 1.92086656344
1614.85 1.95209660671
1626.05 1.86854894422
1633.55 2.00674918244
1644.87 2.04410848654
1656.28 1.92531757428
1663.92 2.10131492095
1671.6 1.93421959596
1675.45 2.1207972143
1683.19 2.21054710501
1694.86 2.10131492095
1706.6 2.03002578011
1714.48 1.92531757428
1726.37 1.92976858512
1734.33 2.06774992117
1746.36 2.03002578011
1754.42 2.16523435531
1766.58 2.02068595409
1774.73 2.05826416036
1787.03 2.11590839911
1795.28 2.25162774604
1803.57 2.26724276768
1816.07 2.08205152977
1824.45 2.16019960534
1837.1 2.09168322536
1845.58 1.93421959596
1854.1 1.93421959596
1866.95 2.00215223682
1875.57 2.19529692033
1884.23 2.01141909545
1892.92 1.9164155526
1906.04 2.08205152977
1914.84 1.98836139995
1923.68 1.95654761755
1937.01 2.06300704076
1945.95 2.13546365985
1954.94 1.99295834557
1968.49 2.20040463769
1977.57 2.28293075671
1982.13 2.15523782277
1995.87 2.10620373613
2005.09 2.20040463769
2014.34 2.14042544243
2023.64 2.26724276768
2032.98 2.12568602948
2047.07 2.20543938765
2056.52 2.12568602948
2066.01 2.16019960534
2075.55 2.30409130005
2080.33 2.15523782277
2085.13 2.25680843079
2094.75 2.14531425761
2104.42 2.19529692033
2114.14 2.22587025708
2123.89 2.26724276768
2133.7 2.15523782277
2143.55 2.17019613788
2153.44 2.27249641982
2163.38 2.23097797444
2173.37 2.22076253973
2183.4 2.17019613788
2193.48 2.27249641982
2203.6 2.23097797444
2213.77 2.16019960534
2223.99 2.09649907315
2234.25 2.20543938765
2244.57 2.14531425761
2254.93 2.08686737756
2265.34 2.14042544243
2275.79 2.18559225735
2286.3 2.23163468096
2296.85 2.12656163817
2307.45 2.13174232292
2312.77 2.059504606
2323.45 1.67036951074
2334.17 1.96734679139
2344.95 1.94509173719
2355.77 2.03703064963
2366.64 1.94115149809
2377.57 1.97748925872
2383.05 1.89292005275
2394.05 1.99616891077
2405.1 1.92422306342
2416.2 1.96026895448
2427.35 2.02944204098
2432.95 1.9561827806
2444.18 2.04863246477
2455.46 2.02550180188
2466.79 2.02112375843
2472.48 1.97070329137
2483.89 2.03557130181
2495.36 1.91751006346
2506.88 2.08358384498
2512.65 1.94012995462
2518.45 2.01309734544
2524.25 1.93597081334
2535.9 1.94968868281
2547.61 1.91437246566
2553.48 2.0047060955
2565.27 1.98208620434
2577.11 2.06629057335
2583.05 2.06169362773
2594.97 2.05249973649
2606.95 2.00142256291
2612.96 1.99237460645
2625.02 2.03440382356
2637.14 2.05826416036
2643.22 2.15545672494
2655.42 2.16078334447
2667.67 2.04958104085
2673.82 2.11692994258
2686.17 2.10751714917
2692.36 2.05023774737
2704.78 2.07431698634
2717.27 2.02739895404
2723.53 2.02754488882
2736.11 2.09912589922
2742.41 1.93677345464
2755.07 1.95049132411
2767.79 1.99164493254
2774.17 2.05702371472
2786.97 2.02448025841
2793.4 1.78791997736
2806.29 1.88547737889
2812.76 2.06278813859
2825.74 2.08219746455
2832.26 2.00244410638
2845.33 1.98894513908
2851.89 1.97997015001
2865.05 2.05935867122
2878.28 2.03608207355
2884.91 2.04564080175
2898.23 2.03192293227
2911.61 2.10364987745
2931.79 2.06577980162
2952.11 2.04264913872
2972.58 2.05731558428
2993.18 2.05782635602
3006.99 2.06293407337
3027.84 2.0682606929
3048.83 2.05454282343
3069.96 2.05031071476
3091.24 2.05089445389
3112.67 2.03732251919
3127.04 2.02360464972
3148.71 2.02418838885
3170.54 2.01543230195
3192.51 1.96099862839
3207.25 1.99325021514
3229.48 1.95742322624
3251.87 1.98515083475
3266.88 1.99930650857
3289.52 1.99069635646
3312.32 1.99120712819
3319.96 2.02842049751
3327.61 2.04264913872
3335.28 2.05228083431
3342.97 1.9601230197
3350.68 2.03856296484
3358.4 1.93356288944
3366.14 1.96070675883
3373.91 1.91181860698
3381.68 1.93859763941
3389.48 2.01616197585
3397.29 2.00711401939
3405.12 1.94808340022
3412.97 1.96180126969
3420.84 1.98930997603
3428.73 1.98945591081
3436.63 1.99427175861
3444.55 1.91787490042
3452.49 2.03637394311
3460.45 1.92714175905
3468.43 1.92728769383
3476.43 1.90984848742
3484.44 1.92327448734
3492.47 1.95019945455
3500.52 1.91481027
3508.59 1.90182207443
3516.68 1.87591865069
3524.79 1.92860110687
3532.91 1.93772203072
3541.06 1.96486590011
3549.22 1.99697155207
3557.4 1.95625574799
3565.6 1.99281241079
3573.82 1.92531757428
3582.06 1.85592558561
3590.32 1.79310066211
3598.59 1.88642595497
3606.89 1.88226681369
3615.2 1.90868100917
3623.54 1.93093606337
3631.89 2.05031071476
3640.26 1.95370188931
3648.66 1.94939681325
3657.07 1.99967134553
3665.5 1.98150246521
3671.93 1.81878518368
3674.63 1.81075877069
3677.34 1.71933062998
3680.05 1.87971295501
3682.75 1.95195067193
3685.46 1.87956702023
3688.17 1.89270115058
3690.87 1.96763866096
3693.58 1.85723899864
3696.29 1.74486921677
3699.0 1.89861150924
3701.7 1.87285402028
3704.41 1.75209298846
3707.12 1.81987969454
3709.82 1.88569628106
3712.53 1.96202017186
3715.24 1.98018905218
3717.94 2.17690913784
3720.65 2.54167312457
3723.36 3.48703864008
3726.06 4.38913449284
3728.77 4.80935369659
3731.48 4.28676124351
3734.18 3.17079796825
3736.89 2.61157588498
3739.6 2.43017895139
3742.31 2.27417466981
3745.01 2.14903559455
3747.72 2.08964013841
3750.43 1.89591171578
3753.13 1.8917525745
3755.84 2.01835099758
3758.55 2.20558532243
3761.25 2.26125944163
3763.96 2.21871945278
3766.67 2.08066514934
3769.37 2.04330584524
3772.08 2.07293060592
3774.79 2.19763187683
3777.49 2.35173900625
3780.2 2.53963003763
3782.91 2.67389003674
3785.61 2.67928962366
3788.32 2.61318116758
3791.03 2.4419996687
3793.74 2.25396270255
3796.44 2.10678747526
3799.15 2.10737121438
3801.86 2.15946993143
3804.56 2.21682230062
3807.27 2.43630821222
3809.98 2.55582879839
3812.68 2.57954320041
3815.39 2.58859115687
3818.1 2.62755574357
3820.8 2.70387963437
3823.51 2.43849723394
3826.22 2.38289608214
3828.92 2.31591201736
3831.63 2.1438549098
3834.34 2.06709321465
3837.05 1.88336132456
3839.75 2.00492499767
3842.46 2.26476187639
3845.17 2.36757293006
3847.87 2.56079058096
3850.58 2.84339328563
3853.29 2.85813269857
3855.99 2.95138502404
3858.7 2.97298337173
3861.41 2.80574211196
3864.11 2.92613830682
3866.82 2.98327177383
3869.53 2.83463719873
3872.23 2.81289291626
3874.94 2.79698602506
3877.65 2.59778504811
3880.35 2.55312900493
3883.06 2.56239586356
3885.77 2.35837903882
3888.48 2.25243038734
3891.18 2.14560612718
3893.89 2.11941083387
3896.6 2.35071746278
3899.3 2.5231394073
3902.01 2.56166618965
3904.72 2.70096093874
3907.42 2.80318825328
3910.13 2.84799023125
3912.84 2.95948440443
3915.54 2.93868869804
3918.25 2.9207387199
3920.96 2.78815697077
3923.66 2.79990472069
3926.37 2.71467880821
3929.08 2.48293437496
3931.79 2.40719422328
3934.49 2.38982798426
3937.2 2.31919554995
3939.91 2.6058114611
3942.61 2.72664546031
3945.32 2.69286155836
3948.03 2.75101656884
3950.73 2.72467534075
3953.44 2.71745156906
3956.15 2.79559964464
3958.85 2.614567548
3961.56 2.44900453822
3964.27 2.29635675662
3966.97 2.01944550844
3969.68 1.98033498696
3972.39 2.05651294298
3975.09 2.10445251875
3977.8 2.30117260441
3980.51 2.51635343995
3983.22 2.64463011302
3985.92 2.81880327492
3988.63 2.95065535014
3991.34 3.0280737518
3994.04 3.07455397976
3996.75 3.0535393712
3999.46 3.08834481662
4002.16 3.07725377322
4004.87 3.08447754491
4007.58 2.97013764349
4010.28 2.90038081786
4012.99 3.0941092405
4015.7 3.05237189295
4018.4 3.15963395746
4021.11 3.1330738272
4023.82 3.10461654477
4026.53 3.07623222974
4029.23 2.97626690432
4031.94 2.98210429558
4034.65 3.05901192551
4037.35 3.00457825196
4040.06 3.04069711041
4042.77 3.07462694715
4045.47 3.10622182737
4048.18 3.04492921908
4050.89 3.03500565393
4053.59 3.06820581675
4056.3 3.05069364296
4059.01 2.93577000241
4061.71 2.96327870875
4064.42 2.98619046947
4067.13 2.99049554553
4069.84 3.02588473008
4072.54 3.04208349084
4075.25 3.01143718669
4077.96 2.97305633912
4080.66 2.88753855707
4083.37 2.86156216594
4086.08 2.79727789462
4088.78 2.79202424249
4091.49 2.73022086246
4094.2 2.63105817833
4096.9 2.61077324368
4099.61 2.54357027673
4102.32 2.45330961428
4105.02 2.3831879517
4107.73 2.51496705953
4110.44 2.61952933058
4113.14 2.62799354791
4115.85 2.69534244964
4118.56 2.70738206913
4121.27 2.73284768853
4123.97 2.77721186215
4126.68 2.80982828585
4129.39 2.80676365543
4132.09 2.85448432903
4134.8 2.87418552455
4137.51 2.95758725226
4140.21 2.9462043393
4142.92 2.95408481751
4145.63 2.94649620886
4148.33 2.92927590463
4151.04 2.82872684007
4153.75 2.90869910041
4156.45 2.98560673034
4159.16 2.97342117607
4161.87 2.98349067601
4164.58 2.90884503519
4167.28 2.92715985029
4169.99 2.90826129607
4172.7 2.90629117652
4175.4 2.8142063293
4178.11 2.87192353544
4180.82 2.91096108953
4183.52 2.84886583994
4186.23 2.82588111183
4188.94 2.88345238319
4191.64 2.87571783976
4194.35 2.9628409044
4197.06 2.90826129607
4199.76 2.83689918784
4202.47 2.8404016226
4205.18 2.89556497006
4207.88 2.89789992657
4210.59 2.84828210081
4213.3 2.91234746995
4216.01 2.89870256787
4218.71 2.89235440487
4221.42 2.87484223107
4224.13 2.81668722058
4226.83 2.84317438345
4229.54 2.81486303581
4232.25 2.83201037266
4234.95 2.92329257858
4237.66 2.96072485007
4240.37 2.88753855707
4243.07 2.96233013267
4245.78 2.92358444814
4248.49 2.9111799917
4251.19 2.9215413612
4253.9 2.81982481839
4256.61 2.93044338288
4259.32 2.93474845894
4262.02 2.90818832868
4264.73 2.91884156774
4267.44 2.85696522032
4270.14 2.77735779693
4272.85 2.81697909015
4275.56 2.84010975304
4278.26 2.90198610046
4280.97 2.9143905569
4283.68 2.88221193754
4286.38 2.82157603577
4289.09 2.78450860123
4291.8 2.78808400338
4294.5 2.77830637301
4297.21 2.7640777318
4299.92 2.70293105829
4302.62 2.62740980879
4305.33 2.64988376516
4308.04 2.66090184117
4310.75 2.69497761269
4313.45 2.71051966694
4316.16 2.80515837283
4318.87 2.7879380686
4321.57 2.78253848168
4324.28 2.72576985162
4326.99 2.67710060194
4329.69 2.72007839513
4332.4 2.67797621063
4335.11 2.74437653628
4337.81 2.83317785091
4340.52 2.89016538314
4343.23 2.7290533842
4345.93 2.58129441779
4348.64 2.50212479874
4351.35 2.6058114611
4354.06 2.64754880865
4356.76 2.67111727589
4359.47 2.76385882963
4362.18 2.84682275299
4364.88 2.83179147048
4367.59 2.87688531801
4370.3 2.92643017638
4373.0 2.78706245991
4375.71 2.79362952508
4378.42 2.77159337305
4381.12 2.79209720988
4383.83 2.68644042796
4386.54 2.74612775366
4389.24 2.81136060105
4391.95 2.79370249247
4394.66 2.78283035124
4397.36 2.76356696006
4400.07 2.7624724492
4402.78 2.80457463371
4405.49 2.85922720943
4408.19 2.72635359074
4410.9 2.78122506864
4413.61 2.85922720943
4416.31 2.80034252504
4419.02 2.83368862265
4421.73 2.82070042708
4424.43 2.89250033965
4427.14 2.86951561154
4429.85 2.85608961163
4432.55 2.90855316563
4435.26 2.83755589436
4437.97 2.786332786
4440.67 2.84375812258
4443.38 2.83580467698
4446.09 2.87506113324
4448.8 2.92701391551
4451.5 2.92431412205
4454.21 2.90592633956
4456.92 2.90059972003
4459.62 2.90315357871
4462.33 2.90410215479
4465.04 2.8769582854
4467.74 2.8857143723
4470.45 2.89935927439
4473.16 2.89220847009
4475.86 2.87528003542
4478.57 2.84901177472
4481.28 2.89147879618
4483.98 2.8913328614
4486.69 2.93007854592
4489.4 2.90395622001
4492.11 2.93051635027
4494.81 2.88666294838
4497.52 2.92300070901
4500.23 2.97254556738
4502.93 2.9779451543
4505.64 2.98057198037
4508.35 3.00968596931
4511.05 3.0034107737
4513.76 2.9740049152
4516.47 2.97356711086
4519.17 2.92329257858
4521.88 2.88053368755
4524.59 2.83835853566
4527.29 2.88235787233
4530.0 2.88527656796
4532.71 2.85813269857
4535.41 2.83558577481
4538.12 2.9111799917
4540.83 2.95860879574
4543.54 2.87827169844
4546.24 2.88593327448
4548.95 2.92540863291
4551.66 2.8674725246
4554.36 2.78815697077
4557.07 2.87272617674
4559.78 2.90848019824
4562.48 2.93328911112
4565.19 2.94350454584
4567.9 2.94438015453
4570.6 2.92825436115
4573.31 2.95233360013
4576.02 2.93328911112
4578.72 2.92110355685
4581.43 2.87498816585
4584.14 2.86878593763
4586.85 2.86805626372
4589.55 2.90891800259
4592.26 2.87863653539
4594.97 2.89301111139
4597.67 2.89045725271
4600.38 2.92475192639
4603.09 2.91227450256
4605.79 2.93328911112
4608.5 2.97736141518
4611.21 2.99013070857
4613.91 2.95897363269
4616.62 2.98684717599
4619.33 2.98188539341
4622.03 2.98881729554
4624.74 2.99056851292
4627.45 2.95714944792
4630.15 2.9636435457
4632.86 2.98385551296
4635.57 2.91869563296
4638.28 2.88410908971
4640.98 2.88980054619
4643.69 2.88564140491
4646.4 2.77655515563
4649.1 2.81325775322
4651.81 2.83595061176
4654.52 2.83171850309
4657.22 2.90687491564
4659.93 2.90337248088
4662.64 2.853170916
4665.34 2.85696522032
4668.05 2.85776786162
4670.76 2.80333418806
4673.46 2.80129110112
4676.17 2.84974144863
4678.88 2.85375465512
4681.59 2.8770312528
4684.29 2.89250033965
4687.0 2.85032518775
4689.71 2.8841820571
4692.41 2.91132592648
4695.12 2.85112782905
4697.83 2.85922720943
4700.53 2.82077339447
4703.24 2.76692346004
4705.95 2.72890744942
4708.65 2.75422713404
4711.36 2.79859130766
4714.07 2.832448177
4716.77 2.81114169888
4719.48 2.84485263344
4722.19 2.84507153561
4724.89 2.81143356844
4727.6 2.78049539474
4730.31 2.74693039496
4733.02 2.76458850354
4735.72 2.75269481883
4738.43 2.74868161234
4741.14 2.79924801418
4743.84 2.80457463371
4746.55 2.76539114483
4749.26 2.76947731872
4751.96 2.78283035124
4754.67 2.80275044894
4757.38 2.80676365543
4760.08 2.73824727545
4762.79 2.67520344978
4765.5 2.66870935199
4768.2 2.70957109085
4770.91 2.76451553614
4773.62 2.76955028611
4776.33 2.75561351446
4779.03 2.80260451415
4781.74 2.81683315537
4784.45 2.77392832956
4787.15 2.7728338187
4789.86 2.76758016656
4792.57 2.80377199241
4795.27 2.819751851
4797.98 2.78611388383
4800.69 2.78173584038
4803.39 2.74911941668
4806.1 2.75006799276
4808.81 2.79654822072
4811.51 2.76969622089
4814.22 2.76955028611
4816.93 2.76429663397
4819.63 2.74963018842
4822.34 2.71752453645
4825.05 2.6535321347
4827.76 2.63572809134
4830.46 2.67783027585
4833.17 2.65645083033
4835.88 2.63864678697
4838.58 2.70293105829
4841.29 2.7092062539
4844.0 2.635290287
4846.7 2.61033543933
4849.41 2.62427221098
4852.12 2.78042242734
4854.82 3.04303206692
4857.53 3.6029838241
4860.24 4.0578625385
4862.94 3.99518354978
4865.65 3.39677797763
4868.36 2.86681581808
4871.07 2.56276070052
4873.77 2.46607890768
4876.48 2.4937335488
4879.19 2.50175996179
4881.89 2.56276070052
4884.6 2.54583226585
4887.31 2.5040219509
4890.01 2.56079058096
4892.72 2.59493931987
4895.43 2.64404637389
4898.13 2.68001929757
4900.84 2.69913675397
4903.55 2.68972396055
4906.25 2.67491158021
4908.96 2.6288691566
4911.67 2.62981773268
4914.37 2.63871975436
4917.08 2.61923746101
4919.79 2.5335007768
4922.5 2.53320890723
4925.2 2.57713527651
4927.91 2.66965792807
4930.62 2.66294492812
4933.32 2.66082887378
4936.03 2.66622846071
4938.74 2.6598802977
4941.44 2.6749845476
4944.15 2.67717356933
4946.86 2.75568648186
4949.56 2.80902564455
4952.27 2.91716331775
4954.98 3.00275406718
4957.68 3.06302513201
4960.39 3.08360193622
4963.1 2.98305287166
4965.81 2.78538420992
4968.51 2.70256622134
4971.22 2.67848698236
4973.93 2.65389697166
4976.63 2.65491851513
4979.34 2.62449111315
4982.05 2.57859462433
4984.75 2.59121798294
4987.46 2.60457101546
4990.17 2.63456061309
4992.87 2.65002969994
4995.58 2.74131190586
4998.29 2.8499603508
5000.99 3.22712879397
5003.7 3.65749046505
5006.41 4.02115994091
5009.11 3.88186519183
5011.82 3.41954380357
5014.53 2.98757684989
5017.24 2.69709366702
5019.94 2.62201022187
5022.65 2.62609639575
5025.36 2.6122325915
5028.06 2.57618670043
5030.77 2.59026940686
5033.48 2.60019297201
5036.18 2.60311166764
5038.89 2.54254873326
5041.6 2.53182252681
5044.3 2.54794832018
5047.01 2.5604987114
5049.72 2.57341393958
5052.42 2.59698240681
5055.13 2.64535978693
5057.84 2.64587055867
5060.55 2.67914368888
5063.25 2.68045710192
5065.96 2.66185041726
5068.67 2.58414014603
5071.37 2.59960923288
5074.08 2.55911233098
5076.79 2.55582879839
5079.49 2.55429648318
5082.2 2.55641253752
5084.91 2.5509399832
5087.61 2.56538752659
5090.32 2.5986606568
5093.03 2.60041187418
5095.73 2.57334097219
5098.44 2.53882739633
5101.15 2.57210052654
5103.85 2.53240626593
5106.56 2.55108591798
5109.27 2.56079058096
5111.98 2.57625966782
5114.68 2.60632223284
5117.39 2.59479338509
5120.1 2.59420964596
5122.8 2.53656540721
5125.51 2.53123878768
5128.22 2.52817415727
5130.92 2.5215341247
5133.63 2.49884126616
5136.34 2.51095385303
5139.04 2.49643334226
5141.75 2.46337911421
5144.46 2.50227073352
5147.16 2.46928947287
5149.87 2.46104415771
5152.58 2.5167912443
5155.29 2.56487675485
5157.99 2.57655153738
5160.7 2.54955360278
5163.41 2.46593297289
5166.11 2.42419562534
5168.82 2.40369178852
5171.53 2.32795163685
5174.23 2.33196484334
5176.94 2.37559934305
5179.65 2.41653404931
5182.35 2.423757821
5185.06 2.39011985383
5187.77 2.39683285378
5190.47 2.48410185321
5193.18 2.49300387489
5195.89 2.53481418983
5198.59 2.61281633062
5201.3 2.61631876538
5204.01 2.55531802665
5206.72 2.50467865742
5209.42 2.5335007768
5212.13 2.50832702696
5214.84 2.49336871184
5217.54 2.55371274405
5220.25 2.52985240726
5222.96 2.50351117917
5225.66 2.50241666831
5228.37 2.51671827691
5231.08 2.52496359207
5233.78 2.51671827691
5236.49 2.53452232027
5239.2 2.59362590684
5241.9 2.55976903749
5244.61 2.58085661344
5247.32 2.5509399832
5250.03 2.53284407028
5252.73 2.5422568637
5255.44 2.55232636363
5258.15 2.55692330925
5260.85 2.52029367906
5263.56 2.45994964685
5266.27 2.40639158198
5268.97 2.45192323386
5271.68 2.43317061441
5274.39 2.5191262008
5277.09 2.54342434195
5279.8 2.55166965711
5282.51 2.56699280918
5285.21 2.59639866769
5287.92 2.62325066751
5290.63 2.62237505882
5293.34 2.6122325915
5296.04 2.60019297201
5298.75 2.56443895051
5301.46 2.59559602639
5304.16 2.59771208072
5306.87 2.61383787409
5309.58 2.62025900449
5312.28 2.68563778666
5314.99 2.65688863468
5317.7 2.63959536305
5320.4 2.56852512439
5323.11 2.53539792896
5325.82 2.51949103776
5328.52 2.51328880954
5331.23 2.53641947243
5333.94 2.54721864627
5336.64 2.55539099404
5339.35 2.55568286361
5342.06 2.59158281989
5344.77 2.58749664601
5347.47 2.57655153738
5350.18 2.58319156995
5352.89 2.6249289175
5355.59 2.67812214541
5358.3 2.66659329766
5361.01 2.64842441734
5363.71 2.60442508068
5366.42 2.55517209187
5369.13 2.53919223328
5371.83 2.56516862441
5374.54 2.53882739633
5377.25 2.55801782011
5379.95 2.58399421125
5382.66 2.53335484201
5385.37 2.57049524394
5388.08 2.55743408099
5390.78 2.56232289617
5393.49 2.55772595055
5396.2 2.51504002692
5398.9 2.49125265751
5401.61 2.53364671158
5404.32 2.50876483131
5407.02 2.50876483131
5409.73 2.49417135314
5412.44 2.5263499725
5415.14 2.58217002648
5417.85 2.5469997441
5420.56 2.53780585285
5423.26 2.57596779826
5425.97 2.53123878768
5428.68 2.50570020089
5431.38 2.51037011391
5434.09 2.50073841832
5436.8 2.52510952685
5439.51 2.54116235283
5442.21 2.56137432009
5444.92 2.54765645062
5447.63 2.54772941801
5450.33 2.55137778755
5453.04 2.51270507041
5455.75 2.53058208116
5458.45 2.48278844017
5461.16 2.51431035301
5463.87 2.51584266822
5466.57 2.49942500528
5469.28 2.46513033159
5471.99 2.50715954871
5474.69 2.48899066839
5477.4 2.45579050557
5480.11 2.4404673535
5482.82 2.45797952729
5485.52 2.47293784241
5488.23 2.52401501599
5490.94 2.45980371206
5493.64 2.53911926589
5496.35 2.51861542907
5499.06 2.51212133128
5501.76 2.47359454893
5504.47 2.50022764658
5507.18 2.49234716837
5509.88 2.44666958172
5512.59 2.46330614682
5515.3 2.51102682042
5518.0 2.47082178808
5520.71 2.57487328739
5523.42 2.50839999435
5526.12 2.5358357333
5528.83 2.50788922262
5531.54 2.47789962499
5534.25 2.5580907875
5536.95 2.55466132014
5539.66 2.56013387445
5542.37 2.56254179834
5545.07 2.55371274405
5547.78 2.57516515696
5550.49 2.57290316784
5553.19 2.57706230912
5555.9 2.56246883095
5558.61 2.56363630921
5561.31 2.58165925474
5564.02 2.51102682042
5566.73 2.46936244026
5569.43 2.52102335297
5572.14 2.51248616824
5574.85 2.54349730934
5577.56 2.57669747216
5580.26 2.56378224399
5582.97 2.54357027673
5585.68 2.49876829876
5588.38 2.46731935332
5591.09 2.46593297289
5593.8 2.50175996179
5596.5 2.5478023854
5599.21 2.47432422284
5601.92 2.49023111404
5604.62 2.4817668967
5607.33 2.49701708138
5610.04 2.48884473361
5612.74 2.47089475547
5615.45 2.51241320085
5618.16 2.46140899466
5620.86 2.50927560304
5623.57 2.44054032089
5626.28 2.4325139079
5628.99 2.48957440752
5631.69 2.54189202674
5634.4 2.49285794011
5637.11 2.45279884255
5639.81 2.52365017904
5642.52 2.51788575516
5645.23 2.50460569003
5647.93 2.49541179879
5650.64 2.50256260309
5653.35 2.50774328784
5656.05 2.50336524439
5658.76 2.51095385303
5661.47 2.63988723262
5664.17 2.56239586356
5666.88 2.54364324412
5669.59 2.47242707068
5672.3 2.54845909192
5675.0 2.55991497227
5677.71 2.52416095077
5680.42 2.44163483175
5683.12 2.51328880954
5685.83 2.52605810293
5688.54 2.41201007107
5691.24 2.51102682042
5693.95 2.48636384232
5696.66 2.49110672273
5699.36 2.47133255981
5702.07 2.49161749446
5704.78 2.45717688599
5707.48 2.40091902767
5710.19 2.4340462231
5712.9 2.45571753818
5715.6 2.50613800524
5718.31 2.5048245922
5721.02 2.54043267892
5723.73 2.50810812479
5726.43 2.5422568637
5729.14 2.48264250539
5731.85 2.48862583144
5734.55 2.49460915749
5737.26 2.5072325161
5739.97 2.50606503785
5742.67 2.55203449407
5745.38 2.53313593984
5748.09 2.54729161366
5750.79 2.51343474432
5753.5 2.53452232027
5756.21 2.52780932031
5758.91 2.5000817118
5761.62 2.48490449451
5764.33 2.52357721164
5767.04 2.55823672229
5769.74 2.48089128801
5772.45 2.49249310315
5775.16 2.48745835319
5777.86 2.49198233142
5780.57 2.40398365808
5783.28 2.41507470149
5785.98 2.42499826664
5788.69 2.42353891882
5791.4 2.4293033427
5794.1 2.44156186436
5796.81 2.47293784241
5799.52 2.44469946216
5802.22 2.49271200533
5804.93 2.54101641805
5807.64 2.49256607054
5810.34 2.54802128757
5813.05 2.52343127686
5815.76 2.49548476618
5818.47 2.5104430813
5821.17 2.52124225514
5823.88 2.51730201603
5826.59 2.5326981355
5829.29 2.51379958127
5832.0 2.50584613567
5834.71 2.50774328784
5837.41 2.49511992922
5840.12 2.45673908165
5842.83 2.48570713581
5845.53 2.4571039186
5848.24 2.45973074467
5850.95 2.43959174481
5853.65 2.4221525384
5856.36 2.44783705997
5859.07 2.41959867972
5861.78 2.39741659291
5864.48 2.43857020133
5867.19 2.49570366835
5869.9 2.56108245053
5872.6 2.5565584723
5875.31 2.54816722235
5878.02 2.55568286361
5880.72 2.49227420098
5883.43 2.30708296307
5886.14 2.20631499634
5888.84 2.224921681
5891.55 2.23973406134
5894.26 2.26716980029
5896.96 2.28453603931
5899.67 2.32328172383
5902.38 2.3672810605
5905.08 2.39727065813
5907.79 2.40828873414
5910.5 2.3958842777
5913.21 2.37910177781
5915.91 2.38544994081
5918.62 2.37421296263
5921.33 2.38734709298
5924.03 2.42740619054
5926.74 2.390338756
5929.45 2.38997391905
5932.15 2.36210037575
5934.86 2.39172513643
5937.57 2.38121783215
5940.27 2.40580784285
5942.98 2.42186066884
5945.69 2.38406356039
5948.39 2.3974895603
5951.1 2.40799686458
5953.81 2.40121089723
5956.52 2.45170433168
5959.22 2.4078509298
5961.93 2.39391415815
5964.64 2.40967511457
5967.34 2.4627224077
5970.05 2.42623871229
5972.76 2.41646108191
5975.46 2.41310458194
5978.17 2.43419215789
5980.88 2.45382038602
5983.58 2.39311151685
5986.29 2.41405315802
5989.0 2.36217334314
5991.7 2.38683632124
5994.41 2.44148889697
5997.12 2.3879308321
5999.82 2.34531787586
6002.53 2.38326091909
6005.24 2.34444226717
6007.95 2.32882724554
6010.65 2.39880297334
6013.36 2.35370912581
6016.07 2.3752345061
6018.77 2.3577223323
6021.48 2.35546034319
6024.19 2.37545340827
6026.89 2.38092596258
6029.6 2.42069319058
6032.31 2.38610664733
6035.01 2.44411572304
6037.72 2.45367445124
6040.43 2.40573487546
6043.13 2.409383245
6045.84 2.39646801683
6048.55 2.41573140801
6051.26 2.40522410373
6053.96 2.33138110421
6056.67 2.34830953889
6059.38 2.40485926677
6062.08 2.41383425585
6064.79 2.40763202763
6067.5 2.42667651663
6070.2 2.37749649521
6072.91 2.42901147314
6075.62 2.41025885369
6078.32 2.38493916908
6081.03 2.3688863431
6083.74 2.36925118005
6086.44 2.37559934305
6089.15 2.3807800278
6091.86 2.37669385392
6094.57 2.36742699528
6097.27 2.38669038646
6099.98 2.37304548437
6102.69 2.33729146287
6105.39 2.33918861503
6108.1 2.34079389763
6110.81 2.38574181038
6113.51 2.34721502802
6116.22 2.34925811497
6118.93 2.32882724554
6121.63 2.35152010408
6124.34 2.34480710413
6127.05 2.36669732137
6129.75 2.36436236487
6132.46 2.33933454981
6135.17 2.34203434327
6137.87 2.32583558251
6140.58 2.3076667022
6143.29 2.25520314819
6146.0 2.26651309377
6148.7 2.30992869131
6151.41 2.3211656695
6154.12 2.33692662592
6156.82 2.30562361525
6159.53 2.26045680033
6162.24 2.21171458326
6164.94 2.14888965976
6167.65 2.23630459397
6170.36 2.21507108324
6173.06 2.31306628912
6175.77 2.29212464795
6178.48 2.31766323474
6181.18 2.32627338686
6183.89 2.33896971286
6186.6 2.34882031062
6189.31 2.32926504988
6192.01 2.31729839779
6194.72 2.28490087626
6197.43 2.31824697387
6200.13 2.31999819125
6202.84 2.38617961472
6205.55 2.35502253884
6208.25 2.32233314775
6210.96 2.31131507174
6213.67 2.27811490891
6216.37 2.34575568021
6219.08 2.2774582024
6221.79 2.25133587648
6224.49 2.25447347429
6227.2 2.25491127863
6229.91 2.26892101767
6232.61 2.2297375288
6235.32 2.28424416974
6238.03 2.23630459397
6240.74 2.19522395294
6243.44 2.25746513731
6246.15 2.20091540942
6248.86 2.24520661565
6251.56 2.22514058317
6254.27 2.23469931137
6256.98 2.23061313749
6259.68 2.19894528987
6262.39 2.264688909
6265.1 2.26038383294
6267.8 2.28227405019
6270.51 2.31306628912
6273.22 2.2654915503
6275.92 2.24710376781
6278.63 2.22579728969
6281.34 2.24761453955
6284.05 2.24425803957
6286.75 2.2551301808
6289.46 2.29117607187
6292.17 2.34407743022
6294.87 2.45987667946
6297.58 2.57392471131
6300.29 2.66090184117
6302.99 2.58924786339
6305.7 2.41981758189
6308.41 2.37494263654
6311.11 2.34436929978
6313.82 2.28431713713
6316.53 2.28278482193
6319.23 2.24068263742
6321.94 2.2384206483
6324.65 2.31678762605
6327.35 2.26972365897
6330.06 2.27052630027
6332.77 2.25578688732
6335.48 2.26366736553
6338.18 2.291759811
6340.89 2.27278828938
6343.6 2.27789600674
6346.3 2.24046373525
6349.01 2.22835114837
6351.72 2.27847974587
6354.42 2.29788907183
6357.13 2.28285778932
6359.84 2.30073480007
6362.54 2.37574527784
6365.25 2.34079389763
6367.96 2.30679109351
6370.66 2.32145753906
6373.37 2.26315659379
6376.08 2.21025523545
6378.79 2.22587025708
6381.49 2.26271878945
6384.2 2.24360133305
6386.91 2.26293769162
6389.61 2.27636369153
6392.32 2.25388973516
6395.03 2.30679109351
6397.73 2.26884805028
6400.44 2.21251722456
6403.15 2.22579728969
6405.85 2.21740603975
6408.56 2.24352836566
6411.27 2.23820174613
6413.97 2.17267702917
6416.68 2.1653073227
6419.39 2.22528651796
6422.09 2.23586678963
6424.8 2.22981049619
6427.51 2.20492861592
6430.22 2.2201788006
6432.92 2.20062353986
6435.63 2.19609956163
6438.34 2.19726703988
6441.04 2.26052976772
6443.75 2.23083203966
6446.46 2.20485564853
6449.16 2.24272572436
6451.87 2.19055403992
6454.58 2.17690913784
6457.28 2.15844838796
6459.99 2.19639143119
6462.7 2.17676320306
6465.4 2.2154359202
6468.11 2.28344152844
6470.82 2.29796203922
6473.53 2.29526224576
6476.23 2.26731573507
6478.94 2.17946299652
6481.65 2.2034692681
6484.35 2.18471664866
6487.06 2.20624202895
6489.77 2.23017533314
6492.47 2.14750327934
6495.18 2.2002587029
6497.89 2.17384450743
6500.59 2.23951515917
6503.3 2.21237128978
6506.01 2.20638796373
6508.71 2.17887925739
6511.42 2.22820521359
6514.13 2.29205168056
6516.83 2.28190921324
6519.54 2.30817747393
6522.25 2.2734449959
6524.96 2.25585985471
6527.66 2.27176674591
6530.37 2.37129426699
6533.08 2.40018935376
6535.78 2.48322624452
6538.49 2.63375797179
6541.2 3.04755604515
6543.9 3.80233073583
6546.61 4.55812696999
6549.32 4.94500007614
6552.02 5.13573683575
6554.73 6.02024754732
6557.44 8.32266059737
6560.14 11.3668601425
6562.85 12.94587448
6565.56 11.3610227513
6568.27 7.68492560157
6570.97 4.9755004455
6573.68 4.14221284229
6576.39 4.66728618666
6579.09 6.25104340449
6581.8 7.84618353529
6584.51 8.10594744663
6587.21 6.57501861975
6589.92 4.5262402202
6592.63 3.20429000064
6595.33 2.62186428708
6598.04 2.4062456472
6600.75 2.31926851734
6603.45 2.33896971286
6606.16 2.30970978914
6608.87 2.28978969144
6611.57 2.31678762605
6614.28 2.25980009382
6616.99 2.23032126792
6619.7 2.20500158331
6622.4 2.22068957233
6625.11 2.22579728969
6627.82 2.23542898528
6630.52 2.24075560481
6633.23 2.24155824611
6635.94 2.26505374596
6638.64 2.23878548526
6641.35 2.23601272441
6644.06 2.27176674591
6646.76 2.27826084369
6649.47 2.2670968329
6652.18 2.29920248486
6654.88 2.25111697431
6657.59 2.24506068087
6660.3 2.22375420275
6663.01 2.22725663751
6665.71 2.29577301749
6668.42 2.24673893086
6671.13 2.24892795258
6673.83 2.33772926722
6676.54 2.39639504944
6679.25 2.25301412647
6681.95 2.27526918067
6684.66 2.25177368083
6687.37 2.29540818054
6690.07 2.24688486564
6692.78 2.24542551782
6695.49 2.26213505032
6698.19 2.29343806099
6700.9 2.25228445256
6703.61 2.29460553924
6706.31 2.43579744048
6716.34 2.22725663751
6731.83 2.21164161587
6747.34 2.20128024638
6762.9 2.21631152888
6778.49 2.19573472467
6794.11 2.20055057247
6809.77 2.21558185498
6825.47 2.22047067016
6841.21 2.2304672027
6856.98 2.21492514846
6872.79 2.14443864892
6888.63 2.16902865963
6904.51 2.17377154003
6920.42 2.1835491704
6936.38 2.20354223549
6952.37 2.218573518
6968.39 2.21324689847
6984.46 2.10853869264
7000.56 2.20770137677
7016.7 2.19726703988
7032.87 2.15698904015
7049.09 2.26359439814
7065.33 2.15647826841
7081.62 2.17617946393
7097.95 2.08278120368
7114.31 2.10671450787
7130.71 2.10649560569
7147.15 2.07256576896
7163.62 2.10116898616
7180.14 2.07212796462
7196.69 1.9831807152
7213.28 2.00127662813
7229.91 2.08095701891
7246.58 2.07592226894
7263.28 2.12896956207
7280.02 2.080227345
7296.8 2.01404592152
7313.63 2.10875759481
7330.49 2.12802098599
7347.38 2.19748594205
7364.32 2.07431698634
7381.3 2.19194042035
7398.31 2.12699944252
7415.37 2.16136708359
7432.46 2.13633926854
7449.6 2.14100918155
7466.77 2.1605644423
7483.98 2.17034207267
7501.23 2.10605780135
7518.53 2.1350988229
7535.86 2.19974793117
7553.23 2.16932052919
7570.64 2.16902865963
7588.1 2.17377154003
7605.59 2.12896956207
7623.12 2.14837888803
7640.7 2.11868115996
7658.31 2.12816692077
7675.96 1.91408059609
7693.65 2.07446292112
7711.39 1.99916057379
7729.17 2.07395214939
7746.98 2.07373324722
7764.85 2.05921273644
7782.74 1.96625228053
7800.68 2.0539590843
7818.67 2.03958450831
7836.69 2.07249280157
7854.76 2.10102305138
7872.87 2.10080414921
7891.01 2.05746151906
7909.2 2.03367414965
7927.44 1.97800003045
7945.71 1.95961224797
7964.03 1.99120712819
7982.39 2.03265260618
8000.79 2.01835099758
8019.23 2.02280200842
8037.72 1.99478253034
8056.25 1.98536973693
8074.82 2.02666928013
8093.43 1.98485896519
8112.09 2.01689164976
8130.79 2.03060951924
8149.53 1.96143643274
8168.32 1.98843436734
8187.15 1.88131823761
8206.02 1.89846557446
8224.94 2.01068942154
8243.9 1.98281587825
8262.91 1.97347605222
8281.95 1.9283092373
8301.05 1.97296528049
8320.18 1.94115149809
8339.36 1.95435859583
8358.58 1.95413969365
8377.86 2.00857336721
8397.17 1.86139813992
8416.52 1.99427175861
8435.93 1.9307171612
8455.37 1.88657188975
8474.86 1.8646816725
8494.4 1.99317724775
8513.98 1.90320845486
8533.61 1.96077972622
8553.28 1.44336795789
8573.0 1.96931691095
8592.76 1.91101596568
8612.57 1.8758456833
8632.43 1.94151633504
8652.32 1.9323224438
8672.27 1.28831225239
8692.26 1.84913961826
8712.3 1.90065459618
8732.38 1.97172483484
8752.51 1.8654843138
8772.69 1.87818063981
8792.91 1.95735025885
8813.18 1.85183941172
8833.5 1.84731543349
8853.86 1.89883041141
8874.27 1.69992130402
8894.73 1.86366012903
8915.24 1.8893446506
8935.79 1.85884428124
8956.39 1.82046343367
8977.03 1.83286789011
8997.73 1.60345841336
9018.47 1.66343760861
9039.26 1.86614102032
9060.1 1.96282281316
9080.98 1.76938626009
9101.92 1.85249611824
9122.9 1.93954621549
9143.93 1.77266979268
9165.01 1.65030347826
9186.14 1.69634590187
9207.31 1.80900755331
9228.53 1.72334383648
9249.81 1.75114441238
9271.13 1.80820491201
9292.5 1.85862537907
9313.93 1.84556421611
9335.4 1.84527234655
9356.92 1.84074836831
9378.49 1.81944189019
9400.11 1.83177337924
9421.78 1.83571361835
9443.5 1.81440714023
9465.27 1.83520284661
9487.08 1.83491097705
9508.95 1.8011270751
9530.88 1.78025840132
9552.85 1.68430628239
9574.87 1.77157528181
9596.94 1.81674209673
9619.06 1.80389983595
9641.24 1.79127647734
9663.47 1.7868254665
9685.74 1.80309719465
9708.07 1.78631469476
9730.44 1.77376430354
9752.88 1.7653000862
9775.36 1.76909439053
9797.89 1.7526037602
9820.48 1.78084214045
9843.12 1.77237792311
9865.81 1.75990049928
9888.55 1.75559542322
9911.34 1.75129034716
9934.2 1.75909785798
9957.1 1.75880598842
9980.05 1.75450091236
10026.11 1.71794424956
10072.4 1.68605749977
10118.89 1.73275662989
10165.59 1.71626599957
10236.06 1.71940359737
10283.31 1.72283306474
10307.01 1.71072047787
10498.63 1.66569959773
10693.81 1.60506369595
10892.63 1.52932354428
11095.14 1.48765916412
11301.41 1.46051529473
11511.52 1.45380229478
11698.56 1.42067509934
11888.65 1.3820023822
12109.69 1.35989326278
12306.45 1.33814898032
12506.42 1.30764861095
12709.63 1.28086957852
12886.44 1.25168262219
13095.83 1.23453528535
13308.61 1.20367007903
13493.76 1.18440668785
13713.01 1.16543516624
13903.78 1.13369435123
14097.2 1.09524053627
14293.32 1.07276657989
14492.16 1.07276657989
14693.75 1.04832250397
14898.16 1.05561924305
15105.41 1.05313835176
15315.55 1.06291598213
15492.9 1.06043509084
15708.43 1.03869080838
15890.33 1.0011126021
16111.39 1.00811747162
16297.94 1.00578251512
16486.66 0.987394732629
16716.02 0.980608765282
16909.58 0.96273175453
17105.37 0.947335635067
17303.45 0.913040961379
17503.82 0.894361309328
17706.51 0.863933907355
17911.54 0.838468287957
18118.94 0.804465483833
18286.6 0.786150668737
18498.35 0.762947038455
18712.53 0.732008864745
18885.69 0.715313925725
19104.38 0.707126984474
19281.13 0.687856296558
19504.41 0.662974416287
19684.89 0.647884759864
19912.83 0.631678702362
20097.07 0.621580015472
20283.03 0.601864226472
20517.88 0.594976104778
20707.74 0.581433357041
20899.36 0.569503188641
21092.72 0.560396858267
21287.9 0.548904494212
21484.88 0.538886071452
21683.67 0.521789811782
21884.31 0.515821079212
22086.79 0.502920444515
22291.17 0.491471860894
22497.43 0.481387767482
22705.59 0.468144186048
22915.69 0.420343248319
23074.52 0.414396405967
23288.04 0.363355716086
23503.5 0.338897046682
23720.99 0.338546803206
23885.43 0.310381390348
24106.42 0.297218073043
24273.53 0.293139195896
24498.12 0.271570035168
24724.81 0.265732643902
24896.18 0.234400446283
25100.55 0.241149929934
25195.83 0.233218374551
25291.11 0.233889674547
25386.29 0.225075213735
25481.57 0.228278482193
25576.86 0.224980356127
25672.04 0.233393496289
25767.32 0.235867090838
25862.5 0.243068972313
25957.78 0.251241320085
26053.07 0.254816722235
26148.25 0.253678430938
26243.53 0.246228460335
26338.81 0.231846587604
26433.99 0.229073826753
26529.28 0.21843518117
26624.46 0.218033860521
26719.74 0.21414469859
26815.02 0.217347967047
26910.21 0.210058524704
27005.49 0.215779168144
27100.77 0.208300010585
27195.95 0.213400431204
27291.23 0.206096395382
27386.42 0.205702371472
27481.7 0.207453588851
27576.98 0.205928570383
27672.16 0.202280200842
27767.44 0.199660671511
27862.72 0.195107506324
27957.91 0.200222520421
28053.19 0.195085616107
28148.37 0.201762132367
28243.65 0.193458443291
28338.93 0.189525500926
28434.12 0.185468513996
28529.4 0.187197841159
28624.68 0.18495774226
28719.86 0.1881391205
28815.14 0.180820491201
28910.33 0.177967466219
29005.61 0.174691230371
29100.89 0.175413607541
29196.07 0.172735704297
29291.36 0.174603669502
29386.64 0.171509852132
29481.82 0.168883026062
29577.1 0.1677885152
29672.28 0.167525832593
29767.56 0.165774615213
29862.85 0.165468152171
29958.03 0.161790595674
30053.31 0.159856959817
30148.59 0.15991533373
30243.78 0.158631107651
30339.06 0.152946947906
30434.24 0.158368425044
30529.52 0.154763835937
30624.8 0.154355218549
30719.98 0.149086972931
30815.27 0.146533114253
30910.55 0.148612684891
31005.73 0.151429226177
31101.01 0.147780856636
31196.19 0.150772519659
31291.48 0.15029093488
31386.76 0.151611644654
31481.94 0.148503233805
31577.22 0.146664455556
31672.5 0.147561954463
31767.69 0.154019568551
31862.97 0.156930967445
31958.15 0.172020623867
32053.43 0.175442794497
32148.71 0.1908462107
32243.9 0.203454975834
32339.18 0.230708296307
32434.46 0.25645119179
32529.64 0.293117305679
32624.93 0.330213927174
32720.11 0.366325488892
32815.39 0.354927982446
32910.67 0.349097887919
33005.85 0.314504047929
33101.13 0.270964405825
33196.42 0.241383425585
33291.6 0.209474785577
33386.88 0.192706879166
33482.06 0.189292005275
33577.34 0.182593598798
33672.63 0.183330569445
33767.81 0.183739186834
33863.09 0.188489363976
33958.37 0.190700275918
34053.56 0.190882694395
34148.84 0.183148150968
34244.02 0.186555728119
34339.3 0.177048077095
34434.58 0.177055373834
34529.76 0.170575869529
34625.04 0.170714507572
34720.33 0.162491082626
34815.51 0.166788861945
34910.79 0.15339204899
35005.98 0.158251677219
35101.26 0.150706849008
35196.54 0.152239164215
35291.72 0.144570291439
35387.0 0.145008095784
35482.28 0.137536234964
35577.47 0.140228731685
35672.75 0.138783977347
35767.93 0.133479248034
35863.21 0.133639776294
35958.5 0.135135607806
36053.68 0.133428170861
36148.96 0.134405933898
36244.24 0.129867362188
36339.42 0.130363540446
36434.7 0.1242123894
36529.89 0.123132472015
36625.17 0.123044911146
36720.45 0.12413212527
36815.63 0.120352414425
36910.91 0.119827049211
37006.2 0.118922253565
37101.38 0.123927816575
37196.66 0.12564255026
37291.84 0.125839562215
37387.12 0.125394461131
37482.41 0.123614056795
37577.59 0.119484102474
37672.87 0.120396194859
37768.15 0.120768328553
37863.33 0.118265547047
37958.61 0.118871176391
38053.8 0.118900363348
38149.08 0.113843723163
38244.36 0.120286743773
38339.55 0.111895493828
38434.83 0.112471936216
38530.11 0.108203343853
38625.29 0.109407305801
38720.57 0.107794726464
38815.75 0.111136632964
38911.04 0.107262064511
39006.32 0.108028222115
39101.5 0.108582774285
39196.78 0.107181800381
39292.06 0.106014322128
39387.25 0.106897227557
39482.53 0.103511540623
39577.71 0.106028915606
39672.99 0.104934404744
39768.27 0.10718909712
39863.46 0.111049072095
39958.74 0.11100529166
40054.02 0.114865266635
40149.2 0.125365274175
40244.49 0.140754096899
40339.66 0.157770092439
40434.95 0.163483439141
40530.23 0.145460493607
40625.41 0.123840255706
40720.69 0.112822179692
40815.97 0.102592151498
40911.16 0.10226379824
41006.44 0.0970393330567
41101.63 0.0968423211015
41196.9 0.0983746363088
41292.19 0.0962148015404
41387.37 0.0960396798024
41482.65 0.0975209178361
41577.93 0.0947481569848
41673.11 0.0951567743734
41768.4 0.0918586483082
41863.58 0.0915667787449
41958.86 0.0903190363618
42054.14 0.0918075711346
42149.33 0.0918075711346
42244.6 0.0927488504762
42339.89 0.085109164657
42435.07 0.085816948348
42530.35 0.0831244516266
42625.54 0.0858315418261
42720.81 0.0894872081064
42816.1 0.0899323091904
42911.28 0.0934858211236
43006.57 0.0926539928682
43101.84 0.0960615700197
43197.03 0.0957769971954
43292.31 0.092369420044
43387.49 0.0916324493966
43482.77 0.0866560733425
43578.05 0.0929531591706
43673.24 0.0863569070401
43768.52 0.0864444679091
43863.8 0.0822123592413
43958.98 0.0856783103054
44054.26 0.0815483559848
44149.45 0.0785056157874
44244.73 0.0800817114292
44340.01 0.0791696190439
44435.19 0.0772578734043
44530.48 0.0756234038499
44625.75 0.0752001929831
44720.94 0.0776008201412
44816.22 0.0754774690682
44911.4 0.0750323679842
45006.68 0.0742297266851
45101.97 0.0760976918902
45197.15 0.0734124919079
45292.43 0.0703931012756
45387.71 0.0699085978006
45482.89 0.0692854562829
45578.17 0.0683967134627
45673.36 0.0696298623676
45768.64 0.0686535586784
45863.92 0.0701180142122
45959.1 0.0720640545255
46054.39 0.0736605810367
46149.67 0.0799649636039
46244.85 0.0819423798952
46340.13 0.0857877613917
46435.31 0.0831974190174
46530.59 0.0796147201279
46625.88 0.0801765690373
46721.06 0.0783961647012
46816.34 0.078294010354
46911.62 0.0743172875541
47006.81 0.0762655168891
47102.09 0.0739159669046
47197.27 0.078906936437
47292.55 0.0754336886337
47387.83 0.0712701693133
47483.01 0.072934555498
47578.3 0.0723289261542
47673.58 0.0690643650887
47768.76 0.0710074867064
47864.04 0.0724712125663
47959.23 0.0695539762812
48054.51 0.0685915363962
48149.79 0.0656224932636
48244.97 0.0657071354369
48340.25 0.0678662405314
48435.53 0.0658195052188
48530.72 0.0675108893381
48626.0 0.0622163754599
48722.17 0.0605892026445
49209.39 0.0593392712397
49701.48 0.0580754760306
50198.5 0.056800006039
50700.48 0.0555114019171
51207.49 0.0542103933387
51354.02 0.0538338816021
51651.67 0.0647804495735
51949.33 0.0742224299461
52246.99 0.0870719874702
52544.65 0.0955435015448
52842.4 0.086882272254
53140.06 0.0879986733336
53437.71 0.0915229983104
53735.36 0.0796657973015
54033.02 0.0654028614172
54330.78 0.061444380465
54628.43 0.0635020608862
54926.09 0.0693314257391
55223.75 0.0766011668869
55521.4 0.0749448071152
55819.15 0.0823437005448
56116.81 0.0942738689445
56414.46 0.111625514482
56712.12 0.121716904633
57009.78 0.126664093731
57307.53 0.123679727446
57605.19 0.121636640503
57902.84 0.112668948171
58200.5 0.10607999278
58498.16 0.11124608405
58795.91 0.118338514438
59093.57 0.115908700324
59391.22 0.117959084006
59688.88 0.128079661113
59986.54 0.148933741411
60284.29 0.172640846689
60581.94 0.179331956428
60879.6 0.181987969454
61177.26 0.213064781206
61474.91 0.282843497051
61772.67 0.43012087869
62070.32 0.546314151838
62367.98 0.558762388712
62665.63 0.482971159863
62963.29 0.385603473548
63261.05 0.318415100077
63558.7 0.274853567755
63856.36 0.245367445124
64154.01 0.223615865919
64451.67 0.204272210611
64749.42 0.185534184648
65047.08 0.172086294519
65344.73 0.164110958702
65642.39 0.163877463051
65940.05 0.168605749977
66237.8 0.173633203205
66535.46 0.176559195577
66833.12 0.174800681458
67130.77 0.172064404302
67428.43 0.173662390161
67726.18 0.167452865202
68023.84 0.169649183666
68321.49 0.170612353224
68619.15 0.170517495616
68916.81 0.176179765144
69214.56 0.186220078122
69512.22 0.20452029974
69809.87 0.261471348278
70107.52 0.284390405736
70405.18 0.240318101678
70702.93 0.233378902811
71000.6 0.238209344084
71298.25 0.239289261468
71595.9 0.238968204948
71893.56 0.24682679294
72191.31 0.251664530952
72488.97 0.264630836301
72786.63 0.273635012329
73084.28 0.290658304608
73381.94 0.261252446106
73679.69 0.337831722776
73977.35 0.361721246531
74275.0 0.396096184348
74572.66 0.383414451823
75167.97 0.456586151341
75763.38 0.516309960731
76358.69 0.544811023587
76954.01 0.532545205189
77549.42 0.513508012923
78144.73 0.496455533688
78740.14 0.461613604569
79335.45 0.410974235337
79930.77 0.35807287699
80526.17 0.310935942518
81121.48 0.273014789507
81716.8 0.249205529881
82312.2 0.237815320173
82907.52 0.243112752747
83502.83 0.249468212488
84098.24 0.253532496157
84693.55 0.264426527607
85288.97 0.2807055525
85884.28 0.287177760066
86479.59 0.281070389454
87075.0 0.24444075926
87670.31 0.210547406222
88265.63 0.177281572746
88861.03 0.153625544641
89456.35 0.143658199054
90051.66 0.142271818628
90647.06 0.125730111129
91242.38 0.114974717721
91837.79 0.109925374276
92433.1 0.107685275378
93028.41 0.103555321057
93623.82 0.102008412372
94219.13 0.0997610167344
94814.45 0.0968496178406
95409.86 0.0955653917621
96005.17 0.0950911037217
96600.48 0.0957478102391
97195.89 0.0928728950407
97791.21 0.0885313352866
98386.62 0.0858461353043
98981.93 0.0851456483524
99577.24 0.0857366842181
100172.65 0.0859118059561
100767.96 0.0873711537725
101363.28 0.0881956852888
101958.68 0.0880497505072
102553.99 0.089625846149
103149.3 0.0910924907045
103744.71 0.0926321026509
104340.03 0.0964555939301
104935.45 0.103102923234
105530.75 0.10926137102
106126.06 0.109151919933
106721.48 0.109400009062
107316.79 0.110458036229
107912.1 0.11148687644
108507.51 0.111902790568
109102.82 0.117988270962
109698.14 0.13017382523
110293.54 0.144096003399
110888.86 0.157733608744
111484.27 0.207358731243
112079.57 0.288031478538
112674.89 0.311512384905
113270.3 0.277713889476
113865.61 0.239011985383
114460.92 0.210780901873
115056.33 0.191101596568
115651.64 0.180368093378
116246.95 0.172582472777
116842.36 0.164235003266
117437.68 0.164833335871
118033.09 0.166467805426
118628.4 0.172604362994
119223.71 0.181039393373
119819.13 0.185329875954
120414.44 0.186212781383
121009.75 0.184352112917
121605.15 0.181652319456
122200.47 0.186453573772
122795.79 0.194961571542
123391.19 0.200674918244
123986.5 0.206796882334
124581.91 0.213407727943
125177.22 0.222207595276
125772.54 0.233524837593
126367.95 0.244871266866
126963.26 0.258640213514
127558.57 0.305083957774
128153.99 0.411871734245
128749.29 0.358561758509
129344.6 0.209168322536
129940.02 0.187942108545
130535.32 0.183330569445
131130.63 0.179200615124
131726.05 0.179288175993
132321.36 0.179514374905
132916.78 0.179930289033
133512.08 0.179485187949
134107.39 0.181564758587
134702.81 0.183235711837
135298.12 0.185767680299
135893.43 0.186227374861
136488.84 0.185220424867
137084.15 0.182549818363
137679.46 0.183549471618
138274.88 0.184155100961
138870.19 0.184738840088
139465.6 0.185249611824
140060.91 0.185089083564
140656.22 0.18360784553
141251.64 0.178456347738
141846.95 0.174494218416
142442.26 0.170335077139
143487.19 0.174187755375
144320.72 0.173392410815
145154.23 0.174932022761
145987.75 0.17565439993
146821.17 0.176245435796
147654.68 0.176938626009
148488.19 0.171962249955
149321.61 0.169123818452
150155.12 0.172524098864
150988.64 0.174268019505
151822.06 0.174362877113
152655.57 0.173786434725
153489.1 0.174683933632
154322.52 0.190306252008
155156.03 0.225549501776
155989.54 0.204053308439
156822.95 0.177741267308
157656.47 0.179784354251
158489.99 0.182520631407
159323.5 0.183739186834
160156.92 0.185081786825
160990.45 0.191918831345
161823.94 0.198288884564
162657.38 0.205782635602
163490.88 0.214480348588
164324.39 0.218522742039
165157.82 0.217683617045
165991.32 0.218267356172
166824.85 0.220244772463
167658.25 0.219113777905
168491.78 0.21756686922
169325.29 0.221288206152
170158.7 0.233889674547
170992.23 0.232860834336
171825.74 0.229307322403
172659.25 0.228548461539
173492.67 0.226498077856
174326.2 0.222470277883
175159.7 0.217559572481
175993.13 0.216873679007
176826.64 0.218026563782
177660.16 0.218208982259
178493.58 0.218683270299
179327.07 0.216662073573
180160.6 0.215282989887
180994.02 0.217202032265
181827.53 0.215355957278
182661.05 0.215472705103
183494.45 0.215859432274
184327.98 0.217369857264
185161.51 0.221638449628
185995.02 0.24666626468
186828.42 0.280172890547
187661.95 0.248964737491
188495.45 0.226359439814
189328.88 0.220441784418
190162.39 0.223375073529
190995.91 0.227687446327
191829.33 0.221747900714
192662.86 0.224177714828
193496.35 0.231116913696
194329.77 0.226563748508
195163.28 0.229183277839
195996.8 0.230022402833
196830.23 0.229745126748
197663.73 0.229044639796
198497.26 0.229701346314
199330.77 0.231022056088
200164.17 0.229351102838
200997.7 0.231605795214
202664.63 0.223455337659
204331.66 0.236633248442
205998.61 0.2436454147
207665.52 0.214721140977
209332.55 0.226038383294
210999.48 0.242674948402
212666.52 0.23164227891
214333.45 0.227935535456
216000.39 0.240215947331
217667.43 0.241646108191
219334.36 0.239267371251
221001.28 0.234072093024
222668.3 0.241602327757
224335.25 0.24595118425
226002.27 0.239041172339
227669.21 0.237574527784
229336.14 0.244769112519
231003.18 0.245133949473
232670.11 0.246885166853
234337.04 0.249409838575
236004.05 0.248395591843
237671.0 0.240252431027
239338.02 0.23609328975
241004.96 0.235027965844
242671.89 0.23919440386
244338.93 0.241390722324
246005.86 0.239478976684
247672.79 0.233612398462
249339.83 0.232685712598
251006.77 0.231204474565
252673.78 0.235640891927
254340.71 0.238304201692
256007.64 0.236370565835
257674.68 0.237428593002
259341.61 0.238990095165
261008.55 0.237238877786
262675.57 0.238690928863
264342.5 0.238311498431
266009.53 0.236312191922
267676.46 0.237370219089
269343.42 0.241449096236
271010.45 0.240617267981
272677.35 0.238537697342
274344.28 0.238136376693
276011.34 0.239537350597
277678.27 0.2423757821
279345.29 0.240172166897
281012.23 0.240821576675
282679.16 0.235750343013
284346.18 0.234356665848
286013.12 0.235312538668
287680.05 0.236611358225
289347.07 0.23927466799
291014.01 0.237939364738
292681.03 0.237932067999
294347.99 0.239807329943
296014.93 0.238887940818
297681.95 0.238143673432
299348.88 0.237727759304
301015.82 0.23760371474
302682.84 0.238143673432
304349.77 0.238727412559
306016.8 0.234750689759
307683.73 0.240420256026
309350.66 0.238866050601
311017.69 0.238990095165
312684.65 0.244382385347
314351.58 0.245506083166
316018.61 0.243900800568
317685.51 0.250839999435
319352.57 0.253817068981
321019.5 0.257231942871
322686.43 0.258165925474
324353.45 0.258961270034
326020.39 0.267513048239
327687.32 0.272766700378
329354.37 0.272810480812
331021.31 0.264849738473
332688.3 0.279275391639
334355.23 0.305718774074
336022.2 0.28762286115
337689.19 0.28189492097
339356.12 0.282573517705
341023.06 0.283098882919
342690.11 0.281223620974
344357.01 0.27831951882
