100.07 6.16021639606e-09
101.93 9.0910366822e-09
104.06 1.22352391571e-08
106.0 1.66955638631e-08
107.97 2.32061092257e-08
109.98 3.58597526372e-08
114.1 6.04795188632e-08
118.11 9.56318458486e-08
120.86 3.90485424351e-07
125.11 5.63114003633e-07
127.15 6.52527510326e-07
128.03 7.15507104086e-07
131.01 8.76220517495e-07
131.92 1.07053366361e-06
134.06 1.21229746473e-06
136.87 1.68114112827e-06
140.06 2.00726554805e-06
142.99 6.26053787284e-06
146.99 1.83066790082e-05
151.11 2.16574959531e-05
154.99 2.57993397805e-05
158.96 3.06625427981e-05
161.92 3.46423594784e-05
166.07 4.11716155926e-05
169.94 4.77084356277e-05
173.1 5.32858320158e-05
177.13 6.11801767963e-05
180.01 6.75458133591e-05
182.1 7.22115582319e-05
185.91 8.19610541308e-05
191.12 9.54128902445e-05
194.22 0.000104859829309
197.83 0.000117113381116
201.98 0.000131102653713
204.79 0.00014210218706
210.04 0.000154029295967
215.92 0.000186470554473
219.94 0.000205877983018
223.0 0.000218075800672
227.14 0.000240218183763
229.77 0.000382475630252
234.05 0.000681708320836
240.05 0.000890432726707
246.21 0.000896603293731
251.94 0.00100835027204
257.22 0.000896603293731
260.2 0.00105341531638
263.82 0.00114446103757
268.72 0.00119016304366
273.72 0.0012348299869
278.8 0.00128116895475
283.99 0.00132925956743
289.93 0.00132010324217
296.01 0.001398330108
300.82 0.00143089477784
307.82 0.00150522025291
317.91 0.00162035109055
328.32 0.00170454947286
338.3 0.00176848450925
347.78 0.00183066790082
356.7 0.00188194332229
365.85 0.00194806791473
375.23 0.00198887327731
384.86 0.00197517859952
394.73 0.00207780906268
404.86 0.00213111479975
414.29 0.00215579706785
421.99 0.00216574959531
429.83 0.00218075800672
440.86 0.00221618900447
451.13 0.00222128469853
459.52 0.00223155570687
470.22 0.00224182671521
480.06 0.00226782271693
490.12 0.00224700202949
500.38 0.00228350790021
506.17 0.00226782271693
512.04 0.00238566064205
520.35 0.00239664823236
530.03 0.0023911544372
539.88 0.00234210838188
549.92 0.00237467305173
560.14 0.00246950073336
570.56 0.00255039487655
579.83 0.00253283861811
590.61 0.0026218540237
600.21 0.00257993397805
609.96 0.0024300091044
619.87 0.00282229792673
629.94 0.0028549820269
640.18 0.00296895837137
650.58 0.00305216150092
658.11 0.00305916808025
665.73 0.00324046332045
674.99 0.00336204339589
684.38 0.0032629162224
695.5 0.00370345489784
705.18 0.00349628308626
716.64 0.00408889638128
726.61 0.00427162478543
735.02 0.00444241015662
745.25 0.00466216196292
755.61 0.00488191376922
764.36 0.00476009483312
775.0 0.00542771037507
785.78 0.00547787111346
794.88 0.00595121331942
804.08 0.00631826253211
815.27 0.00663156809652
824.71 0.00710570650467
834.26 0.00610368604009
845.86 0.00764911450393
855.66 0.0078995200948
865.56 0.00852334451594
875.59 0.00904923606687
885.73 0.00962966746828
895.98 0.0101300805489
904.27 0.0103183823685
914.74 0.0125489428226
925.34 0.0531624206753
936.05 0.10879306816
944.71 0.197517859952
955.65 0.278360249997
964.49 0.307330066925
975.66 0.0586960259425
984.69 0.247515376896
996.09 0.270772443062
1005.31 0.408889638128
1014.61 0.405147487803
1024.0 0.192135533103
1035.86 0.288806422818
1045.44 0.552842995296
1055.11 0.544005150912
1064.88 0.424216530415
1074.73 0.512395923702
1084.67 0.403276412641
1094.71 0.547787111346
1104.84 0.529195790053
1115.06 0.507698330741
1125.38 0.453516771254
1135.79 0.592374434363
1146.3 0.541497113992
1154.25 0.580232350863
1164.93 0.596474875676
1175.71 0.401445147589
1183.86 0.584253171956
1194.81 0.404192045167
1205.87 0.294853578502
1214.23 0.221109331041
1225.46 0.419359697015
1233.96 0.628920115193
1245.37 0.689630532693
1254.01 0.658578647021
1265.61 0.572270328896
1274.38 0.744050952839
1286.17 0.78270656949
1295.09 0.611801767963
1304.07 0.608975250165
1316.13 0.773749294777
1325.26 0.740627283393
1334.44 0.654040294499
1343.69 0.788160554538
1356.12 0.764911450393
1365.52 0.683300725229
1374.99 0.718811343203
1384.52 0.727131656159
1394.12 0.614628285761
1403.78 0.634772201339
1413.51 0.677010727875
1426.59 0.696000150267
1436.48 0.699224769163
1443.11 0.73891544867
1446.44 0.750938101841
1456.46 0.728803680772
1466.56 0.672352945024
1473.33 0.677010727875
1483.54 0.694407745873
1493.82 0.70730622146
1504.18 0.667734972283
1511.12 0.593767788207
1518.1 0.637678339357
1525.1 0.620321131468
1535.68 0.534092433563
1546.32 0.57358406252
1553.46 0.549061034861
1564.23 0.570956595271
1575.07 0.613195121807
1585.99 0.64655599385
1593.31 0.658578647021
1604.35 0.649541752088
1615.47 0.651054536262
1626.67 0.620321131468
1634.18 0.664669593826
1645.51 0.675458133591
1653.1 0.630393089257
1664.56 0.684853319513
1672.24 0.610368604009
1676.1 0.696000150267
1683.84 0.723787606932
1695.51 0.681708320836
1703.33 0.657065862847
1715.14 0.621754295422
1723.06 0.618887967514
1735.0 0.663156809652
1743.01 0.649541752088
1755.09 0.69281534148
1763.19 0.639151313421
1775.41 0.649541752088
1783.61 0.666182377999
1795.97 0.710570650467
1804.26 0.70730622146
1816.77 0.651054536262
1825.15 0.667734972283
1833.58 0.643570235612
1846.29 0.592374434363
1854.81 0.59786822952
1863.37 0.61745480356
1876.29 0.666182377999
1884.95 0.613195121807
1893.65 0.591020890629
1906.78 0.628920115193
1915.58 0.604795188632
1924.42 0.591020890629
1933.3 0.611801767963
1946.7 0.640624287485
1955.69 0.59786822952
1969.24 0.658578647021
1973.78 0.677010727875
1982.89 0.643570235612
1996.64 0.627486951239
2005.86 0.64655599385
2015.11 0.627486951239
2024.41 0.654040294499
2033.76 0.621754295422
2043.15 0.64655599385
2057.31 0.604795188632
2066.81 0.614628285761
2076.35 0.667734972283
2085.93 0.680155726552
2095.56 0.643570235612
2105.23 0.648028967914
2114.95 0.658578647021
2124.71 0.663156809652
2134.52 0.621754295422
2144.37 0.640624287485
2154.27 0.664669593826
2164.21 0.642097261548
2174.2 0.639151313421
2184.24 0.636205365293
2194.32 0.663156809652
2204.45 0.64655599385
2214.62 0.610368604009
2224.84 0.599261583365
2235.11 0.643570235612
2245.43 0.618887967514
2255.8 0.585606715691
2266.21 0.596474875676
2276.67 0.614628285761
2287.18 0.637678339357
2292.45 0.596474875676
2303.03 0.610647274778
2313.66 0.579555578996
2324.34 0.467092018708
2335.07 0.531743637082
2345.85 0.511679341725
2356.67 0.562755712645
2367.55 0.510047127222
2373.01 0.528160727197
2383.96 0.485364859123
2394.97 0.516894466114
2406.02 0.499696498664
2417.13 0.51526225161
2422.7 0.561282738581
2433.88 0.543845910473
2445.12 0.577843744273
2456.4 0.575574568012
2467.74 0.564188876599
2473.43 0.541497113992
2484.85 0.534450724551
2496.32 0.495715487681
2507.84 0.580152730643
2513.62 0.494003652958
2519.41 0.503359028769
2525.22 0.4909382745
2536.88 0.510922949638
2542.73 0.505269914041
2554.46 0.564746218137
2566.25 0.53476920543
2572.17 0.571951848017
2584.04 0.559332043199
2595.97 0.545756795745
2607.95 0.525214779069
2613.96 0.513470796668
2626.03 0.548065782115
2632.08 0.602565822481
2644.23 0.676612626776
2656.44 0.732306970437
2662.56 0.617813094548
2674.85 0.657941685263
2687.2 0.675338703262
2693.39 0.617574233889
2705.82 0.654717066367
2712.06 0.594603800514
2724.58 0.580192540753
2737.16 0.619325878722
2743.47 0.510604468759
2756.13 0.540063950038
2762.48 0.577565073504
2775.23 0.606666263794
2788.04 0.537396672679
2794.47 0.426087605577
2807.37 0.455865567735
2813.84 0.588871144697
2826.83 0.662798518663
2833.35 0.643490615393
2846.42 0.60519328973
2852.99 0.53962603883
2866.15 0.672114084365
2872.76 0.710610460577
2886.02 0.68545047116
2892.67 0.70985406849
2912.73 0.814156556261
2932.92 0.764314298746
2953.25 0.744409243828
2966.88 0.77299290269
2987.44 0.775779610379
3008.15 0.793057198047
3029.0 0.801417321113
3050.0 0.813639024833
3071.14 0.831752624808
3092.43 0.83863977381
3106.7 0.866865141684
3128.24 0.846323125008
3149.92 0.845526922812
3171.76 0.872398746951
3186.39 0.803686497374
3208.48 0.858385588289
3230.72 0.7803179629
3253.12 0.907551073936
3268.13 0.982394080429
3290.78 0.968022630778
3313.6 0.956079597827
3321.24 0.960936431227
3328.89 1.01599381313
3336.56 1.03299273003
3344.26 0.96006060881
3351.97 0.925784104241
3359.69 1.02025349488
3367.44 0.986096420643
3375.2 0.841625532048
3382.98 0.871602544754
3390.78 1.01280900434
3398.6 1.02268191158
3406.43 0.992983569645
3414.28 0.998039453594
3422.16 1.07487296558
3430.04 1.01758621752
3437.95 1.02041273532
3445.88 0.82410908372
3453.82 1.05727689703
3461.78 0.925545243582
3469.76 0.971884211432
3477.76 0.909541579428
3485.78 0.961692823314
3493.81 0.927336698525
3501.87 0.964837821991
3509.94 1.00154274326
3518.03 0.930839988191
3526.14 0.929167963578
3534.27 1.02399564521
3542.42 1.11050301388
3550.58 1.09832112027
3558.77 1.04700588869
3566.97 1.08932403545
3575.19 0.912806008435
3583.44 0.860177043231
3591.7 0.8410283804
3599.98 1.07650518008
3605.93 0.309543509032
3608.68 1.51441638828
3611.42 1.20584822694
3614.17 0.545557745196
3616.91 0.529713321481
3619.66 1.58460161192
3622.4 1.20879417507
3625.15 0.541815594871
3627.89 2.19839388538
3633.39 0.100381191952
3636.13 0.986295471192
3638.88 1.86156054605
3641.62 3.03150005392
3644.37 1.0458115854
3647.11 0.174838040379
3649.86 1.80706050569
3652.6 1.85296156233
3655.35 2.93575673976
3658.1 1.04760304034
3660.84 1.2089136054
3663.59 0.96010041892
3666.33 1.70192200561
3669.08 1.72401661657
3671.82 0.39404444817
3674.57 1.33208608523
3677.31 0.428914123375
3682.81 0.74373247196
3685.55 0.183389251972
3688.3 0.601212278747
3691.04 0.336849263368
3693.79 1.32484064524
3696.53 2.0414624324
3699.28 1.49005260106
3702.02 0.330961348123
3704.77 1.01352558632
3707.52 1.15341831228
3710.26 0.950983903768
3713.01 0.896762534171
3715.75 1.81199695931
3718.5 2.20281280757
3721.24 1.05707784648
3723.99 1.26544396136
3726.74 0.678404081719
3729.48 0.77311233302
3732.23 1.17742380852
3734.97 1.21090411089
3737.72 0.976979905491
3740.46 0.797078019141
3745.95 0.781631696524
3748.7 1.12395883101
3751.45 1.3501598751
3754.19 2.12677549778
3756.94 1.66334600918
3759.68 1.18335551488
3762.43 1.37806676209
3765.17 1.11754940332
3767.92 1.36130670585
3770.66 0.877852731999
3773.41 0.773430813898
3776.16 1.21707467791
3778.9 1.8852475614
3781.65 2.05607274271
3784.39 1.42723224774
3787.14 0.973197945056
3789.88 1.47122241911
3792.63 1.45629362792
3795.37 1.45127755408
3798.12 1.45716945034
3800.87 1.86601927835
3803.61 2.04098471108
3806.36 2.09950557254
3809.1 1.44805293518
3811.85 1.83592283532
3814.59 1.9426935499
3817.34 1.90686445105
3820.08 0.891228928904
3822.83 0.60762170643
3825.58 0.860336283671
3828.32 0.929088343358
3831.07 0.630154228598
3833.81 0.600017975452
3836.56 1.16169881513
3839.3 1.45366616067
3842.05 0.492331628345
3844.79 1.17228830435
3847.54 1.50362784851
3850.29 1.56732402425
3853.03 1.55972029327
3855.78 1.27292826201
3858.52 0.560685586933
3861.27 1.7577357796
3864.01 1.60617869145
3866.76 1.60972179123
3869.5 1.13462794044
3872.25 1.00508584304
3875.0 0.827492943056
3877.74 1.31066824614
3880.49 0.736725892629
3883.23 1.30306451516
3885.98 1.23642239129
3888.72 0.748867976129
3891.47 0.515739972928
3894.21 1.61215020793
3896.96 1.21305385682
3899.71 1.89153755876
3902.45 1.45494008418
3905.2 0.913243919643
3907.94 1.39582207108
3910.69 1.32030229272
3913.43 0.986096420643
3916.18 1.4056153581
3918.92 2.01200295112
3921.67 1.96773410898
3924.42 0.825582057784
3927.16 1.38121176077
3929.91 1.40593383898
3932.65 0.995929517773
3935.4 1.16826748325
3938.14 1.71271054537
3940.89 1.04708550891
3943.63 1.13259762484
3946.38 0.885934184295
3949.13 1.53953656759
3951.87 1.43081515762
3954.62 1.73818901567
3957.36 1.26142314027
3960.11 1.36023183288
3962.85 1.70538548516
3965.6 1.03577943772
3968.35 1.01153508083
3971.09 0.746399749319
3973.84 1.21639790605
3976.58 1.36492942584
3979.33 1.16424666216
3982.07 1.26807142861
3984.82 1.75904951322
3987.56 1.77222665958
3990.31 1.71971712471
3993.06 1.86327238077
3995.8 2.03791933263
3998.55 1.8965536326
4001.29 2.18354471441
4004.04 1.82270587885
4006.78 1.48591234964
4009.53 1.21524341286
4012.27 0.719926026278
4015.02 0.9017387979
4017.77 1.37066208166
4020.51 1.29884464352
4023.26 1.10190403016
4026.0 1.34864709092
4028.75 1.84388485728
4031.49 1.9839766338
4034.24 1.54208441462
4036.98 1.29617736616
4039.73 1.51294341422
4042.48 1.67950891377
4045.22 1.82334284061
4047.97 1.41548826534
4050.71 1.31711748393
4053.46 1.66290809797
4056.2 2.17586136321
4058.95 1.83313612763
4061.69 1.41771763149
4064.44 1.37253315682
4067.19 1.26468756928
4069.93 1.50227430478
4072.68 1.8391076441
4075.42 1.53949675748
4078.17 1.49367532106
4080.91 1.26345345587
4083.66 1.23813422602
4086.4 1.77895456814
4089.15 1.99173960522
4091.9 1.85941080012
4094.64 1.80260177338
4097.39 1.39136333878
4100.13 1.46429546
4102.88 1.48336450261
4105.62 1.51457562872
4108.37 1.2048927843
4111.11 1.47974178261
4113.86 1.86793016363
4116.61 1.64793949667
4119.35 1.69073536474
4122.1 2.0738280517
4124.84 1.76402577695
4127.59 1.63209507296
4130.33 2.18951623088
4133.08 2.12753188987
4135.82 1.80968797294
4138.57 1.5133017052
4141.32 1.47910482086
4144.06 1.73337199238
4146.81 1.69093441529
4149.55 1.43614971234
4152.3 1.66657062807
4155.04 1.75204293389
4157.79 1.60729337453
4160.53 1.26504586027
4163.28 1.54272137637
4166.03 2.16156953378
4168.77 1.6941988443
4171.52 1.36652183024
4174.26 1.68643587288
4177.01 1.80248234305
4179.75 1.7747346965
4182.5 1.77776026485
4185.25 1.67337815686
4187.99 1.23498922734
4190.74 1.6424058914
4193.48 2.15444352412
4196.23 1.89671287304
4198.97 2.1086220877
4201.72 1.85013504453
4204.46 2.01307782409
4207.21 2.2575915187
4209.96 1.98907232786
4212.7 1.80148709031
4215.45 2.0872042486
4218.19 1.63102019999
4220.94 1.68870504914
4223.68 1.77485412683
4226.43 1.54455264143
4229.17 1.96247917449
4231.92 1.62449134198
4234.67 1.71983655503
4237.41 1.74264774797
4240.16 1.89058211612
4242.9 1.64407791602
4245.65 2.03831743372
4248.39 1.65263708963
4251.14 2.09922690177
4253.88 1.97068005711
4256.63 1.6176838132
4259.38 1.46970963493
4262.12 1.65462759512
4264.87 2.07016552159
4267.61 1.90069388402
4270.36 1.78954405736
4273.1 1.91036774071
4275.85 1.69443770496
4278.59 1.38929321306
4281.34 2.05288793392
4284.09 1.62445153187
4286.83 1.22531537065
4289.58 1.50828563137
4292.32 1.42130054137
4295.07 1.65968347907
4297.81 1.51867607003
4300.56 1.56855813766
4303.3 1.68723207508
4306.05 1.64348076437
4308.8 1.67138765136
4311.54 1.43017819587
4314.29 2.14453080677
4317.03 2.06483096688
4319.78 1.8148234771
4322.52 1.75435192026
4325.27 1.25389902951
4328.01 1.6428039925
4330.76 2.01431193749
4333.51 2.03541129571
4336.25 1.77226646969
4339.0 1.35119493795
4341.74 1.79300753691
4344.49 1.79129570219
4347.23 1.98298138105
4349.98 1.51393866696
4352.72 1.83974460586
4355.47 1.94344994198
4358.22 2.08867722267
4360.96 2.26901702023
4363.71 1.85423548584
4366.45 2.27240087956
4369.2 1.89444369678
4371.94 1.97971695205
4374.69 2.19250198912
4377.43 1.72728104557
4380.18 1.44510698706
4382.93 1.81713246347
4385.67 1.56923490952
4388.42 1.97625347249
4391.16 1.76844469914
4393.91 1.81840638699
4396.65 1.89523989897
4399.4 1.97087910766
4402.14 1.85304118255
4404.89 1.77238590002
4407.64 2.02987769044
4410.38 1.79181323362
4413.13 1.90985020928
4415.87 2.22176241985
4418.62 1.89480198777
4421.36 1.83882897334
4424.11 2.17442819925
4426.86 1.76255280289
4429.6 1.91661792796
4432.35 1.90296306028
4435.09 2.09385253695
4437.84 1.76307033432
4440.58 1.92752589805
4443.33 2.262050251
4446.07 1.99966181707
4448.82 2.0090968131
4451.57 1.73723357303
4454.31 1.75801445037
4457.06 2.0390340157
4459.8 1.74228945698
4462.55 1.90833742511
4465.29 1.83998346652
4468.04 1.9625189846
4470.78 2.30671719424
4473.53 2.00197080344
4476.28 1.94002627254
4479.02 1.92434108926
4481.77 2.22128469853
4484.51 2.03827762361
4487.26 1.82676651005
4490.0 2.00690725706
4492.75 2.00077650015
4495.49 1.74595198709
4498.24 1.97378524568
4500.99 2.05241021261
4503.73 2.19994647966
4506.48 2.12984087624
4509.22 1.97091891777
4511.97 2.00937548387
4514.71 1.88687977591
4517.46 2.19234274868
4520.2 1.83309631752
4522.95 1.89559818996
4525.7 1.51756138696
4528.44 1.78353273077
4531.19 2.11933100724
4533.93 1.78639905868
4536.68 1.85606675089
4539.42 1.88998496447
4542.17 2.05491824953
4544.91 2.05010122624
4547.66 1.94579873847
4550.41 1.81171828854
4553.15 2.02303035155
4555.9 2.35094622627
4558.64 1.98087144523
4561.39 1.8860437636
4564.13 1.97175493008
4566.88 2.37952988513
4569.62 1.93600545145
4572.37 2.11690259054
4575.12 1.85558902958
4577.86 2.01307782409
4580.61 2.01451098804
4583.35 2.29047466943
4586.1 2.10603443056
4588.84 1.908297615
4591.59 1.73217768908
4594.33 1.99846751378
4597.08 1.86104301462
4599.83 1.94985936967
4602.57 2.019208581
4605.32 1.99022682104
4608.06 2.40421215323
4610.81 2.15428428368
4613.55 2.34433774804
4616.3 2.01530719024
4619.04 2.12040588021
4621.79 2.34270553353
4624.54 2.22303634336
4627.28 2.26177158024
4630.03 2.3749517225
4632.77 1.97147625931
4635.52 2.22080697721
4638.26 2.42427644859
4641.01 2.18338547397
4643.75 2.1600567496
4646.5 1.74021933127
4649.25 2.00280681575
4651.99 2.25707398727
4654.74 2.01033092651
4657.48 1.93954855122
4660.23 1.94555987781
4662.97 1.95467639296
4665.72 1.86777092319
4668.47 1.75932818399
4671.21 1.78460760374
4673.96 1.90455546467
4676.7 2.12371011932
4679.45 1.98170745754
4682.19 1.85889326869
4684.94 2.1470786538
4687.68 2.21451697986
4690.43 2.13792232853
4693.18 2.03776009219
4695.92 1.93795614683
4698.67 1.83855030257
4701.41 1.82206891709
4704.16 2.05913812117
4706.9 2.14457061688
4709.65 2.262050251
4712.39 2.18621199177
4715.14 2.12259543625
4717.89 1.98401644391
4720.63 2.16710313904
4723.38 2.25731284793
4726.12 2.45449232195
4728.87 1.94950107868
4731.61 1.80909082129
4734.36 1.88066939877
4737.1 2.04675717701
4739.85 2.13808156897
4742.6 2.1855352199
4745.34 2.06952855984
4748.09 2.16356003927
4750.83 2.30807073797
4753.58 2.21821932007
4756.32 2.12538214394
4759.07 2.22685811391
4761.81 2.2385622862
4764.56 2.12844752239
4767.31 2.23649216049
4770.05 2.10249133078
4772.8 2.08764215981
4775.54 2.02338864254
4778.29 2.21969229414
4781.03 2.32817484344
4783.78 2.29947175425
4786.52 2.21212837327
4789.27 1.89420483612
4792.02 1.93429361672
4794.76 1.99671586895
4797.51 2.02752889396
4800.25 2.09576342222
4803.0 2.11694240065
4805.74 2.20404692097
4808.49 2.19409439351
4811.23 2.14369479446
4813.98 2.18374376496
4816.73 2.22960501149
4819.47 2.00491675157
4822.22 1.97804492743
4824.96 2.12800961119
4827.71 2.00360301795
4830.45 2.19059110385
4833.2 2.04257711548
4835.94 2.08127254224
4838.69 2.18585370078
4841.44 2.12534233383
4844.18 2.12064474087
4846.93 2.11300119978
4849.67 2.12486461251
4852.42 2.07741096158
4855.16 1.9228681152
4857.91 1.96753505844
4860.65 2.36476033438
4863.4 2.5453389926
4866.15 2.12518309339
4868.89 1.96427062943
4871.64 1.84571612234
4874.38 1.72122990888
4877.13 1.91450799213
4879.87 2.09878899057
4882.62 2.01586453178
4885.37 1.93134766859
4888.11 2.07048400247
4890.86 2.04938464426
4893.6 1.99118226368
4896.35 2.21575109326
4899.09 2.39565297961
4901.84 2.18314661331
4904.58 2.1082239866
4907.33 1.99994048784
4910.08 1.84237207311
4912.82 2.09444968859
4915.57 2.09632076376
4918.31 1.93588602112
4921.06 1.97079948744
4923.8 1.8880740792
4926.55 2.07255412818
4929.29 2.28928036613
4932.04 2.12418784064
4934.79 1.94532101715
4937.53 1.89838489765
4940.28 2.06319875237
4943.02 2.14894972896
4945.77 1.99150074456
4948.51 2.12124189251
4951.26 2.29939213403
4954.0 2.27267955033
4956.75 2.07287260906
4959.5 2.19859293593
4962.24 2.15794681378
4964.99 1.94810772484
4967.73 1.974262967
4970.48 2.31193231863
4973.22 2.18589351089
4975.97 2.14807390654
4978.71 2.20878432404
4981.46 2.20770945108
4984.21 2.23354621236
4986.95 2.00861909179
4989.7 1.9831804316
4992.44 1.91972311652
4995.19 2.00969396475
4997.93 2.28561783603
5000.68 2.17355237684
5003.42 2.07052381258
5006.17 2.18943661066
5008.92 2.06984704071
5011.66 2.2005038212
5014.41 2.14914877951
5017.15 1.87617085636
5019.9 1.84054080806
5022.64 1.89906166952
5025.39 1.71470105087
5028.13 1.94699304176
5030.88 2.0803170996
5033.63 2.04612021525
5036.37 1.91514495389
5039.12 1.64917361008
5041.86 1.56879699832
5044.61 1.86840788494
5047.35 2.06419400512
5050.1 2.19652281021
5052.84 2.07207640687
5055.59 2.09620133343
5058.34 1.99146093445
5061.08 2.10563632946
5063.83 2.41436373124
5066.57 2.1657097852
5069.32 2.06184520864
5072.06 2.05666989436
5074.81 1.95192949538
5077.55 2.0430946469
5080.3 2.23645235038
5083.05 2.16479415267
5085.79 2.01347592519
5088.54 1.99142112434
5091.28 1.92728703739
5094.03 1.74424015236
5096.77 1.85375776452
5099.52 1.85200611969
5102.26 1.95149158417
5105.01 2.13561334216
5107.76 1.93329836398
5110.5 1.87410073065
5113.25 2.18784420627
5115.99 2.14863124808
5118.74 2.07669437961
5121.48 2.03381889131
5124.23 1.95244702681
5126.98 2.16268421685
5129.72 2.00774326937
5132.47 1.89830527743
5135.21 2.00893757267
5137.96 2.04584154448
5140.7 2.08342228817
5143.45 2.04990217569
5146.19 1.80061126789
5148.94 1.94344994198
5151.69 1.83325555796
5154.43 1.88879066118
5157.18 2.10253114089
5159.92 1.96462892042
5162.67 1.85849516759
5165.41 1.89631477194
5168.16 1.7528789462
5170.9 1.79073836065
5173.65 1.71135700164
5176.4 1.81219600985
5179.14 1.8496175131
5181.89 1.83417119048
5184.63 1.81446518612
5187.38 1.80339797558
5190.12 1.82772195269
5192.87 1.98688277182
5195.61 1.97374543557
5198.36 2.03485395417
5201.11 1.8127931615
5203.85 1.89707116403
5206.6 1.852842132
5209.34 1.9058691983
5212.09 2.11196613692
5214.83 1.72994832293
5217.58 1.91207957543
5220.32 2.10750740462
5223.07 2.09942595232
5225.82 1.9876391639
5228.56 2.1231925879
5231.31 2.13537448151
5234.05 2.15078099401
5236.8 1.93417418639
5239.54 1.83480815224
5242.29 1.90495356577
5245.03 1.99512346455
5247.78 2.28386619119
5250.53 2.15336865115
5253.27 2.32347725048
5256.02 2.21240704404
5258.76 2.14190333952
5261.51 1.90256495918
5264.25 2.0264938311
5267.0 1.7816218455
5269.74 1.91223881587
5272.49 1.81876467798
5275.24 1.95204892571
5277.98 2.21017767789
5280.73 2.12574043492
5283.47 2.13318492546
5286.22 2.04564249393
5288.96 2.1090599989
5291.71 2.05149458008
5294.45 2.04719508822
5297.2 2.13740479711
5299.95 2.08091425125
5302.69 2.0511760992
5305.44 2.38032608733
5308.18 2.04297521658
5310.93 2.21690558645
5313.67 2.13433941865
5316.42 2.23963715917
5319.16 2.1879636366
5321.91 2.23999545015
5324.66 2.00332434718
5327.4 1.97012271558
5330.15 2.2786112567
5332.89 2.22566381061
5335.64 2.3595850201
5338.38 2.29688409711
5341.13 2.18418167616
5343.87 2.30416934721
5346.62 2.2195330537
5349.37 2.24576791608
5352.11 2.25058493937
5354.86 2.26300569364
5357.6 2.50329951661
5360.35 2.31455978588
5363.09 2.13609106348
5365.84 2.14480947754
5368.59 2.15448333423
5371.33 2.0891947541
5374.08 2.36002293131
5376.82 2.054002617
5379.57 2.27912878812
5382.31 2.35978407065
5385.06 2.46221548326
5387.8 2.22781355655
5390.55 2.23792532444
5393.3 2.17681680584
5396.04 2.03182838582
5398.79 2.48936597817
5401.53 2.04054679988
5404.28 1.88226180317
5407.02 2.30365181578
5409.77 2.18692857374
5412.51 1.84599479311
5415.26 1.9694061336
5418.01 2.0600537537
5420.75 2.20540046471
5423.5 1.97442220744
5426.24 2.03624730801
5428.99 2.20277299746
5431.73 2.22960501149
5434.48 2.10679082264
5437.22 2.18780439616
5439.97 2.17896655178
5442.72 2.12828828195
5445.46 1.99548175554
5448.21 2.32077016301
5450.95 2.25165981234
5453.7 2.237766084
5456.44 2.28947941668
5459.19 2.33804775068
5461.93 2.03210705659
5464.68 2.12872619316
5467.43 1.99731302059
5470.17 2.00336415729
5472.92 2.03847667416
5475.66 2.04397046932
5478.41 2.31631143071
5481.15 2.10436240594
5483.9 1.85638523177
5486.64 2.13581239271
5489.39 2.31877965752
5492.14 2.21511413151
5494.88 2.18394281551
5497.63 2.31690858236
5500.37 2.30253713271
5503.12 2.40556569696
5505.86 2.20591799614
5508.61 2.07968013784
5511.35 2.02828528605
5514.1 2.11208556725
5516.85 2.04488610185
5519.59 1.9414992466
5522.34 1.84404409772
5525.08 1.88393382778
5527.83 2.08449716113
5530.57 1.81908315886
5533.32 2.15523972631
5536.06 2.0224331999
5538.81 1.84364599663
5541.56 1.81876467798
5544.3 2.21129236096
5547.05 2.17633908453
5549.79 2.23454146511
5552.54 2.19560717769
5555.28 2.21583071348
5558.03 2.07362900115
5560.77 2.17832959002
5563.52 2.1377630881
5566.27 1.98341929226
5569.01 2.32176541576
5571.76 2.06459210622
5574.5 1.78309481956
5577.25 2.01104750849
5579.99 2.2669070844
5582.74 2.24588734641
5585.49 2.09715677606
5588.23 2.1187736657
5590.98 2.08979190574
5593.72 1.99146093445
5596.47 1.89711097414
5599.21 2.14246068106
5601.96 1.93903101979
5604.7 2.18911812978
5607.45 1.98051315424
5610.2 2.0989084209
5612.94 2.14492890787
5615.69 2.43287543231
5618.43 2.10551689913
5621.18 2.09226013255
5623.92 2.12171961383
5626.67 1.76111963893
5629.41 2.16582921553
5632.16 2.26857910902
5634.91 2.32021282147
5637.65 2.17840921024
5640.4 1.83978441597
5643.14 1.93803576705
5645.89 2.06443286578
5648.63 2.03365965087
5651.38 2.15798662389
5654.12 2.02096022584
5656.87 2.22423064666
5659.62 2.06295989171
5662.36 1.87565332493
5665.11 1.98202593842
5667.85 2.07681380994
5670.6 1.93317893365
5673.34 2.09468854925
5676.09 2.24234424664
5678.83 2.21503451129
5681.58 2.16180839444
5684.33 2.32713978059
5687.07 2.11109031451
5689.82 2.1835049043
5692.56 2.23135665632
5695.31 2.18569446034
5698.05 2.12621815624
5700.8 2.04564249393
5703.54 2.11411588285
5706.29 1.925694633
5709.04 1.88062958866
5711.78 1.87609123614
5714.53 2.00113479114
5717.27 2.15328903093
5720.02 2.19094939484
5722.76 2.2049625535
5725.51 2.20070287175
5728.25 2.16156953378
5731.0 2.09703734573
5733.75 2.17315427574
5736.49 2.16387852015
5739.24 2.18585370078
5741.98 2.21985153458
5744.73 2.22339463435
5747.47 2.14600378083
5750.22 2.05006141613
5752.96 2.02318959199
5755.71 2.18143477859
5758.46 2.18601294122
5761.2 2.12781056064
5763.95 2.26463790814
5766.69 2.29807840041
5769.44 2.20372844009
5772.18 2.08366114883
5774.93 2.14624264149
5777.67 2.23135665632
5780.42 2.0717977361
5783.17 2.06837406665
5785.91 2.04126338185
5788.66 2.18163382914
5791.4 2.13433941865
5794.15 2.14879048852
5796.89 2.14285878215
5799.64 2.06303951193
5802.38 2.24202576576
5805.13 2.26340379474
5807.88 2.05993432337
5810.62 2.08306399718
5813.37 2.33219566454
5816.11 2.28800644262
5818.86 2.20070287175
5821.6 2.20747059042
5824.35 2.40743677213
5827.1 2.29533150283
5829.84 2.12554138438
5832.59 2.28358752043
5835.33 2.32491041444
5838.08 2.28816568306
5840.82 2.37124938228
5843.57 2.41519974354
5846.31 2.43785169604
5849.06 2.06948874973
5851.81 1.96299670591
5854.55 2.25257544486
5857.3 2.19508964626
5860.04 2.25376974816
5862.79 2.20934166558
5865.53 2.35962483021
5868.28 2.30747358633
5871.02 2.1871674344
5873.77 2.22813203742
5876.52 2.22462874776
5879.26 1.61748476265
5882.01 2.16137048323
5884.75 1.74786287236
5887.5 2.31726687335
5890.24 1.95722423999
5892.99 1.77346077298
5895.73 1.72186687064
5898.48 1.80586620239
5901.23 2.03234591725
5903.97 2.14902934918
5906.72 2.2681013877
5909.46 1.99476517356
5912.21 1.88962667349
5914.95 2.06487077699
5917.7 2.37224463503
5920.44 2.16961117596
5923.19 1.70096656297
5925.94 1.94858544615
5928.68 2.06264141083
5931.43 2.26240854199
5934.17 1.98485245621
5936.92 1.90726255214
5939.66 2.18740629506
5942.41 2.14926820984
5945.15 2.3340667397
5947.9 2.00595181443
5950.65 1.79714778834
5953.39 2.13199062217
5956.14 2.17932484276
5958.88 2.0422586346
5961.63 2.17518459134
5964.37 1.95551240527
5967.12 1.89687211348
5969.86 1.94006608265
5972.61 2.07004609126
5975.36 2.15026346258
5978.1 2.0305146522
5980.85 2.37789767063
5983.59 1.97044119645
5986.34 2.36265039856
5989.08 2.15098004456
5991.83 2.05233059239
5994.57 2.3053238404
5997.32 2.04974293525
6000.07 2.29190783338
6002.81 2.46002592722
6005.56 2.35572343945
6008.3 2.13513562085
6011.05 2.06773710489
6013.79 2.41496088289
6016.54 2.15890225642
6019.28 1.97565632084
6022.03 2.0110873186
6024.78 2.24130918378
6027.52 2.29186802327
6030.27 2.17180073201
6033.01 2.40946708773
6035.76 2.37562849437
6038.5 2.30783187732
6041.25 2.15894206653
6043.99 2.286334418
6046.74 2.2503062686
6049.49 2.16029561026
6052.23 2.21650748535
6054.98 2.1393953026
6057.72 2.29628694546
6060.47 2.33227528476
6063.21 2.52798178471
6065.96 2.23848266598
6068.71 2.33784870013
6071.45 2.11248366835
6074.2 2.16710313904
6076.94 2.21029710822
6079.69 2.16053447092
6082.43 2.17598079354
6085.18 2.15324922082
6087.92 2.21889609194
6090.67 2.42551056199
6093.42 2.14739713468
6096.16 2.08684595761
6098.91 2.14309764281
6101.65 2.13501619052
6104.4 1.98771878412
6107.14 2.0139536465
6109.89 2.12092341163
6112.63 2.20878432404
6115.38 2.04898654316
6118.13 2.00435941003
6120.87 2.21794064931
6123.62 1.95583088614
6126.36 1.95575126592
6129.11 2.1487108683
6131.85 2.01984554276
6134.6 2.10810455627
6137.34 2.20205641548
6140.09 2.02573743902
6142.84 2.0212388966
6145.58 2.23382488313
6148.33 2.15066156368
6151.07 1.98250365973
6153.82 2.10826379671
6156.56 1.98178707776
6159.31 1.79905867361
6162.05 1.90746160269
6164.8 1.85029428497
6167.55 1.83150391313
6170.29 2.00929586365
6173.04 1.92716760706
6175.78 1.9451219666
6178.53 2.07693324027
6181.27 2.00957453442
6184.02 1.98270271028
6186.76 2.12530252372
6189.51 2.14827295709
6192.26 2.08943361475
6195.0 2.03302268912
6197.75 1.92788418904
6200.49 2.00101536081
6203.24 2.22056811655
6205.98 2.20854546338
6208.73 2.15631459928
6211.47 2.07526121565
6214.22 2.08672652729
6216.97 2.11630543889
6219.71 1.9831804316
6222.46 2.05452014843
6225.2 2.05842153919
6227.95 2.17020832761
6230.69 2.18016085507
6233.44 2.01471003859
6236.18 2.36758685218
6238.93 2.140629416
6241.68 2.22713678468
6244.42 2.04373160866
6247.17 1.67210423334
6249.91 1.81569929952
6252.66 2.12506366306
6255.4 2.1151111356
6258.15 2.213481917
6260.89 2.15301036016
6263.64 2.07195697654
6266.39 2.11531018615
6269.13 1.90598862863
6271.88 1.91088527214
6274.62 2.03636673834
6277.37 1.77509298749
6280.11 1.91856862334
6282.86 2.06594564995
6285.61 1.87135383307
6291.1 0.547667681017
6293.84 1.17204944369
6296.59 2.10507898792
6299.33 1.99862675422
6302.08 2.04078566053
6304.82 2.32865256476
6307.57 2.43203942
6310.32 1.63731019734
6313.06 2.3061598527
6315.81 2.01196314101
6318.55 1.92362450729
6321.3 2.31523655775
6324.04 1.89141812843
6326.79 2.17434857903
6329.53 1.84050099795
6332.28 1.86725339176
6335.03 2.26511562946
6337.77 1.99424764214
6340.52 2.05448033832
6343.26 2.09703734573
6346.01 1.82214853731
6348.75 2.0641143849
6351.5 1.83859011268
6354.24 1.9358064009
6356.99 2.04325388734
6359.74 2.00125422147
6362.48 1.96582322371
6365.23 2.04623964558
6367.97 1.83934650476
6370.72 1.80885196063
6373.46 2.0284843366
6376.21 2.2600199354
6378.95 1.98608656962
6381.7 2.31515693753
6384.45 2.27900935779
6387.19 2.30042719689
6389.94 2.01228162189
6392.68 2.18012104496
6395.43 2.23179456753
6398.17 2.24274234773
6400.92 2.26754404616
6403.66 2.01924839111
6406.41 1.89396597546
6409.16 2.0515742003
6411.9 2.03879515504
6414.65 1.98624581006
6417.39 1.86617851879
6420.14 1.79141513252
6422.88 1.85738048452
6425.63 2.11519075582
6428.37 2.09914728155
6431.12 1.96001094768
6433.87 1.95272569758
6436.61 1.97302885359
6439.36 1.90403793325
6442.1 1.86004776188
6444.85 2.01387402629
6447.59 2.06176558842
6450.34 2.23462108533
6453.08 1.83612188587
6455.83 1.8221087272
6458.58 1.98393682369
6461.32 2.02028345397
6464.07 2.26304550375
6466.81 2.11694240065
6469.56 2.01335649486
6472.3 2.09572361211
6475.05 2.11037373253
6477.79 1.95177025494
6480.54 1.95937398592
6483.29 1.7160545946
6486.03 1.76729020596
6488.78 1.83444986125
6491.52 1.61625064924
6494.27 1.86956237813
6497.01 1.67294024565
6499.76 1.77131102705
6502.5 1.89456312711
6505.25 2.08421849037
6508.0 2.02824547594
6510.74 1.89579724051
6513.49 2.11192632681
6516.23 2.00049782938
6518.98 2.15838472499
6521.72 2.03748142142
6524.47 2.01260010277
6527.22 2.06423381523
6529.96 2.21240704404
6532.71 2.14644169204
6535.45 2.04006907856
6538.2 1.84424314827
6540.94 2.03350041043
6543.69 2.19620432934
6546.43 2.88372492621
6549.18 2.10034158485
6551.93 2.0989084209
6554.67 1.9868031516
6557.42 3.03432657172
6560.16 3.70413166971
6562.91 3.72988881078
6565.65 3.01868119855
6568.4 2.67173609133
6571.14 2.34445717837
6573.89 2.02016402364
6576.64 2.34433774804
6579.38 2.9051427653
6582.13 2.8715430326
6584.87 2.7566112455
6587.62 2.53964614689
6590.36 2.23585519873
6593.11 2.07928203675
6595.85 2.15830510477
6598.6 2.03776009219
6601.35 1.93791633672
6604.09 2.09198146178
6606.84 2.19150673637
6609.58 2.17972294386
6612.33 2.32427345268
6615.07 2.2867325191
6617.82 2.10551689913
6620.56 2.04890692294
6623.31 2.30560251117
6626.06 2.2268183038
6628.8 2.26738480572
6631.55 2.36702951064
6634.29 2.17132301069
6637.04 2.03039522187
6639.78 2.00169213268
6642.53 2.17546326211
6645.27 2.23756703345
6648.02 2.1794840832
6650.77 2.2029322379
6653.51 2.1078258855
6656.26 1.97693024436
6659.0 1.96100620042
6661.75 2.10356620375
6664.49 1.96669904613
6667.24 2.05153439019
6669.98 2.20058344142
6672.73 2.19835407527
6675.48 2.1462824516
6678.22 1.98799745489
6680.97 1.94699304176
6683.71 1.98337948215
6686.46 1.90682464094
6689.2 2.00670820651
6691.95 1.7613983097
6694.69 1.68436574717
6697.44 2.0936534864
6700.19 2.39692690313
6702.93 2.19751806296
6705.68 1.90491375566
6708.42 2.05002160602
6711.17 2.15412504324
6713.91 2.23888076708
6716.66 2.3680645735
6719.4 2.13947492282
6722.15 2.10145626792
6724.9 2.11738031186
6727.64 2.32443269312
6730.39 2.42049448815
6733.13 1.89993749193
6735.88 2.23350640225
6738.62 1.95288493802
6741.37 2.081909504
6744.11 1.96323556657
6746.86 1.79909848372
6749.61 1.92378374773
6752.35 1.96809239997
6755.1 2.04444819064
6757.84 1.83397213994
6760.59 2.0414624324
6763.33 1.90961134862
6766.08 1.81072303579
6768.83 2.1203660701
6771.57 2.23828361543
6774.32 2.39664823236
6777.06 1.95013804044
6779.81 1.98314062149
6782.55 2.04405008954
6785.3 1.96916727294
6788.04 1.97768663644
6790.79 2.04643869613
6793.54 1.70534567505
6796.28 1.75749691894
6799.03 1.95423848175
6801.77 1.90013654248
6804.52 1.92501786113
6807.26 2.01355554541
6810.01 2.05913812117
6812.75 1.99862675422
6815.5 1.65064658414
6818.25 1.46039406923
6828.1 2.0115252298
6843.84 2.0163820632
6859.61 1.97529802985
6875.43 1.98465340567
6891.28 1.9086957161
6907.16 1.97147625931
6923.09 1.96721657756
6939.04 2.01793465749
6955.04 2.022831301
6971.07 2.03242553747
6987.14 1.96367347778
7003.25 2.0329430689
7019.39 2.01455079815
7035.58 2.01482946892
7051.79 2.07151906533
7068.05 1.92907849233
7084.34 2.00173194279
7100.67 1.89436407656
7117.04 1.88588452316
7133.45 1.86454630429
7149.89 1.89074135656
7166.38 1.89098021722
7182.9 1.8524440309
7199.46 1.79392316944
7216.05 1.81490309732
7232.68 1.94050399386
7249.36 1.90973077895
7266.07 1.96801277975
7282.82 1.91462742246
7299.61 1.85415586562
7316.44 1.93731918507
7333.3 1.94651532044
7350.21 2.03385870142
7367.15 2.02478199638
7384.13 2.06268122094
7401.16 2.02999712077
7418.22 2.01164466013
7435.32 2.10189417913
7452.46 2.02147775726
7469.64 1.98485245621
7486.86 2.07390767192
7504.12 2.04102452119
7521.42 2.07924222664
7538.76 2.06045185479
7556.13 2.10388468462
7573.55 2.07052381258
7591.01 2.07084229346
7608.51 2.04739413877
7626.05 1.94205658814
7643.63 2.02920091857
7661.25 1.96510664174
7678.91 1.97442220744
7696.61 1.96112563075
7714.36 1.95236740659
7732.14 1.92143495125
7749.96 1.90849666555
7767.83 1.9131544484
7785.73 1.91343311917
7803.68 1.92250982421
7821.67 1.96757486855
7839.7 1.8836153469
7857.77 1.92776475871
7875.89 1.97294923337
7894.05 1.95965265669
7912.24 1.93305950332
7930.48 1.89802660666
7948.76 1.86367048187
7967.09 1.89420483612
7985.46 1.9208377996
8003.86 1.88170446163
8022.31 1.96614170459
8040.8 1.98919175819
8059.34 1.96673885624
8077.92 1.9002161627
8096.54 1.94030494331
8115.21 1.94058361408
8133.91 1.96789334942
8152.66 1.92780456882
8171.46 1.79113646175
8190.3 1.88015186735
8209.18 1.85463358694
8228.1 1.91566248532
8247.07 1.9787216993
8266.08 1.88994515436
8285.13 1.86860693549
8304.24 1.88182389196
8323.38 1.92593349366
8342.56 1.83954555531
8361.8 1.9309495675
8381.07 1.9135525495
8400.39 1.90065407391
8419.76 1.88353572668
8439.17 1.95901569493
8458.62 1.86251598869
8478.12 1.78309481956
8497.67 1.88902952184
8517.25 1.89802660666
8536.89 1.85085162651
8556.57 1.66509765401
8576.29 1.88584471305
8596.06 1.86884579615
8615.88 1.85200611969
8635.74 1.8823812335
8655.65 1.83982422608
8675.6 1.62871121362
8695.6 1.79022082923
8715.65 1.84917960189
8735.74 1.87951490559
8755.88 1.85403643529
8776.06 1.83309631752
8796.29 1.90658578028
8816.57 1.6569763916
8836.89 1.86804959396
8857.26 1.8726675667
8877.68 1.7160545946
8898.15 1.80964816283
8918.66 1.81410689513
8939.22 1.77720292331
8959.83 1.78158203539
8980.48 1.70558453571
9001.18 1.54861327263
9021.94 1.65203993798
9042.73 1.87971395614
9063.58 1.91056679126
9084.47 1.86737282209
9105.41 1.80841404942
9126.4 1.7233398447
9147.44 1.66895923466
9168.53 1.77218684947
9189.66 1.80542829118
9210.85 1.80988702348
9232.08 1.78536399583
9253.36 1.74101553347
9274.69 1.85300137244
9296.08 1.67859328124
9317.51 1.81139980766
9338.98 1.81589835007
9360.51 1.81199695931
9382.09 1.80813537865
9403.72 1.77135083716
9425.39 1.82131252501
9447.13 1.79663025691
9468.9 1.83878916323
9490.73 1.83906783399
9512.61 1.80168614086
9534.54 1.81028512458
9556.52 1.75721824817
9578.55 1.80260177338
9600.63 1.83644036675
9622.76 1.81987936105
9644.94 1.79523690306
9667.18 1.79555538394
9689.46 1.81665474216
9711.8 1.78791184285
9734.19 1.77182855848
9756.62 1.76398596684
9779.11 1.77246552024
9801.66 1.79328620768
9824.25 1.7771631132
9846.9 1.7856824767
9869.6 1.77369963364
9892.35 1.77401811452
9915.16 1.75805426048
9938.01 1.77461526617
9960.93 1.77903418836
9983.89 1.77525222793
10029.97 1.77588918968
10076.27 1.75216236422
10122.78 1.78536399583
10169.5 1.76963900244
10216.45 1.78257728814
10263.6 1.79145494263
10310.97 1.78799146307
10502.66 1.73380990359
10697.93 1.66191284522
10896.82 1.61290660001
11099.4 1.5367498599
11305.75 1.51915379135
11489.46 1.51569031179
11703.06 1.48117494657
11893.23 1.4177574416
12086.48 1.40155472689
12311.18 1.38232644384
12511.22 1.34156089137
12714.51 1.31401229536
12891.39 1.28706085101
13100.86 1.2635728862
13313.73 1.2263106234
13498.94 1.1984037364
13686.73 1.1765479861
13909.12 1.13136351144
14102.62 1.07797815415
14298.81 1.06316879329
14497.72 1.07053366361
14699.41 1.03418703333
14903.88 1.04859829309
15111.22 1.05341531638
15286.2 1.07300189042
15498.85 1.06316879329
15714.47 1.0437812698
15896.44 1.00369248919
16117.58 1.00600147556
16304.2 1.00138350282
16493.0 0.987649014927
16683.98 0.983110662406
16916.08 0.969615035171
17111.96 0.951939346404
17310.09 0.915393665574
17510.54 0.886332285394
17713.31 0.84839325072
17918.42 0.813957505711
18084.21 0.771997649944
18293.62 0.750938101841
18505.45 0.725459631546
18719.72 0.689630532693
18892.94 0.672352945024
19111.72 0.663156809652
19288.54 0.642097261548
19511.9 0.61745480356
19692.45 0.596474875676
19920.48 0.577565073504
20104.79 0.568329128022
20290.82 0.549061034861
20478.56 0.542771037507
20715.7 0.529195790053
20907.38 0.518327630068
21100.82 0.510047127222
21296.08 0.499577068335
21493.14 0.489345870107
21691.99 0.472705244195
21892.72 0.465181133436
22095.27 0.451446645543
22299.73 0.439145321603
22506.08 0.429152984035
22714.31 0.417448811743
22924.49 0.374633038614
23083.38 0.370345489784
23296.98 0.324046332045
23512.55 0.305216150092
23675.52 0.308747306835
23894.6 0.284188450077
24115.68 0.273909479717
24282.86 0.269530367635
24507.53 0.249808439222
24677.42 0.245246200635
24905.74 0.206825463632
25078.39 0.203987002801
25310.42 0.205404242711
25485.88 0.203987002801
25721.68 0.20730318495
25899.99 0.203521224516
26079.51 0.202585686935
26320.83 0.197517859952
26503.27 0.195256645714
26686.99 0.191693640883
26871.97 0.188628262426
27120.62 0.1856106561
27308.6 0.1818048096
27497.91 0.178898671582
27688.5 0.174826097346
27880.45 0.172425547723
28073.69 0.169280549046
28268.3 0.166573461577
28529.85 0.163157754153
28727.63 0.159809723916
28926.74 0.157253914864
29127.27 0.154383605945
29329.15 0.151218702213
29532.47 0.148459861601
29668.78 0.146083198044
29874.42 0.143089477784
30081.51 0.141126839369
30290.01 0.138551125263
30499.99 0.136962701881
30711.39 0.135083664696
30924.29 0.132925956743
31067.02 0.131401229536
31282.35 0.129601812572
31499.21 0.127822300662
31717.54 0.126066674818
31863.96 0.124625548842
32084.82 0.12348299869
32307.24 0.12263106234
32531.17 0.12263106234
32681.31 0.125780042028
32907.87 0.136648202013
33135.96 0.135083664696
33288.9 0.120393734167
33519.66 0.114183357032
33674.37 0.110560637037
33907.81 0.107797815415
34064.31 0.105341531638
34300.42 0.103657563992
34538.2 0.101766583774
34697.6 0.099907451645
34938.14 0.0980841486145
35099.39 0.0965156302869
35261.39 0.0947560234322
35505.83 0.0930242836543
35669.71 0.0913283729753
35916.98 0.0898673419443
36082.75 0.0884301969792
36332.85 0.0868178875308
36500.58 0.0852334451594
36669.05 0.0836768698648
36923.21 0.0819610541308
37093.67 0.080464194001
37264.87 0.0791783274533
37523.16 0.077554074972
37696.39 0.0764911450393
37870.38 0.0750938101841
38132.86 0.073891544867
38308.9 0.0727131656159
38485.72 0.0715507104086
38663.35 0.0700817173557
38931.37 0.0689630532693
39111.06 0.0677010727875
39291.57 0.0666182377999
39472.96 0.0652527510326
39655.15 0.0642097261548
39930.05 0.0628920115193
40114.35 0.0618887967514
40299.49 0.0610368604009
40485.49 0.059786822952
40672.39 0.0589667346894
40860.12 0.0580232350863
41143.33 0.0570956595271
41333.26 0.0563114003633
41524.04 0.0552842995296
41715.69 0.0544005150912
41908.27 0.0535326546968
42101.7 0.0526767373353
42296.02 0.0520716236658
42491.28 0.0511201620407
42687.4 0.0504195041076
42884.42 0.0485962010771
43082.39 0.0467291069258
43281.24 0.0466216196292
43481.0 0.0449376519831
43681.69 0.0440140574349
43883.35 0.0433133995018
44085.89 0.0420354949761
44289.36 0.0414582483834
44493.83 0.0408889638128
44699.19 0.03986584399
44905.5 0.0395919504343
45112.81 0.0389589696879
45321.02 0.0382475630252
45530.2 0.0378972340586
45740.34 0.0374633038614
45951.5 0.0365261738758
46057.43 0.0364421745441
46270.0 0.0359421595645
46483.61 0.0354493104048
46698.15 0.0352860889544
46913.68 0.0348019980188
47130.21 0.0342458507844
47347.79 0.0341670267669
47456.93 0.0336204339589
47675.97 0.0332358682979
47896.07 0.0329309228565
48117.13 0.0323301882991
48339.21 0.0323301882991
48450.64 0.0318130549723
48674.31 0.0313767361685
48898.96 0.0310889090744
49124.66 0.0306625427981
49351.39 0.0304511511148
49465.2 0.0300335430626
49693.51 0.0298954019815
49922.87 0.0294865521535
50153.34 0.0292930750197
50268.94 0.0289960916003
50500.96 0.0286740278117
50734.04 0.0285522088756
50850.99 0.0284586551175
50968.26 0.0283002108804
51085.74 0.0281429609465
51203.5 0.0280509995928
51321.53 0.0279590382391
51439.83 0.0278037788107
51558.4 0.0277130117603
51677.3 0.0276859408856
51796.42 0.0275959700374
51915.82 0.0274423030134
52035.49 0.0273531283674
52155.43 0.0272010537478
52275.65 0.027112675304
52396.15 0.0270242968601
52516.99 0.0269363165174
52638.04 0.0269725437173
52759.38 0.0269466671459
52880.99 0.0267356735638
53002.89 0.0265875799552
53125.06 0.0265011920169
53247.58 0.0264761116477
53370.32 0.0264506331774
53493.34 0.0263650414412
53616.65 0.0262794497051
53740.24 0.026254767437
53864.11 0.0261695738019
53988.27 0.0261448915338
54112.78 0.0260600959999
54237.51 0.025975698567
54362.53 0.0258319840705
54487.84 0.0258674150683
54613.44 0.0258431309013
54739.33 0.0257595296706
54865.51 0.0256763265411
54992.04 0.0256524404752
55118.8 0.0256285544093
55245.85 0.025663985407
55373.19 0.0256990183037
55500.83 0.0255572943127
55628.77 0.0255338063479
55757.05 0.0255688392445
55885.58 0.0255453512797
56014.4 0.0255218633149
56143.52 0.0255568962116
56272.93 0.0255334082468
56402.65 0.0255688392445
56532.66 0.0256631892048
56663.03 0.0256990183037
56793.64 0.0256755303389
56924.56 0.0257109613366
57055.77 0.0258061074991
57187.29 0.0259016517627
57319.11 0.0259975941274
57451.3 0.0260939345933
57583.73 0.0261906731602
57716.46 0.0263483211951
57849.5 0.0265067654323
57982.85 0.0266664039727
58116.5 0.0268272368164
58250.47 0.0270509696337
58384.8 0.0272766929565
58519.38 0.0275677048594
58654.27 0.0277978072942
58789.48 0.0281592830916
58924.99 0.028525536102
59149.49 0.0279403274875
59458.84 0.0293651313185
59768.19 0.0314627260058
60077.54 0.0384458173721
60386.91 0.0373430773297
60696.25 0.0386146122378
61005.61 0.0422265835033
61314.97 0.0514067948315
61624.32 0.0679399334465
61933.67 0.0840590469192
62243.03 0.0842899455562
62552.38 0.0776655432795
62861.73 0.0667973832942
63171.09 0.0569921532415
63480.44 0.0525692500387
63789.8 0.0496949601086
64099.15 0.0445873230166
64408.5 0.0413627041198
64717.87 0.0396572390145
65027.21 0.0387467818025
65336.57 0.0348529549594
65645.93 0.0357228058593
65955.27 0.0369413933214
66264.63 0.0378172157378
66573.99 0.0378610068586
66883.34 0.0387416064882
67192.69 0.0377730265159
67502.05 0.0390182867516
67811.4 0.0396226042189
68120.76 0.0375270000371
68430.12 0.0389613582945
68739.47 0.0402997741872
69048.83 0.0397631339066
69358.17 0.0414343623175
69667.53 0.0456741390151
69976.89 0.0475014230566
70286.24 0.0433412665787
70595.6 0.0393184549797
70904.95 0.041569716691
71214.3 0.0440777536107
71523.66 0.0464982082887
71833.01 0.0446828672802
72142.37 0.0488310807251
72451.72 0.0510325797991
72761.07 0.0515142821281
73070.44 0.0530509523678
73379.78 0.0571752797468
73689.14 0.059806728007
73998.5 0.0642973083965
74307.85 0.067808560084
74617.2 0.0714233180572
74926.55 0.0779641191033
75215.66 0.0743294560752
75235.91 0.0844651100395
75545.27 0.0872438557061
75835.59 0.0861928688064
75854.62 0.0898633609333
76455.54 0.0871602544754
77075.48 0.0835892876231
77695.42 0.0823352691633
78315.36 0.0807508267918
78935.31 0.0762283983144
79555.25 0.0676294145898
80175.18 0.059066259964
80795.14 0.0509449975574
81415.07 0.0468485372553
82035.01 0.0443803104454
82654.95 0.0439583232812
83274.89 0.0448819178294
83894.84 0.0440220194569
84514.78 0.0432497033261
85134.73 0.0456064618284
85754.66 0.0480229354954
86374.61 0.0450013481589
86994.54 0.0396329548475
87614.49 0.0328294070764
88234.43 0.0271321822578
88854.37 0.0240281879939
89474.31 0.0211069221341
90094.25 0.0196908765272
90714.19 0.0175574527411
91334.14 0.0173536249787
91954.08 0.016043474264
92574.02 0.0168217619113
93193.97 0.0157186237677
93813.9 0.0160004793454
94433.84 0.0143778192685
95053.78 0.014707845079
95673.73 0.0149654164896
96293.67 0.0163090076966
96913.6 0.0161019951255
97533.56 0.0159730103696
98153.5 0.0144220084904
98773.44 0.0132870222589
99393.38 0.0122850017944
100013.28 0.0129605793583
100633.27 0.0121739315879
101253.17 0.0119633361069
101873.18 0.0119792601508
102493.08 0.0118658013378
103113.07 0.0127627231124
103732.98 0.0126990269367
104352.88 0.0131771463558
104972.87 0.0144514679716
105592.77 0.0153802378341
106212.78 0.015209850564
106832.67 0.0161031894288
107452.57 0.0165040772348
108072.57 0.0159606692355
108692.48 0.0173647718095
109312.47 0.020115252298
109932.37 0.0239585203016
110552.37 0.0263017433666
111172.27 0.0339807154529
111792.17 0.0535087686309
112412.17 0.0650258334065
113032.07 0.0584412412396
113652.07 0.0468206701784
114271.96 0.0374975405558
114891.96 0.0321064554818
115511.86 0.0277655611053
116131.76 0.0247017750523
116751.77 0.0229891441271
117371.66 0.022037682502
117991.66 0.0218342528408
118611.55 0.0231272852083
119231.56 0.024368962534
119851.46 0.0246372826743
120471.36 0.0240035057258
121091.36 0.0232295971905
121711.26 0.0223406374379
122331.25 0.0228084062285
122951.15 0.0240054962312
123571.06 0.0240544626663
124191.06 0.0250186635266
124810.95 0.026036209934
125430.95 0.0275107764023
126050.86 0.0283889874253
126670.85 0.0288957701235
127290.76 0.0302648398008
127910.65 0.0346121037949
128530.65 0.0300653911505
129150.55 0.0208362133872
129770.55 0.0177521241782
130390.45 0.0168181790014
131010.35 0.0164782006634
131630.35 0.0164204760041
132250.25 0.0160470571739
132870.25 0.0155108149944
133490.14 0.0150709132807
134110.14 0.0144673920156
134730.05 0.0145939881649
135349.95 0.0143236775191
135969.95 0.0141150725435
136589.84 0.013319666549
137209.84 0.0123638258118
137829.75 0.011911184863
138449.75 0.012150045522
139069.64 0.0114824299801
139689.54 0.0116858596413
140309.54 0.0120959037726
140929.45 0.0123960720008
141549.43 0.0123041106471
142169.34 0.0124876352534
142789.33 0.0126420984796
143409.24 0.0113052749913
144029.13 0.010543309489
144649.15 0.0102471222718
145182.58 0.0103498323552
146097.99 0.00990953254043
147013.52 0.00976223513404
147928.95 0.00936532833897
148844.36 0.00926699736768
149759.79 0.00905958669543
150675.31 0.00882868805838
151590.74 0.00893657345604
152506.15 0.0090181841812
153421.67 0.00901420317022
154337.1 0.00925545243582
155252.52 0.0107881416645
156167.94 0.0107339999151
157083.47 0.00962767696279
157998.9 0.00947042702894
158914.31 0.00976541994283
159829.83 0.00998357934473
160745.26 0.00997880213155
161660.67 0.0100377210941
162576.2 0.011109807352
163491.62 0.0137675302847
164407.04 0.0161668856045
165322.47 0.0151031594697
166238.0 0.0139709599459
167153.4 0.0140708833216
168068.83 0.0142305218621
168984.26 0.0147313330438
169899.78 0.0182577125731
170815.21 0.0186355105154
171730.64 0.0153762568231
172646.16 0.0145255147759
173561.57 0.0145760736154
174477.0 0.0131671938283
175392.53 0.0112224699628
176307.94 0.0102749893487
177223.37 0.0100631995644
178138.78 0.00970172376709
179054.3 0.00931795430827
179969.73 0.00868258495528
180885.15 0.00822357438887
181800.67 0.00784418404213
182716.1 0.00791146312775
183631.51 0.00786568150144
184547.03 0.00779641191033
185462.46 0.00805995483744
186377.89 0.00973436805715
187293.3 0.0113709616725
188208.82 0.00906277150422
189124.25 0.00789036376954
190039.67 0.00751336202939
190955.2 0.00744727724706
191870.63 0.00725380011326
192786.03 0.00708341284316
193701.46 0.00672074274255
194617.0 0.00681588890506
195532.41 0.00680912118639
196447.84 0.0065877769757
197363.36 0.00653482952962
198278.77 0.0066849136437
199194.2 0.00658379596472
200109.63 0.00645481120885
201025.15 0.00639469794299
201940.57 0.00638235680894
202856.0 0.00613035881368
203771.52 0.00604317467314
204869.84 0.0056868741901
206632.31 0.00608855819835
208395.85 0.00595041711722
210160.3 0.00564945268686
211925.84 0.00593290066889
213692.4 0.00583058868661
215460.04 0.00540820342125
217228.58 0.00559969004956
218998.22 0.00578958427348
220768.88 0.0055419653903
222540.62 0.00544880973328
224313.36 0.00558296980343
226087.1 0.00571712987358
227861.92 0.00565064699015
229637.76 0.00545756795745
231414.59 0.00550175717937
233192.52 0.00566059951761
234971.46 0.00578082604932
236751.48 0.00564069446269
238532.6 0.0055909318254
240314.73 0.00563273244073
242097.85 0.00554594640128
243882.08 0.00546035466514
245667.29 0.0053480901554
247453.72 0.00537794773778
249241.04 0.00546154896843
251029.43 0.00553798437932
252818.95 0.00549618376399
254609.56 0.00539188127622
256401.17 0.00560964257702
258193.87 0.00589547916565
259987.68 0.00595997154358
261782.58 0.00549817426948
263578.49 0.00527085854232
265375.47 0.00514943770732
267173.59 0.00516615795345
268972.66 0.00510166557551
270772.97 0.005103656081
272574.25 0.00509569405904
274376.66 0.00510246177771
276180.15 0.00502045295145
277984.74 0.00503000737781
279790.42 0.00518009149189
281597.19 0.00573464632191
283405.08 0.00568209697692
285214.07 0.00507379849863
287024.15 0.0048866909824
288835.32 0.00494600804605
290647.58 0.00493008400212
292460.97 0.00496909790976
294275.45 0.00498542005479
296091.02 0.00503000737781
297907.77 0.00491455805928
299725.65 0.00493685172079
301544.49 0.00494282323727
303364.56 0.00503677509648
305185.71 0.00501448143497
307008.08 0.00508295482389
308831.45 0.00509529595794
310656.01 0.005055087747
312481.75 0.00505150483712
314308.52 0.00499656688554
316136.47 0.00517411997541
317965.58 0.00517173136882
319795.72 0.00512714404581
321627.08 0.00526448892474
323459.65 0.00541497113992
325293.26 0.00531743637082
327127.98 0.00540661101686
328963.96 0.00542532176848
330801.09 0.00547986161896
332639.31 0.00611403666865
334478.65 0.00814634277579
336319.18 0.00746877470637
338160.93 0.00570040962745
340003.83 0.00560884637483
341847.85 0.00534331294222
343693.0 0.00532062117961
345539.39 0.00605671011048
347386.94 0.00986414901522
349235.65 0.0113192085297
