100.09 0.000300705040233
101.95 0.000346846218277
104.08 0.000367398794264
106.02 0.000403774273938
107.99 0.000450958129739
110.0 0.000621091966779
114.12 0.000722994906293
118.13 0.000803775559293
120.89 0.00213372716175
125.13 0.00238859200308
126.87 0.00250113670527
128.05 0.00257713393969
131.03 0.00272353879583
131.94 0.00302091694157
134.08 0.0031198638359
136.89 0.00357385863024
140.08 0.00376820516467
143.01 0.00659359315373
147.02 0.0109432792797
151.14 0.0115113774182
155.02 0.012249851252
158.99 0.0130356218088
161.95 0.0136187689047
166.1 0.0144921458915
169.97 0.0152101961404
173.13 0.0158540765283
177.16 0.0166393096223
180.04 0.0172240691064
182.13 0.0176658634961
185.94 0.018455933755
191.15 0.0194147673208
193.81 0.020143566825
197.87 0.0208997769299
202.01 0.0217339191352
204.82 0.0223944608686
210.08 0.0226013840317
215.96 0.0246114947584
219.98 0.025476272341
223.04 0.0258901186671
227.18 0.0268618513393
229.81 0.0399152094192
234.09 0.0653339732448
240.09 0.0800067066241
246.25 0.0757070045349
251.99 0.0781900824914
257.26 0.0645869000068
260.24 0.0746697014059
263.86 0.0772925196803
268.77 0.0764057061244
273.76 0.0751856656566
278.85 0.0739817490716
284.04 0.0731379325366
289.99 0.068886602096
296.06 0.068886602096
300.87 0.0659359315373
307.88 0.0657854419642
317.96 0.0653339732448
327.62 0.0634044819323
338.36 0.0611148905698
347.84 0.0587661783036
356.76 0.0570355482127
365.91 0.0558638793934
375.3 0.0539666358466
384.92 0.0504822647661
394.8 0.0502500808533
404.93 0.0488806257379
414.36 0.0472214781942
422.06 0.0455134215393
429.91 0.043968216101
440.94 0.0426713184584
451.21 0.0409390759792
459.6 0.0394583660722
470.3 0.0380308649786
480.15 0.0369946367751
490.2 0.0352484202642
500.47 0.0346050773391
506.26 0.0346846218277
512.13 0.0420860215115
520.45 0.0411277254084
530.12 0.0399152094192
539.98 0.0375955201421
550.02 0.0399152094192
560.24 0.0421827648085
569.35 0.0433646454202
579.93 0.0413179872258
589.35 0.0437661301028
600.31 0.0423778637908
610.06 0.0431657841986
619.98 0.0480991548832
630.05 0.0487682960208
640.29 0.0489934929177
650.69 0.0513024329396
658.23 0.0517770125577
664.32 0.0540902522817
675.11 0.0547190837122
684.5 0.0526181417789
695.63 0.0612546308877
705.3 0.0572989049657
716.76 0.0663927748843
726.73 0.0679406676364
735.15 0.0696820469825
745.38 0.0741537371552
755.75 0.0769377942579
764.5 0.0778299824414
775.13 0.0843601549894
784.11 0.0879289077234
795.02 0.0914385395536
804.22 0.0946525668653
815.41 0.0970818985457
824.85 0.103784059177
834.4 0.0895627945172
844.07 0.108175129936
855.81 0.110953812411
865.72 0.11752698198
875.74 0.123632558946
885.88 0.130958176381
894.08 0.136187689047
904.43 0.137445351908
914.9 0.185838498921
925.5 1.00032569104
934.06 2.09959827641
944.88 3.91864099151
955.82 5.322762455
964.66 6.23940519413
975.83 1.27685028165
984.86 5.8497446923
993.98 5.83630812328
1005.49 7.69377942579
1014.79 7.09827068644
1024.18 3.02091694157
1036.04 5.24972126576
1045.62 9.18631351349
1055.3 9.01862513202
1065.06 7.44977133223
1074.92 8.55318238086
1084.87 7.06548545801
1094.9 8.73269494309
1105.03 8.35862086133
1115.26 8.1307366506
1125.58 7.34765340762
1135.99 8.77300465017
1143.87 8.00067066241
1154.45 8.33927220193
1165.13 8.53383372146
1175.92 6.23940519413
1184.07 8.09365172009
1195.02 5.94487560103
1206.08 4.52000807496
1214.44 2.66769641494
1225.68 5.38430194115
1234.17 7.71151569691
1245.59 8.39731818013
1254.23 8.1307366506
1265.83 7.1638411433
1274.61 8.73269494309
1286.4 8.99766408433
1295.32 7.53576537402
1304.3 7.39817490716
1316.36 8.73269494309
1325.49 8.37796952073
1334.68 7.62337180408
1343.93 8.59295462519
1356.36 8.32046100529
1365.76 7.60563553297
1375.23 7.83674452026
1384.76 7.87275452525
1394.36 6.8886602096
1404.03 7.06548545801
1413.76 7.31379325366
1423.56 7.34765340762
1433.43 7.31379325366
1443.36 7.58843672461
1446.69 7.64057061244
1453.37 7.44977133223
1463.44 6.96820469825
1473.59 6.90478409243
1483.8 6.93649439534
1494.09 6.98432858108
1504.44 6.6548639085
1511.39 6.06902949885
1518.36 6.37000864509
1525.37 6.21091966779
1535.95 5.52242987077
1546.59 5.82287155425
1553.73 5.53532897703
1564.5 5.63798436441
1575.35 5.94487560103
1586.27 6.11148905698
1593.59 6.21091966779
1604.63 6.01367083445
1615.76 5.98626023364
1623.21 5.71645392754
1634.47 5.97228620185
1645.8 5.99969680266
1653.39 5.62508525815
1664.85 6.01367083445
1672.54 5.48427001473
1676.39 6.01367083445
1684.13 6.15394861511
1695.81 5.82287155425
1703.63 5.61218615188
1715.44 5.38430194115
1723.36 5.322762455
1735.31 5.57348883308
1743.32 5.43428597794
1755.4 5.67721914598
1763.5 5.27396083629
1775.73 5.37199404392
1783.92 5.40902522817
1796.29 5.63798436441
1804.58 5.58638793934
1817.09 5.23768209991
1825.48 5.28610749469
1833.9 5.11841911321
1846.61 4.74391506125
1855.14 4.7548255553
1863.7 4.85441740494
1876.62 5.10664867875
1885.28 4.7548255553
1893.98 4.57230320161
1907.11 4.77680778223
1915.91 4.62529702986
1924.76 4.50958129739
1933.64 4.59342548813
1947.04 4.77680778223
1956.03 4.48888898108
1965.06 4.78782576883
1974.13 4.87682960208
1983.24 4.64663430148
1996.99 4.52000807496
2006.21 4.59342548813
2015.47 4.47856969607
2024.77 4.59342548813
2034.12 4.40692591001
2043.51 4.4992082661
2052.94 4.24751445505
2067.17 4.29674604398
2071.93 4.56182267777
2076.71 4.40692591001
2086.3 4.52000807496
2095.93 4.29674604398
2105.6 4.32652148094
2115.32 4.34646134938
2125.08 4.36656245665
2134.89 4.13179872258
2144.75 4.18925349175
2154.65 4.28685672917
2164.59 4.14131181345
2174.58 4.11277254084
2184.62 4.06569080296
2194.7 4.19892782145
2204.83 4.0845019996
2215.01 3.9096653634
2225.24 3.81184714087
2235.51 4.00995591463
2245.83 3.8648947154
2256.19 3.71650124704
2266.61 3.75089886376
2277.07 3.82066153015
2287.58 3.88273847907
2292.85 3.68247985426
2303.43 3.70946048487
2314.07 3.58584404981
2324.75 3.0190358219
2335.48 3.37402997564
2346.26 3.25406828735
2357.09 3.4650224211
2362.52 3.22735638812
2373.43 3.29706530825
2384.38 3.07901666605
2395.39 3.2262814626
2406.44 3.12599091137
2417.55 3.16425825997
2423.13 3.32211107291
2434.31 3.20408425057
2445.55 3.33420398504
2456.83 3.29066950139
2462.5 3.25412203363
2473.86 3.14576954098
2485.28 3.16243088658
2496.76 2.97383520369
2502.51 3.2769104547
2514.06 2.97001921809
2519.86 3.01237128367
2525.67 2.9245498685
2537.32 2.95362660387
2543.17 2.92084137544
2554.91 3.09605423558
2566.71 3.01376868685
2572.62 3.14238352559
2584.5 3.10142886319
2596.43 3.05402464766
2602.41 2.95136926028
2614.42 2.90622238834
2626.49 3.010490164
2632.55 3.11739150719
2644.7 3.34274964294
2656.9 3.43884798464
2663.03 3.14464086918
2675.32 3.24251283799
2687.67 3.26734361755
2693.87 3.08568120429
2706.3 3.16716055888
2712.54 2.99796728167
2725.06 2.95222920069
2737.64 3.07229838153
2743.95 2.72665607984
2756.61 2.79862234356
2762.97 2.89805295437
2775.72 2.99522622159
2782.12 2.80926410623
2794.96 2.34919598269
2807.86 2.47313489541
2814.34 2.92691470464
2827.33 3.06009797686
2833.84 2.96416087399
2846.92 2.8525298585
2853.49 2.70639373375
2866.66 2.99038905674
2873.27 3.04015810842
2886.53 3.00764161137
2893.18 3.02967758458
2913.24 3.26508627396
2926.68 3.12056253749
2946.97 3.05311096096
2967.4 3.07788799425
2987.97 3.06740747041
3008.68 3.07810297935
3029.54 3.08181147241
3050.53 3.08551996546
3071.68 3.09637671323
3092.97 3.08594993567
3107.25 3.11701528326
3128.79 3.04279167595
3150.47 3.03257988349
3172.31 3.06445142522
3186.95 2.90213767136
3209.05 2.99404380351
3231.29 2.84323175273
3253.69 3.0645051715
3268.71 3.18957275602
3291.36 3.14985425797
3306.56 3.10212756478
3321.82 3.05515331945
3329.48 3.19317375652
3337.15 3.10750219239
3344.85 3.03107498775
3352.56 2.99081902694
3360.28 3.08304763676
3368.03 3.06316151459
3375.79 2.73122451331
3383.58 2.82194822739
3391.38 3.08842226437
3399.19 3.17635117209
3407.03 2.9861968472
3414.88 3.0501011695
3422.76 3.20257935484
3430.65 3.1238948066
3438.55 3.14695195906
3446.48 2.75476538225
3454.43 3.07804923308
3462.39 2.82791406404
3470.37 2.97620003984
3478.37 2.73434179733
3486.39 2.93126815301
3494.43 2.85919439674
3502.48 3.05101485619
3510.56 2.9897978477
3518.65 2.87628571254
3526.76 2.8381258565
3534.89 3.0284951665
3543.04 3.19467865225
3551.21 3.15227284039
3559.39 3.08191896496
3567.6 3.02011074743
3575.82 2.75562532267
3584.07 2.65103506935
3592.33 2.67065246013
3600.61 3.09610798185
3606.07 2.92557104774
3608.82 2.76164490559
3611.57 3.05354093117
3614.31 2.76900814542
3617.06 2.93734148221
3619.8 2.82587170555
3622.55 3.35258521147
3625.3 3.37091269163
3628.04 3.21483350579
3630.79 2.85333605264
3633.53 2.91084456809
3636.28 2.54467118892
3639.03 3.29695781569
3641.77 2.79244152181
3644.52 2.80845791209
3647.27 2.89042098316
3650.01 3.150445467
3652.76 3.1659781408
3655.5 2.97534009942
3658.25 2.8498425447
3661.0 2.9427698561
3663.74 3.0345684957
3666.49 2.7091885401
3669.23 3.11454295456
3671.98 3.18366066564
3674.73 2.87429710033
3677.47 2.80335201586
3680.22 2.78798058089
3682.96 2.94814448371
3685.71 3.11852017899
3688.46 2.66027942884
3691.2 3.06273154439
3693.95 3.02140065805
3696.69 3.19688224957
3699.44 3.03800825737
3702.19 2.8970855214
3704.93 2.75202432217
3707.68 2.94567215501
3710.42 3.28760596365
3713.17 3.49060564853
3715.92 3.37811469263
3718.66 4.11755595941
3721.41 6.78116765737
3724.15 11.057221385
3726.9 14.7560401072
3729.65 12.7765647579
3732.39 8.29090055343
3735.14 4.81443017551
3737.88 3.2454151369
3740.63 3.30432105552
3743.38 3.14028742082
3746.12 2.89778422299
3748.87 2.88956104274
3751.62 2.98447696636
3754.36 3.31034063845
3757.11 3.38547793245
3759.85 3.39509851588
3762.6 3.3828981112
3765.35 3.37967333463
3768.09 3.18597175552
3770.84 3.43212970012
3773.58 3.63238832492
3776.33 3.78078179328
3779.08 3.94395548756
3781.82 3.95991813157
3784.57 3.90450572089
3787.31 3.82630488914
3790.06 3.48953072301
3792.81 3.30303114489
3795.55 3.26578497555
3798.3 3.26626869203
3801.04 3.21273740102
3803.79 3.46959085457
3806.54 3.88585576308
3809.28 4.20935459901
3812.03 3.98125540318
3814.77 3.93578605359
3817.52 3.79561576548
3820.27 3.82200518706
3823.01 3.70860054445
3825.76 3.57487980948
3828.5 3.34828550938
3831.25 3.07030976932
3834.0 3.12378731405
3836.74 3.13265544961
3839.49 3.17597494816
3842.23 3.30824453368
3844.98 3.60487023155
3847.73 4.02495112566
3850.47 4.00420506308
3853.22 4.0604236679
3855.97 4.23133682594
3858.71 4.0820296709
3861.46 4.32813386923
3864.2 4.63513259839
3866.95 4.52070677654
3869.7 4.32512407776
3872.44 4.33420719843
3875.19 4.04553594942
3877.93 3.79943175109
3880.68 3.75885331262
3883.43 3.5732674212
3886.17 3.75519856585
3888.92 3.64227763973
3891.66 3.47356807901
3894.41 3.7577783871
3897.16 3.81136342439
3899.9 3.88359841948
3902.65 4.00065780886
3905.39 4.15915557712
3908.14 4.22983193021
3910.89 4.2687979804
3913.63 4.21956639147
3916.38 4.22128627231
3919.12 4.04247241168
3921.87 3.98937109088
3924.62 3.77922315127
3927.36 3.38940141061
3930.11 3.25600315329
3932.85 3.20247186228
3935.6 3.44476007501
3938.35 3.63120590685
3941.09 3.90869793043
3943.84 3.90149592943
3946.58 4.05080308448
3949.33 4.02317749855
3952.08 4.14324667939
3954.82 3.96271293792
3957.57 3.6722680618
3960.32 3.28825091896
3963.06 2.99162522109
3965.81 2.93470791468
3968.55 3.05466960297
3971.3 3.07708180011
3974.05 3.27400815579
3976.79 3.53075411679
3979.54 3.85823017716
3982.28 4.19172582045
3985.03 4.18672741677
3987.78 4.31061258321
3990.52 4.43154170447
3993.27 4.33361598939
3996.01 4.43164919702
3998.76 4.51694453722
4001.51 4.51226861119
4004.25 4.41783640406
4007.0 4.54446263059
4009.74 4.7474085692
4012.49 4.75573924199
4015.24 4.67893581343
4017.98 4.74251765807
4020.73 4.62427585062
4023.47 4.50657150593
4026.22 4.64233459939
4028.97 4.45132033408
4031.71 4.47566739716
4034.46 4.65308385461
4037.2 4.66743411034
4039.95 4.44315090011
4042.7 4.55720049803
4045.44 4.52989738976
4048.19 4.54123785402
4050.93 4.48587918962
4053.68 4.33189610855
4056.43 4.50108938576
4059.17 4.27540877236
4061.92 4.4812032636
4064.67 4.49614472836
4067.41 4.66501552791
4070.16 4.45003042345
4072.9 4.57047582823
4075.65 4.41858885193
4078.4 4.20715100169
4081.14 4.40794708926
4083.89 4.3954779532
4086.63 4.39752031169
4089.38 4.3162559422
4092.13 4.04752456163
4094.87 3.96357287834
4097.62 4.06832437049
4100.36 4.07498890873
4103.11 4.08573816395
4105.86 3.93256127702
4108.6 3.92062960373
4111.35 4.18780234229
4114.09 4.2483206492
4116.84 4.32517782404
4119.59 4.3279726304
4122.33 4.23407788603
4125.08 4.36301520242
4127.82 4.44352712404
4130.57 4.40488355152
4133.32 4.43804500388
4136.06 4.43299285393
4138.81 4.43385279434
4141.55 4.31200998639
4144.3 4.45605000638
4147.05 4.3378619452
4149.79 4.3016369551
4152.54 4.42025498649
4155.28 4.37188333798
4158.03 4.52656512064
4160.78 4.52581267278
4163.52 4.37537684593
4166.27 4.52452276215
4169.01 4.43277786882
4171.76 4.40563599938
4174.51 4.45551254362
4177.25 4.34178542336
4180.0 4.29470368548
4182.74 4.43379904807
4185.49 4.44406458681
4188.24 4.35210470837
4190.98 4.37360321882
4193.73 4.42869315184
4196.48 4.39295187822
4199.22 4.32808012295
4201.97 4.32318921182
4204.71 4.38703978785
4207.46 4.47459247164
4210.21 4.46120964889
4212.95 4.37951530919
4215.7 4.45970475315
4218.44 4.36849732259
4221.19 4.26433703948
4223.94 4.21521294311
4226.68 4.21198816654
4229.43 4.25170666459
4232.17 4.26643314425
4234.92 4.30228191042
4237.67 4.4415922581
4240.41 4.42347976305
4243.16 4.24144112585
4245.9 4.1880173274
4248.65 4.25611385923
4251.4 4.33549710905
4254.14 4.36908853163
4256.89 4.30556043326
4259.63 4.28879159511
4262.38 4.34350530419
4265.13 4.36828233748
4267.87 4.27223774207
4270.62 4.12196315405
4273.36 4.19935779166
4276.11 4.31765334538
4278.86 4.33372348194
4281.6 4.33689451223
4284.35 4.21198816654
4287.09 4.15700572608
4289.84 4.15292100909
4292.59 4.03398050005
4295.33 3.94777147316
4298.08 3.86365855104
4300.83 3.88542579287
4303.57 3.92998145577
4306.32 3.92799284355
4309.06 3.96609895332
4311.81 3.99297209138
4314.56 4.12400551254
4317.3 4.22494101909
4320.05 4.13975317144
4322.79 4.01667419914
4325.54 4.023070006
4328.29 4.01715791563
4331.03 4.07853616295
4333.78 4.3691422779
4336.52 4.82996284931
4339.27 4.97679767565
4342.02 4.67071263318
4344.76 4.30115323862
4347.51 4.02946581286
4350.25 4.14948124742
4353.0 4.15571581545
4355.75 4.31329989702
4358.49 4.33587333299
4361.24 4.39107075856
4363.98 4.50151935597
4366.73 4.33845315424
4369.48 4.25928488952
4372.22 4.18602871518
4374.97 4.29276881954
4377.71 4.3243716299
4380.46 4.1844163269
4383.21 4.10191579306
4385.95 4.14609523203
4388.7 4.25584512785
4391.44 4.37559183104
4394.19 4.37037844225
4396.94 4.33334725801
4399.68 4.19946528421
4402.43 4.11873837748
4405.18 4.22762833289
4407.92 4.36881980024
4410.67 4.36220900828
4413.41 4.23816260301
4416.16 4.15130862081
4418.91 4.27186151813
4421.65 4.37311950233
4424.4 4.33087492931
4427.14 4.32716643626
4429.89 4.40687216373
4432.64 4.35597444025
4435.38 4.29088769988
4438.13 4.40859204457
4440.87 4.34630011055
4443.62 4.4375612874
4446.37 4.41052691051
4449.11 4.36247773966
4451.86 4.34882618553
4454.6 4.29260758071
4457.35 4.26960417454
4460.1 4.14399912726
4462.84 4.37338823371
4465.59 4.4208999418
4468.33 4.50915132718
4471.08 4.4222435987
4473.83 4.45293272236
4476.57 4.49668219112
4479.32 4.53973295829
4482.06 4.43293910765
4484.81 4.4654556047
4487.56 4.4667992616
4490.3 4.29728350674
4493.05 4.47529117323
4495.79 4.58643847223
4498.54 4.64684928659
4501.29 4.51339728299
4504.03 4.57370060479
4506.78 4.62954298568
4509.53 4.56150020012
4512.27 4.58015015793
4515.02 4.60336854921
4517.76 4.5390342567
4520.51 4.48894272736
4523.26 4.53548700248
4526.0 4.28626552013
4528.75 4.24455840987
4531.49 4.26347709906
4534.24 4.34495645365
4536.99 4.34501019993
4539.73 4.49528478794
4542.48 4.40310992441
4545.22 4.24772944016
4547.97 4.42842442046
4550.72 4.28889908766
4553.46 4.31249370288
4556.21 4.33275604897
4558.95 4.36027414234
4561.7 4.53027361369
4564.45 4.32985375006
4567.19 4.52925243445
4569.94 4.53699189821
4572.68 4.36070411255
4575.43 4.55929660279
4578.18 4.49437110125
4580.92 4.24525711146
4583.67 4.39101701228
4586.41 4.32899380964
4589.16 4.46276829089
4591.91 4.29314504348
4594.65 4.35522199239
4597.4 4.4535239314
4600.14 4.37935407036
4602.89 4.45476009575
4605.64 4.54967601937
4608.38 4.54956852682
4611.13 4.42347976305
4613.88 4.48394432368
4616.62 4.45137408036
4619.37 4.43783001878
4622.11 4.426973271
4624.86 4.42681203217
4627.61 4.54586003377
4630.35 4.53559449503
4633.1 4.50151935597
4635.84 4.35694187322
4638.59 4.38531990701
4641.34 4.44266718363
4644.08 4.31765334538
4646.83 4.44390334798
4649.57 4.38617984743
4652.32 4.40719464139
4655.07 4.41133310465
4657.81 4.47604362109
4660.56 4.45685620052
4663.3 4.28841537118
4666.05 4.27986971328
4668.8 4.32894006337
4671.54 4.35882299289
4674.29 4.32007192781
4677.03 4.43089674916
4679.78 4.38075147354
4682.53 4.41579404557
4685.27 4.43783001878
4688.02 4.39123199738
4690.76 4.38972710165
4693.51 4.34871869298
4696.26 4.32082437567
4699.0 4.29362875996
4701.75 4.25982235228
4704.49 4.22155500369
4707.24 4.40074508826
4709.99 4.40364738717
4712.73 4.29045772967
4715.48 4.32727392881
4718.22 4.38085896609
4720.97 4.39924019253
4723.72 4.38607235488
4726.46 4.37478563689
4729.21 4.2739576229
4731.96 4.13566845446
4734.7 4.20360374747
4737.45 4.27610747395
4740.19 4.30007831309
4742.94 4.25627509806
4745.69 4.32657522722
4748.43 4.33603457182
4751.18 4.38150392141
4753.92 4.28728669938
4756.67 4.24842814175
4759.42 4.26847550274
4762.16 4.21483671918
4764.91 4.19075838748
4767.65 4.25143793321
4770.4 4.18651243166
4773.15 4.39284438567
4775.89 4.35323338017
4778.64 4.34044176646
4781.38 4.38440622032
4784.13 4.28922156532
4786.88 4.30711907527
4789.62 4.28105213135
4792.37 4.33028372027
4795.11 4.41536407536
4797.86 4.41127935838
4800.61 4.3353896165
4803.35 4.2762149665
4806.1 4.32528531659
4808.84 4.36769112845
4811.59 4.37801041346
4814.34 4.3243716299
4817.08 4.36231650084
4819.83 4.35973667958
4822.57 4.2969072828
4825.32 4.24810566409
4828.07 4.20639855383
4830.81 4.22553222812
4833.56 4.26756181605
4836.31 4.3025506418
4839.05 4.18672741677
4841.8 4.1472776501
4844.54 4.06010119024
4847.29 4.08901668679
4850.04 4.07525764011
4852.78 4.3812889363
4855.53 5.45309717458
4858.27 6.83706378453
4861.02 7.02786306473
4863.77 5.89596648976
4866.51 4.64738674935
4869.26 4.14824508307
4872.0 3.96781883415
4874.75 3.95481223533
4877.5 4.02742345437
4880.24 4.13389482735
4882.99 4.09670240428
4885.73 4.05445783125
4888.48 4.04295612816
4891.23 4.1520073224
4893.97 4.27997720583
4896.72 4.23354042326
4899.46 4.18672741677
4902.21 4.25047050024
4904.96 4.21580415215
4907.7 4.30717282154
4910.45 4.22762833289
4913.19 4.1652826526
4915.94 4.11416994401
4918.69 4.05429659242
4921.43 4.05784384665
4924.18 4.11771719824
4926.92 4.18382511786
4929.67 4.14582650065
4932.42 4.13195996141
4935.16 4.13185246886
4937.91 4.04532096431
4940.66 4.07316153534
4943.4 4.16721751854
4946.15 4.25407150074
4948.89 4.48663163749
4951.64 4.9166018464
4954.39 5.61863570501
4957.13 6.10503950385
4959.88 5.85081961783
4962.62 5.08907364646
4965.37 4.4343902571
4968.12 4.1546946362
4970.86 4.18592122263
4973.61 4.26842175646
4976.35 4.1796866546
4979.1 4.10669921163
4981.85 4.11717973548
4984.59 4.09847603139
4987.34 4.14700891872
4990.08 4.15378094951
4992.83 4.2208563021
4995.58 4.39666037127
4998.32 5.1708754787
5001.07 7.08160934085
5003.81 9.40076115519
5006.56 9.90812600171
5009.31 7.96519812017
5012.05 5.61433600292
5014.8 4.40219623771
5017.54 4.14792260541
5020.29 4.13851700709
5023.04 4.07493516245
5025.78 4.01301945237
5028.53 4.05628520464
5031.27 4.060638653
5034.02 4.08100849165
5036.77 3.98829616535
5039.51 3.94508415936
5042.26 3.99012353874
5045.01 4.05666142857
5047.75 4.09213397081
5050.5 4.12201690033
5053.24 4.17936417694
5055.99 4.2159116447
5058.74 4.20242132939
5061.48 4.11889961631
5064.23 4.02946581286
5066.97 3.97416089474
5069.72 4.00243143597
5072.47 4.04698709887
5075.21 4.01602924383
5077.96 3.9746983575
5080.7 3.90321581026
5083.45 3.97657947716
5086.2 4.01189078057
5088.94 4.00243143597
5091.69 4.01210576567
5094.43 4.04295612816
5097.18 4.05021187544
5099.93 4.03828020214
5102.67 3.98872613556
5105.42 3.98808118025
5108.16 3.99694931581
5110.91 4.01151455664
5113.66 4.05064184565
5116.4 4.04575093452
5119.15 4.00200146576
5121.89 3.95970314646
5124.64 3.90552690014
5127.39 3.79787310908
5130.13 3.81351327543
5132.88 3.92492930582
5135.62 3.94519165191
5138.37 3.90520442248
5141.12 3.85780020695
5143.86 3.85753147557
5146.61 3.83049709868
5149.35 3.89574507788
5152.1 3.91804978247
5154.85 3.90961161712
5157.59 3.96357287834
5160.34 3.89327274918
5163.09 3.68876816857
5165.83 3.56773155476
5168.58 3.48157627415
5171.32 3.55176891075
5174.07 3.62529381648
5176.82 3.63459192224
5179.56 3.61105105331
5182.31 3.61954296493
5185.05 3.63147463823
5187.8 3.65372559654
5190.55 3.67780392824
5193.29 3.78518898792
5196.04 3.86086374469
5198.78 3.88564077798
5201.53 3.83366812897
5204.28 3.74729786326
5207.02 3.77836321085
5209.77 3.83124954655
5212.51 3.87671889614
5215.26 3.90638684056
5218.01 3.88327594183
5220.75 3.92089833511
5223.5 3.85156563892
5226.24 3.75218877438
5228.99 3.75879956635
5231.74 3.79217600381
5234.48 3.90622560173
5237.23 4.01022464601
5239.97 4.06149859342
5242.72 4.02796091713
5245.47 3.91563120005
5248.21 3.8988623619
5250.96 3.81770548497
5253.7 3.76369047747
5256.45 3.76455041789
5259.2 3.75519856585
5261.94 3.70854679818
5264.69 3.65205946198
5267.44 3.60320409699
5270.18 3.65840152256
5272.93 3.74299816117
5275.67 3.85774646067
5278.42 3.92030712607
5281.17 3.88381340459
5283.91 3.98963982226
5286.66 4.0064086604
5289.4 4.00065780886
5292.15 3.99281085255
5294.9 3.88585576308
5297.64 3.8977336901
5300.39 3.96620644587
5303.13 3.97781564151
5305.88 4.10041089733
5308.63 4.13292739438
5311.37 4.07810619274
5314.12 4.03553914206
5316.86 4.03688279896
5319.61 4.04306362071
5322.36 3.96448656504
5325.1 3.78121176348
5327.85 3.74729786326
5330.59 3.86091749096
5333.34 4.03193814156
5336.09 4.0554790105
5338.83 3.98184661222
5341.58 4.07998731241
5344.32 4.08665185064
5347.07 4.07778371508
5349.82 4.07568761032
5352.56 4.1133100036
5355.31 4.22714461641
5358.05 4.21435300269
5360.8 4.13846326082
5363.55 4.0676256689
5366.29 4.02656351395
5369.04 3.9593806688
5371.79 3.95088875718
5374.53 4.02253254324
5377.28 4.01597549755
5380.02 3.99866919664
5382.77 3.98824241908
5385.52 3.98480265741
5388.26 3.92417685795
5391.01 3.89020921145
5393.75 3.9110090203
5396.5 3.89026295772
5399.25 3.7854577193
5401.99 3.77019377688
5404.74 3.77073123964
5407.48 3.70360214078
5410.23 3.82920718806
5412.98 3.93401242648
5415.72 3.98378147816
5418.47 3.9989916743
5421.21 3.98405020954
5423.96 3.95212492153
5426.71 3.89612130182
5429.45 3.93100263502
5432.2 3.88521080777
5434.94 3.89730371989
5437.69 3.85608032611
5440.44 3.98340525423
5443.18 3.95583341458
5445.93 3.95314610078
5448.67 3.92912151535
5451.42 3.89789492893
5454.17 3.83829030872
5456.91 3.85527413197
5459.66 3.91138524423
5462.4 3.85747772929
5465.15 3.90713928842
5467.9 3.85210310168
5470.64 3.84318121984
5473.39 3.80942855845
5476.14 3.85527413197
5478.88 3.76261555195
5481.63 3.8977336901
5484.37 3.96346538579
5487.12 3.93137885895
5489.87 4.01404063161
5492.61 3.95207117525
5495.36 3.87682638869
5498.1 3.93858085995
5500.85 3.88811310668
5503.6 3.86134746117
5506.34 3.88881180827
5509.09 3.89536885395
5511.83 3.79900178088
5514.58 3.87935246367
5517.33 3.92702541058
5520.07 3.95685459383
5522.82 3.91751231971
5525.56 3.87607394083
5528.31 3.91358884155
5531.06 3.86989311907
5533.8 3.86215365531
5536.55 3.93944080037
5539.29 3.96002562412
5542.04 3.93406617275
5544.79 3.98249156753
5547.53 3.9593806688
5550.28 3.90117345177
5553.02 3.87413907489
5555.77 3.7976043777
5558.52 3.90042100391
5561.26 3.82732606839
5564.01 3.77497719546
5566.75 3.81996282856
5569.5 3.90767675118
5572.25 3.84178381667
5574.99 3.91837226013
5577.74 3.86715205899
5580.49 3.77057000081
5583.23 3.77701955395
5585.98 3.71091163433
5588.72 3.67242930063
5591.47 3.72961533841
5594.22 3.78696261503
5596.96 3.7507913712
5599.71 3.92030712607
5602.45 3.8761276871
5605.2 4.00087279396
5607.95 3.91939343938
5610.69 3.88967174868
5613.44 3.86295984946
5616.18 3.81147091694
5618.93 3.83646293533
5621.68 3.780728047
5624.42 3.81727551476
5627.17 3.84645974269
5629.91 4.03091696231
5632.66 3.75224252066
5635.41 3.83318441249
5638.15 3.79115482457
5640.9 3.69446527384
5643.64 3.86838822334
5646.39 3.8144807084
5649.14 3.79077860063
5651.88 3.86328232711
5654.63 3.7579933722
5657.37 3.61002987406
5660.12 3.74047208619
5662.87 3.80534384146
5665.61 3.83764535341
5668.36 3.83313066621
5671.1 3.86881819355
5673.85 3.97227977507
5676.6 3.95680084755
5679.34 3.80050667661
5682.09 3.92836906749
5684.83 3.88590950936
5687.58 3.82329509768
5690.33 3.78013683796
5693.07 3.86564716326
5695.82 3.88650071839
5698.57 3.81679179827
5701.31 3.75272623714
5704.06 3.62610001062
5706.8 3.68371601861
5709.55 3.66458234432
5712.3 3.76358298492
5715.04 3.80039918406
5717.79 3.8986473768
5720.53 3.82141397802
5723.28 3.94637406998
5726.03 3.89939982466
5728.77 3.86903317866
5731.52 3.90697804959
5734.26 3.84017142838
5737.01 3.86973188025
5739.76 3.89348773429
5742.5 3.77083873219
5745.25 3.88435086735
5747.99 3.82345633651
5750.74 3.81125593183
5753.49 3.82248890354
5756.23 3.96002562412
5758.98 3.79905552715
5761.72 3.82834724764
5764.47 3.75842334241
5767.22 3.82474624714
5769.96 3.81007351376
5772.71 3.87279541798
5775.45 3.80351646807
5778.2 3.83700039809
5780.95 3.66855956875
5783.69 3.69570143819
5786.44 3.70483830513
5789.18 3.72993781607
5791.93 3.82232766471
5794.68 3.83399060663
5797.42 3.82222017216
5800.17 3.86672208878
5802.92 3.78604892834
5805.66 3.8745690451
5808.41 3.74950146058
5811.15 3.76637779128
5813.9 3.74520175849
5816.65 3.87774007539
5819.39 3.78449028633
5822.14 3.91885597661
5824.88 3.8338293678
5827.63 3.85737023674
5830.38 3.93266876958
5833.12 3.95104999601
5835.87 3.88026615036
5838.61 3.8531780272
5841.36 3.81082596162
5844.11 3.92224199201
5846.85 3.8749990153
5849.6 3.78400656984
5852.34 3.7456317287
5855.09 3.78266291294
5857.84 3.7890587198
5860.58 3.79615322824
5863.33 3.82490748597
5866.07 3.81211587225
5868.82 3.95352232471
5871.57 4.07950359592
5874.31 4.41579404557
5877.06 4.30534544815
5879.8 3.97195729742
5882.55 3.78277040549
5885.3 3.35199400243
5888.04 3.2058041314
5890.79 3.27110585688
5893.53 3.49716269422
5896.28 3.58885384127
5899.03 3.71762991884
5901.77 3.74783532602
5904.52 3.72918536821
5907.27 3.66141131403
5910.01 3.67108564373
5912.76 3.68135118246
5915.5 3.63314077279
5918.25 3.7300990549
5921.0 3.69382031852
5923.74 3.66630222515
5926.49 3.70193600622
5929.23 3.78045931562
5931.98 3.75965950676
5934.73 3.75869207379
5937.47 3.71644750077
5940.22 3.7337000554
5942.96 3.76057319346
5945.71 3.70172102111
5948.46 3.68140492874
5951.2 3.68753200422
5953.95 3.71225529123
5956.69 3.74568547497
5959.44 3.75750965572
5962.19 3.64566365512
5964.93 3.65356435771
5967.68 3.6963463935
5970.42 3.65797155235
5973.17 3.7010760658
5975.92 3.73649486176
5978.66 3.6459323865
5981.41 3.69752881157
5984.15 3.72746548737
5986.9 3.74547048987
5989.65 3.71214779868
5992.39 3.76428168651
5995.14 3.69661512488
5997.88 3.6144370687
6000.63 3.56697910689
6003.38 3.56310937501
6006.12 3.49759266443
6008.87 3.56160447928
6011.62 3.62824986166
6014.36 3.54392195444
6017.11 3.60481648528
6019.85 3.60390279858
6022.6 3.60110799223
6025.35 3.6491034168
6028.09 3.68968185526
6030.84 3.6808137197
6033.58 3.75675720785
6036.33 3.79480957134
6039.08 3.74536299732
6041.82 3.64356755036
6044.57 3.67603030113
6047.31 3.58122187006
6050.06 3.57396612279
6052.81 3.57590098873
6055.55 3.67044068841
6058.3 3.71768366512
6061.04 3.63518313128
6063.79 3.6589927316
6066.54 3.64534117747
6069.28 3.65463928324
6072.03 3.75272623714
6074.77 3.65238193964
6077.52 3.6880157207
6080.27 3.59078870721
6083.01 3.65334937261
6085.76 3.61793057665
6088.5 3.55972335962
6091.25 3.62744366752
6094.0 3.66490482197
6096.74 3.57874954136
6099.49 3.57987821316
6102.23 3.53709617737
6104.98 3.69699134881
6107.73 3.65458553696
6110.47 3.63706425095
6113.22 3.67162310649
6115.97 3.55155392565
6118.71 3.61384585966
6121.46 3.44685617978
6124.2 3.53962225235
6126.95 3.51575890576
6129.7 3.70284969291
6132.44 3.67366546498
6135.19 3.41218983168
6137.93 3.46040024136
6140.68 3.561550733
6143.43 3.51892993605
6146.17 3.66802210599
6148.92 3.5068907702
6151.66 3.51215790526
6154.41 3.46201262964
6157.16 3.47362182528
6159.9 3.32291726706
6162.65 3.38386554417
6165.39 3.3795120958
6168.14 3.41460841411
6170.89 3.34882297214
6173.63 3.48544600603
6176.38 3.50984681538
6179.12 3.5154364281
6181.87 3.51463023396
6184.62 3.54935032833
6187.36 3.62464886116
6190.11 3.49974251547
6192.85 3.44390013459
6195.6 3.44486756756
6198.35 3.54531935762
6201.09 3.47797527365
6203.84 3.44255647769
6206.58 3.60685884377
6209.33 3.53693493854
6212.08 3.41917684758
6214.82 3.39939821797
6217.57 3.37580360275
6220.31 3.50044121706
6223.06 3.44309394045
6225.81 3.45524059885
6228.55 3.4333121182
6231.3 3.40514906951
6234.05 3.45642301692
6236.79 3.43943919367
6239.54 3.40649272641
6242.28 3.41734947419
6245.03 3.39800081479
6247.78 3.36704295975
6250.52 3.31206051928
6253.27 3.38370430534
6256.01 3.38972388827
6258.76 3.34796303173
6261.51 3.32254104312
6264.25 3.42326156456
6267.0 3.39321739621
6269.74 3.47738406461
6272.49 3.2947004721
6275.24 3.36328072042
6277.98 3.35720739122
6280.73 3.42825996824
6283.47 3.42181041511
6286.22 3.92396187285
6288.97 3.75073762493
6291.71 3.31609148999
6294.46 3.21295238613
6297.2 3.63679551957
6299.95 3.69392781107
6302.7 3.65969143319
6305.44 3.57848080998
6308.19 3.60513896293
6310.93 3.55510117987
6313.68 3.49899006761
6316.43 3.48146878159
6319.17 3.42369153477
6321.92 3.37660979689
6324.66 3.48442482678
6327.41 3.48474730444
6330.16 3.50608457605
6332.9 3.46996707851
6335.65 3.45335947919
6338.4 3.50506339681
6341.14 3.41525336942
6343.89 3.48001763214
6346.63 3.49716269422
6349.38 3.48329615498
6352.13 3.47969515448
6354.87 3.43223719267
6357.62 3.38370430534
6360.36 3.4081051147
6363.11 3.41971431034
6365.86 3.46018525625
6368.6 3.61185724745
6371.35 3.5289267434
6374.09 3.55714353836
6376.84 3.46980583968
6379.59 3.43895547719
6382.33 3.48103881139
6385.08 3.58283425835
6387.82 3.41955307151
6390.57 3.40428912909
6393.32 3.42444398264
6396.06 3.41611330984
6398.81 3.4301410879
6401.55 3.40149432274
6404.3 3.48028636352
6407.05 3.33673006002
6409.79 3.4371281038
6412.54 3.30249368213
6415.28 3.27019217019
6418.03 3.2332684785
6420.78 3.37988831974
6423.52 3.43723559635
6426.27 3.37623357296
6429.01 3.40579402482
6431.76 3.44153529844
6434.51 3.37392248309
6437.25 3.42089672841
6440.0 3.50151614258
6442.75 3.42396026615
6445.49 3.34683435993
6448.24 3.33592386588
6450.98 3.39579721747
6453.73 3.49323921606
6456.48 3.34694185248
6459.22 3.35731488377
6461.97 3.32888310371
6464.71 3.36752667623
6467.46 3.43530073041
6470.21 3.40681520407
6472.95 3.46169015198
6475.7 3.57154754036
6478.44 3.46319504772
6481.19 3.40106435253
6483.94 3.48807957356
6486.68 3.44056786547
6489.43 3.36860160175
6492.17 3.18822909911
6494.92 3.17602869444
6497.67 3.17742609761
6500.41 3.29771026356
6503.16 3.43621441711
6505.9 3.37408372192
6508.65 3.43739683518
6511.4 3.33694504512
6514.14 3.2874984711
6516.89 3.38182318568
6519.63 3.54741546239
6522.38 3.4323984315
6525.13 3.41724198164
6527.87 3.45094089676
6530.62 3.35580998804
6533.36 3.52833553437
6536.11 3.52473453387
6538.86 3.53779487896
6541.6 3.58283425835
6544.35 3.96679765491
6547.1 4.25831745655
6549.84 4.22897198979
6552.59 4.58375115843
6555.33 6.62530345664
6558.08 11.6430557947
6560.83 15.8766499642
6563.57 14.3755164724
6566.32 8.63756403436
6569.06 4.74106650861
6571.81 3.58944505031
6574.56 3.61814556175
6577.3 4.29212386423
6580.05 5.43751075451
6582.79 5.78094945888
6585.54 4.87731331856
6588.29 3.90197964591
6591.03 3.40192429294
6593.78 3.36414066084
6596.52 3.26997718508
6599.27 3.24589885338
6602.02 3.29550666624
6604.76 3.26293642291
6607.51 3.28362873922
6610.25 3.31394163895
6613.0 3.49114311129
6615.75 3.46701103332
6618.49 3.39552848609
6621.24 3.30711586188
6623.98 3.33984734403
6626.73 3.28217758976
6629.48 3.26712863245
6632.22 3.24912362995
6634.97 3.32990428295
6637.71 3.39171250048
6640.46 3.27137458826
6643.21 3.38273687237
6645.95 3.32501337182
6648.7 3.37327752778
6651.44 3.40418163654
6654.19 3.31130807142
6656.94 3.31308169853
6659.68 3.33388150738
6662.43 3.36328072042
6665.18 3.34538321047
6667.92 3.3300117755
6670.67 3.39085256007
6673.41 3.48684340921
6676.16 3.49947378409
6678.91 3.42159543
6681.65 3.41514587687
6684.4 3.28078018658
6687.14 3.29496920348
6689.89 3.24466268903
6692.64 3.27814661905
6695.38 3.29631286038
6698.13 3.24966109271
6700.87 3.27615800684
6703.62 3.28212384349
6706.37 3.51371654726
6709.11 4.01269697471
6711.86 4.97502404854
6714.6 5.77611229403
6717.35 5.54124106741
6720.1 4.52629638926
6722.84 4.00909597421
6725.59 4.35371709666
6728.33 4.96540346512
6731.08 4.86092070435
6733.83 4.27401136918
6736.57 3.52505701152
6739.32 3.22649644771
6742.06 3.10594355038
6744.81 3.17199772373
6747.56 3.17624367954
6750.3 3.16640811101
6753.05 3.22106807382
6755.79 3.13700889798
6758.54 3.24143791247
6761.29 3.13491279321
6764.03 3.16925666364
6766.78 3.22993620938
6769.53 3.17946845611
6772.27 3.23767567314
6775.02 3.36037842151
6777.76 3.22257296955
6780.51 3.20059074262
6783.26 3.04580146741
6786.0 3.13996494316
6788.75 3.16468823018
6791.49 3.15082169094
6794.24 3.16603188708
6796.99 3.28475741102
6799.73 3.10846962536
6802.48 3.17989842632
6805.22 3.2611627958
6807.97 3.25826049689
6810.72 3.09277571273
6813.46 3.16296834934
6816.21 3.30260117469
6818.95 3.21354359516
6829.3 3.27024591646
6845.04 3.20300932504
6860.82 3.18812160656
6876.64 3.18065087418
6892.49 3.1009451467
6908.37 3.15839991587
6924.3 3.15098292977
6940.26 3.2094051319
6956.26 3.23896558377
6972.3 3.22391662645
6988.37 3.18683169593
7004.48 3.19397995066
7020.63 3.16458073762
7036.81 3.193657473
7053.03 3.25288586928
7069.29 3.09917151959
7085.59 3.17119152959
7101.92 3.04929497536
7118.29 3.00038586409
7134.71 3.00022462526
7151.15 3.01392992567
7167.63 3.02763522608
7184.16 2.93820142263
7200.72 2.87117981631
7217.32 3.01328497036
7233.96 3.04096430256
7250.63 2.9715778601
7267.35 3.03365480901
7284.1 2.99189395247
7300.89 2.97109414361
7317.72 3.01925080701
7334.59 3.06106540983
7351.5 3.05386340883
7368.45 3.06778369434
7385.43 3.16081849829
7402.46 3.09583925047
7419.52 3.06020546941
7436.63 3.10975953599
7453.77 3.03182743562
7470.95 3.03865321269
7488.17 3.08783105533
7505.43 3.09476432495
7522.74 3.12324985129
7540.08 3.10873835674
7557.46 3.13733137563
7574.89 3.09411936964
7592.35 3.07971536764
7609.85 3.03026879361
7627.39 2.94078124388
7644.97 2.96781562077
7662.6 2.97448015901
7680.26 2.8932695358
7697.97 2.89977283521
7715.71 2.87961798166
7733.5 2.85306732126
7751.33 2.85290608243
7769.19 2.86591268125
7787.1 2.79405391009
7805.05 2.79389267126
7823.05 2.90525495537
7841.08 2.78072483361
7859.15 2.85188490319
7877.28 2.87150229397
7895.43 2.8912271773
7913.63 2.84484414102
7931.88 2.78631444633
7950.16 2.71020971935
7968.49 2.78599196867
7986.86 2.78583072984
8005.27 2.7474558887
8023.72 2.85693705314
8042.22 2.87655444393
8060.76 2.86978241313
8079.34 2.77217917571
8097.96 2.75928006944
8116.63 2.82990267626
8135.34 2.84280178253
8154.1 2.7971711941
8172.9 2.65882827939
8191.74 2.63431997748
8210.62 2.74562851531
8229.54 2.70779113693
8248.52 2.83522355759
8267.53 2.78970046172
8286.59 2.73864149942
8305.7 2.73213820001
8324.84 2.74460733606
8344.03 2.67575835636
8363.27 2.73165448352
8382.55 2.70644748002
8401.87 2.73762032017
8421.24 2.63840469446
8440.65 2.7562165317
8460.11 2.65635595068
8479.61 2.57192055091
8499.16 2.68677634296
8518.75 2.6558722342
8538.39 2.62529060309
8558.07 2.47254368637
8577.8 2.64313436676
8597.57 2.61271397448
8617.4 2.5885818965
8637.26 2.61841107975
8657.17 2.49463340586
8677.12 2.39875004927
8697.13 2.35478559541
8717.18 2.55816150422
8737.27 2.54037148683
8757.42 2.47098504437
8777.6 2.55176569737
8797.84 2.57519907375
8818.12 2.37563915054
8838.45 2.5512282346
8858.82 2.52188276785
8879.24 2.40820939386
8899.71 2.4641592673
8920.23 2.46964138746
8940.79 2.45249632538
8961.4 2.42986914314
8982.06 2.33640436897
9002.76 2.31485211225
9023.52 2.1952666479
9044.32 2.56133253451
9065.17 2.6027709134
9086.07 2.502641601
9107.01 2.473833597
9128.01 2.21993618863
9149.05 2.40611328909
9170.14 2.43938223401
9191.28 2.43363138247
9212.47 2.44470311535
9233.71 2.26046088082
9254.99 2.30232922992
9276.32 2.51844300617
9297.71 2.31259476866
9319.14 2.42143097779
9340.62 2.42126973896
9362.15 2.38241118133
9383.74 2.39875004927
9405.37 2.36021396929
9427.05 2.39289170517
9448.79 2.37074823941
9470.57 2.39251548124
9492.4 2.38687212225
9514.28 2.34855102738
9536.21 2.33758678705
9558.19 2.25288265589
9580.23 2.32114042656
9602.32 2.32635381534
9624.45 2.32619257651
9646.63 2.30469406607
9668.88 2.2992119459
9691.16 2.30963872347
9713.5 2.28830145185
9735.9 2.27239255412
9758.34 2.26180453773
9780.83 2.2616432989
9803.38 2.26142831379
9825.98 2.24573440117
9848.63 2.24557316234
9871.33 2.22993299599
9894.09 2.22461211466
9916.9 2.20913318714
9939.76 2.20897194831
9962.68 2.20375855952
9985.64 2.19343927451
10031.73 2.15807422483
10078.04 2.1232466379
10124.56 2.14748620843
10171.28 2.11771077146
10218.24 2.11249738268
10265.4 2.10250057532
10289.07 2.08782784194
10504.51 2.00629474108
10699.81 1.91487232541
10898.73 1.82447108898
11101.35 1.7625553789
11307.74 1.70268202731
11491.48 1.66774694783
11705.12 1.60744362603
11895.32 1.54929015528
12088.6 1.50360582058
12313.34 1.46603717358
12513.42 1.4227714213
12687.5 1.38079557966
12893.65 1.34010964864
13103.16 1.30958176381
13285.44 1.26803589237
13501.31 1.24202269473
13689.14 1.21375215349
13911.56 1.1752698198
14105.1 1.13539008292
14301.32 1.11206419909
14500.27 1.10695830285
14701.99 1.07186198455
14906.5 1.07186198455
15113.87 1.06449874472
15288.89 1.06691732715
15501.58 1.0571355049
15717.23 1.03547575562
15899.23 1.00263678092
16083.32 1.00263678092
16307.06 0.993446167701
16495.89 0.96856164186
16686.91 0.953082714339
16919.05 0.927123262975
17114.97 0.90395861797
17313.14 0.865261299168
17513.62 0.841666683953
17716.42 0.809365172009
17880.34 0.781900824914
18087.39 0.748416894895
18296.83 0.729713190807
18508.71 0.706548545801
18679.95 0.676289392349
18896.26 0.657854419642
19115.08 0.642912954882
19291.93 0.619640817324
19515.33 0.594487560103
19695.91 0.576966274089
19878.14 0.559928704561
20108.32 0.548427001473
20294.39 0.529830789937
20482.16 0.520161834864
20719.34 0.504822647661
20911.06 0.491063600976
21104.53 0.480991548832
21299.82 0.467882832087
21496.91 0.457230320161
21695.81 0.440692591001
21896.57 0.432652148094
22099.16 0.419892782145
22303.65 0.407509640128
22510.03 0.397319346177
22718.3 0.38648947154
22875.79 0.34924867682
23087.44 0.346050773391
23301.08 0.305590576732
23516.69 0.289160340124
23679.68 0.292508733126
23898.8 0.269236595568
24119.92 0.261298270586
24287.12 0.258901186671
24511.83 0.242739681444
24681.76 0.239407412325
24910.12 0.207557369099
25082.8 0.204708816465
25314.87 0.205181783695
25490.36 0.202833071429
25726.2 0.204235849235
25904.54 0.200049014326
26084.09 0.198673109657
26325.46 0.193255485025
26507.92 0.191046513077
26691.68 0.187128409548
26876.69 0.184134741968
27125.39 0.181189446037
27313.4 0.177067106659
27502.74 0.174234677908
27693.37 0.170268202731
27885.35 0.167548641159
28078.62 0.164108879488
28273.27 0.161115211908
28469.24 0.157809815927
28732.67 0.154219564683
28931.83 0.151752610609
29132.39 0.148640701222
29266.85 0.145254685827
29469.7 0.14227714213
29673.99 0.140003674651
29879.67 0.136816520477
30086.8 0.134317318638
30295.34 0.131259155527
30505.35 0.129458655277
30716.79 0.127389423647
30929.73 0.124777354627
31072.48 0.122783367784
31287.85 0.120821628705
31504.75 0.118343925377
31723.11 0.116452056457
31869.56 0.114587060676
32090.46 0.112496330535
32312.92 0.111206419909
32536.88 0.110443222788
32687.05 0.111722384159
32913.65 0.118612656757
33065.56 0.11671541321
33294.75 0.105471692247
33525.55 0.100263678092
33680.29 0.0970818985457
33913.77 0.0944375817608
34070.3 0.0922877307162
34306.44 0.090395861797
34464.82 0.0885416152711
34703.7 0.0867249911384
34863.92 0.084945989399
35105.56 0.0832046100529
35267.59 0.0814954784724
35512.07 0.0798239692853
35675.98 0.0781900824914
35923.3 0.0767604315468
36089.1 0.0753576537402
36339.24 0.0738151356157
36507.0 0.0722994906293
36675.5 0.0708160934085
36929.7 0.0692037051251
37100.19 0.0679406676364
37271.42 0.0666991286581
37529.75 0.0650329940986
37703.01 0.0641408059151
37877.03 0.0629691370958
38139.56 0.0618189667869
38315.64 0.0606902949885
38492.48 0.0595831217006
38670.14 0.0583630812328
38938.21 0.0572989049657
39117.93 0.0562508525815
39298.48 0.0553532897703
39479.9 0.0542192433443
39662.12 0.05322762455
39937.07 0.0521360376821
40121.4 0.0511841911321
40306.57 0.0503661728097
40492.61 0.0493331693828
40679.54 0.0486559663037
40867.3 0.0478782576883
41055.92 0.0471123732537
41340.53 0.0463593879253
41531.34 0.0455134215393
41723.02 0.0447856969607
41915.64 0.0440692591001
42109.1 0.0432652148094
42303.45 0.0427696741437
42498.75 0.0419892782145
42694.9 0.0414131181345
42891.95 0.0397319346177
43089.97 0.0382947591944
43288.85 0.0382066153015
43488.64 0.0367398794264
43689.37 0.0359863566352
43891.06 0.0353295771411
44093.64 0.0342089672841
44297.15 0.0337392248309
44501.65 0.0332001496815
44707.04 0.0322950623917
44913.39 0.0321467226696
45120.73 0.0315598133344
45328.98 0.0308417630856
45538.2 0.0306294652949
45748.38 0.0302785021119
45853.88 0.0294534967735
46065.52 0.0293857764656
46278.13 0.0289160340124
46491.78 0.0285193864946
46706.36 0.0283226751241
46921.93 0.0279340895478
47138.5 0.0275508785991
47247.21 0.0274874579932
47465.27 0.0269860052371
47684.35 0.0266769641494
47904.48 0.0263716853011
48125.58 0.0258901186671
48347.71 0.0258901186671
48459.15 0.025476272341
48682.87 0.0251269215463
48907.56 0.0248393789691
49133.29 0.0244986275785
49246.55 0.0242739681444
49473.9 0.0239407412325
49702.24 0.0238305613664
49931.64 0.0235064713214
50046.74 0.0233898419023
50277.78 0.0233172844295
50509.83 0.0231377718673
50742.96 0.0231716320213
50859.93 0.0231076739527
50977.22 0.0230974621602
51094.72 0.0230340415544
51212.5 0.0229706209486
51330.55 0.0229593342306
51448.87 0.0228959136248
51567.46 0.0228846269068
51686.39 0.0229260115394
51805.53 0.0228620534708
51924.94 0.0227980954023
52044.63 0.0227862712215
52164.6 0.0227217756902
52284.84 0.0227099515094
52405.36 0.0226454559781
52526.22 0.0226852282224
52647.29 0.0227250004667
52768.65 0.0227647727111
52890.28 0.0226476058291
53012.2 0.0225304389472
53134.4 0.0225175398409
53256.94 0.0225562371597
53379.7 0.0225949344785
53502.74 0.0225293640217
53626.07 0.0225675238777
53749.68 0.0225535498459
53873.58 0.0225395758141
53997.76 0.0225256017824
54122.29 0.0225632241756
54247.04 0.022497116256
54372.09 0.0224820672987
54497.42 0.022519689692
54623.04 0.0225046407347
54748.95 0.0224895917774
54875.15 0.0225261392451
55001.7 0.0225110902878
55128.48 0.0225476377556
55255.56 0.0226357816484
55382.93 0.022724463004
55510.59 0.0226040713455
55638.54 0.0226400813505
55766.85 0.0227808965939
55895.4 0.0227642352483
56024.25 0.0228002452533
56153.38 0.0228883891461
56282.82 0.0228717278005
56412.56 0.0229072003428
56542.59 0.023048553049
56672.99 0.0231377718673
56803.62 0.0231732444095
56934.56 0.0232087169518
57065.8 0.0233516820462
57197.34 0.0234946471407
57329.18 0.0236392246234
57461.39 0.0237295183673
57593.85 0.0238746333128
57726.61 0.0240208231839
57859.67 0.0242234466448
57993.04 0.024427682494
58126.72 0.0246335307316
58260.71 0.0248409913574
58395.06 0.0251075728869
58529.67 0.0253768417302
58664.58 0.0256493353501
58799.81 0.0259841746503
58935.34 0.0263227761898
59043.19 0.0241068172256
59345.16 0.0247824079164
59647.23 0.0268392779033
59949.19 0.0305569078221
60251.16 0.0326922473722
60553.13 0.0300000964016
60855.09 0.0305827060347
61157.15 0.0396432532621
61459.12 0.0524020817489
61761.09 0.0739280027955
62063.05 0.0894015556889
62365.02 0.0866121239586
62667.09 0.0731863041851
62969.05 0.0578041199612
63271.02 0.0495234312002
63572.98 0.0406633575827
63874.94 0.0385339301231
64177.01 0.0319419493576
64478.98 0.033601634364
64780.95 0.0291498303135
65082.91 0.0244330571217
65384.88 0.026448542476
65686.94 0.0267876814782
65988.9 0.0295819503734
66290.87 0.027476708738
66592.84 0.0301839086659
66894.81 0.0276261233856
67196.87 0.0280598558339
67498.84 0.025568715936
67800.81 0.026124452431
68102.76 0.0261249898937
68404.74 0.0261438010904
68706.8 0.0247114628319
69008.77 0.0273047206545
69310.73 0.0246286935667
69612.7 0.023761766133
69914.67 0.0306955732145
70216.73 0.0247893949323
70518.7 0.0185451525733
70820.66 0.0302677528567
71122.62 0.0285516342603
71424.59 0.0321477975951
71726.65 0.0323982552418
72028.63 0.0313706264425
72330.59 0.0291111329947
72632.55 0.0329819398004
72934.52 0.038554353708
73236.58 0.0408116973048
73538.55 0.0442708076355
73840.52 0.0496868198796
74142.48 0.052190321421
74444.45 0.0601958292483
74746.51 0.0711493203204
75048.48 0.0729175728046
75350.44 0.0710257038853
75652.41 0.0778461063243
76860.37 0.0616093563101
77464.3 0.0571591646478
78068.24 0.0517243412071
78672.27 0.0539773851018
79276.2 0.0464593559989
79880.23 0.0379636821335
80484.16 0.032721807824
81088.1 0.0289703177512
81692.12 0.0232355900898
82296.06 0.0260250218202
82899.99 0.0279609626858
83504.01 0.0257450037216
84107.95 0.0255751654891
84711.88 0.026500138901
85315.92 0.028559158739
85919.85 0.0282705412362
86523.88 0.0282442055609
87127.81 0.0266119311553
87731.75 0.0213329719154
88335.78 0.0189154644157
88939.71 0.0174594777958
89543.64 0.0185150546587
90147.66 0.0261507881063
90751.6 0.0133495000613
91355.53 0.0113044542552
91959.56 0.0123605685808
92563.5 0.0115629738433
93167.53 0.0115339508542
93771.45 0.0109524161466
94375.39 0.0116043584759
94979.41 0.0110281983959
95583.35 0.0106525119259
96187.28 0.0115823225027
96791.31 0.0110620585499
97395.24 0.0113506760526
97999.17 0.0105976907243
98603.21 0.0109868137633
99207.14 0.0106358505803
99811.17 0.0103268094926
100415.1 0.0106573490907
101019.04 0.0105912411711
101623.07 0.0104154908482
102227.0 0.0103053109822
102830.93 0.0103053109822
103434.96 0.0101833069354
104038.89 0.00994252361843
104642.82 0.0181442053535
105246.85 0.0280093343343
105850.79 0.0181076578857
106454.82 0.011358737994
107058.74 0.0123213337993
107662.68 0.0129791882189
108266.72 0.0121660070613
108870.65 0.0126583229505
109474.58 0.01430887109
110078.61 0.0158427898103
110682.54 0.0166328600692
111286.48 0.0192357922214
111890.5 0.0318833659167
112494.44 0.0371290024654
113098.47 0.0292336745042
113702.39 0.022665879563
114306.33 0.0186983294602
114910.36 0.0173331740469
115514.29 0.0146942318897
116118.23 0.0140498140391
116722.25 0.0138230047539
117326.18 0.0139208229764
117930.11 0.0130549704682
118534.14 0.0133785230504
119138.08 0.0137692584778
119742.12 0.0133564870772
120346.04 0.0132317957166
120949.97 0.0129888625486
121554.01 0.0130221852398
122157.94 0.0122326524437
122761.87 0.012803437896
123365.9 0.013190411084
123969.83 0.0131011922657
124573.77 0.0133548746889
125177.79 0.013613394277
125781.73 0.0138971746149
126385.76 0.0141890168942
126989.69 0.0153338125755
127593.62 0.0209352494721
128197.65 0.0274089884301
128801.58 0.0184113243458
129405.52 0.0109782143592
130009.55 0.0106363880431
130613.47 0.0101059122978
131217.4 0.00998767049036
131821.44 0.0096039220789
132425.37 0.010065065128
133029.3 0.00960230969062
133633.34 0.00942655936773
134237.26 0.00909172006753
134841.3 0.00928359427326
135445.23 0.00912719260977
136049.16 0.00920136247081
136653.2 0.00928843143811
137257.12 0.00856500656161
137861.05 0.00847256296669
138465.09 0.00871818344854
139069.02 0.00898207766426
139672.95 0.00858005551892
140276.98 0.00856608148713
140880.91 0.00848814938677
141484.95 0.00848976177505
142088.88 0.00836507041446
142692.81 0.00806462873098
143296.85 0.00790500229092
143900.77 0.00776203719646
144504.7 0.00744977133223
145564.77 0.00734872833314
146410.37 0.00745514595985
147255.95 0.0073395914662
148101.53 0.00709343352159
148947.02 0.00710901994167
149792.6 0.00722296204703
150638.18 0.00707623471324
151483.67 0.00695046842713
152329.25 0.00686286199706
153174.83 0.00706602292078
154020.32 0.00670592287081
154865.9 0.0140267031404
155711.49 0.0170370320655
156556.98 0.00941151041041
157402.56 0.00683437647072
158248.14 0.00694563126228
159093.61 0.00691392095937
159939.21 0.00712998098935
160784.79 0.00703055037854
161630.37 0.00683276408244
162475.86 0.00739333774231
163321.46 0.00792703826413
164167.02 0.00893800571784
165012.52 0.00840752997259
165858.09 0.00822049293172
166703.67 0.00800604529002
167549.17 0.00819361979366
168394.74 0.00805602932681
169240.34 0.00825166577186
170085.81 0.00878590375644
170931.4 0.00854780775325
171776.98 0.00820974367649
172622.46 0.0081957696447
173468.05 0.00830111234589
174313.63 0.00866443717242
175159.21 0.00797594737539
176004.7 0.00794047483316
176850.3 0.00790500229092
177695.86 0.00784426899891
178541.37 0.00774161361154
179386.95 0.00728638265285
180232.53 0.00685694990669
181078.02 0.00691338349661
181923.58 0.00682470214102
182769.18 0.00644955313374
183614.67 0.00686178707154
184460.25 0.00664303972775
185305.83 0.006365708943
186151.3 0.00934755234184
186996.9 0.0168166723335
187842.49 0.0117489359586
188688.07 0.00671667212603
189533.54 0.00692896991668
190379.14 0.007281545488
191224.71 0.00721060040352
192070.21 0.00737882624776
192915.79 0.00743149759835
193761.37 0.00733152952478
194606.86 0.00734604101933
195452.45 0.00743257252388
196298.02 0.00746697014059
197143.51 0.00748040670962
197989.09 0.00765938180908
198834.67 0.0077835357069
199680.17 0.00772387734042
200525.74 0.00763250867102
201371.33 0.00762068449028
202216.92 0.00742881028455
203062.39 0.00723962339263
203907.98 0.00746804506611
205599.05 0.00731540564195
207290.21 0.00749975536902
208981.3 0.00742612297074
210672.35 0.00726058444031
212363.51 0.00736646460426
214054.58 0.00739387520507
215745.76 0.00744654655567
217436.83 0.00733529176411
219127.89 0.00748846865104
220819.07 0.00758359955976
222510.14 0.00750674238492
224201.19 0.00752125387947
225892.35 0.00772333987766
227583.44 0.00779589735041
229274.6 0.00797594737539
230965.67 0.00780073451526
232656.74 0.00779804720146
234347.91 0.00797487244987
236038.98 0.00791790139719
237730.05 0.00800980752935
239421.2 0.00789586542398
241112.28 0.00781900824914
242803.44 0.00798185946577
244494.51 0.00798777155614
246185.58 0.00789694034951
247876.76 0.00801410723144
249567.82 0.00792220109928
251258.89 0.00795122408838
252950.07 0.00788941587085
254641.14 0.00792273856204
256332.28 0.00800604529002
258023.35 0.00792112617376
259714.42 0.00809848888494
261405.6 0.00807107828412
263096.67 0.00808129007658
264787.74 0.00797540991263
266478.9 0.00800228305069
268169.97 0.00803184350255
269861.13 0.0080630163427
271552.2 0.00799475857203
273243.29 0.00803453081636
274934.46 0.0081210623209
276625.49 0.00815331008657
278316.56 0.00818287053844
280007.76 0.00816298441627
281698.82 0.00826026517604
283389.99 0.00824521621873
285081.05 0.00816889650665
286772.12 0.00825435308567
288463.28 0.00833873473917
290154.35 0.00845482669558
291845.42 0.00830971175007
293536.58 0.00849782371647
295227.65 0.00849029923781
296918.81 0.00848814938677
298609.91 0.00860047910385
300300.98 0.00859510447623
301992.14 0.0085693062637
303683.21 0.00864078881093
305374.28 0.00858113044444
307065.44 0.00872517046443
308756.51 0.00866604956071
310447.67 0.00866174985862
312138.74 0.00876977987361
313829.81 0.00886652317061
315520.97 0.00881815152211
317212.07 0.00889124645763
318903.14 0.00895466706344
320594.3 0.00905087289769
322285.33 0.00897025348351
323976.53 0.00911214365246
325667.6 0.00925564620968
327358.66 0.0093840998096
329049.83 0.0096232707383
330740.89 0.00964638163703
332431.96 0.0120859251099
334123.16 0.0195029112137
335814.22 0.0141637561445
337505.35 0.0101182739413
339196.42 0.00974849956165
340887.52 0.00965390611569
342578.65 0.00970227776419
344269.72 0.00942064727735
345960.79 0.0113899108342
347651.98 0.0140691626985
349343.02 0.012596514733
