100.05 2.2755380056e-09
101.91 3.18487597654e-09
104.05 4.0652653144e-09
105.98 5.33444356672e-09
107.95 7.08083564905e-09
109.96 1.11708388863e-08
114.09 1.77446348409e-08
118.1 2.64906309534e-08
121.13 9.08004579352e-08
125.09 1.30042523141e-07
127.13 1.52434729436e-07
128.01 1.66758162187e-07
130.99 2.07061677272e-07
131.9 2.4551949769e-07
134.04 2.81240356436e-07
136.85 3.80262226164e-07
140.03 4.62476344084e-07
142.97 1.0594673365e-06
146.97 2.36098033473e-06
151.09 2.91802221351e-06
154.97 3.6231407366e-06
158.94 4.46773903721e-06
161.9 5.18899861632e-06
166.05 6.35448812837e-06
169.92 7.62226281059e-06
173.08 8.73143407285e-06
177.11 1.03297495109e-05
179.98 1.16973531156e-05
182.07 1.27082744717e-05
185.88 1.48281916438e-05
191.09 1.78692016862e-05
194.19 2.00482442483e-05
197.8 2.30185494476e-05
201.95 2.64292247621e-05
205.23 2.91802221351e-05
210.01 3.28909105559e-05
215.89 4.09333671617e-05
219.9 4.61406121892e-05
222.96 4.97828765682e-05
227.11 5.58585805878e-05
229.74 8.87337009802e-05
234.01 0.000155269941015
240.01 0.000208482791986
246.17 0.000218307782604
251.9 0.000250081100477
257.18 0.000226501122994
260.16 0.000271064473297
263.78 0.000297907751235
269.3 0.000317013849061
274.31 0.000335032180069
278.76 0.000353261046591
283.95 0.000374191785532
289.89 0.000380262226164
295.96 0.000411228491236
300.77 0.000422755310586
307.78 0.000456125189435
317.86 0.000505916838316
328.27 0.000545865951953
338.25 0.000582218417239
347.72 0.000616711152158
356.64 0.000651765315113
365.79 0.000690381037166
375.18 0.000719592839628
384.8 0.000729610821133
394.67 0.000783578091027
404.79 0.000820509528975
414.22 0.000845440442668
421.92 0.000861160427656
429.77 0.000877178671289
440.79 0.000912197744991
451.06 0.000931286298191
460.51 0.000944251776882
470.15 0.0009640245705
479.99 0.00098874494868
490.04 0.000993306551467
500.31 0.00102114987309
506.1 0.00102822035741
511.96 0.0011119608578
520.28 0.00112482106874
529.95 0.00113262842735
539.8 0.00111966294866
549.84 0.00115368197868
560.06 0.00121084237052
570.47 0.00125051077014
579.74 0.00124189635872
590.52 0.00129147747209
600.12 0.00128258234666
609.87 0.00123335212581
619.78 0.00139023617243
629.85 0.00140632459457
640.08 0.00143246608746
650.48 0.00147599430482
658.01 0.00148966156856
665.63 0.0015349267039
674.89 0.00155269941015
684.28 0.00152787376421
695.4 0.00167528371273
705.07 0.00162587804562
716.53 0.00177867419436
726.5 0.00181165809143
734.91 0.00184534377355
745.13 0.00193675127555
755.5 0.00199570121925
764.25 0.00199113961647
774.88 0.00214833946635
785.66 0.0022237813586
794.76 0.00229659155693
805.81 0.00236098033473
815.15 0.00241589501443
824.58 0.00255905916343
834.13 0.00228080139343
845.74 0.00265520371448
855.53 0.00271696079836
865.44 0.00285819503849
875.46 0.00299978017115
885.59 0.00317750723358
895.85 0.0033043548803
904.14 0.00333488252972
914.61 0.0048316145826
925.2 0.0273573354829
935.91 0.0595780413217
944.57 0.115368197868
955.51 0.162961505098
964.35 0.191464504666
975.52 0.0355699749619
984.54 0.178692016862
995.94 0.184534377355
1005.16 0.255905916343
1014.46 0.241589501443
1023.85 0.100713171684
1035.7 0.176639295608
1045.29 0.328909105559
1054.96 0.326645848792
1064.72 0.267362557189
1074.57 0.315557645095
1084.51 0.257098950918
1094.55 0.331961870501
1104.68 0.321435094839
1114.9 0.313382111458
1125.21 0.285819503849
1135.63 0.353261046591
1146.13 0.323663262354
1154.08 0.34362904686
1164.76 0.357348944473
1175.53 0.258274440867
1183.68 0.347611676985
1194.63 0.246659898387
1205.69 0.182850093249
1214.05 0.109669703309
1225.28 0.234466383245
1233.77 0.352436449164
1245.19 0.390911814208
1253.82 0.37852530818
1265.42 0.329681069108
1274.19 0.418877948217
1285.98 0.438615652583
1294.9 0.358998139326
1303.87 0.355699749619
1315.94 0.434597933206
1325.06 0.418877948217
1334.24 0.377648076874
1343.49 0.440650829211
1355.92 0.428632760331
1365.32 0.390017038277
1374.79 0.408403806433
1384.32 0.414088265291
1393.91 0.366507239299
1403.57 0.382016688774
1416.56 0.390017038277
1426.38 0.399105154599
1436.27 0.397262968858
1442.9 0.417912993781
1446.22 0.423720265022
1456.25 0.415035675101
1466.34 0.387332710483
1476.51 0.386437934552
1483.32 0.391824134766
1493.6 0.398192834041
1503.96 0.380262226164
1510.9 0.34362904686
1517.87 0.365665097246
1524.88 0.356524347046
1535.45 0.317013849061
1546.09 0.34601511601
1553.23 0.328154686637
1563.99 0.333488252972
1574.83 0.355699749619
1585.75 0.370753038816
1596.74 0.380262226164
1604.11 0.371612725495
1615.23 0.372472412174
1626.43 0.354875152192
1633.94 0.37591115889
1645.26 0.382016688774
1656.67 0.353261046591
1664.31 0.387332710483
1672.0 0.34840118516
1675.85 0.397262968858
1683.58 0.412175901046
1695.26 0.387332710483
1703.08 0.375051472211
1714.88 0.364822955193
1726.77 0.364822955193
1734.74 0.390017038277
1746.77 0.380262226164
1754.83 0.408403806433
1766.99 0.370753038816
1775.15 0.387332710483
1783.34 0.392718910697
1795.71 0.424702764083
1803.99 0.416948039346
1816.5 0.394543551812
1824.88 0.399105154599
1833.31 0.383788696011
1846.01 0.352436449164
1854.54 0.361489476233
1863.09 0.377648076874
1876.01 0.399105154599
1884.67 0.37591115889
1893.37 0.369051210084
1906.49 0.383788696011
1915.29 0.376770845569
1924.13 0.366507239299
1933.01 0.3581735419
1946.41 0.399105154599
1955.4 0.380262226164
1968.95 0.416000629536
1978.04 0.421772811524
1982.6 0.40652653144
1996.34 0.397262968858
2005.56 0.400017475156
2014.81 0.390911814208
2024.11 0.397262968858
2033.46 0.395438327743
2042.84 0.414088265291
2057.0 0.397262968858
2066.5 0.395438327743
2076.04 0.428632760331
2085.62 0.448826624976
2095.25 0.425685263145
2104.92 0.419842902653
2114.63 0.428632760331
2124.39 0.431597802142
2134.2 0.3963506483
2144.05 0.422755310586
2153.95 0.433597889518
2163.89 0.414088265291
2173.88 0.412175901046
2183.91 0.420807857089
2193.99 0.441650872899
2204.12 0.427650261269
2214.29 0.3963506483
2224.51 0.391824134766
2234.78 0.435597976894
2245.1 0.414175988421
2255.46 0.386332666795
2265.87 0.391508331496
2276.33 0.409737198017
2286.84 0.434790924093
2297.39 0.404631711821
2302.69 0.420193795175
2313.32 0.399245511608
2323.99 0.316961215183
2334.72 0.356296266907
2345.5 0.325522992721
2356.32 0.388490655806
2367.2 0.331260085457
2372.66 0.359401665727
2383.61 0.307873098861
2394.61 0.338190212768
2405.66 0.328066963506
2416.77 0.342576369294
2422.34 0.395526050874
2433.52 0.384578204185
2444.75 0.415702370892
2456.04 0.415526924631
2467.37 0.407754655268
2473.06 0.385315078481
2484.48 0.377244550474
2495.95 0.365121213837
2507.47 0.433773335779
2513.25 0.346488820915
2519.04 0.337365615341
2524.85 0.329996872378
2536.5 0.35182238725
2542.35 0.354594438175
2554.08 0.412632061324
2565.87 0.385841417265
2577.72 0.423878166657
2583.66 0.413667194264
2595.58 0.402245642671
2607.56 0.381349992982
2613.58 0.367910809387
2625.64 0.413614560386
2637.76 0.467125670001
2643.84 0.548094119468
2656.04 0.602149112493
2662.17 0.499039344883
2674.45 0.539497252678
2686.8 0.559550760314
2692.99 0.498039301195
2705.42 0.539672698939
2717.91 0.478617400099
2724.18 0.467108125375
2736.75 0.510829333625
2743.06 0.393280338732
2755.72 0.431106552611
2762.07 0.474248788199
2774.82 0.508022193448
2787.63 0.427316913373
2794.06 0.291205704063
2806.95 0.322891298806
2813.42 0.49716206989
2826.41 0.578604224262
2832.93 0.560813973393
2846.0 0.519636735929
2852.56 0.453054879866
2865.73 0.582148238735
2872.34 0.621553468963
2885.59 0.6058510286
2892.24 0.62778181123
2912.29 0.743278084868
2932.48 0.695819871258
2952.81 0.67739801385
2973.27 0.706644905564
2987.0 0.717961189401
3007.7 0.735312824617
3028.55 0.749611694891
3049.54 0.769507300892
3070.68 0.797245354762
3091.97 0.807193157762
3113.4 0.842106963708
3127.77 0.817123416137
3149.45 0.8292642974
3171.28 0.863160515032
3193.27 0.797069908501
3208.0 0.853967130954
3230.24 0.783174564627
3252.63 0.921040236547
3267.65 1.00746506473
3290.3 1.00151743648
3313.1 0.991060839325
3320.74 0.960673546914
3328.4 1.01872871469
3336.07 1.05813394492
3343.76 0.977288307834
3351.47 0.980621786794
3359.19 1.05434430568
3366.94 1.0056930575
3374.7 0.843247364405
3382.48 0.917145329552
3390.28 1.03972963214
3398.09 1.02425527191
3405.92 1.02069371281
3413.78 1.01948313361
3421.65 1.08359119739
3429.53 1.05281792321
3437.44 1.06866072058
3445.36 0.849826599193
3453.31 1.12155776828
3461.27 0.973446034718
3469.25 1.02281661257
3477.24 0.946865926171
3485.26 1.02986955227
3493.29 0.977867280496
3501.35 1.02511495859
3509.42 1.0721696458
3517.51 0.983464016223
3525.62 1.01683389507
3533.74 1.1265404421
3541.89 1.18370083394
3550.06 1.19601716146
3558.24 1.12780365517
3566.44 1.16878790175
3574.66 0.962129750881
3579.64 1.05904626548
3582.32 1.11669790685
3585.01 1.05199332578
3587.69 1.02564129738
3590.37 0.862055203587
3593.06 1.06404648392
3595.74 1.28988091112
3598.42 1.26959932334
3601.1 1.35242750318
3603.79 1.23558029333
3606.47 1.34509384946
3609.15 1.01921996422
3611.83 1.08434561632
3614.52 1.18752556243
3617.2 1.17741985779
3619.88 1.11022393982
3622.56 1.03797516953
3625.25 1.04472985058
3627.93 0.776963766986
3630.61 0.908583552014
3633.3 0.930321343756
3635.98 0.953164446942
3638.66 1.02297451421
3641.34 1.06671326708
3644.03 1.05448466269
3646.71 1.17124414941
3649.39 1.18187619283
3652.07 1.07574874953
3654.76 1.10204814406
3657.44 1.17031428422
3660.12 1.40707901349
3662.8 1.00167533812
3665.49 0.936163704248
3668.17 1.31230294328
3670.85 1.5413129478
3673.54 1.62187787087
3676.22 1.441027865
3678.9 1.22287798403
3681.58 1.55406789098
3684.27 1.40441223032
3686.95 1.08271396609
3689.63 1.3615156195
3692.31 0.954146946004
3695.0 0.87068715963
3697.68 1.02136040861
3700.36 0.904513198758
3703.04 0.94160253834
3705.73 1.20529826867
3708.41 1.0141671119
3711.09 0.97825326227
3713.78 1.17966556994
3716.46 1.40479821209
3719.14 1.49176692369
3721.82 2.17798988447
3724.51 2.84608924648
3727.19 3.06925689052
3729.87 2.41993027843
3732.55 1.92727717745
3735.24 1.72407531792
3737.92 1.39930674412
3740.6 1.29568818236
3743.28 1.28726676183
3745.97 1.30098665944
3748.65 1.11587330942
3751.33 1.20540353643
3754.02 1.20059630888
3756.7 1.55764699471
3759.38 1.36625266855
3762.06 1.17148977417
3764.75 1.40079803734
3767.43 1.17387584332
3770.11 1.1313827589
3772.79 1.32028574815
3775.48 1.26777468223
3778.16 1.47392403894
3780.84 1.53252309013
3783.52 1.72404022867
3786.21 1.41497409523
3788.89 1.33218100465
3791.57 1.0943460532
3794.26 1.10852211109
3796.94 1.29824969777
3799.62 1.24638778301
3802.3 1.35179589664
3804.99 1.33395301189
3807.67 1.54113750154
3810.35 1.48038046135
3813.03 1.73056682958
3815.72 1.59908740156
3818.4 1.50997824558
3821.08 1.30567107461
3823.76 1.47204676395
3826.45 1.23708913117
3829.13 1.3293914091
3831.81 0.880213891604
3834.5 1.10131126976
3837.18 1.17068272137
3839.86 1.35448022443
3842.54 1.27512588056
3845.23 1.64028218365
3847.91 1.61964970336
3850.59 1.42358850665
3853.27 1.52601403384
3855.96 1.30688165381
3858.64 1.80358756342
3861.32 1.69846016381
3864.01 1.77920053314
3866.69 1.66233577867
3869.37 1.63759785586
3872.05 1.62524643908
3874.74 1.71803996654
3877.42 1.53985674384
3880.1 1.5515940987
3882.78 1.35609433003
3885.47 1.49348629705
3888.15 1.45859003573
3890.83 1.21986030834
3893.51 1.35781370339
3896.2 1.52625965861
3898.88 1.17596365383
3901.56 1.62136907671
3904.25 1.58275335466
3906.93 1.7586733206
3909.61 1.65873913031
3912.29 2.09746005065
3914.98 1.78499025975
3917.66 1.69440735518
3920.34 1.58329723807
3923.02 1.65793207751
3925.71 1.56366480146
3928.39 1.39406090092
3931.07 1.36779659564
3933.75 1.35235732467
3936.44 1.08478423197
3939.12 1.38651671169
3941.8 1.5444709805
3944.49 1.68637191643
3947.17 1.77867419436
3949.85 1.71832068056
3952.53 1.86166027583
3955.22 1.82358843718
3957.9 1.62784304375
3960.58 1.27158186609
3963.26 1.29779353749
3965.95 1.25326527644
3968.63 1.02395701327
3971.31 1.29231961415
3973.99 1.18913966803
3976.68 1.54596227372
3979.36 1.5276632287
3982.04 1.72419813031
3984.73 1.84516832729
3987.41 1.81253532274
3990.09 1.78832373871
3992.77 1.9734195441
3995.46 1.78551659854
3998.14 1.94675171243
4000.82 1.91657495553
4003.5 1.88867900002
4006.19 1.97096329645
4008.87 2.0783364082
4011.55 1.87253794401
4014.23 1.8365714605
4016.92 2.03921189199
4019.6 2.16360329106
4022.28 1.96955972636
4024.97 2.02289538971
4027.65 1.92411914475
4030.33 1.73604075293
4033.01 1.71765398477
4035.7 1.7762179467
4038.38 1.90271470091
4041.06 2.12693502251
4043.74 1.99657845056
4046.43 1.75516439538
4049.11 1.8397294932
4051.79 1.92780351623
4054.47 2.03096591772
4057.16 1.79113087889
4059.84 1.5869465203
4062.52 1.88499462854
4065.21 1.87955579445
4067.89 1.70054797432
4070.57 2.01289495284
4073.25 2.08588059743
4075.94 1.76376126217
4078.62 1.84797546746
4081.3 1.72354897914
4083.98 1.90938165883
4086.67 1.81148264517
4089.35 1.69586355915
4092.03 1.773059914
4094.71 1.80814916621
4097.4 1.6414576736
4100.08 1.62840447178
4102.76 1.61693028631
4105.45 1.69296869584
4108.13 1.79744694429
4110.81 1.80060497699
4113.49 1.80586836482
4116.18 1.80358756342
4118.86 1.87095892766
4121.54 1.86692366366
4124.22 1.99780657439
4126.91 1.89815309812
4129.59 1.87095892766
4132.27 1.85902858191
4134.96 1.89674952803
4137.64 2.01728110936
4140.32 2.06623061619
4143.0 1.85499331791
4145.69 1.75498894912
4148.37 1.82516745353
4151.05 1.82569379231
4153.73 1.85639688799
4156.42 1.84832635999
4159.1 1.80218399333
4161.78 1.99710478934
4164.46 1.92359280597
4167.15 1.91166246022
4169.83 1.96376999975
4172.51 1.94008475451
4175.2 1.7753407154
4177.88 1.78762195367
4180.56 1.88394195098
4183.24 1.95078697643
4185.93 1.95236599278
4188.61 1.94061109329
4191.29 1.9113115677
4193.97 1.87306428279
4196.66 2.01271950657
4199.34 1.99377131038
4202.02 1.94008475451
4204.7 1.94271644842
4207.39 1.9630682147
4210.07 2.06868686384
4212.75 2.11237298284
4215.44 2.07324846663
4218.12 2.01850923319
4220.8 1.97745480811
4223.48 1.93955841572
4226.17 1.97517400671
4228.85 1.98956060012
4231.53 1.97763025437
4234.21 2.06938864889
4236.9 2.03833466069
4239.58 2.13711090565
4242.26 2.08114354838
4244.94 1.94447091103
4247.63 2.00236817717
4250.31 2.0297377939
4252.99 1.91359236909
4255.68 2.04429983356
4258.36 1.99464854169
4261.04 1.92394369849
4263.72 2.01219316779
4266.41 2.12570689868
4269.09 2.15097116027
4271.77 2.08009087081
4274.45 1.93271601154
4277.14 1.99271863282
4279.82 2.12096984963
4282.5 2.12904037764
4285.18 2.13500555052
4287.87 1.92815440876
4290.55 1.87253794401
4293.23 1.84201029459
4295.92 1.82551834605
4298.6 1.88148570332
4301.28 1.73125107
4303.96 1.70881149321
4306.65 1.74826935732
4309.33 1.75097122974
4312.01 1.9225401284
4314.69 1.97166508149
4317.38 1.87955579445
4320.06 1.88692453741
4322.74 1.87955579445
4325.42 1.80288577838
4328.11 1.91920664944
4330.79 1.79270989524
4333.47 1.84920359129
4336.16 1.96201553714
4338.84 2.08219622594
4341.52 1.97675302306
4344.2 1.91657495553
4346.89 1.68931941361
4349.57 1.79639426672
4352.25 1.70672368271
4354.93 1.92587360736
4357.62 2.06289713723
4360.3 1.97868293193
4362.98 1.98938515386
4365.66 1.94780438999
4368.35 2.11518012302
4371.03 2.11500467676
4373.71 2.00903513509
4376.4 1.92464548354
4379.08 2.0400891233
4381.76 2.13781269069
4384.44 1.94166377086
4387.13 1.96131375209
4389.81 2.11079396649
4392.49 2.03886099947
4395.17 1.96499812357
4397.86 1.94815528251
4400.54 2.08535425864
4403.22 2.01500030797
4405.9 1.93885663068
4408.59 2.09974085205
4411.27 2.22904474643
4413.95 2.04272081721
4416.64 2.03394850416
4419.32 1.95605036426
4422.0 2.08588059743
4424.68 2.12974216268
4427.37 2.00254362343
4430.05 2.06763418628
4432.73 2.21676350816
4435.41 1.92990887137
4438.1 2.07991542455
4440.78 2.04587884991
4443.46 2.05201946905
4446.15 2.12044351085
4448.83 2.1729019429
4451.51 2.16834034011
4454.19 2.3151888606
4456.88 1.94692715869
4459.56 2.0544757167
4462.24 2.09465291048
4464.92 2.051317684
4467.61 2.10868861136
4470.29 2.07763462316
4472.97 1.93569859798
4475.65 2.17307738916
4478.34 2.29115272283
4481.02 2.22255323477
4483.7 2.11219753658
4486.39 2.04377349478
4489.07 2.22869385391
4491.75 2.2683447089
4494.43 2.10202165344
4497.12 2.1292158239
4499.8 2.2913281691
4502.48 2.28167862474
4505.16 2.2278166226
4507.85 2.21150012033
4510.53 2.37448969683
4513.21 2.24799294262
4515.89 2.41501778312
4518.58 2.34554106376
4521.26 2.30764467137
4523.94 2.26974827899
4526.63 2.234132688
4529.31 2.08079265586
4531.99 2.13430376547
4534.67 2.08833684508
4537.36 2.15097116027
4540.04 2.24308044731
4542.72 2.31448707555
4545.4 2.18307782604
4548.09 2.28308219483
4550.77 2.39273610797
4553.45 2.24343133983
4556.13 2.14535687992
4558.82 2.25764248698
4561.5 2.26974827899
4564.18 2.36326113612
4566.87 2.31501341434
4569.55 2.27325720421
4572.23 2.40817537894
4574.91 2.32518929748
4577.6 2.2444840174
4580.28 2.37817406831
4582.96 2.23992241461
4585.64 2.13535644304
4588.33 2.20465771615
4591.01 2.3844901337
4593.69 2.23343090295
4596.37 2.2476420501
4599.06 2.12272431224
4601.74 2.31132904285
4604.42 2.36484015247
4607.11 2.25097552906
4609.79 2.32834733017
4612.47 2.32659286756
4615.15 2.15079571401
4617.84 2.25185276036
4620.52 2.23886973705
4623.2 2.33711964323
4625.88 2.26273042855
4628.57 2.25869516454
4631.25 2.27694157569
4633.93 2.3097500265
4636.61 2.10693414875
4639.3 2.15956802706
4641.98 2.23378179548
4644.66 2.21886886329
4647.35 2.21764073946
4650.03 2.22114966468
4652.71 2.16851578637
4655.39 2.16202427471
4658.08 2.277818807
4660.76 2.38519191875
4663.44 2.23465902678
4666.12 2.18342871856
4668.81 2.12026806459
4671.49 2.22430769738
4674.17 2.09728460439
4676.85 2.06921320263
4679.54 2.20764030258
4682.22 2.3390495521
4684.9 2.37782317579
4687.59 2.35413793055
4690.27 2.35782230203
4692.95 2.27676612943
4695.63 2.19465727927
4698.32 2.37273523422
4701.0 2.38185843979
4703.68 2.21413181424
4706.36 2.33431250305
4709.05 2.27501166682
4711.73 2.24922106645
4714.41 2.28957370649
4717.1 2.24430857114
4719.78 2.27430988178
4722.46 2.26448489116
4725.14 2.38501647249
4727.83 2.29817057328
4730.51 2.28746835135
4733.19 2.31589064564
4735.87 2.24202776975
4738.56 2.25729159446
4741.24 2.28799469014
4743.92 2.33694419696
4746.6 2.41045618034
4749.29 2.48677530389
4751.97 2.19974522084
4754.65 2.1737791742
4757.34 2.23167644034
4760.02 2.28343308735
4762.7 2.36975264778
4765.38 2.35624328568
4768.07 2.2890473677
4770.75 2.32747009887
4773.43 2.37571782065
4776.11 2.30343396111
4778.8 2.26080051968
4781.48 2.27834514578
4784.16 2.39133253788
4786.84 2.37992853092
4789.53 2.23606259687
4792.21 2.25711614819
4794.89 2.30641654754
4797.58 2.38291111736
4800.26 2.45800211708
4802.94 2.46958157031
4805.62 2.52098732479
4808.31 2.38378834866
4810.99 2.26922194021
4813.67 2.26676569255
4816.35 2.18535862743
4819.04 2.17553363681
4821.72 2.31536430686
4824.4 2.29659155693
4827.08 2.238167952
4829.77 2.26360765985
4832.45 2.16483141489
4835.13 2.22343046608
4837.82 2.31097815033
4840.5 2.27939782335
4843.18 2.32220671104
4845.86 2.28202951726
4848.55 2.15044482149
4851.23 2.17623542186
4853.91 2.21062288902
4856.59 2.50624983886
4859.28 2.99469222958
4861.96 3.03785200979
4864.64 2.58695511894
4867.32 2.21939520207
4870.01 2.01763200188
4872.69 1.97903382446
4875.37 1.87464329914
4878.06 2.12991760895
4880.74 2.06096722836
4883.42 2.13184751782
4886.1 2.07535382176
4888.79 2.00640344118
4891.47 2.08938952265
4894.15 2.22553582121
4896.83 2.23693982818
4899.52 2.27501166682
4902.2 2.17763899195
4904.88 2.14518143366
4907.56 2.17816533073
4910.25 2.17956890082
4912.93 2.19693808066
4915.61 2.11605735432
4918.3 2.1602698121
4920.98 2.1530765154
4923.66 2.1125484291
4926.34 2.24343133983
4929.03 2.26606390751
4931.71 2.31185538164
4934.39 2.14465509487
4937.07 2.16307695228
4939.76 2.10868861136
4942.44 2.28115228596
4945.12 2.24360678609
4947.8 2.29062638405
4950.49 2.22623760625
4953.17 2.33080357783
4955.85 2.41449144434
4958.54 2.32290849608
4961.22 2.23711527444
4963.9 2.27641523691
4966.58 2.30115315971
4969.27 2.14623411122
4971.95 2.23851884452
4974.63 2.30939913398
4977.31 2.23641348939
4980.0 2.22623760625
4982.68 2.27834514578
4985.36 2.2611514122
4988.05 2.26939738647
4990.73 2.1260577912
4993.41 2.15974347332
4996.09 2.32010135591
4998.78 2.41431599808
5001.46 2.41273698173
5004.14 2.50168823607
5006.82 2.66660772145
5009.51 2.5029163599
5012.19 2.27027461777
5014.87 2.02447440606
5017.55 2.07324846663
5020.24 2.09535469552
5022.92 2.10342522353
5025.6 2.17097203403
5028.29 2.12342609729
5030.97 2.03517662799
5033.65 2.04763331252
5036.33 2.0639498148
5039.02 2.15658544062
5041.7 2.16939301768
5044.38 2.12781225381
5047.06 2.10868861136
5049.75 2.0886877376
5052.43 2.08956496891
5055.11 2.17798988447
5057.79 2.15833990323
5060.48 2.20939476519
5063.16 2.19886798953
5065.84 2.13588278182
5068.53 2.22658849877
5071.21 2.2476420501
5073.89 2.15921713454
5076.57 2.09026675395
5079.26 2.11079396649
5081.94 2.14816402009
5084.62 2.21500904555
5087.3 2.36308568986
5089.99 2.27097640282
5092.67 2.14623411122
5095.35 2.22044787964
5098.03 2.29062638405
5100.72 2.25974784211
5103.4 2.25465990054
5106.08 2.23448358052
5108.77 2.24887017393
5111.45 2.18939389144
5114.13 2.18992023022
5116.81 2.21307913667
5119.5 2.22939563895
5122.18 2.08395068855
5124.86 2.05465116296
5127.54 2.15781356445
5130.23 2.18027068586
5132.91 2.17220015785
5135.59 2.07588016055
5138.27 2.10114442214
5140.96 2.12447877485
5143.64 2.13833902947
5146.32 2.14676045
5149.01 2.22360591234
5151.69 2.23325545669
5154.37 2.1769372069
5157.05 2.15798901071
5159.74 2.18658675126
5162.42 2.10553057866
5165.1 1.95938384322
5167.78 1.86429196974
5170.47 1.89587229673
5173.15 2.08588059743
5175.83 2.14535687992
5178.51 2.13342653417
5181.2 2.13658456686
5183.88 2.11079396649
5186.56 2.15693633314
5189.25 2.23430813426
5191.93 2.29097727657
5194.61 2.22044787964
5197.29 2.27448532804
5199.98 2.36255935108
5202.66 2.34185669227
5205.34 2.17991979334
5208.02 2.06780963254
5210.71 2.10833771884
5213.39 2.22307957355
5216.07 2.29027549153
5218.75 2.25413356176
5221.44 2.2786960383
5224.12 2.18535862743
5226.8 2.20992110398
5229.49 2.24799294262
5232.17 2.23255367165
5234.85 2.27834514578
5237.53 2.27045006403
5240.22 2.29062638405
5242.9 2.30027592841
5245.58 2.37817406831
5248.26 2.27395898925
5250.95 2.1418479547
5253.63 2.23237822539
5256.31 2.30448663867
5258.99 2.23799250574
5261.68 2.18693764378
5264.36 2.09482835674
5267.04 2.05658107183
5269.73 2.14553232618
5272.41 2.1927273704
5275.09 2.20378048484
5277.77 2.238167952
5280.46 2.29974958963
5283.14 2.37817406831
5285.82 2.52133821731
5288.5 2.50975876408
5291.19 2.40449100746
5293.87 2.29273173918
5296.55 2.32431206617
5299.24 2.33887410584
5301.92 2.35378703802
5304.6 2.37168255665
5307.28 2.29343352423
5309.97 2.30325851485
5312.65 2.31939957086
5315.33 2.32396117365
5318.01 2.19693808066
5320.7 2.18921844517
5323.38 2.24009786087
5326.06 2.26097596594
5328.74 2.19623629562
5331.43 2.19202558535
5334.11 2.23360634922
5336.79 2.28852102892
5339.48 2.30378485363
5342.16 2.23764161322
5344.84 2.29764423449
5347.52 2.29027549153
5350.21 2.31904867834
5352.89 2.43256240923
5355.57 2.4272990214
5358.25 2.45186149794
5360.94 2.41852670835
5363.62 2.32062769469
5366.3 2.25465990054
5368.98 2.30834645642
5371.67 2.28764379761
5374.35 2.33922499836
5377.03 2.3836129024
5379.72 2.32168037225
5382.4 2.34150579975
5385.08 2.37817406831
5387.76 2.30220583728
5390.45 2.17623542186
5393.13 2.20430682362
5395.81 2.25185276036
5398.49 2.32062769469
5401.18 2.26395855237
5403.86 2.20342959232
5406.54 2.36185756603
5409.22 2.30711833259
5411.91 2.34378660114
5414.59 2.42572000505
5417.27 2.20518405493
5419.96 2.31904867834
5422.64 2.38642004258
5425.32 2.31010091903
5428.0 2.39659592572
5430.69 2.2588706108
5433.37 2.13763724443
5436.05 2.26150230472
5438.73 2.1021970997
5441.42 2.3358915194
5444.1 2.41291242799
5446.78 2.15833990323
5449.46 2.1872885363
5452.15 2.35817319455
5454.83 2.19588540309
5457.51 2.31343439799
5460.2 2.23465902678
5462.88 2.46607264509
5465.56 2.37273523422
5468.24 2.25904605707
5470.93 2.32694376009
5473.61 2.2134300292
5476.29 2.2643094449
5478.97 2.29746878823
5481.66 2.3151888606
5484.34 2.33501428809
5487.02 2.34571651002
5489.7 2.24272955479
5492.39 2.36448925995
5495.07 2.38326200988
5497.75 2.38133210101
5500.44 2.29273173918
5503.12 2.28027505465
5505.8 2.26466033742
5508.48 2.2913281691
5511.17 2.26799381638
5513.85 2.39484146311
5516.53 2.3160660919
5519.21 2.33168080913
5521.9 2.23465902678
5524.58 2.16184882845
5527.26 2.32027680217
5529.94 2.40080663598
5532.63 2.29413530927
5535.31 2.34185669227
5537.99 2.42273741861
5540.68 2.50379359121
5543.36 2.32729465261
5546.04 2.2674674776
5548.72 2.14325152478
5551.41 2.54993595786
5554.09 2.48186280858
5556.77 2.35150623663
5559.45 2.21448270676
5562.14 2.41449144434
5564.82 2.31115359659
5567.5 2.39624503319
5570.19 2.46923067778
5572.87 2.2476420501
5575.55 2.39677137198
5578.23 2.4002802972
5580.92 2.48958244406
5583.6 2.30185494476
5586.28 2.49484583189
5588.96 2.66204611866
5591.65 2.38150754727
5594.33 2.34799731141
5597.01 2.15149749905
5599.69 2.29027549153
5602.38 2.29992503589
5605.06 2.3151888606
5607.74 2.39010441406
5610.43 2.31939957086
5613.11 2.3129080592
5615.79 2.30624110128
5618.47 2.30501297746
5621.16 2.43466776436
5623.84 2.32624197504
5626.52 2.23623804313
5629.2 2.27518711308
5631.89 2.2413259847
5634.57 2.23079920904
5637.25 2.33887410584
5639.93 2.53046142288
5642.62 2.35466426933
5645.3 2.32132947973
5647.98 2.51046054913
5650.67 2.51396947435
5653.35 2.38606915005
5656.03 2.25974784211
5658.71 2.21220190537
5661.4 2.2030786998
5664.08 2.3565941782
5666.76 2.36466470621
5669.44 2.3057147625
5672.13 2.30010048215
5674.81 2.32396117365
5677.49 2.41589501443
5680.17 2.21939520207
5682.86 2.41519322939
5685.54 2.36168211977
5688.22 2.25290543793
5690.91 2.31641698442
5693.59 2.34519017123
5696.27 2.59239395303
5698.95 2.3120308279
5701.64 2.26220408976
5704.32 2.40764904016
5707.0 2.24746660384
5709.68 2.17711265316
5712.37 2.29378441675
5715.05 2.38799905893
5717.73 2.42449188122
5720.41 2.39957851215
5723.1 2.28080139343
5725.78 2.47484495814
5728.46 2.26395855237
5731.15 2.56712969144
5733.83 2.3422075848
5736.51 2.50624983886
5739.19 2.37185800291
5741.88 2.39694681824
5744.56 2.36975264778
5747.24 2.32992634652
5749.92 2.30659199381
5752.61 2.47537129692
5755.29 2.28676656631
5757.97 2.30466208493
5760.65 2.30817101016
5763.34 2.46203738108
5766.02 2.44151016854
5768.7 2.31676787695
5771.39 2.41922849339
5774.07 2.33132991661
5776.75 2.2881701364
5779.43 2.26781837012
5782.12 2.32536474374
5784.8 2.19834165075
5787.48 2.24343133983
5790.16 2.26027418089
5792.85 2.3232593886
5795.53 2.11061852023
5798.21 2.31624153816
5800.89 2.37168255665
5803.58 2.34852365019
5806.26 2.3979994958
5808.94 2.46221282734
5811.63 2.3939642318
5814.31 2.45361596055
5816.99 2.51747839957
5819.67 2.4988810959
5822.36 2.43694856575
5825.04 2.4480016802
5827.72 2.35361159176
5830.4 2.28624022753
5833.09 2.38168299353
5835.77 2.38589370379
5838.45 2.32554019
5841.14 2.22729028382
5843.82 2.40098208224
5846.5 2.38010397718
5849.18 2.31992590964
5851.87 2.4344923181
5854.55 2.30378485363
5857.23 2.35045355906
5859.91 2.29571432562
5862.6 2.27974871587
5865.28 2.36413836742
5867.96 2.28273130231
5870.64 2.41870215461
5873.33 2.48993333659
5876.01 2.55660291578
5878.69 2.46098470352
5881.38 2.3057147625
5884.06 2.19816620449
5886.74 2.17588452934
5889.42 2.12430332859
5892.11 2.10202165344
5894.79 2.09798638944
5897.47 2.06693240123
5900.15 2.08763506004
5902.84 2.32185581852
5905.52 2.32694376009
5908.2 2.40080663598
5910.88 2.39045530658
5913.57 2.43484321062
5916.25 2.30027592841
5918.93 2.47782754457
5921.62 2.4543177456
5924.3 2.29518798684
5926.98 2.42256197235
5929.66 2.32290849608
5932.35 2.33606696566
5935.03 2.26588846125
5937.71 2.41414055182
5940.39 2.15325196166
5943.08 2.30080226719
5945.76 2.42607089757
5948.44 2.42343920365
5951.12 2.21957064833
5953.81 2.36466470621
5956.49 2.45063337411
5959.17 2.40466645372
5961.86 2.35519060811
5964.54 2.20202602223
5967.22 2.25939694959
5969.9 2.32045224843
5972.59 2.31220627416
5975.27 2.40519279251
5977.95 2.41519322939
5980.63 2.4592302409
5983.32 2.24501035618
5986.0 2.37817406831
5988.68 2.29448620179
5991.36 2.41256153547
5994.05 2.45168605168
5996.73 2.34799731141
5999.41 2.50537260756
6002.1 2.3399267834
6004.78 2.38115665474
6007.46 2.45993202595
6010.14 2.37484058935
6012.83 2.30606565502
6015.51 2.36887541647
6018.19 2.29571432562
6020.87 2.15342740792
6023.56 2.238167952
6026.24 2.2786960383
6028.92 2.33080357783
6031.6 2.23465902678
6034.29 2.333610718
6036.97 2.31167993538
6039.65 2.42887803775
6042.34 2.37589326691
6045.02 2.53081231541
6047.7 2.33571607314
6050.38 2.40571913129
6053.07 2.4623882736
6055.75 2.34097946097
6058.43 2.42957982279
6061.11 2.45010703533
6063.8 2.49642484824
6066.48 2.45642310073
6069.16 2.36957720152
6071.84 2.37080532534
6074.53 2.39115709162
6077.21 2.35957676464
6079.89 2.42010572469
6082.58 2.49502127816
6085.26 2.27185363412
6087.94 2.17658631438
6090.62 2.3088727952
6093.31 2.38343745614
6095.99 2.29992503589
6098.67 2.38817450519
6101.35 2.44028204471
6104.04 2.34466383245
6106.72 2.36975264778
6109.4 2.40326288364
6112.08 2.36624372256
6114.77 2.2723799729
6117.45 2.29431075553
6120.13 2.44712444889
6122.82 2.35150623663
6125.5 2.42080750974
6128.18 2.30466208493
6130.86 2.40624547007
6133.55 2.1706211415
6136.23 2.43554499567
6138.91 2.35922587212
6141.59 2.24676481879
6144.28 2.230097424
6146.96 2.36343658238
6149.64 2.31852233956
6152.33 2.46379184369
6155.01 2.20290325354
6157.69 2.3120308279
6160.37 2.15255017662
6163.06 2.18500773491
6165.74 2.11763637067
6168.42 2.21886886329
6171.1 2.22974653147
6173.79 2.19869254327
6176.47 2.32132947973
6179.15 2.23676438191
6181.83 2.39063075284
6184.52 2.14167250843
6187.2 2.37817406831
6189.88 2.23150099408
6192.57 2.26466033742
6195.25 2.33185625539
6197.93 2.277818807
6200.61 2.3494008815
6203.3 2.15833990323
6205.98 2.43589588819
6208.66 2.2993986971
6211.34 2.48098557727
6214.03 2.39729771076
6216.71 2.34606740254
6219.39 2.24676481879
6222.07 2.16851578637
6224.76 2.30518842372
6227.44 2.49835475712
6230.12 2.23395724174
6232.81 2.24395767862
6235.49 2.2237813586
6238.17 2.20816664137
6240.85 2.16430507611
6243.54 2.16921757142
6246.22 2.26694113881
6248.9 2.12044351085
6251.58 2.24816838888
6254.27 2.43063250036
6256.95 1.95622581052
6259.63 2.34396204741
6262.31 2.23799250574
6265.0 2.16097159715
6267.68 2.24623848001
6270.36 2.36799818517
6273.05 2.35045355906
6275.73 2.36115578099
6278.41 2.35694507072
6281.09 2.3565941782
6283.78 2.28799469014
6286.46 2.54783060273
6289.14 2.4106316266
6291.82 2.49782841833
6294.51 2.3899289678
6297.19 2.44536998628
6299.87 2.51168867295
6302.55 2.57502477319
6305.24 2.42782536018
6307.92 2.35185712915
6310.6 2.18342871856
6313.29 2.09938995953
6315.97 2.21957064833
6318.65 2.09465291048
6321.33 2.23553625809
6324.02 2.28624022753
6326.7 2.37817406831
6329.38 2.25413356176
6332.06 2.27255541917
6334.75 2.30624110128
6337.43 2.37466514309
6340.11 2.29413530927
6342.79 2.19132380031
6345.48 2.13254930286
6348.16 2.23483447304
6350.84 2.22851840765
6353.53 2.26483578368
6356.21 2.29992503589
6358.89 2.30431119241
6361.57 2.37677049822
6364.26 2.33624241192
6366.94 2.33887410584
6369.62 2.42975526905
6372.3 2.33536518062
6374.99 2.1157064618
6377.67 2.16781400133
6380.35 2.25781793324
6383.03 2.29045093779
6385.72 2.18553407369
6388.4 2.39010441406
6391.08 2.41414055182
6393.77 2.29764423449
6396.45 2.30062682093
6399.13 2.25957239585
6401.81 2.41712313826
6404.5 2.40396466868
6407.18 2.31448707555
6409.86 2.3183468933
6412.54 2.39115709162
6415.23 2.21974609459
6417.91 2.35589239316
6420.59 2.28255585604
6423.28 2.39168343041
6425.96 2.28676656631
6428.64 2.46747621517
6431.32 2.42221107983
6434.01 2.13535644304
6436.69 2.36115578099
6439.37 2.51116233417
6442.05 2.43396597932
6444.74 2.20535950119
6447.42 2.0783364082
6450.1 2.25606347063
6452.78 2.36536649125
6455.47 2.39659592572
6458.15 2.27887148456
6460.83 2.25237909915
6463.52 2.27027461777
6466.2 2.34097946097
6468.88 2.51712750705
6471.56 2.4115088579
6474.25 2.43484321062
6476.93 2.31273261294
6479.61 2.35483971559
6482.29 2.35466426933
6484.98 2.42431643496
6487.66 2.29080183031
6490.34 2.23904518331
6493.02 2.20623673249
6495.71 2.2134300292
6498.39 2.2246585899
6501.07 2.34080401471
6503.76 2.19237647787
6506.44 2.36238390481
6509.12 2.32010135591
6511.8 2.41361421304
6514.49 2.35220802167
6517.17 2.28922281396
6519.85 2.29395986301
6522.53 2.4376503508
6525.22 2.34676918758
6527.9 2.329575454
6530.58 2.32168037225
6533.26 2.29010004527
6535.95 2.24799294262
6538.63 2.51800473835
6541.31 2.82047409237
6544.0 3.08031000496
6546.68 3.3655856254
6549.36 3.28821382429
6552.04 3.42576369294
6554.73 4.44352745319
6557.41 6.05780850096
6560.09 8.00157762695
6562.77 8.63985112459
6565.46 7.40856926466
6568.14 5.0121487852
6570.82 3.41383334719
6573.5 3.16031349999
6576.19 3.50962700571
6578.87 4.51546042022
6581.55 5.18408612101
6584.24 5.16689238743
6586.92 4.33387354005
6589.6 3.29768792238
6592.28 2.62800954402
6594.97 2.47800299084
6597.65 2.27395898925
6600.33 2.30729377885
6603.01 2.20097334466
6605.7 2.42379009618
6608.38 2.4448436475
6611.06 2.32940000774
6613.74 2.37606871317
6616.43 2.40326288364
6619.11 2.31659243068
6621.79 2.24009786087
6624.48 2.38115665474
6627.16 2.35676962446
6629.84 2.16290150602
6632.52 2.15430463923
6635.21 2.18992023022
6637.89 2.27115184908
6640.57 2.36220845855
6643.25 2.3057147625
6645.94 2.29255629292
6648.62 2.2007978984
6651.3 2.14430420235
6653.98 2.15237473036
6656.67 2.4853717338
6659.35 2.48449450249
6662.03 2.5290578528
6671.68 2.26641480003
6687.06 2.28711745883
6702.47 2.28676656631
6717.92 2.29694244945
6733.41 2.28080139343
6748.93 2.26992372525
6764.49 2.31185538164
6780.08 2.30624110128
6795.71 2.29518798684
6811.38 2.28957370649
6827.08 2.28922281396
6842.82 2.31536430686
6858.59 2.26764292386
6874.4 2.26729203133
6890.25 2.21009655024
6906.13 2.25606347063
6922.06 2.26097596594
6938.01 2.3025567298
6954.0 2.29167906162
6970.04 2.31782055451
6986.1 2.19290281666
7002.21 2.31185538164
7018.35 2.29553887936
7034.53 2.28466121118
7050.74 2.36992809404
7067.0 2.22676394504
7083.29 2.27834514578
7099.62 2.18044613212
7115.98 2.19009567648
7132.39 2.17974434708
7148.83 2.18430594987
7165.31 2.19413094048
7181.83 2.15377830045
7198.39 2.08500336612
7214.98 2.0607917821
7231.61 2.1927273704
7248.28 2.1872885363
7264.99 2.26904649394
7281.74 2.19658718814
7298.53 2.1021970997
7315.35 2.20606128623
7332.21 2.22606215999
7349.12 2.33606696566
7366.06 2.27711702195
7383.04 2.30852190268
7400.06 2.28694201257
7417.12 2.24483490992
7434.21 2.3502781128
7451.35 2.28571388874
7468.53 2.26448489116
7485.75 2.33290893296
7503.0 2.24816838888
7520.3 2.30536386998
7537.63 2.32624197504
7555.01 2.34203213853
7572.43 2.33080357783
7589.88 2.34115490723
7607.38 2.25623891689
7624.91 2.24536124871
7642.49 2.25536168558
7660.11 2.20869298015
7677.77 2.05149313026
7695.47 2.18763942883
7713.21 2.17220015785
7730.99 2.17184926533
7748.81 2.19167469283
7766.67 2.16114704341
7784.58 2.15079571401
7802.52 2.17535819055
7820.51 2.20009611336
7838.54 2.13483010425
7856.61 2.19430638674
7874.72 2.2143072605
7892.87 2.1936046017
7911.06 2.16798944759
7929.3 2.13307564164
7947.58 2.09377567917
7965.9 2.12237341972
7984.27 2.17149837281
8002.67 2.11675913937
8021.12 2.17570908307
8039.61 2.21062288902
8058.15 2.17483185177
8076.72 2.15448008549
8095.34 2.1841305036
8114.0 2.18377961108
8132.71 2.22395680486
8151.45 2.16290150602
8170.25 2.04622974243
8189.08 2.09342478665
8207.96 2.03605385929
8226.88 2.18623585874
8245.84 2.19606084935
8264.85 2.12588234494
8283.9 2.07710828437
8303.0 2.10079352961
8322.14 2.14939214392
8341.32 2.06640606245
8360.56 2.17342828168
8379.83 2.14816402009
8399.14 2.07482748298
8418.51 2.16711221628
8437.91 2.16676132376
8457.36 2.06412526106
8476.86 1.97078785019
8496.4 2.11132030528
8515.99 2.10114442214
8535.62 2.0481596513
8555.3 1.80428934847
8575.02 2.09991629831
8594.78 2.07079221898
8614.6 2.051317684
8634.46 2.08903863012
8654.36 2.0648270461
8674.31 1.70914484111
8694.31 2.01693021684
8714.35 2.04465072608
8734.44 2.08693327499
8754.58 2.04851054383
8774.76 2.01991280328
8794.98 2.08570515116
8815.26 1.82043040448
8835.58 2.02798333128
8855.95 2.04166813965
8876.36 1.87885400941
8896.83 1.98991149264
8917.33 2.0171056631
8937.89 1.96166464461
8958.5 1.96131375209
8979.15 1.93850573816
8999.84 1.69188092902
9020.59 1.81253532274
9041.39 2.02850967007
9062.23 2.08500336612
9083.12 1.95885750444
9104.06 1.9765775768
9125.04 2.00833335005
9146.08 1.81446523161
9167.17 1.87341517531
9188.3 1.94341823347
9209.48 1.98815703003
9230.71 1.98324453472
9251.99 1.92868074754
9273.31 1.96868249506
9294.69 1.93675127555
9316.12 1.98149007211
9337.59 1.98570078238
9359.12 1.98061284081
9380.7 1.95306777782
9402.32 1.9392075232
9423.99 1.97938471698
9445.72 1.95622581052
9467.49 1.98306908846
9489.32 1.97815659315
9511.2 1.94604992738
9533.12 1.9455235886
9555.09 1.88341561219
9577.12 1.93587404424
9599.2 1.96236642966
9621.33 1.94833072878
9643.51 1.93008431763
9665.74 1.92517182232
9688.02 1.93815484564
9710.35 1.91552227796
9732.74 1.9018374696
9755.17 1.89271426403
9777.66 1.89657408177
9800.2 1.87885400941
9822.79 1.8914861402
9845.44 1.89534595794
9868.14 1.88183659584
9890.88 1.8770995468
9913.68 1.86376563096
9936.53 1.87183615897
9959.44 1.87148526644
9982.41 1.86253750713
10028.48 1.84885269877
10074.77 1.81832504935
10121.27 1.84288752589
10167.99 1.820781297
10214.92 1.82411477596
10285.72 1.81867594187
10309.44 1.80990362882
10501.11 1.75019926619
10696.34 1.68300334821
10895.19 1.6184040349
11097.76 1.56345426595
11304.08 1.52436483899
11487.75 1.50690793602
11701.33 1.4624673981
11891.46 1.41607940668
12112.53 1.3838323839
12309.34 1.35858566694
12509.35 1.32460172618
12712.61 1.29147747209
12889.46 1.26207267874
13098.9 1.23903658467
13311.75 1.20528072405
13496.92 1.18327976291
13684.69 1.16168232818
13907.04 1.1274176734
14100.51 1.08664396234
14296.67 1.07173103015
14495.56 1.07420482243
14697.21 1.04251922769
14901.67 1.04734399986
15108.98 1.04734399986
15283.94 1.0594673365
15496.56 1.04974761364
15712.12 1.03297495109
15894.06 1.00249993554
16115.17 1.00481582619
16301.78 1.00020158953
16490.55 0.981937633752
16681.49 0.970709073045
16913.55 0.950795922418
17109.41 0.931286298191
17307.53 0.893477628939
17507.95 0.871143319909
17710.66 0.839633171427
17915.75 0.813000429003
18081.53 0.778191890814
18290.89 0.758734900465
18502.69 0.738049786289
18716.95 0.708083564905
18890.14 0.690381037166
19108.86 0.676222523901
19285.68 0.654765446177
19509.01 0.62962399697
19689.51 0.612465352641
19917.51 0.594411932381
20101.81 0.584902745033
20287.8 0.565042228284
20522.72 0.557305048173
20712.63 0.54335707042
20904.26 0.530988109018
21097.7 0.520092896207
21292.92 0.509425763537
21489.93 0.497828765682
21688.78 0.482038602189
21889.45 0.47433651133
22092.0 0.461406121892
22296.42 0.448826624976
22502.72 0.437264716373
22710.94 0.422123704046
22921.07 0.378507763553
23079.96 0.373016295583
23293.5 0.326733571922
23509.05 0.306609885782
23726.58 0.306802876669
23891.04 0.281363168819
24112.11 0.27001179573
24279.23 0.265257202056
24503.89 0.245817756334
24673.74 0.240291199111
24895.79 0.174449726271
24990.12 0.179639426672
25084.55 0.186411652348
25178.98 0.174981328442
25273.32 0.19590329507
25367.75 0.197622668428
25462.08 0.196762981749
25556.51 0.199798202065
25650.94 0.205938821201
25745.27 0.203745742938
25839.7 0.209289844787
25934.13 0.206201990593
26028.46 0.198956060012
26122.89 0.200798245753
26217.23 0.195534857922
26311.66 0.196692803245
26406.09 0.196517356983
26500.42 0.191587317048
26594.85 0.190780264248
26689.28 0.188639819863
26783.61 0.185534421043
26878.04 0.192306646719
26972.38 0.187622231549
27066.8 0.192517182232
27161.23 0.188762632246
27255.57 0.182692191614
27350.0 0.179656971298
27444.43 0.179025364758
27538.76 0.173930405338
27633.19 0.178621838358
27727.52 0.170386390865
27821.95 0.170586399603
27916.38 0.170882903784
28010.72 0.171332046212
28105.15 0.165854613943
28199.57 0.160759654522
28293.91 0.157048966101
28388.34 0.153783911184
28482.67 0.155506793467
28577.1 0.153504951629
28671.53 0.156075239353
28765.86 0.153973393145
28860.29 0.148255599498
28954.72 0.146057257848
29049.06 0.137941113812
29143.48 0.139365737452
29237.82 0.138102524372
29332.25 0.13687790947
29426.68 0.133463725231
29521.01 0.133274243269
29615.44 0.135339245761
29709.87 0.134742728474
29804.2 0.129761809123
29898.63 0.127000284974
29992.97 0.132833873154
30087.4 0.127486271117
30181.83 0.13054605391
30276.16 0.13600418709
30370.59 0.126887999367
30465.02 0.125112483206
30559.35 0.123851024589
30653.78 0.123026427162
30748.11 0.121296527028
30842.54 0.125365125821
30936.98 0.125366880284
31031.31 0.126458156028
31125.74 0.121294772565
31220.17 0.116606848471
31314.5 0.12256149457
31408.93 0.122729922981
31503.26 0.118198146058
31597.69 0.126070419791
31692.12 0.121664964176
31786.45 0.13552697326
31880.89 0.131975940937
31975.32 0.139525393549
32069.65 0.139286786634
32164.08 0.14434490234
32258.41 0.149462669774
32352.84 0.155210289286
32447.27 0.170560082664
32541.6 0.177727062427
32636.03 0.181867594187
32730.46 0.17897273088
32824.8 0.185762501182
32919.23 0.185604599547
33013.56 0.166051113755
33107.99 0.161568461786
33202.42 0.154469906064
33296.75 0.148366130643
33391.18 0.141311436487
33485.61 0.128660006604
33579.94 0.124684394329
33674.37 0.133270734344
33768.71 0.129128448121
33863.14 0.134691849058
33957.57 0.129253014966
34051.9 0.121426357261
34146.33 0.114929582215
34240.76 0.117292843351
34335.09 0.117422673584
34429.52 0.111836464633
34523.86 0.107722249812
34618.29 0.103395745015
34712.71 0.107874888059
34807.05 0.10685379082
34901.48 0.102732558148
34995.91 0.0974779426301
35090.24 0.102422018266
35184.67 0.101057046355
35279.01 0.099630668253
35373.43 0.0932900403793
35467.86 0.0989674813863
35562.19 0.0944988651178
35656.63 0.0987972985131
35751.06 0.0992674944927
35845.39 0.092530358069
35939.82 0.0913864484471
36034.15 0.0903618422826
36128.58 0.0887845803959
36223.01 0.0854861906885
36317.34 0.0869108143281
36411.77 0.0855809316695
36506.2 0.080612293557
36600.54 0.0882757862389
36694.96 0.0835527728919
36789.3 0.0817983102816
36883.73 0.0835983889198
36978.16 0.0854528558989
37072.49 0.0799929682556
37166.92 0.0845773790564
37261.35 0.082210608995
37355.68 0.0840124420958
37450.11 0.084745807467
37544.45 0.085573913819
37638.88 0.0805210615013
37733.31 0.0823316669151
37827.64 0.0806473828092
37922.07 0.0776490062082
38016.5 0.0783735992662
38110.83 0.0741225363614
38205.26 0.0750576649327
38299.6 0.0692100410524
38394.03 0.0778086623057
38488.46 0.0765612393897
38582.79 0.0752874995346
38677.22 0.0762384182694
38771.65 0.0772051271677
38865.98 0.0766963330107
38960.41 0.0752348656563
39054.74 0.0754629457957
39149.17 0.072773354614
39243.6 0.0778191890814
39337.94 0.0722049087283
39432.37 0.0765629938524
39526.79 0.0719610384254
39621.13 0.0762664896712
39715.56 0.0733295192615
39809.89 0.0758506820326
39904.32 0.0731242471361
39998.75 0.0684836935318
40093.08 0.0685679077371
40187.51 0.075069946171
40281.95 0.0771893370042
40376.27 0.0786051883308
40470.71 0.0697398887608
40565.04 0.0756419009819
40659.47 0.0675345292596
40753.9 0.0674239981151
40848.23 0.0696153219154
40942.66 0.0659870932373
41037.09 0.062913274744
41131.42 0.0650940717686
41225.85 0.0603236879311
41320.19 0.0636466401151
41414.62 0.0647852863492
41509.05 0.0623378110078
41603.38 0.0622027173868
41697.81 0.0613781199599
41792.24 0.0634904929428
41886.57 0.0589973141977
41981.0 0.0597447152697
42075.34 0.0605254511313
42169.77 0.0572568872882
42264.19 0.0555971656589
42358.53 0.0586885287783
42452.96 0.0545164166909
42547.39 0.0552339918985
42641.72 0.0555550585562
42736.15 0.0580025338976
42830.49 0.0562866694647
42924.91 0.0586253681243
43019.34 0.056704231566
43113.68 0.0560726250263
43208.1 0.0547673048442
43302.54 0.0533251365785
43396.87 0.0550217019227
43491.3 0.0537163817406
43585.63 0.0517373479161
43680.06 0.0532163598966
43774.49 0.0514864597629
43868.82 0.0521145573774
43963.26 0.0514145267958
44057.68 0.0460037641056
44152.02 0.0466932679114
44246.45 0.0472389057832
44340.78 0.0458704249472
44435.21 0.0428562581826
44529.64 0.0449791579411
44623.97 0.0445668592277
44718.41 0.0442300024065
44812.83 0.0431457445133
44907.16 0.0454774253225
45001.59 0.0431720614525
45095.93 0.0431071463359
45190.36 0.0428352046313
45284.79 0.0439931499541
45379.12 0.0423720265022
45473.55 0.0403649212759
45567.89 0.0406210728171
45662.31 0.0431036374107
45756.74 0.0395104979847
45851.08 0.0413246123238
45945.5 0.0444370289945
46039.94 0.0399175333103
46134.27 0.0430667936959
46228.7 0.0382086867278
46323.13 0.0333312806711
46417.46 0.0417667369016
46511.89 0.0385157176847
46606.22 0.0444633459337
46700.65 0.0472283790076
46795.08 0.0453475950893
46889.42 0.0537830513198
46983.85 0.0476126063192
47078.28 0.0429141554488
47172.61 0.0485161545636
47267.04 0.0433439987883
47361.37 0.0470195979569
47455.8 0.0385543158621
47550.23 0.0403666757386
47644.56 0.0397894575398
47739.0 0.0367524827613
47833.42 0.0443229889249
47927.76 0.0438738464966
48022.19 0.0382121956531
48116.52 0.036541947248
48210.95 0.0345909848253
48306.35 0.0340488558787
48789.42 0.0329154730325
49277.31 0.0317715634105
49770.09 0.0306153725503
50267.79 0.0294469004518
50770.47 0.0282679015777
50895.18 0.0279749063218
51190.18 0.0332944369563
51485.18 0.0259221850677
51780.17 0.0338927087064
52075.17 0.0390192484538
52370.27 0.0472020620684
52665.26 0.0497512962412
52960.25 0.0380192047659
53255.25 0.0374753213567
53550.25 0.0402771981454
53845.34 0.0347348507594
54140.34 0.0350296004779
54435.34 0.0335646241983
54730.34 0.036970036125
55025.33 0.0378349861918
55320.42 0.0401789482393
55615.42 0.0390157395286
55910.41 0.0425492272258
56205.41 0.0543848319951
56500.41 0.0537391897545
56795.51 0.0539918323704
57090.5 0.0609728390969
57385.5 0.0601657862962
57680.49 0.0531040742896
57975.49 0.0523145661149
58270.58 0.0513232947401
58565.58 0.0503372867531
58860.58 0.0496249749333
59155.58 0.0542918454768
59450.57 0.0558129645599
59745.66 0.06102196405
60040.66 0.0712803069326
60335.65 0.0780507781459
60630.65 0.0822246446959
60925.65 0.0868651983002
61220.75 0.111153978678
61515.74 0.14843806361
61810.74 0.217798988447
62105.73 0.257520021945
62400.73 0.239975395841
62695.82 0.206184445966
62990.82 0.16760030424
63285.82 0.144432625471
63580.81 0.123663297089
63875.81 0.108420525931
64170.9 0.0992060883013
64465.9 0.0885793082705
64760.89 0.0827720370303
65055.89 0.078370090341
65350.89 0.0754155753052
65645.98 0.0778841041979
65940.98 0.0776788320725
66235.98 0.0796087409439
66530.97 0.0816561988102
66825.97 0.0782525413461
67121.06 0.0778911220484
67416.06 0.0769840648788
67711.05 0.0772314441069
68006.06 0.0778349792448
68301.05 0.0772296896443
68596.15 0.0799403343772
68891.14 0.0872441622241
69186.14 0.0934093438368
69481.13 0.100490354932
69776.13 0.121482500065
70071.22 0.122647463238
70366.22 0.105985331828
70661.22 0.101500925396
70956.21 0.107515223224
71251.21 0.108201218105
71546.3 0.110567988166
71841.3 0.114827823384
72136.3 0.11242596407
72431.29 0.113187400843
72726.29 0.13528485742
73021.38 0.134230425391
73316.38 0.144887031287
73611.37 0.151587323995
73906.37 0.159029754388
74496.36 0.21228997585
75086.45 0.248589807258
75676.44 0.28869682253
76266.44 0.303293951448
76856.53 0.289679321592
77446.53 0.274766389404
78036.62 0.267994163728
78626.61 0.252028553974
79216.6 0.220641217876
79806.69 0.192341735971
80396.68 0.170240770469
80986.68 0.147894180201
81576.76 0.133937430135
82166.76 0.125479165891
82756.75 0.127173976773
83346.85 0.124984407435
83936.84 0.122219374361
84526.93 0.125719527269
85116.92 0.133802336514
85706.92 0.135221696766
86297.01 0.128900367981
86887.0 0.112064544772
87477.0 0.0891512630815
88067.08 0.0711294231482
88657.07 0.0595061083547
89247.06 0.0505179964019
89837.15 0.0454493539207
90427.15 0.0410544250818
91017.24 0.0378648120562
91607.23 0.0330382854152
92197.23 0.0318557776158
92787.31 0.0293574228587
93377.31 0.0313311932953
93967.3 0.026897666279
94557.39 0.026753800345
95147.38 0.0254712881768
95737.37 0.0266994120041
96327.47 0.0289679321592
96917.47 0.0267748538963
97507.56 0.0253607570324
98097.55 0.0232203126478
98687.54 0.0209938995953
99277.63 0.0223711527444
99867.62 0.0232466295869
100457.62 0.0238501647249
101047.7 0.0244536998628
101637.7 0.0220957021145
102227.69 0.0205412482418
102817.78 0.0218220059473
103407.78 0.024281762527
103997.87 0.0247975745345
104587.85 0.0250151278981
105177.85 0.0279099912052
105767.95 0.0292889988169
106357.94 0.0300065740245
106947.93 0.0293890031857
107538.02 0.0305837922233
108128.01 0.0293539139335
108718.01 0.0317347196957
109308.09 0.0358191086526
109898.09 0.0447335331757
110488.18 0.051449616048
111078.17 0.0608658168777
111668.17 0.096569130998
112258.26 0.129491621881
112848.25 0.127410829225
113438.24 0.104408069941
114028.32 0.0845914147572
114618.32 0.0700890268202
115208.31 0.0586165958113
115798.4 0.0524724677499
116388.4 0.048324918139
116978.5 0.0464581699216
117568.49 0.0472582048719
118158.48 0.0460985050865
118748.57 0.0475792715296
119338.56 0.0513004867262
119928.56 0.052697038964
120518.64 0.050598701682
121108.64 0.049747787316
121698.64 0.0479371819021
122288.72 0.0500530638102
122878.71 0.0535865515074
123468.8 0.0558041922469
124058.79 0.0569358206306
124648.79 0.0594218941494
125238.88 0.0630132791127
125828.87 0.0676397970162
126418.87 0.0701188526846
127008.96 0.0738874383716
127598.95 0.0867792296323
128188.94 0.103372937001
128779.03 0.0758998069856
129369.02 0.0479284095891
129959.01 0.0421737722272
130549.11 0.0396859442457
131139.1 0.0377542809118
131729.2 0.0377876157014
132319.19 0.0369314379475
132909.18 0.0369261745597
133499.27 0.0370788128068
134089.26 0.0364454518045
134679.25 0.036127894072
135269.35 0.0370472324798
135859.34 0.0365682641872
136449.33 0.0363384295852
137039.42 0.034133070084
137629.41 0.0333084726572
138219.51 0.0333821600868
138809.5 0.0316399787148
139399.49 0.0305013324807
139989.59 0.0320031524751
140579.58 0.0312364523144
141169.57 0.0310767962168
142205.17 0.0333242628207
143031.25 0.0346787079559
143857.32 0.0326224777765
144683.38 0.0291872399855
145509.35 0.0281591248959
146335.42 0.0265046666543
147161.49 0.0268099431485
147987.46 0.0267116932423
148813.52 0.026443260463
149639.59 0.0260379796
150465.56 0.0255923460969
151291.63 0.0250502171503
152117.71 0.0254291810742
152943.68 0.0249782841833
153769.75 0.025362511495
154595.81 0.0268871395034
155421.77 0.0343558868356
156247.85 0.0345050161574
157073.92 0.0255642746952
157899.98 0.0260941224035
158725.95 0.0258432342502
159552.04 0.0253870739715
160378.08 0.0252818062149
161204.07 0.0252625071262
162030.12 0.026785380672
162856.19 0.0298258643757
163682.18 0.0327031830566
164508.23 0.0365173847715
165334.31 0.0340786817431
166160.27 0.0316645411913
166986.35 0.0316820858174
167812.41 0.0311206577821
168638.37 0.0316768224296
169464.45 0.0353822474626
170290.52 0.0410754786331
171116.58 0.0358208631152
171942.55 0.0325891429869
172768.63 0.0319627998351
173594.68 0.0318785856298
174420.67 0.029918850894
175246.74 0.0273292640812
176072.8 0.0255572568447
176898.78 0.0247344138805
177724.83 0.0254835694151
178550.91 0.0244326463115
179376.88 0.0249765297207
180202.95 0.0227325720421
181029.01 0.022237813586
181854.97 0.0220834208763
182681.05 0.0214939214392
183507.13 0.0217272649664
184333.2 0.022206233259
185159.15 0.0231360984425
185985.23 0.0244765078768
186811.28 0.0319399918211
187637.27 0.0328575757663
188463.34 0.0247080969413
189289.4 0.0247116058666
190115.38 0.0233764598201
190941.46 0.0236115578099
191767.51 0.0238957807527
192593.48 0.0233817232079
193419.55 0.0233150536287
194245.61 0.0237887585335
195071.6 0.0237922674587
195897.65 0.023979994958
196723.73 0.0241361421304
197549.8 0.0242975526905
198375.75 0.0238203388605
199201.83 0.0248712619641
200853.87 0.0240519279251
202506.0 0.0255432211438
204158.06 0.0257976182223
205810.08 0.0269503001573
207462.21 0.0277450717198
209114.25 0.0277889332851
210766.4 0.028153861508
212418.43 0.0287696778843
214070.47 0.0292521551021
215722.62 0.0297591947965
217374.66 0.0304627343032
219026.68 0.0309083678062
220678.81 0.0318978847185
222330.87 0.0318715677793
223983.0 0.0328084508132
225635.03 0.0332575932415
227287.07 0.0336576107166
228939.22 0.034633091928
230591.26 0.0354699705931
232243.3 0.0364050991644
233895.41 0.0376156783656
235547.47 0.0382718473818
237199.6 0.038910471772
238851.63 0.0402508812063
240503.67 0.0412088177915
242155.82 0.0424369416188
243807.86 0.0437948956792
245459.9 0.0442440381074
247112.04 0.044786167054
248764.08 0.0457914741297
250416.2 0.0469108212751
252068.23 0.0473213655259
253720.27 0.0477898070429
255372.42 0.0483898332556
257024.46 0.0509794200685
258676.5 0.0551181973662
260328.63 0.0550813536514
261980.67 0.0529900342199
263632.8 0.0523707089185
265284.83 0.0538198950346
266936.9 0.0551164429036
268589.03 0.0565954548841
270241.04 0.0571147758168
271893.08 0.0577025207913
273545.24 0.0580709579394
275197.28 0.0595850591722
276849.41 0.0603096522302
278501.45 0.0614553163148
280153.49 0.0625272929697
281805.62 0.063534354508
283457.66 0.0645659785229
285109.7 0.0651853038243
286761.83 0.0667327398467
288413.86 0.0673994356386
290065.99 0.0679906895383
291718.06 0.069297764183
293370.1 0.0702171025908
295022.23 0.0709873116767
296674.27 0.0714083827032
298326.31 0.0714961058337
299978.44 0.0733014478597
301630.48 0.0741997327162
303282.61 0.0743734245147
304934.65 0.0744085137669
306586.69 0.0762419271947
308238.82 0.0781735905286
309890.89 0.0783823715793
311542.93 0.0780174433563
313195.06 0.0788297595449
314847.06 0.0806965077623
316499.23 0.0820263904209
318151.26 0.0824369346718
319803.3 0.0823088589012
321455.43 0.0829913448566
323107.47 0.0856563735617
324759.51 0.0881564827814
326411.67 0.0896793563272
328063.71 0.0872722336258
329715.81 0.0903723690583
331367.85 0.0919391041693
333019.92 0.0926408892135
334672.02 0.0946585212153
336324.06 0.091544350082
337976.1 0.091647863376
339628.26 0.0948076505372
341280.26 0.094191834161
