102.01 0.00131899180744
103.91 0.00136535069939
106.08 0.00147315545603
108.06 0.00160043908042
110.06 0.00218395113361
113.93 0.00246173849407
117.94 0.00264997999481
120.96 0.00615515954906
124.92 0.00681150386144
126.95 0.00711608991471
128.13 0.00731535181872
131.11 0.00774884812417
132.02 0.00843813164925
133.86 0.00873458456358
136.98 0.00977765963251
139.84 0.010333559679
143.1 0.0156404328367
147.11 0.0227638425765
150.88 0.024223741016
155.11 0.0258967276958
159.09 0.0277486434322
162.05 0.0291235505699
165.82 0.0310628975499
170.08 0.0328277886996
172.84 0.0342958202781
176.87 0.0361611556938
180.15 0.0375181699258
181.82 0.0385693781337
186.06 0.0404802591274
190.83 0.0427803108193
193.93 0.0443866057598
197.99 0.0463710916609
202.14 0.0483311781452
204.95 0.0498032762932
210.21 0.0507263875628
216.1 0.0551101494509
220.11 0.0571800333109
223.17 0.0582414079425
226.8 0.0604292223171
229.96 0.0900013154994
234.23 0.146636428501
240.24 0.189778664004
245.84 0.181234801548
252.14 0.189339474501
256.83 0.15109338864
259.8 0.182491371514
264.02 0.191531355445
268.93 0.190213786937
273.93 0.188469228634
279.03 0.185028910863
284.21 0.185028910863
290.17 0.175484672318
296.24 0.175484672318
301.05 0.164529334167
308.07 0.166818812779
318.16 0.168750433277
327.83 0.164907525128
337.79 0.159311925538
348.05 0.153903388143
356.98 0.151443113614
366.14 0.15109338864
374.67 0.146636428501
385.16 0.136848195788
395.04 0.138434157881
405.18 0.136535069939
413.66 0.132509166164
422.32 0.128011540331
430.17 0.123664377568
441.21 0.121407431512
451.49 0.117556390225
459.88 0.112782237668
469.51 0.109203656534
480.45 0.106967043326
490.51 0.101680503016
499.63 0.100749258607
506.58 0.0977765963251
512.44 0.10333559679
519.57 0.100057941798
530.45 0.0955521828253
540.31 0.0893791303706
550.36 0.0861462076423
560.59 0.0877484360133
569.7 0.0867439933543
580.29 0.0836086682933
589.72 0.0817055137816
600.68 0.0769557606412
610.44 0.0684281644636
620.36 0.0755527941742
630.44 0.0723158048765
640.69 0.0719864127494
649.6 0.0693797417195
658.64 0.0665656756466
664.73 0.0670251979966
675.53 0.0659556902261
684.93 0.0618362553535
694.46 0.0624096416487
705.74 0.0579770809269
715.56 0.0595996421453
725.51 0.0582414079425
735.61 0.0570499030879
745.84 0.0551101494509
754.48 0.0536095853167
764.97 0.0487785007869
775.61 0.0510801791066
784.59 0.0486687034112
795.51 0.0484450420904
804.72 0.0477781246974
815.92 0.0467980814552
825.36 0.0459441018666
834.92 0.0418084007161
844.59 0.0436749561026
854.37 0.0424875178175
864.26 0.0419995294812
874.27 0.0411374167537
884.39 0.0402016991187
894.63 0.0394676833295
904.99 0.0383920757048
915.47 0.0381281553462
923.94 0.0619785852849
934.64 0.0855565550692
945.46 0.10647498842
954.21 0.11621035573
965.26 0.123949037431
974.19 0.0709982363683
985.47 0.108955595797
994.59 0.10333559679
1006.11 0.115144914529
1015.42 0.114616260498
1024.81 0.0771346896978
1034.3 0.102388086104
1043.87 0.123664377568
1055.95 0.119191151152
1065.72 0.106967043326
1075.59 0.112265783345
1085.54 0.0955521828253
1095.58 0.111493135146
1105.72 0.106230994252
1115.95 0.104051313017
1126.28 0.0948933985712
1134.08 0.104051313017
1144.58 0.0993666249877
1155.17 0.0986834413168
1165.86 0.0973292736835
1173.94 0.076780898154
1184.8 0.0927340501829
1195.76 0.0828400866636
1204.05 0.0729867888389
1215.19 0.0531175304109
1223.62 0.0789321134034
1234.94 0.0873458456358
1246.36 0.0883584214337
1255.0 0.0861462076423
1263.7 0.0830312154286
1275.4 0.0873458456358
1284.24 0.0869432552583
1296.12 0.0780252684117
1305.1 0.077846339355
1314.15 0.0836086682933
1326.31 0.0802130827863
1335.5 0.075377931687
1344.76 0.0794770337123
1354.08 0.0776674102983
1363.47 0.0731535181872
1376.08 0.0726533301424
1385.62 0.0719864127494
1395.23 0.060705749041
1404.9 0.0595996421453
1414.64 0.0674887869161
1424.44 0.0655002344455
1434.32 0.0664111460067
1440.94 0.0667161387169
1447.59 0.0662606829363
1454.27 0.0646015225928
1464.35 0.0619785852849
1474.5 0.0614092655592
1484.72 0.0612710021972
1495.01 0.0602909589551
1505.38 0.0579770809269
1512.33 0.0543537675296
1515.81 0.0554924069811
1526.32 0.0551101494509
1533.36 0.0499171402383
1543.99 0.0474527991398
1554.69 0.0465866198428
1565.47 0.0490062286772
1576.32 0.0506125236176
1583.6 0.0507263875628
1594.58 0.0507263875628
1605.63 0.049229889998
1616.76 0.0484450420904
1624.22 0.0474527991398
1635.48 0.0484450420904
1646.82 0.0478879220731
1654.42 0.0469078788309
1665.88 0.0480017860182
1673.57 0.0451063885559
1677.43 0.0501448681286
1685.18 0.0499171402383
1696.86 0.0477781246974
1704.69 0.0471234070128
1716.5 0.0469078788309
1724.43 0.0472332043885
1736.38 0.0499171402383
1744.4 0.0490062286772
1756.49 0.0521496868771
1764.59 0.0478879220731
1776.83 0.0494576178883
1785.03 0.0510801791066
1793.27 0.0561349249572
1805.7 0.0553663433275
1814.03 0.0531175304109
1826.61 0.0537315824008
1835.04 0.0528735362427
1843.51 0.0454195144051
1856.29 0.050962248592
1864.85 0.0570499030879
1873.46 0.0570499030879
1886.45 0.0556225372041
1895.16 0.0590547218364
1903.9 0.0587822616819
1917.1 0.0604292223171
1925.95 0.0547319584903
1934.84 0.0437766203394
1943.77 0.0641582665206
1957.24 0.0640078034502
1966.28 0.0733243141049
1975.35 0.0690625493008
1984.47 0.0726533301424
1993.63 0.0736618393709
2002.83 0.0700222596957
2016.72 0.0726533301424
2026.03 0.0634222174466
2035.38 0.0769557606412
2044.77 0.0843813164925
2054.21 0.0798430249645
2063.69 0.077309552185
2073.22 0.0897939204565
2078.0 0.124522423726
2082.79 0.139072609288
2097.23 0.128898052475
2106.9 0.121968618099
2116.63 0.135908818241
2126.4 0.121407431512
2136.22 0.113563019006
2146.08 0.14036171181
2155.98 0.139715127264
2165.93 0.122814464549
2175.93 0.125095810021
2185.97 0.150052346856
2196.06 0.154610971231
2206.2 0.147653070869
2216.38 0.119191151152
2226.61 0.134042262854
2236.89 0.171885758338
2247.22 0.162272388112
2257.59 0.126836301754
2262.79 0.120850311495
2273.24 0.131293261893
2283.73 0.1671888706
2294.27 0.141223824537
2304.86 0.168502372539
2315.5 0.148356587387
2326.19 0.119398546195
2336.93 0.106340791628
2342.31 0.0740522300399
2353.13 0.137165388207
2363.99 0.0807092042615
2374.9 0.106812513686
2385.86 0.0621331149248
2396.87 0.0787043855131
2402.4 0.0786759195268
2413.49 0.0932220385193
2424.63 0.157111911455
2435.82 0.155196557235
2447.06 0.183894337981
2452.7 0.191604553695
2464.02 0.172617740842
2475.4 0.149194300698
2486.82 0.0989518349018
2492.56 0.115417374684
2504.06 0.177391893399
2515.62 0.0802781478978
2527.23 0.0684322310331
2533.06 0.110687954391
2544.75 0.118788560774
2556.5 0.197440080884
2562.39 0.151097455209
2574.22 0.189636334072
2586.1 0.1688805635
2592.06 0.151845703992
2604.02 0.129735765786
2616.04 0.115270978183
2622.07 0.161263878883
2634.18 0.262537724952
2646.34 0.356320950058
2652.44 0.470624084707
2664.68 0.319380232997
2676.98 0.360542049168
2683.15 0.409056222939
2695.54 0.302284374947
2707.98 0.365641527282
2714.22 0.26845458353
2726.75 0.227252101665
2733.03 0.280755956176
2745.65 0.156298597561
2751.98 0.214670135726
2764.68 0.280158170464
2777.44 0.302015981362
2783.84 0.17899818834
2796.69 0.0708721727148
2803.14 0.0881632260992
2816.08 0.267242745828
2822.57 0.385222059278
2835.6 0.361684755189
2842.14 0.273615060187
2855.26 0.157673098042
2861.84 0.362713597264
2875.05 0.462572277158
2888.32 0.423451878861
2894.98 0.496121475281
2908.34 0.657970940168
2928.5 0.580218131911
2948.8 0.541992378898
2969.24 0.562853880276
2989.82 0.572532315614
3010.55 0.578347509955
3031.41 0.607504813051
3052.42 0.639630711861
3066.51 0.676880488201
3087.77 0.662037509638
3109.17 0.74174227124
3130.73 0.691194812734
3152.43 0.682248359901
3166.98 0.749062096285
3188.93 0.661996843943
3211.03 0.729786557
3233.29 0.628813637072
3248.22 0.847391746058
3270.73 0.975895341295
3293.4 0.95653847062
3308.61 0.904161055853
3323.88 0.83519203765
3331.54 0.902737756539
3339.22 0.787613174856
3346.92 0.944257430822
3354.63 0.860689428224
3362.37 0.72380869988
3370.12 0.798714909508
3377.89 0.780090021338
3385.67 0.808921998877
3393.48 0.926120530988
3401.3 1.05303816413
3409.14 0.887569452417
3417.0 0.803432130093
3424.88 1.02497883479
3432.77 1.06287926225
3440.69 0.96658289721
3448.62 0.772688864903
3456.57 0.919939345395
3464.54 0.798918237982
3472.52 1.00521530717
3480.53 0.785254564564
3488.55 0.915750778841
3496.59 0.860038777109
3504.65 1.0310380233
3512.73 0.968331522082
3520.83 1.05385147803
3528.95 0.735398422868
3537.08 1.02632080272
3545.23 1.06666117185
3553.41 1.09341919896
3561.6 1.00582529259
3569.81 0.789361799728
3578.04 0.866992610901
3586.29 0.701076576545
3594.55 0.932220385193
3602.84 1.14620327068
3611.15 0.895377265799
3619.47 1.02977738677
3627.81 1.09516782384
3636.18 0.853532265957
3644.56 1.18841426177
3652.96 0.943403451234
3661.38 1.30150555872
3669.82 1.21110571941
3678.28 1.23005593314
3686.76 1.13933076828
3695.26 1.24851815853
3703.78 1.32777559749
3712.32 0.952471901151
3712.74 0.959995054669
3715.47 0.997082168231
3718.2 0.933481021728
3720.92 0.809775978465
3723.65 0.888423432006
3726.38 1.08634336809
3729.11 1.00135206617
3731.84 1.01936696892
3734.57 0.930756420184
3737.3 0.820105064918
3740.03 0.928072484334
3742.75 0.999481444218
3745.48 0.793265706419
3748.21 0.800219540212
3750.94 0.88724412686
3753.67 0.904445715716
3756.4 0.999034121577
3759.13 1.06422123017
3761.86 0.920793324983
3764.59 0.908105628238
3767.31 0.968128193608
3770.04 0.985614442327
3772.77 1.0372192089
3775.5 1.11363004923
3778.23 1.35140236611
3780.96 1.4266339013
3783.69 1.4411515543
3786.42 1.04230242073
3789.15 1.11749329022
3791.87 1.0187976492
3794.6 1.00781791163
3797.33 0.912782183128
3800.06 0.78045601259
3802.79 1.21773422765
3805.52 1.22228878545
3808.25 1.1651941501
3810.98 1.23997836265
3813.7 0.969063504586
3816.43 0.930715754489
3819.16 0.92327393236
3821.89 1.0072892576
3824.62 0.948242668902
3827.35 0.918394048996
3830.08 0.898671187069
3832.81 0.544513651969
3835.54 0.533981237043
3838.26 0.679645755441
3840.99 0.778666722024
3843.72 0.975773344211
3846.45 0.85519955944
3849.18 1.02213223616
3851.91 1.11672064202
3854.64 1.15685768269
3857.37 1.07389966551
3860.09 0.971625443352
3862.82 1.00289736257
3865.55 1.02310821284
3868.28 1.11903858662
3871.01 0.95930373786
3873.74 0.951089267531
3876.47 1.21708357653
3879.2 1.162144223
3881.93 1.16893539401
3884.65 1.0839847578
3887.38 0.998220807683
3890.11 0.987078407336
3892.84 1.15112381974
3895.57 1.24790817311
3898.3 1.27844810983
3901.03 1.31663319715
3903.76 1.31573855186
3906.49 1.44001291485
3909.21 1.37055590831
3911.94 1.40983896939
3914.67 1.39027877024
3917.4 1.37612710849
3920.13 1.35522494141
3922.86 1.28511728376
3925.59 1.15486506365
3928.32 0.942671468729
3931.04 0.798755575203
3933.77 0.537193826923
3936.5 0.550898166036
3939.23 0.812134588758
3941.96 0.950885939058
3944.69 1.02595481146
3947.42 1.20931642885
3950.15 1.28475129251
3952.88 1.3936133572
3955.6 1.48722578639
3958.33 1.34196792494
3961.06 1.0839440921
3963.79 0.825350939534
3966.52 0.732917815491
3969.25 0.594979779085
3971.98 0.768947620991
3974.71 1.03758520015
3977.44 1.19305015097
3980.16 1.37035257984
3982.89 1.5554221564
3985.62 1.7040959362
3988.35 1.77038101856
3991.08 1.75952327807
3993.81 1.6880329868
3996.54 1.85337970143
3999.27 1.7700150273
4001.99 1.82031849164
4004.72 1.91791615891
4007.45 1.72467277772
4010.18 1.83682876369
4012.91 1.85992687827
4015.64 1.85736493951
4018.37 1.95272599357
4021.1 1.99794624607
4023.83 1.9693582627
4026.55 1.96659299546
4029.28 2.03088545877
4032.01 1.9080343951
4034.74 1.83914670828
4037.47 1.93365378276
4040.2 1.97273351536
4042.93 1.82532037209
4045.66 1.79591907482
4048.38 1.77664353554
4051.11 1.88957216971
4053.84 1.8520783992
4056.57 1.73443254444
4059.3 1.78119809334
4062.03 1.76131256864
4064.76 1.84398592595
4067.49 1.78758260741
4070.22 1.86330213093
4072.94 1.8995759306
4075.67 1.89689199475
4078.4 1.82780097946
4081.13 1.7953090894
4083.86 1.85638896284
4086.59 1.88546493454
4089.32 2.01953972995
4092.05 1.9409736078
4094.77 1.81511328272
4097.5 1.76720909437
4100.23 1.76668044034
4102.96 1.6650162036
4105.69 1.68156714134
4108.42 1.81816320982
4111.15 1.87176059543
4113.88 1.89616001225
4116.61 2.02653422944
4119.33 1.95837852513
4122.06 1.85830025049
4124.79 1.88168302494
4127.52 1.91279228138
4130.25 1.88737622219
4132.98 1.94520284005
4135.71 1.83320951686
4138.44 1.82702833127
4141.17 1.91421558069
4143.89 1.80706147517
4146.62 1.82239244207
4149.35 1.88977549818
4152.08 1.85533165477
4154.81 1.75988926932
4157.54 1.86086218925
4160.27 1.95264466218
4163.0 2.05101497765
4165.72 2.12510787338
4168.45 1.93133583816
4171.18 1.8321522088
4173.91 1.91161297623
4176.64 1.829061616
4179.37 1.83182688324
4182.1 1.81389331188
4184.83 1.80588217002
4187.56 1.98196462805
4190.28 1.91673685376
4193.01 1.87855176644
4195.74 1.93462975943
4198.47 1.8351614702
4201.2 1.78977855492
4203.93 1.86537608136
4206.66 1.95467794691
4209.39 2.00518473973
4212.11 1.89046681499
4214.84 1.90384582854
4217.57 1.94593482255
4220.3 1.97659675635
4223.03 1.93125450677
4225.76 1.79823701942
4228.49 1.78908723811
4231.22 1.80177493486
4233.95 1.91856681002
4236.67 1.96638966699
4239.4 1.89945393352
4242.13 2.02258965705
4244.86 2.00355811194
4247.59 1.97070023062
4250.32 1.96899227145
4253.05 1.94390153782
4255.78 1.9195427867
4258.51 1.92141340865
4261.23 1.90323584312
4263.96 1.99668560953
4266.69 2.02677822361
4269.42 1.97070023062
4272.15 1.79311314189
4274.88 1.8711912757
4277.61 1.93064452135
4280.34 1.94748011895
4283.06 1.95508460386
4285.79 1.8934760764
4288.52 1.91657419098
4291.25 1.75037349677
4293.98 1.72304614993
4296.71 1.71527900224
4299.44 1.54078250631
4302.17 1.48856775432
4304.9 1.47657137438
4307.62 1.49600957645
4310.35 1.60873488214
4313.08 1.71519767085
4315.81 1.98029733457
4318.54 2.09936648864
4321.27 2.11327415623
4324.0 2.03243075517
4326.73 2.01864508467
4329.45 2.06793190664
4332.18 2.14808399088
4334.91 2.1694334806
4337.64 1.97769473011
4340.37 1.85016711155
4343.1 1.9509773687
4345.83 2.06846056067
4348.56 2.19663883035
4351.29 2.21091248919
4354.01 2.07134782499
4356.74 2.10538501145
4359.47 2.20115272246
4362.2 2.30960813021
4364.93 2.33746413108
4367.66 2.31184474342
4370.39 2.27719757154
4373.12 2.15682711524
4375.85 2.21461306741
4378.57 2.15979571096
4381.3 2.07293378709
4384.03 1.88940950693
4386.76 1.96760963783
4389.49 1.98838980782
4392.22 2.11799137681
4394.95 2.14084549723
4397.68 2.15646112399
4400.4 2.23010669708
4403.13 2.18008789261
4405.86 2.06370267439
4408.59 2.00636404487
4411.32 2.16536691113
4414.05 2.37227396574
4416.78 2.32713504463
4419.51 2.1541025137
4422.24 2.22063159022
4424.96 2.41176035529
4427.69 2.39903199285
4430.42 2.37995978204
4433.15 2.34799654601
4435.88 2.34433663348
4438.61 2.36157888803
4441.34 2.40106527758
4444.07 2.46397510728
4446.79 2.52960953851
4449.52 2.47975339682
4452.25 2.44437424243
4454.98 2.39500608907
4457.71 2.21343376226
4460.44 2.26361522951
4463.17 2.3342108755
4465.9 2.38008177912
4468.63 2.37402259061
4471.35 2.4484814776
4474.08 2.54977972308
4476.81 2.61594280835
4479.54 2.50606410129
4482.27 2.55522892617
4485.0 2.56417537901
4487.73 2.56897393098
4490.46 2.5795470116
4493.19 2.53489607882
4495.91 2.5749111224
4498.64 2.51574253662
4501.37 2.66262702586
4504.1 2.72378823068
4506.83 2.75542614116
4509.56 2.83753017875
4512.29 2.80808821579
4515.02 2.67299677801
4517.74 2.61281154986
4520.47 2.64046422225
4523.2 2.53940997094
4525.93 2.60878564609
4528.66 2.44583820744
4531.39 2.35881362079
4534.12 2.40395254191
4536.85 2.49915093319
4539.58 2.58015699702
4542.3 2.62257131659
4545.03 2.62346596187
4547.76 2.60414975689
4550.49 2.57857103493
4553.22 2.60569505329
4555.95 2.6562018461
4558.68 2.69963280804
4561.41 2.75152223447
4564.13 2.80841354134
4566.86 2.75912671937
4569.59 2.72094163206
4572.32 2.73281601491
4575.05 2.73163670976
4577.78 2.66750690923
4580.51 2.60191314368
4583.24 2.64632008229
4585.97 2.69873816275
4588.69 2.66783223478
4591.42 2.65734048555
4594.15 2.65477854679
4596.88 2.6707601648
4599.61 2.68800241935
4602.34 2.70032412484
4605.07 2.73867187494
4607.8 2.86595549934
4610.53 2.90621453709
4613.25 2.86022163639
4615.98 2.85216982884
4618.71 2.86729746726
4621.44 2.92012220467
4624.17 2.83143032454
4626.9 2.78019154923
4629.63 2.80422497479
4632.36 2.85814768596
4635.08 2.7642912626
4637.81 2.79914176295
4640.54 2.77209907598
4643.27 2.6730374437
4646.0 2.60240113202
4648.73 2.59016075792
4651.46 2.69369561661
4654.19 2.71614308008
4656.92 2.76632454734
4659.64 2.71374380409
4662.37 2.68422050975
4665.1 2.59280402807
4667.83 2.56624932943
4670.56 2.54774643835
4673.29 2.66116306085
4676.02 2.71622441147
4678.75 2.63643831848
4681.47 2.6654329588
4684.2 2.64404280339
4686.93 2.68653845434
4689.66 2.66396899379
4692.39 2.71638707425
4695.12 2.77327838113
4697.85 2.66990618521
4700.58 2.65563252637
4703.31 2.67620936789
4706.03 2.70117810443
4708.76 2.63265640887
4711.49 2.66636826977
4714.22 2.64725539327
4716.95 2.68247188487
4719.68 2.79373322556
4722.41 2.88946027087
4725.14 2.86558950809
4727.87 2.81166679692
4730.59 2.73427997992
4733.32 2.72244626276
4736.05 2.76181065522
4738.78 2.73334466894
4741.51 2.82162989212
4744.24 2.85208849745
4746.97 2.84306071322
4749.7 2.85066519813
4752.42 2.83854682111
4755.15 2.84009211751
4757.88 2.78063887187
4760.61 2.75461282726
4763.34 2.67356609774
4766.07 2.59117740028
4768.8 2.65652717166
4771.53 2.74656101971
4774.26 2.78433945009
4776.98 2.75221355128
4779.71 2.76331528593
4782.44 2.77201774459
4785.17 2.72586218111
4787.9 2.68645712295
4790.63 2.74623569416
4793.36 2.76347794871
4796.09 2.73615060187
4798.81 2.81309009623
4801.54 2.78596607787
4804.27 2.77148909056
4807.0 2.74379575247
4809.73 2.78202150549
4812.46 2.8348462429
4815.19 2.85969298236
4817.92 2.88946027087
4820.65 2.90401858957
4823.37 2.85798502318
4826.1 2.7910899554
4828.83 2.77474234614
4831.56 2.69723353205
4834.29 2.77571832281
4837.02 2.78198083979
4839.75 2.72854611696
4842.48 2.74249445024
4845.21 2.71801370204
4847.93 2.6930042998
4850.66 2.71569575744
4853.39 2.62891516496
4856.12 2.60902964025
4858.85 2.50260751724
4861.58 2.3925254817
4864.31 2.34514994738
4867.04 2.42692865941
4869.76 2.509032697
4872.49 2.48182734725
4875.22 2.52684427128
4877.95 2.65656783735
4880.68 2.66018708418
4883.41 2.6316804322
4886.14 2.68064192861
4888.87 2.6577064768
4891.6 2.65441255553
4894.32 2.76575522761
4897.05 2.81048749177
4899.78 2.85668372095
4902.51 2.80882019829
4905.24 2.76628388164
4907.97 2.75745942589
4910.7 2.74863497014
4913.43 2.7665685415
4916.16 2.64148086462
4918.88 2.58609418845
4921.61 2.55913283286
4924.34 2.54489983972
4927.07 2.62358795896
4929.8 2.79922309434
4932.53 2.79296057736
4935.26 2.7910899554
4937.99 2.71720038814
4940.71 2.71833902759
4943.44 2.78255015952
4946.17 2.90348993554
4948.9 2.93118327363
4951.63 2.89206287533
4954.36 2.8256557959
4957.09 2.7497329439
4959.82 2.75217288558
4962.55 2.77819893019
4965.27 2.79174060652
4968.0 2.74891963001
4970.73 2.80166303603
4973.46 2.77844292435
4976.19 2.79519719057
4978.92 2.69353295383
4981.65 2.59463398433
4984.38 2.65144395982
4987.1 2.63895959155
4989.83 2.65099663718
4992.56 2.72712281765
4995.29 2.69202832313
4998.02 2.67543671969
5000.75 2.6025231291
5003.48 2.61578014557
5006.21 2.66295235142
5008.94 2.66348100545
5011.66 2.60394642842
5014.39 2.49972025291
5017.12 2.48329131226
5019.85 2.48841518979
5022.58 2.50630809545
5025.31 2.57299983475
5028.04 2.61281154986
5030.77 2.61813875587
5033.5 2.70081211318
5036.22 2.65567319207
5038.95 2.54229723526
5041.68 2.55189433921
5044.41 2.55689621965
5047.14 2.59438999016
5049.87 2.65612051471
5052.6 2.66429431934
5055.33 2.65945510168
5058.05 2.74704900805
5060.78 2.7765316367
5063.51 2.75558880394
5066.24 2.712157842
5068.97 2.66039041265
5071.7 2.61236422722
5074.43 2.67503006274
5077.16 2.6087043147
5079.89 2.53680736648
5082.61 2.54945439753
5085.34 2.54453384847
5088.07 2.58149896495
5090.8 2.64416480047
5093.53 2.68247188487
5096.26 2.70028345915
5098.99 2.65762514541
5101.72 2.62261198228
5104.44 2.63692630682
5107.17 2.63391704541
5109.9 2.62989114163
5112.63 2.60463774523
5115.36 2.67629069928
5118.09 2.69552557287
5120.82 2.65953643307
5123.55 2.63273774026
5126.28 2.53294412548
5129.0 2.43587511224
5131.73 2.50504745892
5134.46 2.62452326993
5137.19 2.58707016512
5139.92 2.55876684161
5142.65 2.52062241999
5145.38 2.46027452906
5148.11 2.49581634622
5150.84 2.51069999048
5153.56 2.5749517881
5156.29 2.56877060251
5159.02 2.63115177817
5161.75 2.56750996597
5164.48 2.38862157501
5167.21 2.24242840258
5169.94 2.04304450149
5172.67 1.99636028398
5175.39 2.0881834226
5178.12 2.19436155145
5180.85 2.22067225592
5183.58 2.2215669012
5186.31 2.33099828562
5189.04 2.36068424275
5191.77 2.37284328546
5194.5 2.49504369802
5197.23 2.56311807094
5199.95 2.5910554032
5202.68 2.61761010183
5205.41 2.52716959683
5208.14 2.50187553473
5210.87 2.4883338584
5213.6 2.56889259959
5216.33 2.69361428522
5219.06 2.71463844938
5221.78 2.6899543727
5224.51 2.62427927576
5227.24 2.60890764317
5229.97 2.61777276461
5232.7 2.62895583065
5235.43 2.67246812398
5238.16 2.84078343432
5240.89 2.82821773466
5243.62 2.80922685524
5246.34 2.77258706432
5249.07 2.71427245813
5251.8 2.8010937163
5254.53 2.77722295351
5257.26 2.7228935854
5259.99 2.74948894973
5262.72 2.6347303593
5265.45 2.46804167675
5268.18 2.36954936419
5270.9 2.3978933534
5273.63 2.51614919357
5276.36 2.61765076753
5279.09 2.71114119963
5281.82 2.79096795832
5284.55 2.84330470739
5287.28 2.88653234085
5290.01 2.88173378888
5292.73 2.90035867705
5295.46 2.91113508614
5298.19 2.84485000379
5300.92 2.8095521808
5303.65 2.87079471701
5306.38 2.99783434723
5309.11 3.01088803523
5311.84 3.01389729664
5314.57 2.95017415305
5317.29 3.00275489629
5320.02 2.92662871582
5322.75 2.81166679692
5325.48 2.75762208867
5328.21 2.69890082553
5330.94 2.72549618986
5333.67 2.81528604375
5336.4 2.87299066452
5339.12 2.92341612594
5341.85 2.91190773434
5344.58 2.86847677241
5347.31 2.83716418749
5350.04 2.90027734566
5352.77 2.97367892459
5355.5 3.03329483301
5358.23 3.06875531878
5360.96 3.01979382237
5363.68 2.9398450666
5366.41 2.84033611168
5369.14 2.79121195249
5371.87 2.83155232163
5374.6 2.84716794839
5377.33 2.96367516369
5380.06 2.99226314706
5382.79 2.98425200521
5385.52 2.94338298204
5388.24 2.92772668958
5390.97 2.83366693775
5393.7 2.80861686982
5396.43 2.76534857066
5399.16 2.70894525212
5401.89 2.73086406156
5404.62 2.66608360991
5407.35 2.62736986856
5410.07 2.74029850273
5412.8 2.8417187453
5415.53 2.85729370637
5418.26 2.9298819714
5420.99 2.87490195217
5423.72 2.81451339555
5426.45 2.85765969762
5429.18 2.84810325937
5431.91 2.80219169006
5434.63 2.80345232659
5437.36 2.82476115061
5440.09 2.90625520278
5442.82 2.87380397841
5445.55 2.84196273947
5448.28 2.83305695233
5451.01 2.78954465901
5453.74 2.7451377204
5456.46 2.76237997495
5459.19 2.79621383294
5461.92 2.82744508646
5464.65 2.83228430413
5467.38 2.80385898354
5470.11 2.76689386706
5472.84 2.70898591781
5475.57 2.70422803154
5478.3 2.68788042227
5481.02 2.75469415865
5483.75 2.77303438696
5486.48 2.78442078147
5489.21 2.82272786588
5491.94 2.84460600962
5494.67 2.84102742849
5497.4 2.79259458611
5500.13 2.78913800206
5502.86 2.78283481938
5505.58 2.75872006243
5508.31 2.74481239484
5511.04 2.7321246981
5513.77 2.68287854182
5516.5 2.76669053859
5519.23 2.84586664616
5521.96 2.7742543578
5524.69 2.7727090614
5527.41 2.78954465901
5530.14 2.76217664648
5532.87 2.80011773963
5535.6 2.79560384752
5538.33 2.86709413879
5541.06 2.82504581047
5543.79 2.87689457121
5546.52 2.88527170432
5549.25 2.82960036828
5551.97 2.94972683041
5554.7 2.90804449335
5557.43 2.90755650501
5560.16 2.83187764718
5562.89 2.83496823998
5565.62 2.82768908063
5568.35 2.76453525677
5571.08 2.85412178218
5573.8 2.84029544599
5576.53 2.80345232659
5579.26 2.82545246742
5581.99 2.81370008166
5584.72 2.80577027119
5587.45 2.65449388692
5590.18 2.67543671969
5592.91 2.65648650596
5595.64 2.68873440186
5598.36 2.72464221027
5601.09 2.69060502381
5603.82 2.74412107803
5606.55 2.8080068844
5609.28 2.84623263741
5612.01 2.87412930397
5614.74 2.91044376933
5617.47 2.76969979999
5620.2 2.72891210822
5622.92 2.83082033912
5625.65 2.79788112642
5628.38 2.81626202042
5631.11 2.83004769092
5633.84 2.79153727805
5636.57 2.74371442108
5639.3 2.78560008662
5642.03 2.79849111184
5644.75 2.74501572331
5647.48 2.77673496518
5650.21 2.78869067942
5652.94 2.8241104995
5655.67 2.81866129641
5658.4 2.73488996534
5661.13 2.66356233684
5663.86 2.73265335213
5666.59 2.73891586911
5669.31 2.78539675815
5672.04 2.78877201081
5674.77 2.83277229247
5677.5 2.7910899554
5680.23 2.80971484357
5682.96 2.86367822044
5685.69 2.82732308938
5688.42 2.83285362386
5691.14 2.80845420704
5693.87 2.78938199623
5696.6 2.87042872575
5699.33 2.83159298732
5702.06 2.71585842022
5704.79 2.76616188456
5707.52 2.73598793909
5710.25 2.72500820152
5712.98 2.78511209828
5715.7 2.76233930926
5718.43 2.82724175799
5721.16 2.91715360896
5723.89 2.9459855865
5726.62 2.84452467823
5729.35 2.88584102404
5732.08 2.92488009095
5734.81 2.89059891032
5737.54 2.90926446419
5740.26 2.90434391513
5742.99 2.92943464876
5745.72 2.91589297242
5748.45 2.96095056215
5751.18 2.88421439626
5753.91 2.85765969762
5756.64 2.85765969762
5759.37 2.88669500363
5762.09 2.85054320105
5764.82 2.88222177722
5767.55 2.97933145615
5770.28 2.90186330775
5773.01 2.82874638869
5775.74 2.7972304753
5778.47 2.82927504272
5781.2 2.80349299229
5783.93 2.75013960085
5786.65 2.78763337136
5789.38 2.80479429452
5792.11 2.85863567429
5794.84 2.84216606794
5797.57 2.9268320443
5800.3 2.90133465372
5803.03 2.84525666074
5805.76 2.93301322989
5808.48 2.95090613556
5811.21 2.92276547483
5813.94 2.90946779266
5816.67 2.99075851636
5819.4 3.01527993026
5822.13 2.94822219971
5824.86 3.02703231603
5827.59 2.97868080503
5830.32 3.0256903481
5833.04 3.05505097967
5835.77 2.98604129577
5838.5 2.96847371566
5841.23 3.03540944913
5843.96 2.97567154363
5846.69 2.96607443968
5849.42 2.89092423588
5852.15 2.89747141273
5854.88 2.87429196675
5857.6 2.80198836158
5860.33 2.82573712728
5863.06 2.72972542211
5865.79 2.65250126788
5868.52 2.77441702058
5871.25 2.75554813824
5873.98 2.71305248728
5876.71 2.79332656861
5879.43 2.734401977
5882.16 2.57653775019
5884.89 2.4883338584
5887.62 2.4875612102
5890.35 2.33778945664
5893.08 2.21489772727
5895.81 2.21180713447
5898.54 2.33368222147
5901.27 2.4960196747
5903.99 2.51960577762
5906.72 2.53668536939
5909.45 2.65152529121
5912.18 2.68743309963
5914.91 2.63054179275
5917.64 2.63050112705
5920.37 2.66726291506
5923.1 2.71512643771
5925.83 2.75229488267
5928.55 2.72765147168
5931.28 2.68796175366
5934.01 2.72858678266
5936.74 2.74379575247
5939.47 2.75867939673
5942.2 2.76237997495
5944.93 2.77754827907
5947.66 2.78999198165
5950.38 2.78970732178
5953.11 2.77762961046
5955.84 2.75160356586
5958.57 2.72529286139
5961.3 2.69398027647
5964.03 2.74042049981
5966.76 2.82817706897
5969.49 2.83854682111
5972.22 2.82057258406
5974.94 2.79983307976
5977.67 2.76518590788
5980.4 2.7627866319
5983.13 2.72122629192
5985.86 2.72911543669
5988.59 2.67259012106
5991.32 2.74176246774
5994.05 2.81589602917
5996.77 2.76030602452
5999.5 2.79239125763
6002.23 2.77445768627
6004.96 2.75184756002
6007.69 2.72427621902
6010.42 2.7773042849
6013.15 2.64884135536
6015.88 2.67592470803
6018.61 2.7159804173
6021.33 2.63908158863
6024.06 2.71207651061
6026.79 2.75623945505
6029.52 2.82907171425
6032.25 2.85261715148
6034.98 2.94553826386
6037.71 2.89340484326
6040.44 2.85578907566
6043.17 2.91812958563
6045.89 2.94171568856
6048.62 2.96066590228
6051.35 2.79470920223
6054.08 2.88380773931
6056.81 2.77994755506
6059.54 2.86835477533
6062.27 2.86294623793
6065.0 2.77693829365
6067.72 2.83468358012
6070.45 2.93171192766
6073.18 2.86595549934
6075.91 2.90633653417
6078.64 2.84513466365
6081.37 2.83354494067
6084.1 2.82447649075
6086.83 2.80532294855
6089.56 2.76465725385
6092.28 2.85038053827
6095.01 2.78743004288
6097.74 2.76872382332
6100.47 2.77144842487
6103.2 2.67702268178
6105.93 2.76807317221
6108.66 2.8149200525
6111.39 2.86457286572
6114.11 2.85989631083
6116.84 2.76774784665
6119.57 2.7328566806
6122.3 2.73196203532
6125.03 2.79287924597
6127.76 2.69052369242
6130.49 2.77795493602
6133.22 2.69629822107
6135.95 2.66547362449
6138.67 2.64823136994
6141.4 2.74997693807
6144.13 2.84586664616
6146.86 2.75302686517
6149.59 2.80694957634
6152.32 2.75367751628
6155.05 2.67417608316
6157.78 2.70410603445
6160.51 2.58349158399
6163.23 2.5465671332
6165.96 2.52241171055
6168.69 2.53940997094
6171.42 2.62102602019
6174.15 2.63883759447
6176.88 2.69853483428
6179.61 2.77096043653
6182.34 2.69999879929
6185.06 2.72716348334
6187.79 2.67055683633
6190.52 2.60772833802
6193.25 2.56441937317
6195.98 2.60166914951
6198.71 2.63468969361
6201.44 2.65331458178
6204.17 2.67352543204
6206.9 2.72761080599
6209.62 2.69125567493
6212.35 2.67019084508
6215.08 2.5473397814
6217.81 2.53774267745
6220.54 2.43766440281
6223.27 2.65530720082
6226.0 2.61935872671
6228.73 2.64802804147
6231.45 2.62724787148
6234.18 2.62985047594
6236.91 2.61443817765
6239.64 2.59007942653
6242.37 2.62342529618
6245.1 2.59609794934
6247.83 2.63351038846
6250.56 2.61447884334
6253.29 2.56332139942
6256.01 2.54014195344
6258.74 2.6124862243
6261.47 2.6041090912
6264.2 2.65640517457
6266.93 2.63452703083
6269.66 2.64989866342
6272.39 2.73301934338
6275.12 2.63741429515
6277.85 2.6769006847
6280.57 2.74489372623
6283.3 2.67442007732
6286.03 2.72704148626
6288.76 2.78381079605
6291.49 2.71817636482
6294.22 2.79133394957
6296.95 2.72208027151
6299.68 2.78141152007
6302.4 2.69926681678
6305.13 2.67267145245
6307.86 2.76176998953
6310.59 2.59304802224
6313.32 2.66799489756
6316.05 2.83077967343
6318.78 2.71455711799
6321.51 2.68430184113
6324.24 2.72228359998
6326.96 2.73049807031
6329.69 2.76103800702
6332.42 2.79918242865
6335.15 2.73139271559
6337.88 2.78531542676
6340.61 2.7627866319
6343.34 2.77742628199
6346.07 2.7413151451
6348.79 2.71358114132
6351.52 2.74611369707
6354.25 2.65180995107
6356.98 2.62358795896
6359.71 2.63188376067
6362.44 2.6087043147
6365.17 2.68511515503
6367.9 2.67779532998
6370.63 2.77307505265
6373.35 2.78547808954
6376.08 2.82280919727
6378.81 2.78238749674
6381.54 2.83232496983
6384.27 2.79873510601
6387.0 2.78901600498
6389.73 2.77787360463
6392.46 2.80845420704
6395.19 2.76860182624
6397.91 2.80145970755
6400.64 2.78600674357
6403.37 2.7320840324
6406.1 2.71040921713
6408.83 2.78474610703
6411.56 2.77384770085
6414.29 2.78612874065
6417.02 2.6899543727
6419.74 2.68234988779
6422.47 2.75196955711
6425.2 2.67222412981
6427.93 2.675396054
6430.66 2.66360300254
6433.39 2.65461588401
6436.12 2.66730358075
6438.85 2.6792186293
6441.58 2.79474986793
6444.3 2.86343422627
6447.03 2.78198083979
6449.76 2.73472730256
6452.49 2.65921110751
6455.22 2.66872688007
6457.95 2.71004322588
6460.68 2.71667173411
6463.41 2.69105234645
6466.13 2.75977737049
6468.86 2.79938575712
6471.59 2.72862744835
6474.32 2.71382513548
6477.05 2.71240183617
6479.78 2.76412859982
6482.51 2.77535233156
6485.24 2.62342529618
6487.97 2.65294859052
6490.69 2.63525901333
6493.42 2.60671169566
6496.15 2.54245989804
6498.88 2.50533211878
6501.61 2.65563252637
6504.34 2.65404656428
6507.07 2.65522586943
6509.8 2.70979923171
6512.53 2.82907171425
6515.25 2.69845350289
6517.98 2.80064639366
6520.71 2.66140705502
6523.44 2.83281295816
6526.17 2.74985494098
6528.9 2.85591107275
6531.63 2.68438317252
6534.36 2.7964984928
6537.08 2.71825769621
6539.81 2.78921933345
6542.54 2.77335971252
6545.27 2.81199212248
6548.0 2.78934133053
6550.73 2.71211717631
6553.46 2.61720344489
6556.19 2.67368809482
6558.92 2.55864484453
6561.64 2.49097712855
6564.37 2.42038148256
6567.1 2.48516193421
6569.83 2.5726745092
6572.56 2.60284845466
6575.29 2.79779979503
6578.02 2.76754451818
6580.75 2.85615506692
6583.47 2.90694651959
6586.2 2.79413988251
6588.93 2.78377013036
6591.66 2.79662048988
6594.39 2.70292672931
6597.12 2.77746694768
6599.85 2.80455030035
6602.58 2.82065391545
6605.31 2.84489066949
6608.03 2.77559632573
6610.76 2.82996635953
6613.49 2.77462034905
6616.22 2.7635186144
6618.95 2.87917185011
6621.68 2.87335665577
6624.41 2.81378141304
6627.14 2.90007401719
6629.87 2.82732308938
6632.59 2.7995890856
6635.32 2.79812512059
6638.05 2.79812512059
6640.78 2.79202526638
6643.51 2.81544870653
6646.24 2.76136333258
6648.97 2.75262020822
6651.7 2.79296057736
6654.42 2.81784798251
6657.15 2.8133747561
6659.88 2.7727090614
6662.61 2.72968475641
6665.34 2.64310749241
6668.07 2.66750690923
6670.8 2.70890458643
6673.53 2.81455406124
6676.26 2.80857620412
6678.98 2.82289052866
6681.71 2.815652035
6684.44 2.83073900773
6687.17 2.82838039744
6689.9 2.78665739468
6692.63 2.63737362946
6695.36 2.82061324975
6698.09 2.7106125456
6700.81 2.67681935331
6703.54 2.77063511097
6706.27 2.78454277856
6709.0 2.70817260392
6711.73 2.74420240942
6714.46 2.61569881418
6717.19 2.69694887219
6719.92 2.73383265727
6722.65 2.65445322123
6725.37 2.78275348799
6728.1 2.67942195777
6730.83 2.74851297306
6733.56 2.8041436434
6736.29 2.78787736552
6739.02 2.71992498969
6741.75 2.67108549036
6744.48 2.70073078179
6747.21 2.69210965452
6749.93 2.62867117079
6752.66 2.57426047129
6755.31 2.627044543
6770.88 2.68816508213
6786.49 2.71923367288
6802.13 2.64510011145
6817.81 2.65111863426
6833.53 2.66331834267
6849.28 2.55514759478
6865.07 2.54335454332
6880.9 2.60854165192
6896.76 2.60846032053
6912.66 2.61443817765
6928.59 2.59040475208
6944.57 2.67519272552
6960.57 2.65063064593
6976.62 2.71232050478
6992.7 2.71223917339
7008.82 2.66270835725
7024.98 2.60203514077
7041.17 2.71833902759
7057.41 2.75607679227
7073.67 2.56027147231
7089.98 2.61984671504
7106.33 2.58979476666
7122.71 2.58975410097
7139.13 2.45608596251
7155.58 2.45039276525
7172.08 2.42786397039
7188.61 2.45031143386
7205.18 2.50732473782
7221.79 2.54799043252
7238.44 2.58934744402
7255.13 2.64961400356
7271.85 2.59520330406
7288.61 2.58918478124
7305.42 2.66779156909
7322.26 2.68003194319
7339.14 2.68617246309
7356.05 2.71720038814
7373.01 2.67986928041
7390.01 2.6983721715
7407.04 2.66742557784
7424.12 2.6186674099
7441.24 2.73574394492
7458.39 2.73566261353
7475.58 2.74192513052
7492.82 2.74184379913
7510.09 2.74810631611
7527.4 2.77986622367
7544.75 2.77340037821
7562.15 2.75424683601
7579.58 2.67913729791
7597.05 2.66063440682
7614.56 2.62407594729
7632.12 2.64217218143
7649.71 2.61187623888
7667.35 2.52314369306
7685.02 2.54644513612
7702.74 2.50565744434
7720.49 2.48837452409
7738.29 2.55213833338
7756.13 2.38719827569
7774.01 2.51700317316
7791.93 2.51692184177
7809.89 2.51106598173
7827.9 2.59329201641
7845.94 2.51675917899
7864.03 2.56938058793
7882.16 2.53989795927
7900.33 2.55156901365
7918.54 2.48199001003
7936.79 2.48190867864
7955.09 2.41424096266
7973.43 2.51631185635
7991.81 2.55714021382
8010.23 2.51618985927
8028.7 2.58068565105
8047.2 2.61651212808
8065.76 2.61647146238
8084.35 2.55685555396
8102.98 2.49858161346
8121.67 2.58036032549
8140.39 2.55665222549
8159.15 2.53900331399
8177.96 2.51566120523
8196.81 2.43018191498
8215.71 2.56230475705
8234.65 2.40777511721
8253.63 2.60378376564
8272.66 2.60374309994
8291.73 2.51525454829
8310.84 2.48642257075
8330.0 2.42416339217
8349.2 2.47487351345
8368.45 2.51501055412
8387.74 2.46905831911
8407.08 2.46897698772
8426.46 2.49174977675
8445.88 2.32005921375
8465.35 2.39598206575
8484.87 2.45173473317
8504.43 2.24625097788
8524.03 2.28797398064
8543.68 2.35202244978
8563.38 2.38467700262
8583.12 2.39008554002
8602.9 2.38455500554
8622.73 2.33555284343
8642.61 2.37894313967
8662.53 2.31936789694
8682.5 2.25092753277
8702.52 2.2874453266
8722.58 2.30855082215
8742.69 2.36222953915
8762.84 2.32441044308
8783.04 2.28191479213
8803.29 2.324288446
8823.58 2.37837381994
8843.93 2.36194487929
8864.31 2.37825182286
8884.74 2.22970004014
8905.23 2.2920812158
8925.76 2.29728642472
8946.33 2.32920899506
8966.96 2.27089438886
8987.63 2.24999222179
9008.34 2.19367023464
9029.11 2.19362956894
9049.93 2.39964197827
9070.79 2.24974822762
9091.7 2.265282523
9112.66 2.31798526332
9133.66 2.35560103091
9154.72 2.21355575934
9175.82 2.21859830549
9196.98 2.24938223637
9218.18 2.17297139604
9239.43 2.11368081317
9260.73 2.20814722195
9282.07 2.26471320327
9303.47 2.13303768385
9324.92 2.24901624512
9346.41 2.23860582728
9367.96 2.21802898576
9389.56 2.23331928697
9411.2 2.20261668747
9432.89 2.22807341235
9454.64 2.20757790222
9476.44 2.22278687204
9498.28 2.21762232881
9520.18 2.19724881577
9542.12 2.15707110941
9564.12 2.17695663412
9586.17 2.19200294115
9608.27 2.16683087614
9630.42 2.16679021044
9652.61 2.14190280529
9674.87 2.13690092484
9697.17 2.15166257202
9719.52 2.1318583787
9741.93 2.11225751386
9764.39 2.11221684816
9786.9 2.08798009412
9809.46 2.11209485108
9832.07 2.10229441866
9854.74 2.10225375296
9877.45 2.08769543426
9900.23 2.08285621659
9923.05 2.06846056067
9945.92 2.063621343
9968.85 2.05882279103
9991.82 2.05402423905
10014.87 2.03511469102
10084.28 2.00701469599
10130.83 2.0068926989
10177.6 1.97924002651
10224.57 1.97456347162
10271.76 1.96537302462
10295.44 1.95179068259
10511.03 1.88497694621
10706.44 1.80401154807
10905.48 1.73475787
11108.23 1.67201070309
11288.74 1.61528205899
11498.61 1.58213951781
11712.38 1.52842013512
11902.69 1.47653070869
12096.09 1.43297774967
12292.63 1.40036386252
12492.37 1.3622194409
12695.36 1.32509166164
12901.64 1.28898052475
13111.27 1.25961989318
13293.67 1.22529804686
13509.67 1.20293191478
13697.61 1.1782478381
13888.17 1.14616260498
14113.83 1.11236941269
14310.17 1.09203656534
14509.25 1.0870346849
14711.1 1.05743005916
14915.75 1.05743005916
15088.47 1.05015089981
15298.37 1.05499011748
15511.18 1.04531168214
15690.79 1.03095669191
15909.08 1.00285669688
16093.3 1.00057941798
16317.18 0.991388970974
16506.13 0.968819510418
16697.25 0.946778703893
16890.6 0.920955987762
17086.18 0.893791303706
17284.04 0.859510123078
17484.16 0.834134729588
17686.63 0.803960784124
17891.43 0.77846339355
18098.61 0.748574107949
18308.16 0.728200594907
18520.17 0.706729108108
18691.54 0.679605089746
18907.99 0.659556902261
19082.93 0.643046630215
19303.9 0.619785852849
19482.53 0.594613787833
19708.11 0.578428841344
19890.47 0.560088613037
20120.8 0.549840857974
20306.96 0.529955333268
20494.87 0.519097592784
20684.49 0.503766625884
20924.01 0.490062286772
21117.63 0.478879220731
21313.01 0.465866198428
21510.23 0.454195144051
21709.27 0.438782845761
21910.13 0.429795727233
22112.87 0.417108030489
22317.49 0.404802591274
22523.97 0.394676833295
22680.11 0.383920757048
22889.96 0.346931241153
23101.76 0.343751183828
23315.51 0.303561277761
23477.14 0.287900918734
23694.35 0.291235505699
23913.6 0.268068259431
24079.38 0.260760634094
24302.17 0.258369491246
24527.04 0.243355716764
24697.04 0.241127236695
24925.57 0.208566214953
25098.34 0.206179138674
25272.32 0.20713071593
25506.15 0.205231627988
25682.96 0.20713071593
25920.59 0.202881150834
26100.28 0.201022728587
26281.18 0.195996448722
26524.37 0.193304379734
26708.22 0.189339474501
26893.36 0.186313946815
27079.77 0.182914294739
27330.34 0.179160851119
27519.78 0.175891329265
27710.55 0.171885758338
27902.62 0.169140823946
28096.04 0.165667973619
28290.78 0.162272388112
28486.9 0.158941867716
28684.35 0.155326687458
28883.2 0.152492288538
29083.39 0.149019438211
29284.97 0.145961377969
29487.98 0.142638990713
29692.37 0.140036386252
29898.21 0.136848195788
30105.43 0.134042262854
30314.13 0.131293261893
30524.25 0.128898052475
30665.13 0.126543508752
30877.71 0.123949037431
31091.73 0.121407431512
31307.26 0.119191151152
31524.26 0.1167471429
31669.79 0.114351933483
31889.3 0.112265783345
32110.37 0.109964105025
32332.93 0.10770715897
32482.16 0.105499011748
32707.34 0.103571457819
32934.03 0.101916364045
33086.04 0.100057941798
33315.4 0.0971056123626
33469.17 0.0951129933226
33701.19 0.0929495783648
33934.77 0.0908349622407
34091.4 0.0887650783807
34327.73 0.0869432552583
34486.17 0.0851620978307
34725.23 0.0834134729588
34885.51 0.0817055137816
35127.3 0.0800300871601
35289.47 0.0782082640378
35534.07 0.076780898154
35698.11 0.0750322732821
35862.88 0.0734910434532
36111.45 0.0721531420977
36278.16 0.0706729108108
36529.61 0.0690625493008
36698.21 0.0676473831255
36867.63 0.0661061532965
37123.16 0.0647519856632
37294.5 0.0635686139475
37466.68 0.0621209152164
37726.37 0.0611286722658
37900.49 0.0598761688692
38075.46 0.0587822616819
38339.37 0.0577086873419
38516.36 0.0565253156263
38694.13 0.0553663433275
38872.73 0.0543537675296
39142.2 0.0532395274949
39322.86 0.0522676173917
39504.35 0.0511981096212
39686.73 0.0502627986433
39869.9 0.0491200926223
40053.92 0.0483311781452
40331.58 0.0474527991398
40517.73 0.0464768224671
40704.74 0.0457326402542
40892.61 0.0450047243192
41081.39 0.0441832772863
41271.0 0.0434756941986
41461.49 0.0426827131521
41652.9 0.0419019318139
41941.6 0.0411374167537
42135.18 0.0403871346865
42329.7 0.0398332679248
42525.07 0.0391061653036
42721.34 0.0384807269192
42918.56 0.036918350929
43116.65 0.0354194134226
43315.66 0.0353380820332
43515.63 0.0338253181905
43716.47 0.036504780814
43918.24 0.0359623004467
44120.94 0.0354173801378
44324.63 0.0348700198872
44529.21 0.034319813038
44734.73 0.0338118985113
44941.25 0.0333031706706
45148.68 0.0327915962314
45252.75 0.0325354023548
45461.61 0.032027894485
45671.49 0.0315537324848
45882.28 0.0310775372
46094.05 0.0305989019734
46306.84 0.0301182334621
46520.57 0.0296700975066
46735.29 0.0292252148066
46951.04 0.0287782988219
47059.27 0.0285542308441
47276.47 0.0281069082025
47494.67 0.0276925247735
47713.93 0.0272761080599
47934.15 0.0268576580614
48155.39 0.0264371747783
48266.39 0.0262358795896
48489.22 0.0258479288622
48713.02 0.02545794485
48937.85 0.0250663342101
49050.66 0.0248699189047
49277.1 0.0244909146302
49504.54 0.0241277699766
49733.02 0.0237629986951
49847.72 0.0235795964121
50077.78 0.023211978532
50308.92 0.0228634735285
50541.12 0.0225235083208
50657.67 0.0223527124031
50774.44 0.0221815098284
50891.48 0.0220103072538
51008.79 0.0218382913652
51126.37 0.0216662754767
51244.22 0.0215040193548
51362.4 0.0213454231455
51480.79 0.0211864202792
51599.46 0.021027010756
51718.4 0.0208671945759
51837.61 0.0207069717388
51957.1 0.0205463422447
52076.86 0.0203857127507
52196.96 0.0202263032275
52317.28 0.0200778734419
52437.88 0.0199294436562
52558.75 0.0197802005567
52679.9 0.0196309574572
52801.33 0.0194813077007
52923.1 0.0193312512873
53045.09 0.0191811948738
53167.36 0.0190303251465
53289.92 0.0188863685873
53412.76 0.0187472919114
53535.88 0.0186082152356
53659.28 0.0184687319028
53783.03 0.018328841913
53907.0 0.0181885452663
54031.26 0.0180482486196
54155.81 0.017907545316
54280.64 0.0177664353554
54405.76 0.0176358984754
54531.17 0.0175061749093
54656.93 0.0173756380294
54782.92 0.0172451011494
54909.19 0.0171141576125
55035.76 0.0169828074186
55162.62 0.0168514572247
55289.78 0.016719293717
55417.29 0.0165911967787
55545.03 0.0164696063516
55673.06 0.0163476092675
55801.39 0.0162256121834
55930.02 0.0161032084423
56058.94 0.0159808047013
56188.16 0.0158579943033
56317.74 0.0157347772484
56447.56 0.0156111535365
56577.67 0.0154948496497
56708.09 0.0153813923615
56838.8 0.0152671217594
56969.82 0.0151528511573
57101.2 0.0150381738983
57232.83 0.0149234966392
57364.75 0.0148080060663
57496.98 0.0146929221503
57629.52 0.0145786515482
57762.36 0.0144721074281
57895.5 0.014365563308
58029.02 0.014258612531
58162.78 0.0141516617539
58296.85 0.0140443043199
58431.23 0.013936540229
58565.92 0.013828776138
58700.92 0.0137206053902
58836.23 0.0136173145256
58971.91 0.0135176835736
59107.85 0.0134176459647
59244.09 0.0133176083557
59380.66 0.0132175707468
59517.53 0.0131167198239
59654.73 0.0130158689011
59792.3 0.0129150179782
59930.12 0.0128137603985
60068.27 0.0127202293007
60206.73 0.0126266982029
60345.51 0.0125331671051
60484.61 0.0124396360073
60624.03 0.0123456982525
60763.84 0.0122513538408
60903.91 0.0121570094291
61044.29 0.0120622583605
61185.01 0.0119699472335
61326.04 0.0118829226469
61467.4 0.0117954914033
61609.15 0.0117076535027
61751.17 0.0116198156022
61893.51 0.0115319777017
62036.18 0.0114437331442
62179.18 0.0113550819297
62322.51 0.0112664307153
62466.16 0.0111830660412
62610.22 0.0111013279948
62754.54 0.0110195899485
62899.19 0.0109374452452
63044.18 0.010854893885
63189.5 0.0107723425248
63335.16 0.0106897911645
63481.22 0.0106068331473
63627.55 0.0105246884441
63774.22 0.010448236938
63921.22 0.010371785432
64068.56 0.010294927269
64216.25 0.0102180691061
64364.27 0.0101408042861
64512.7 0.0100635394662
64661.41 0.0099862746463
64810.46 0.00990860316943
64959.85 0.00983418494814
65109.59 0.00976261332547
65259.67 0.00969063504586
65410.1 0.0096190634232
65560.94 0.00954667848664
65712.07 0.00947429355009
65863.54 0.00940190861353
66015.36 0.00932952367697
66167.53 0.00925673208347
66320.05 0.00918922703027
66472.99 0.00912212863403
66626.22 0.00905503023778
66779.8 0.00898752518458
66933.73 0.00892002013139
67088.02 0.0088525150782
67242.66 0.00878460336806
67397.66 0.00871628500097
67553.09 0.00864999991861
67708.81 0.00858737474878
67864.88 0.00852434292201
68021.32 0.00846131109523
68178.11 0.00839827926845
68335.26 0.00833484078473
68492.85 0.008271402301
68650.74 0.00820796381728
68808.98 0.00814411867661
68967.59 0.00808393344846
69126.56 0.0080253748481
69285.91 0.00796640959079
69445.61 0.00790744433348
69605.77 0.00784807241923
69766.21 0.00778870050497
69927.03 0.00772932859072
70088.22 0.00766955001951
70249.78 0.00761058476221
70411.71 0.00755568607437
70574.09 0.00750038072958
70736.76 0.0074450753848
70899.82 0.00738977004001
71063.25 0.00733446469522
71227.06 0.00727875269349
71391.24 0.00722304069176
71555.8 0.00716692203308
71720.82 0.00711364997303
71886.14 0.00706200454077
72051.85 0.0070103591085
72217.93 0.00695871367624
72384.39 0.00690666158703
72551.25 0.00685460949782
72718.48 0.00680255740861
72886.18 0.00675009866245
73054.19 0.0066976399163
73222.59 0.00664924773961
73391.37 0.00660085556292
73560.55 0.00655246338624
73730.11 0.00650407120955
73900.14 0.00645527237591
74070.48 0.00640647354228
74241.22 0.00635767470865
74412.35 0.00630887587501
74583.88 0.00626089035527
74755.8 0.00621575143416
74928.12 0.00617061251305
75100.91 0.00612506693499
75274.03 0.00607952135693
75447.54 0.00603397577887
75621.45 0.00598843020081
75795.77 0.00594247796581
75970.48 0.0058965257308
76145.68 0.00585342009443
76321.2 0.00581112777194
76497.12 0.00576842879251
76673.46 0.00572572981308
76850.2 0.0056834374906
77027.34 0.00564033185422
77204.89 0.00559763287479
77382.94 0.00555452723842
77561.32 0.00551223491593
77740.1 0.00547238253513
77919.3 0.00543293681128
78098.91 0.00539308443048
78278.93 0.00535282539273
78459.37 0.00531297301193
78640.31 0.00527271397418
78821.58 0.00523286159338
79003.27 0.00519260255563
79185.38 0.00515397014567
79367.91 0.00511655770655
79550.86 0.00507955192438
79734.31 0.00504213948526
79918.1 0.00500472704614
80102.32 0.00496731460702
80286.96 0.00492949551095
80472.03 0.00489208307183
80657.52 0.00485426397577
80843.44 0.00481929147833
81029.89 0.00478431898089
81216.66 0.00474934648345
81403.88 0.00471437398601
81591.52 0.00467940148858
81779.59 0.00464402233419
81968.1 0.00460904983675
82157.13 0.00457367068237
82346.5 0.00453910484188
82536.32 0.00450657228612
82726.57 0.00447403973037
82917.27 0.00444110051766
83108.39 0.00440816130496
83299.97 0.00437522209226
83492.07 0.00434228287955
83684.53 0.00430934366685
83877.42 0.0042759977972
84070.77 0.00424509186923
84264.56 0.00421418594126
84458.8 0.00418368667024
84653.57 0.00415318739922
84848.7 0.00412228147125
85044.29 0.00409137554328
85240.31 0.00406042894962
85436.8 0.00402944169026
85633.74 0.00399869842507
85831.13 0.0039701104417
86029.07 0.00394140046125
86227.38 0.0039126498151
86426.13 0.00388385850325
86625.35 0.00385498586002
86825.03 0.0038260318854
87025.17 0.00379703724508
87225.77 0.00376796127337
87426.93 0.00374006460681
87628.45 0.00371322524831
87830.45 0.00368634522412
88032.9 0.00365938386854
88235.82 0.00363238184726
88439.21 0.00360529849459
88643.17 0.00357813381054
88847.5 0.00355092846078
89052.29 0.00352364177964
89257.57 0.00349838838324
89463.31 0.00347321631822
89669.53 0.00344800358751
89876.22 0.00342270952541
90083.5 0.00339733413192
90291.14 0.00337195873843
90499.27 0.00334646134786
90707.88 0.00332096395728
90916.96 0.00329607655213
91126.53 0.0032725311149
91336.69 0.00324890434628
91547.22 0.00322523691197
91758.25 0.00320148814627
91969.76 0.00317773938057
92181.76 0.00315390928348
92394.24 0.00312999785499
92607.21 0.00310608642651
92820.78 0.00308351696596
93034.74 0.00306139482804
93249.2 0.00303923202443
93464.14 0.00301702855513
93679.59 0.00299478442013
93895.52 0.00297249961944
94112.06 0.00295013348736
94328.99 0.00292772668958
94546.43 0.00290552322028
94764.37 0.00288482438168
94982.81 0.00286408487738
95201.75 0.00284330470739
95421.2 0.00282248387171
95641.25 0.00280158170464
95861.71 0.00278063887187
96082.68 0.0027596960391
96304.15 0.00273867187494
96526.14 0.00271850169037
96748.64 0.002699104154
96971.66 0.00267962528624
97195.29 0.00266014641849
97419.33 0.00264058621934
97643.89 0.00262098535449
97868.96 0.00260138448965
98094.56 0.00258170229342
98320.67 0.00256197943149
98547.42 0.00254367986888
98774.58 0.00252546163766
99002.26 0.00250720274074
99230.47 0.00248890317812
99459.2 0.00247056294982
99688.46 0.00245218205581
99918.25 0.00243376049612
100148.68 0.00241529827073
100379.53 0.00239732403367
100610.91 0.0023802444419
100842.82 0.00236316485013
101075.28 0.00234604459266
101308.26 0.0023288836695
101541.89 0.00231164141495
101775.95 0.0022943991604
102010.56 0.00227711624015
102245.7 0.00225979265421
102481.38 0.00224344504494
102717.61 0.00222746342693
102954.38 0.00221140047752
103191.81 0.00219533752812
103429.68 0.00217923391302
103668.09 0.00216308963223
103907.05 0.00214690468574
104146.56 0.00213067907355
104386.63 0.00211457545846
104627.25 0.00209961048281
104868.53 0.00208456417577
105110.27 0.00206951786873
105352.55 0.002054430896
105595.4 0.00203934392327
105838.81 0.00202417561915
106082.77 0.00200896664933
106327.42 0.00199375767952
106572.51 0.00197915869512
106818.16 0.00196508836476
107064.39 0.0019509773687
107311.18 0.00193686637264
107558.54 0.00192271471088
107806.47 0.00190852238343
108055.09 0.00189428939029
108304.16 0.00188001573145
108553.81 0.00186574207262
108804.04 0.00185248505614
109054.83 0.00183930937106
109306.21 0.00182609302029
109558.3 0.00181279533812
109810.83 0.00179953832165
110063.95 0.00178619997379
110317.66 0.00177286162593
110571.95 0.00175948261238
110826.83 0.00174642892438
111082.29 0.00173406655319
111338.47 0.00172166351631
111595.11 0.00170926047943
111852.34 0.00169681677685
112110.17 0.00168433240858
112368.59 0.00167184804031
112627.61 0.00165928234065
112887.35 0.00164671664099
113147.56 0.00163488292383
113408.38 0.00162329320084
113669.79 0.00161166281216
113931.8 0.00159999175778
114194.43 0.0015883207034
114457.65 0.00157660898333
114721.62 0.00156485659757
114986.06 0.0015531042118
115251.1 0.00154143315742
115516.77 0.00153057541694
115783.04 0.00151967701076
116049.93 0.00150877860458
116317.43 0.00149783953271
116585.68 0.00148685979514
116854.42 0.00147588005757
117123.78 0.00146485965431
117393.75 0.00145379858535
117664.36 0.00144322550473
117935.58 0.00143301841536
118207.56 0.0014227706603
118480.04 0.00141252290524
118753.14 0.00140223448448
119026.88 0.00139194606372
119301.24 0.00138161697727
119576.24 0.00137128789082
119851.87 0.00136091813867
120128.27 0.00135132103472
120405.17 0.00134172393077
120682.71 0.00133212682683
120960.9 0.00132248905718
121239.72 0.00131285128754
121519.19 0.0013031728522
121799.43 0.00129349441686
122080.19 0.00128377531583
122361.59 0.00127430020897
122643.64 0.00126535375614
122926.35 0.00125632597191
123209.7 0.00124733885339
123493.7 0.00123831106916
123778.5 0.00122924261925
124063.82 0.00122013350363
124349.8 0.00121106505372
124636.44 0.00120191527241
124923.73 0.00119333481083
125211.69 0.00118491701203
125500.45 0.00117645854753
125789.73 0.00116800008304
126079.69 0.00115950095284
126370.31 0.00115100182265
126661.61 0.00114246202677
126953.57 0.00113392223088
127246.21 0.00112546376638
127539.66 0.00111757462161
127833.64 0.00110964481115
128128.31 0.00110171500068
128423.65 0.00109378519022
128719.68 0.00108581471406
129016.39 0.0010778035722
129313.78 0.00106983309604
129612.0 0.00106178128849
129910.77 0.00105409547219
130210.22 0.00104669431576
130510.36 0.00103925249363
130811.2 0.0010318106715
131112.72 0.00102432818368
131415.09 0.00101684569585
131718.01 0.00100936320803
132021.64 0.00100184005451
132325.95 0.000994276235297
132630.98 0.000987322401505
132936.7 0.000980327902017
133243.12 0.000973374068224
133550.41 0.000966379568737
133858.26 0.000959344403554
134166.8 0.000952309238372
134476.08 0.00094527407319
134786.05 0.000938198242313
135096.73 0.000931325739909
135408.3 0.000924819228758
135720.43 0.000918272051912
136033.27 0.000911724875066
136346.83 0.000905137032526
136661.11 0.000898549189985
136976.14 0.000891961347444
137291.88 0.000885332839209
137608.49 0.000878704330974
137925.68 0.000872441813991
138243.62 0.000866301294092
138562.28 0.000860160774193
138881.68 0.000854020254294
139201.8 0.0008478390687
139522.67 0.000841657883106
139844.44 0.000835436031818
140166.79 0.00082921418053
140489.89 0.000823073660631
140813.72 0.000817339797679
141138.32 0.000811565269032
141463.65 0.000805790740385
141789.89 0.000800016211739
142116.71 0.000794201017397
142444.31 0.000788385823056
142772.66 0.000782570628714
143101.76 0.000776714768678
143431.61 0.000771143568505
143762.23 0.00076573503111
144093.77 0.000760326493716
144425.91 0.000754917956322
144758.83 0.000749468753232
145092.51 0.000744019550143
145426.96 0.000738570347054
145762.18 0.00073308047827
146098.34 0.000727590609486
146435.1 0.000722507397649
146772.64 0.000717464851507
147110.97 0.00071238163967
147450.07 0.000707257762139
147789.95 0.000702174550302
148130.62 0.00069705067277
148472.22 0.000691926795239
148814.47 0.000686762252012
149157.5 0.000681760371565
149501.32 0.000677002485286
149845.93 0.000672244599006
150191.33 0.000667446047032
150537.71 0.000662688160753
150884.7 0.000657889608779
151232.5 0.000653091056805
151581.1 0.000648251839136
151930.5 0.000643412621467
152280.72 0.000638858063661
152631.73 0.000634384837245
152983.72 0.000629911610829
153336.36 0.000625438384412
153689.82 0.000620924492301
154044.09 0.00061641060019
154399.17 0.000611896708079
154755.06 0.000607382815967
155111.8 0.000602909589551
155469.51 0.000598721022997
155827.87 0.000594491790749
156187.07 0.000590303224195
156547.09 0.000586073991947
156907.94 0.000581844759699
157269.62 0.000577615527451
157632.31 0.000573386295202
157995.67 0.000569116397259
158359.86 0.00056504982779
158724.89 0.000561105255404
159090.77 0.000557160683019
159457.47 0.000553216110633
159825.04 0.000549230872553
160193.62 0.000545286300168
160562.88 0.000541301062088
160933.0 0.000537315824008
161303.95 0.000533289920233
161675.77 0.000529589342015
162048.44 0.000525888763798
162422.15 0.000522188185581
162796.54 0.000518487607364
163171.81 0.000514746363452
163547.92 0.00051100511954
163924.92 0.000507263875628
164302.77 0.000503522631716
164681.5 0.000499862719193
165061.29 0.000496406135144
165441.76 0.0004929088854
165823.12 0.000489452301351
166205.36 0.000485955051608
166588.47 0.000482457801864
166972.47 0.00047896055212
167357.53 0.000475422636681
167743.31 0.000471884721243
168129.96 0.000468590799973
168517.52 0.000465337544397
168905.96 0.000462043623127
169295.3 0.000458790367551
169685.54 0.000455496446281
170076.87 0.000452202525011
170468.9 0.00044890860374
170861.84 0.00044561468247
171255.69 0.0004423207612
171650.46 0.000439270834097
172046.13 0.000436220906995
172442.69 0.000433130314198
172840.37 0.000430039721402
173238.78 0.0004269897943
173638.12 0.000423899201503
174038.36 0.000420767943011
174439.53 0.000417677350214
174841.63 0.000414708754502
175244.85 0.000411821490178
175648.8 0.000408934225855
176053.69 0.00040605509467
176459.49 0.000403163763778
176866.25 0.000400264299746
177273.94 0.000397356702575
177682.57 0.000394445038835
178092.33 0.000391525241956
178502.85 0.00038881284012
178914.32 0.000386112637992
179326.73 0.000383404302725
179740.08 0.000380691900889
180154.4 0.000377971365914
180569.87 0.000375246764369
180986.09 0.000372514029686
181403.28 0.000369773161863
181821.43 0.000367101425722
182240.54 0.000364567952942
182660.61 0.000362030413593
183081.65 0.000359484741105
183503.88 0.000356930935479
183926.87 0.000354373063282
184350.83 0.000351811124517
184775.77 0.000349241052612
185201.7 0.000346666914138
185628.59 0.000344239172164
186056.48 0.000341856162455
186485.55 0.000339465019607
186915.42 0.000337073876759
187346.27 0.000334674600772
187778.12 0.000332271258215
188210.96 0.00032985978252
188644.81 0.000327448306825
189079.84 0.000325049030838
189515.7 0.000322816484199
189952.54 0.000320575804421
190390.4 0.000318331058074
190829.26 0.000316082245157
191269.13 0.000313825299102
191710.02 0.000311564286477
192152.14 0.000309299207282
192595.07 0.000307025994949
193039.01 0.000304846313713
193483.97 0.000302743897297
193929.96 0.000300641480882
194377.0 0.000298526864757
194825.26 0.000296412248633
195274.35 0.00029428949937
195724.47 0.000292166750107
196175.63 0.000290035867705
196627.82 0.000287900918734
197081.06 0.000285916432832
197535.35 0.00028394008007
197990.89 0.000281959660739
198447.28 0.000279975174837
198904.71 0.000277982555797
199363.2 0.000275989936757
199822.75 0.000273993251148
200283.37 0.000271988432399
200745.25 0.000270032412484
201207.98 0.000268178056806
201671.77 0.000266319634559
202136.65 0.000264457145742
202602.58 0.000262590590355
203069.6 0.000260719968399
203537.69 0.000258841213304
204007.08 0.000256962458209
204477.33 0.000255079636545
204948.67 0.000253298479117
205421.08 0.000251553920815
205894.6 0.000249805295943
206369.2 0.000248056671071
206844.9 0.00024629991306
207321.92 0.00024453908848
207799.81 0.00024277419733
208278.8 0.000241005239611
208758.9 0.00023925254817
209240.09 0.000237617787243
209722.42 0.000235974893177
210206.07 0.000234331999112
210690.61 0.000232685038476
211176.27 0.000231034011272
211663.04 0.000229374850928
212150.94 0.000227715690585
212639.96 0.000226056530241
213130.11 0.00022445836844
213621.63 0.000222917138611
214114.05 0.000221375908782
214607.59 0.000219830612383
215102.27 0.000218277182846
215598.1 0.000216723753309
216095.07 0.000215170323771
216593.43 0.000213608761095
217092.68 0.000212043131849
217593.1 0.000210591366549
218094.66 0.000209143667817
218597.39 0.000207691902517
219101.28 0.000206236070647
219606.31 0.000204776172207
220112.76 0.000203316273768
220620.14 0.000201852308759
221128.69 0.00020038427718
221638.4 0.000198948778157
222149.29 0.000197590543954
222661.37 0.000196228243182
223174.86 0.00019486187584
223689.29 0.000193495508499
224204.92 0.000192121008018
224721.72 0.000190746507537
225239.72 0.000189372007057
225758.91 0.000187989373437
226279.31 0.000186684004637
226801.14 0.000185407101824
227323.93 0.000184122065871
227847.93 0.000182841096489
228373.14 0.000181551993967
228899.56 0.000180262891445
229427.18 0.000178969722354
229956.03 0.000177672486693
230486.36 0.000176383384171
231017.65 0.000175183746177
231550.16 0.000173984108184
232083.89 0.000172776337051
232618.85 0.000171568565919
233155.07 0.000170356728217
233692.76 0.000169140823946
234231.44 0.000167924919674
234771.36 0.000166704948833
235312.53 0.000165533776826
235854.93 0.000164403270514
236398.6 0.000163272764201
236943.52 0.000162138191319
237489.94 0.000160999551868
238037.38 0.000159860912416
238586.06 0.000158718206395
239136.03 0.000157571433805
239687.26 0.000156424661215
240239.75 0.000155359220014
240793.78 0.000154297845382
241348.82 0.000153232404181
241905.15 0.00015216289641
242462.76 0.00015109338864
243021.66 0.0001500198143
243581.84 0.00014894623996
244143.31 0.000147868599051
244706.35 0.000146815357558
245270.41 0.000145819048038
245835.78 0.000144818671949
246402.45 0.00014381422929
246970.42 0.000142809786631
247539.7 0.000141805343972
248110.31 0.000140796834743
248682.48 0.000139784258945
249255.72 0.000138767616578
249830.27 0.000137811972753
255649.42 0.000128483262389
261604.41 0.000119780803725
267698.1 0.000111663931064
273933.43 0.000104091978711
280314.29 9.70283475427e-05
286843.5 9.04689709884e-05
293525.09 8.43894496315e-05
300362.01 7.87165852215e-05
307358.5 7.34219117722e-05
314517.6 6.84810298667e-05
321843.82 6.38695400883e-05
329340.34 5.95752427285e-05
337011.85 5.56022043567e-05
344861.66 0.000139393868276
