102.07 8.58026808903e-05
103.97 9.42978621086e-05
105.9 0.000107029379059
108.12 0.000123452495691
109.88 0.00017238645025
114.0 0.000211593940038
118.01 0.000246886983579
121.03 0.000718623901417
125.0 0.000826985857923
127.03 0.000873986224599
127.91 0.000906782936404
130.89 0.000971633538126
132.1 0.00109521208844
133.94 0.00114155967225
137.06 0.00134122119161
139.93 0.0014305398961
142.86 0.00280876712354
146.86 0.00521798611081
150.98 0.00553987559523
154.85 0.00592254141588
158.82 0.00636058123175
162.15 0.00669124952029
165.92 0.00718623901417
170.18 0.00759456595456
172.94 0.00795247104563
176.97 0.00836575013193
179.85 0.00869956978606
181.93 0.00894335042356
186.17 0.00938656748288
190.94 0.00994255841053
194.05 0.0103396304738
198.11 0.0107772200946
201.79 0.0112591539311
205.07 0.0116278637042
209.85 0.011762472034
216.23 0.0128974138385
220.25 0.0134122119161
222.8 0.0136301063363
226.94 0.0142070313353
230.09 0.021404300129
233.83 0.0345547236043
239.83 0.0420234600331
245.98 0.0397657316913
251.71 0.0413526693592
256.98 0.0344759394647
259.96 0.0396734416992
264.18 0.0410667954815
269.1 0.0406908825871
274.1 0.040132640684
279.19 0.0395834026826
283.73 0.0392187446653
289.67 0.0370262946105
295.74 0.0371973687421
301.24 0.0358512854436
308.25 0.0358512854436
318.35 0.0356869642383
328.02 0.0347933269983
337.99 0.0336115649051
348.26 0.0324725713449
357.2 0.0316599692198
366.36 0.031081468538
374.89 0.0301653215439
385.39 0.0283465334081
395.28 0.0283465334081
405.42 0.0278288090626
413.91 0.0270702303475
421.61 0.0262733850504
430.43 0.0255575748683
441.47 0.0252064227034
450.72 0.0246324239725
460.16 0.0239616332986
469.79 0.023632990888
479.63 0.0237410377079
489.67 0.0230409843537
499.93 0.0238513355033
505.72 0.024071931094
511.57 0.0318783138352
519.88 0.0321731916146
529.55 0.0323960381807
539.39 0.031081468538
549.42 0.0343161202102
559.64 0.040040350692
570.04 0.0442091571616
580.64 0.0446165837118
590.07 0.0496024942573
599.66 0.0489226996818
609.41 0.0513447492289
619.31 0.0628787472582
629.37 0.0653885848466
639.6 0.071202854345
649.99 0.0759456595456
657.52 0.0770013670155
665.13 0.0852129253314
674.38 0.0913063157814
685.34 0.0882067226341
694.87 0.106047953778
704.54 0.0982888415204
715.99 0.122041134105
725.95 0.128974138385
734.36 0.13536465759
744.57 0.142725347199
754.93 0.150142311193
765.43 0.148422565976
774.29 0.167688664558
785.07 0.17041234481
794.16 0.184289608247
805.2 0.19476114588
814.53 0.203001966877
825.86 0.216521325223
835.42 0.187285656525
845.1 0.230409843537
854.88 0.23632990888
864.78 0.252649480642
874.79 0.264557140591
884.92 0.277657817509
895.17 0.289407909179
905.54 0.292761862548
916.02 0.342373360707
924.5 1.37563860571
935.2 2.73853669057
946.03 4.89226996818
954.79 6.61449125862
965.84 7.64723877928
974.78 1.73581718195
986.07 6.95821520458
995.19 7.00661117601
1004.4 9.36495811889
1016.03 8.82067226341
1025.43 4.02249306761
1034.92 6.59940972334
1044.49 11.4155967225
1054.16 11.2073814965
1063.91 9.21504315622
1076.23 10.6293310098
1086.19 8.73986224599
1096.24 10.9019241326
1103.84 10.4834678029
1114.05 10.1975939251
1124.36 9.21504315622
1134.77 11.10451192
1145.27 10.1741837808
1155.86 10.6047953778
1163.87 10.8269666513
1174.64 7.84329873798
1185.51 10.3396304738
1193.73 7.6121235628
1204.78 5.86806781082
1215.92 3.74539799395
1224.35 7.08764629097
1235.68 10.034623305
1244.25 10.9019241326
1255.76 10.5561743088
1264.46 9.32196448846
1276.16 11.4155967225
1285.01 11.8169456391
1293.92 9.82888415204
1305.89 9.67176606804
1314.94 11.4948310571
1324.05 11.0282038535
1336.31 10.0116633558
1345.57 11.3631489953
1354.9 11.0027678313
1364.29 10.0578083518
1373.74 10.3634908132
1386.46 10.411211492
1396.07 9.00547734503
1405.74 9.19388398731
1415.49 9.69405072465
1425.3 9.73884513542
1435.18 9.71633538126
1441.8 10.0809933986
1448.46 10.1741837808
1455.14 9.89686360959
1465.23 9.27897085802
1475.39 9.21504315622
1485.61 9.27897085802
1495.91 9.34334875491
1506.28 8.92286654728
1513.23 8.11904322638
1516.72 8.54087601926
1523.72 8.30812516129
1534.29 7.35371158509
1544.92 7.70013670155
1555.63 7.33682926948
1566.41 7.54234332492
1573.64 7.9707039465
1584.55 8.23204219224
1595.53 8.36575013193
1606.59 8.10036013043
1614.01 8.06299393854
1625.2 7.71791940733
1636.46 8.08167703448
1644.02 8.11904322638
1655.41 7.6121235628
1666.89 8.15640941828
1670.73 7.38747621633
1678.44 8.21290890121
1686.19 8.40424181153
1693.97 7.95247104563
1705.71 7.66479638752
1713.59 7.33682926948
1725.46 7.25264278893
1733.43 7.62968117104
1745.44 7.4387984558
1753.5 7.789275328
1765.66 7.21932835278
1773.81 7.35371158509
1786.1 7.42169104264
1794.35 7.7534848189
1806.78 7.68257909331
1815.12 7.20289623225
1823.5 7.26952510455
1836.14 7.03880012446
1844.62 6.52377694938
1853.13 6.55394001994
1865.98 6.69124952029
1874.59 7.03880012446
1883.24 6.55394001994
1896.3 6.31691230869
1905.05 6.59940972334
1913.84 6.39006900969
1927.11 6.23024975519
1936.0 6.34594989155
1944.94 6.59940972334
1953.92 6.20166236741
1967.46 6.64510452427
1976.54 6.76868307459
1985.67 6.44904456558
1994.83 6.25906224051
2004.04 6.37543766949
2013.29 6.21584351253
2027.24 6.37543766949
2036.6 6.1165754967
2046.0 6.25906224051
2055.45 5.85456195833
2064.93 5.93604726837
2074.47 6.34594989155
2079.25 6.13053154428
2084.04 6.27346848317
2093.66 5.97724011848
2103.32 5.99097106851
2113.03 6.0326141137
2122.79 6.07448225643
2132.58 5.72130421373
2147.37 5.80098874344
2157.28 5.94977821841
2167.23 5.74786572363
2177.24 5.70824855632
2187.29 5.62991461186
2197.38 5.82777535088
2207.53 5.66885648655
2212.62 5.42620133675
2222.83 5.29046751919
2233.09 5.5527061551
2243.4 5.35191914803
2253.75 5.14640509259
2264.15 5.20605594111
2274.61 5.30284788398
2285.1 5.38883514485
2295.65 5.09958480395
2306.25 5.12524592369
2316.89 4.95327140194
2327.59 4.1600276655
2332.95 4.65771832988
2343.72 4.49137124667
2354.54 4.78152197773
2365.41 4.45400505477
2376.33 4.54922131485
2387.29 4.23768631733
2392.8 4.44860271377
2403.84 4.30949243309
2414.94 4.36126486765
2426.09 4.56880480096
2437.28 4.4157384727
2442.9 4.59311533545
2454.18 4.52175941478
2465.51 4.47201285809
2476.89 4.33200218724
2482.6 4.37319503735
2494.06 4.06436121033
2505.57 4.51005434262
2511.34 4.08597057432
2517.13 4.15327473925
2522.94 4.03172206681
2534.58 4.06166003984
2546.28 4.01686562907
2552.15 4.23633573208
2563.93 4.13234066788
2575.76 4.29936304372
2587.65 4.24241336571
2593.62 4.17555939586
2605.59 4.05445691851
2617.62 3.98220060767
2623.65 4.12333676622
2635.76 4.23115848863
2647.93 4.51500648853
2654.03 4.60009335924
2666.28 4.23611063454
2672.43 4.36599191602
2684.76 4.37814718326
2697.16 4.16407942124
2703.37 4.26199685182
2715.85 4.05355652834
2722.11 4.01731582415
2734.68 4.16070295812
2747.3 3.71005767993
2753.63 3.78861672193
2766.34 3.90566744354
2772.72 4.03464833485
2785.52 3.81090137854
2791.94 3.19255843189
2804.83 3.36025610035
2817.77 3.94978656168
2824.27 4.10870542602
2837.31 3.98039982733
2843.85 3.86402439835
2856.97 3.70037848564
2863.56 4.01213858069
2876.78 4.03262245698
2883.41 3.99683194787
2896.72 3.98962882654
2910.09 4.25771999853
2930.26 4.0879964522
2950.57 4.00741153232
2971.02 4.03847499306
2991.62 4.02316836023
3012.35 4.03554872502
3033.24 4.02046718973
3047.24 4.0132640684
3068.36 4.00741153232
3089.63 4.00155899624
3111.04 3.99570646016
3132.61 3.91692232062
3147.07 3.91016939437
3168.88 3.92254975915
3190.85 3.73189214146
3212.97 3.82215625562
3227.8 3.65220761175
3250.17 3.85434520406
3272.7 3.96576848713
3287.8 3.92254975915
3310.59 3.89013571317
3318.23 3.8734784951
3325.88 3.8746039828
3333.54 3.96599358467
3341.23 3.77128421123
3348.93 4.05153065047
3356.65 3.8881098353
3364.39 3.49846599086
3372.14 3.53178042701
3379.92 3.87370359264
3387.71 3.85704637456
3395.52 3.76183011448
3403.35 3.95834026826
3411.19 3.68687263315
3419.06 3.75642777349
3426.94 3.81000098838
3434.84 3.99998331345
3442.76 3.69137458398
3450.69 3.78726613668
3458.65 3.72784038571
3466.62 3.67764363394
3474.61 3.79942140392
3482.62 3.6801197069
3490.65 3.81045118346
3498.7 3.55721644921
3506.76 3.77803713748
3514.84 3.5842281542
3522.95 3.78028811289
3531.07 3.69542633972
3539.21 3.80887550067
3547.37 3.91669722307
3555.54 3.83768798599
3563.74 3.78614064897
3571.96 3.54281020655
3580.19 3.50341813678
3588.44 3.21821955163
3596.71 3.5707223017
3605.01 3.70578082664
3613.32 3.47550604162
3621.65 3.47663152933
3630.0 3.99300528966
3638.36 3.73639409229
3646.75 3.71185846026
3655.16 3.76475638252
3663.58 4.00741153232
3672.03 3.82823388924
3680.49 3.72513921521
3680.58 4.74010403009
3683.32 3.95451361006
3686.06 3.7066812168
3688.81 4.3106179208
3691.55 3.28304764359
3694.29 3.06200185779
3697.04 2.80291458746
3699.78 2.76937505376
3702.52 3.4775319195
3705.27 3.86492478852
3708.01 3.57905091074
3710.75 3.96801946255
3713.49 3.95811517072
3716.24 3.93988226985
3718.98 4.96069962081
3721.72 9.07188111979
3724.47 16.2495664274
3727.21 19.7259728592
3729.95 17.1281221321
3732.7 11.9569563099
3735.44 6.83868841001
3738.18 4.68157866928
3740.93 4.63498347818
3743.67 3.50589420973
3746.41 3.26188847469
3749.15 2.98074164528
3751.9 4.09294859811
3754.64 4.23250907388
3757.38 4.21765263613
3760.13 4.498574368
3762.87 4.70723978902
3765.61 3.90994429683
3768.36 3.82620801137
3771.1 3.77173440631
3773.84 4.44680193344
3776.59 4.30994262817
3779.33 4.67707671845
3782.07 4.46998698022
3784.81 4.87201118944
3787.56 5.02935437099
3790.3 4.45760661543
3793.04 4.5397672181
3795.79 3.86920164181
3798.53 3.52930435406
3801.27 3.32581617649
3804.02 4.08371959891
3806.76 4.96700235197
3809.5 4.90892718625
3812.25 4.84297360658
3814.99 5.04961314973
3817.73 4.86008101974
3820.47 5.34111446604
3823.22 5.03183044394
3825.96 4.39480440134
3828.7 4.23250907388
3831.45 4.11433286456
3834.19 3.88180710413
3836.93 3.42868575298
3839.68 3.8014472818
3842.42 4.13684261872
3845.16 4.50127553849
3847.91 5.37487909727
3850.65 5.66728080375
3853.39 5.26975854537
3856.13 5.65264946355
3858.88 5.64904790289
3861.62 5.17206621233
3864.36 5.43903189662
3867.11 5.83722944763
3869.85 5.73255909081
3872.59 5.02485242015
3875.34 5.37172773169
3878.08 4.69688530211
3880.82 4.61022274861
3883.57 4.55349816814
3886.31 4.38332442672
3889.05 4.46143327364
3891.8 4.77454395394
3894.54 3.77398538173
3897.28 4.9384149642
3900.02 4.96947842493
3902.77 4.87066060419
3905.51 5.44060757941
3908.25 5.69361721612
3911.0 5.71612697027
3913.74 5.80233932869
3916.48 5.39986492439
3919.23 5.31973019959
3921.97 5.21483474523
3924.71 4.83757126558
3927.46 4.65051520855
3930.2 4.31827123721
3932.94 3.88675925005
3935.68 4.20077032052
3938.43 4.37342013489
3941.17 4.84432419183
3943.91 4.89136957801
3946.66 4.69125786357
3949.4 4.96385098639
3952.14 5.18107011399
3954.89 5.48630238034
3957.63 4.77026710065
3960.37 4.39592988905
3963.12 4.05558240621
3965.86 4.11365757194
3968.6 3.984001388
3971.34 3.72423882504
3974.09 4.20077032052
3976.83 4.92175774612
3979.57 5.1247957286
3982.32 4.88979389522
3985.06 5.53717442474
3987.8 5.55743320348
3990.55 5.34178975866
3993.29 5.30577415202
3996.03 5.46244204094
3998.78 5.01674890866
4001.52 5.61393268641
4004.26 5.64522124468
4007.0 5.35146895295
4009.75 5.63689263564
4012.49 5.89057756498
4015.23 5.43498014087
4017.98 5.80571579181
4020.72 5.93447158558
4023.46 5.72558106702
4026.21 5.74651513838
4028.95 5.53627403457
4031.69 5.10431185232
4034.44 6.21494312236
4037.18 5.81404440085
4039.92 5.86018939687
4042.66 5.39626336372
4045.41 5.46559340652
4048.15 5.68303763166
4050.89 5.43745621383
4053.64 5.3847833891
4056.38 5.45096206632
4059.12 5.2195617936
4061.87 5.74854101626
4064.61 5.67065726688
4067.35 5.8381298378
4070.1 5.5754410068
4072.84 5.65197417093
4075.58 5.61415778395
4078.32 5.08517856129
4081.07 5.12862238681
4083.81 5.04668688168
4086.55 5.27516088636
4089.3 4.90262445509
4092.04 5.07842563504
4094.78 5.00009169058
4097.53 4.85625436153
4100.27 4.98163369218
4103.01 5.17589287054
4105.76 4.94134123224
4108.5 4.56993028867
4111.24 4.64218659951
4113.98 5.1328992401
4116.73 5.39198651043
4119.47 5.0716727088
4122.21 4.99513954467
4124.96 5.26390600929
4127.7 5.42620133675
4130.44 5.23171706084
4133.19 5.4568146024
4135.93 5.3955880711
4138.67 5.42822721462
4141.42 5.17499248037
4144.16 5.20988259931
4146.9 5.45366323682
4149.64 5.69316702103
4152.39 5.29406907986
4155.13 4.91230364938
4157.87 5.25107544942
4160.62 5.20042850257
4163.36 5.18602225991
4166.1 5.49575647709
4168.85 5.35034346524
4171.59 5.02777868819
4174.33 5.1036365597
4177.08 5.21460964769
4179.82 5.29924632331
4182.56 5.27921264211
4185.3 5.20560574602
4188.05 5.09485775558
4190.79 5.49620667217
4193.53 5.58241903059
4196.28 5.40526726538
4199.02 5.15765996967
4201.76 5.3620485374
4204.51 5.46851967456
4207.25 5.72423048177
4209.99 5.83115181401
4212.74 5.65872709718
4215.48 5.5927735175
4218.22 5.57071395843
4220.96 5.6328408799
4223.71 5.38455829156
4226.45 5.14257843439
4229.19 5.04848766202
4231.94 5.22181276902
4234.68 5.17634306562
4237.42 5.20898220915
4240.17 5.48360120985
4242.91 5.26750756995
4245.65 5.18039482137
4248.4 5.35484541608
4251.14 5.26705737487
4253.88 5.0770750498
4256.62 5.02755359065
4259.37 5.13515021552
4262.11 5.25940405846
4264.85 5.2076316239
4267.6 5.29744554298
4270.34 4.88866840751
4273.08 4.79277685481
4275.83 5.02170105457
4278.57 4.88124018864
4281.31 4.97465566839
4284.06 5.00977088487
4286.8 4.9422416224
4289.54 5.05749156368
4292.28 5.13515021552
4295.03 4.89744721163
4297.77 4.8263163885
4300.51 4.68247905945
4303.26 4.7049888136
4306.0 4.62125252814
4308.74 4.64871442821
4311.49 4.58816318954
4314.23 4.85220260578
4316.97 5.03363122427
4319.72 5.15428350655
4322.46 4.45648112773
4325.2 4.3864757923
4327.94 4.74798244404
4330.69 4.75293458995
4333.43 4.65659284217
4336.17 5.17724345579
4338.92 5.70982423911
4341.66 6.2844982627
4344.4 5.32445724797
4347.15 4.88529194439
4349.89 4.69215825373
4352.63 4.68225396191
4355.38 4.54539465664
4358.12 4.90284955263
4360.86 5.08337778096
4363.6 5.30284788398
4366.35 5.2141594526
4369.09 5.00076698321
4371.83 5.11759260728
4374.58 5.06807114813
4377.32 4.85332809349
4380.06 4.91072796659
4382.81 5.14978155572
4385.55 4.59514121332
4388.29 4.81258543847
4391.04 4.8035815368
4393.78 5.18039482137
4396.52 5.04398571119
4399.26 5.1128655589
4402.01 5.15383331147
4404.75 4.75586085799
4407.49 4.96114981589
4410.24 4.97803213151
4412.98 4.84567477708
4415.72 5.06491978255
4418.47 5.0343065169
4421.21 4.99018739875
4423.95 5.09508285312
4426.7 5.1821956017
4429.44 5.1995281124
4432.18 4.58073497066
4434.92 5.32648312584
4437.67 5.03453161444
4440.41 5.40616765555
4443.15 5.21663552556
4445.9 5.36384931774
4448.64 5.04668688168
4451.38 5.22924098789
4454.13 5.24319703546
4456.87 5.08202719571
4459.61 4.88664252964
4462.36 4.77364356378
4465.1 5.20042850257
4467.84 5.02035046932
4470.59 5.14910626309
4473.33 5.35867207428
4476.07 5.60717976016
4478.81 5.44623501795
4481.56 5.08315268342
4484.3 5.2195617936
4487.04 5.25805347321
4489.79 5.27403539866
4492.53 5.14280353193
4495.27 5.34921797754
4498.02 5.37442890219
4500.76 5.20538064848
4503.5 4.82586619342
4506.25 5.52366857224
4508.99 5.30374827414
4511.73 5.64904790289
4514.47 5.30172239627
4517.22 5.36790107349
4519.96 4.89699701655
4522.7 5.26548169208
4525.45 5.33841329554
4528.19 4.77251807607
4530.93 5.08878012196
4533.68 4.81303563355
4536.42 5.00594422666
4539.16 4.95979923064
4541.91 4.82293992538
4544.65 5.35169405049
4547.39 5.01089637258
4550.13 4.93481340353
4552.88 5.08787973179
4555.62 4.745056176
4558.36 5.1995281124
4561.11 5.08292758588
4563.85 4.96317569377
4566.59 5.1995281124
4569.34 4.94201652486
4572.08 5.06154331943
4574.82 5.45456362698
4577.57 5.4140460695
4580.31 5.46356752865
4583.05 5.17746855333
4585.79 5.3181545168
4588.54 4.85783004432
4591.28 5.11083968103
4594.02 5.19637674682
4596.77 5.10206087691
4599.51 5.28168871507
4602.25 4.89947308951
4605.0 4.996940325
4607.74 5.11691731465
4610.48 5.12524592369
4613.23 5.30464866431
4615.97 4.95259610931
4618.71 5.21708572064
4621.45 5.11781770482
4624.2 5.37690497515
4626.94 5.30014671348
4629.68 5.23846998709
4632.43 5.14820587293
4635.17 5.11849299744
4637.91 5.22113747639
4640.66 5.36182343986
4643.4 5.16036114017
4646.14 5.0890052195
4648.89 5.01404773816
4651.63 5.08315268342
4654.37 5.34539131933
4657.11 5.28596556836
4659.86 5.0782005375
4662.6 5.1621619205
4665.34 5.28506517819
4668.09 5.03138024886
4670.83 5.16328740821
4673.57 4.97668154626
4676.32 5.05681627106
4679.06 4.98523525284
4681.8 5.11264046136
4684.55 5.25062525433
4687.29 5.22631471985
4690.03 5.28776634869
4692.77 5.17341679758
4695.52 5.09260678016
4698.26 5.14527960489
4701.0 5.08832992687
4703.75 4.8983476018
4706.49 5.04781236939
4709.23 5.06401939238
4711.98 5.00301795862
4714.72 5.007745007
4717.46 5.00436854387
4720.21 4.80988426797
4722.95 4.90284955263
4725.69 5.05096373497
4728.43 4.94516789044
4731.18 5.05681627106
4733.92 4.6757261332
4736.66 4.85647945907
4739.41 5.01629871357
4742.15 4.98208388726
4744.89 5.12817219173
4747.64 4.98568544792
4750.38 4.57285655671
4753.12 4.80133056139
4755.87 5.00121717829
4758.61 5.12794709419
4761.35 4.91815618546
4764.09 4.8810150911
4766.84 4.87471235994
4769.58 4.87156099435
4772.32 4.96295059623
4775.07 5.01202186029
4777.81 4.95732315769
4780.55 4.89924799197
4783.3 4.97398037576
4786.04 5.02867907836
4788.78 4.92243303875
4791.53 5.00144227583
4794.27 5.17859404104
4797.01 5.0770750498
4799.75 5.08135190308
4802.5 5.22811550018
4805.24 5.03633239477
4807.98 4.89587152884
4810.73 5.02102576195
4813.47 4.85130221561
4816.21 4.88866840751
4818.96 4.8490512402
4821.7 4.90960247888
4824.44 5.12839728927
4827.19 5.00459364141
4829.93 5.01945007916
4832.67 4.9796078143
4835.41 4.94899454865
4838.16 4.76171339408
4840.9 4.87133589681
4843.64 4.86570845827
4846.39 4.65524225692
4849.13 4.55822521651
4851.87 4.45490544493
4854.62 5.17251640741
4857.36 6.40334976464
4860.1 7.84532461585
4862.85 8.06299393854
4865.59 6.99558139648
4868.33 5.41449626459
4871.08 4.66267047579
4873.82 4.40493379071
4876.56 4.42249139895
4879.3 4.55777502143
4882.05 4.35788840452
4884.79 4.49902456308
4887.53 4.7997548786
4890.28 4.86008101974
4893.02 4.70003666769
4895.76 4.88484174931
4898.51 4.71691898331
4901.25 5.03138024886
4903.99 4.74730715142
4906.74 4.65501715938
4909.48 4.8783139206
4912.22 4.93909025682
4914.96 4.84139792379
4917.71 4.58658750674
4920.45 4.74753224896
4923.19 4.69238335128
4925.94 4.68855669307
4928.68 4.74415578583
4931.42 4.92896086745
4934.17 4.81100975568
4936.91 4.77476905149
4939.65 4.66717242662
4942.4 4.81258543847
4945.14 4.95867374294
4947.88 4.89519623622
4950.62 4.86165670253
4953.37 5.34223995375
4956.11 6.43283754259
4958.85 7.14887282228
4961.6 6.87853067487
4964.34 6.01213023742
4967.08 5.24589820596
4969.83 4.7157934956
4972.57 4.69215825373
4975.31 4.83509519262
4978.06 4.5917647502
4980.8 4.56812950834
4983.54 4.37477072014
4986.28 4.41934003337
4989.03 4.78692431873
4991.77 4.65096540363
4994.51 4.73177542105
4997.26 5.11196516874
5000.0 5.94617665774
5002.74 8.38578381313
5005.49 11.2974205132
5008.23 12.0190832314
5010.97 9.64362887534
5013.72 6.80357319353
5016.46 5.16711406642
5019.2 4.57263145917
5021.94 4.38129854885
5024.69 4.33807982087
5027.43 4.67932769387
5030.17 4.70611430131
5032.92 4.78827490398
5035.66 4.62980623472
5038.4 4.46728580972
5041.15 4.3225480905
5043.89 4.73200051859
5046.63 4.87583784764
5049.38 4.72794876284
5052.12 4.77454395394
5054.86 4.81573680405
5057.6 4.73605227434
5060.35 4.79525292777
5063.09 4.77724512444
5065.83 4.6849551324
5068.58 4.79120117202
5071.32 4.67527593812
5074.06 4.40718476612
5076.81 4.31354418884
5079.55 4.28135524039
5082.29 4.39547969396
5085.04 4.51027944016
5087.78 4.55574914355
5090.52 4.72749856776
5093.26 4.86390767794
5096.01 4.57015538621
5098.75 4.41416278991
5101.49 4.57060558129
5104.24 4.51365590328
5106.98 4.51838295165
5109.72 4.56362755751
5112.47 4.5652032403
5115.21 4.44815251869
5117.95 4.56002599684
5120.7 4.46998698022
5123.44 4.30679126259
5126.18 4.38602559722
5128.92 4.50712807458
5131.67 4.5397672181
5134.41 4.57263145917
5137.15 4.51658217132
5139.9 4.50217592866
5142.64 4.3106179208
5145.38 4.25952077886
5148.13 4.37792208572
5150.87 4.26064626657
5153.61 4.29125953222
5156.36 4.51298061066
5159.1 4.49812417291
5161.84 4.43014471536
5164.58 4.36216525781
5167.33 4.22170439188
5170.07 3.96891985271
5172.81 4.07561608741
5175.56 4.1958181746
5178.3 4.39525459642
5181.04 4.57218126408
5183.79 4.43622234899
5186.53 4.28495680106
5189.27 4.25569412066
5192.02 4.15710139746
5194.76 4.37432052506
5197.5 4.4666105171
5200.24 4.61269882157
5202.99 4.53909192548
5205.73 4.41326239975
5208.47 4.23723612225
5211.22 4.17488410324
5213.96 4.31534496917
5216.7 4.47966617451
5219.45 4.36126486765
5222.19 4.44365056786
5224.93 4.27280153382
5227.68 4.38242403655
5230.42 4.30904223801
5233.16 4.15552571466
5235.9 4.36486642831
5238.65 4.4411744949
5241.39 4.59153965266
5244.13 4.68067827911
5246.88 4.56227697226
5249.62 4.41078632679
5252.36 4.3052155798
5255.11 4.33087669954
5257.85 4.44860271377
5260.59 4.47538932122
5263.34 4.37679659801
5266.08 4.24263846325
5268.82 4.26694899774
5271.56 4.3117434085
5274.31 4.22688163534
5277.05 4.27887916744
5279.79 4.40740986367
5282.54 4.57645811737
5285.28 4.49677358766
5288.02 4.566328728
5290.77 4.53661585252
5293.51 4.37904757343
5296.25 4.22688163534
5299.0 4.32164770033
5301.74 4.45760661543
5304.48 4.6838296447
5307.23 4.66424615858
5309.97 4.50555239178
5312.71 4.56497814276
5315.45 4.55462365584
5318.2 4.48821988108
5320.94 4.41258710712
5323.68 4.41258710712
5326.43 4.32367357821
5329.17 4.2971120683
5331.91 4.37657150047
5334.66 4.41168671696
5337.4 4.59334043299
5340.14 4.50622768441
5342.89 4.4704371753
5345.63 4.53571546235
5348.37 4.45558073756
5351.11 4.59198984774
5353.86 4.57960948296
5356.6 4.73515188417
5359.34 4.76148829653
5362.09 4.54742053451
5364.83 4.46188346872
5367.57 4.33898021103
5370.32 4.29756226339
5373.06 4.33200218724
5375.8 4.44882781131
5378.55 4.55417346076
5381.29 4.47696500401
5384.03 4.43824822686
5386.77 4.42789373995
5389.52 4.46638541955
5392.26 4.36734250127
5395.0 4.18996563852
5397.75 4.30296460438
5400.49 4.34865940532
5403.23 4.39773066938
5405.98 4.33200218724
5408.72 4.22035380663
5411.46 4.22598124517
5414.21 4.27212624119
5416.95 4.42271649649
5419.69 4.25434353541
5422.43 4.31782104213
5425.18 4.46593522447
5427.92 4.40448359563
5430.66 4.39592988905
5433.41 4.33605394299
5436.15 4.39097774313
5438.89 4.37679659801
5441.64 4.35316135615
5444.38 4.41258710712
5447.12 4.25389334032
5449.87 4.17060724995
5452.61 4.34955979549
5455.35 4.35293625861
5458.09 4.29936304372
5460.84 4.32637474871
5463.58 4.32592455362
5466.32 4.35833859961
5469.07 4.48754458846
5471.81 4.33492845528
5474.55 4.14404574005
5477.3 4.23723612225
5480.04 4.40583418088
5482.78 4.42586786207
5485.53 4.37026876931
5488.27 4.42474237437
5491.01 4.54764563206
5493.75 4.53819153531
5496.5 4.41708905795
5499.24 4.26379763215
5501.98 4.41281220466
5504.73 4.41236200958
5507.47 4.4492780064
5510.21 4.34865940532
5512.96 4.33290257741
5515.7 4.56767931325
5518.44 4.49159634421
5521.19 4.44275017769
5523.93 4.43824822686
5526.67 4.35743820944
5529.41 4.33515355283
5532.16 4.20909892956
5534.9 4.3106179208
5537.64 4.25974587641
5540.39 4.25952077886
5543.13 4.37949776851
5545.87 4.29688697076
5548.62 4.56925499604
5551.36 4.3279504315
5554.1 4.49249673437
5556.85 4.46210856626
5559.59 4.40065693742
5562.33 4.22913261075
5565.07 4.14314534988
5567.82 4.14607161792
5570.56 4.51253041557
5573.3 4.3599142824
5576.05 4.48079166221
5578.79 4.30566577488
5581.53 4.60504550515
5584.28 3.98085002242
5587.02 4.15710139746
5589.76 4.07088903904
5592.51 4.41168671696
5595.25 4.16948176224
5597.99 4.15214925154
5600.73 4.11883481539
5603.48 4.47944107696
5606.22 4.50352651391
5608.96 4.39795576692
5611.71 4.45715642035
5614.45 4.39277852346
5617.19 4.2266565378
5619.94 4.27347682644
5622.68 4.24624002391
5625.42 4.21022441726
5628.17 4.20459697872
5630.91 4.32997630937
5633.65 4.35653781927
5636.39 4.20189580823
5639.14 4.24263846325
5641.88 4.15845198271
5644.62 4.29170972731
5647.37 4.48056656467
5650.11 4.20797344185
5652.85 4.13391635068
5655.6 4.19064093115
5658.34 4.33492845528
5661.08 4.14584652038
5663.83 3.9921048995
5666.57 4.12333676622
5669.31 4.24624002391
5672.05 4.47561441876
5674.8 4.41281220466
5677.54 4.20144561314
5680.28 4.26762429036
5683.03 4.45918229822
5685.77 4.35406174632
5688.51 4.19536797952
5691.26 4.1280638146
5694.0 4.36239035535
5696.74 4.40605927842
5699.49 4.35811350207
5702.23 4.25546902312
5704.97 4.25141726737
5707.72 4.32074731017
5710.46 4.11973520556
5713.2 4.15957747041
5715.94 4.29913794618
5718.69 4.17645978603
5721.43 4.26852468053
5724.17 4.28675758139
5726.92 4.22328007467
5729.66 4.25794509607
5732.4 4.41011103416
5735.15 4.39930635217
5737.89 4.60054355432
5740.63 4.31241870113
5743.38 4.25771999853
5746.12 4.32029711508
5748.86 4.52198451232
5751.6 4.19806915002
5754.35 4.20504717381
5757.09 4.14201986217
5759.83 4.14066927692
5762.58 4.30994262817
5765.32 4.30386499455
5768.06 4.31421948146
5770.81 4.31782104213
5773.55 4.22035380663
5776.29 4.29913794618
5779.04 4.07426550216
5781.78 4.14607161792
5784.52 4.15440022696
5787.26 3.98692765604
5790.01 3.80009669655
5792.75 3.99165470441
5795.49 4.28653248385
5798.24 4.37342013489
5800.98 4.29283521501
5803.72 4.18343780982
5806.47 4.38129854885
5809.21 4.41506318008
5811.95 3.9959315577
5814.7 4.27797877727
5817.44 4.26762429036
5820.18 4.32299828558
5822.92 4.48709439338
5825.67 4.37949776851
5828.41 4.19064093115
5831.15 4.25997097395
5833.9 4.08349450137
5836.64 4.22508085501
5839.38 4.3545119414
5842.13 4.63273250276
5844.87 4.18366290736
5847.61 4.01776601923
5850.36 4.18861505327
5853.1 4.17690998111
5855.84 4.20167071068
5858.58 4.15327473925
5861.33 3.92345014932
5864.07 4.19536797952
5866.81 4.22890751321
5869.56 3.8908110058
5872.3 4.26537331494
5875.04 4.81281053601
5877.79 5.10746321791
5880.53 4.51433119591
5883.27 4.25389334032
5886.02 4.06256043
5888.76 4.02429384794
5891.5 3.80302296459
5894.24 3.58557873945
5896.99 3.87685495822
5899.73 3.94956146414
5902.47 4.230483196
5905.22 3.9493363666
5907.96 3.86695066639
5910.7 4.14292025234
5913.45 4.14607161792
5916.19 3.81720410971
5918.93 3.85682127702
5921.68 4.06661218575
5924.42 4.073365112
5927.16 4.14742220317
5929.9 4.0105628979
5932.65 4.12716342443
5935.39 4.24646512145
5938.13 4.22305497713
5940.88 3.95248773218
5943.62 3.92705170999
5946.36 3.95068695185
5949.11 3.88585885988
5951.85 4.09677525632
5954.59 4.1091556211
5957.34 4.07156433166
5960.08 4.16137825075
5962.82 4.07809216037
5965.56 4.15980256795
5968.31 4.13886849659
5971.05 4.24624002391
5973.79 4.37071896439
5976.54 4.15259944662
5979.28 4.06053455213
5982.02 3.89891451729
5984.77 3.77038382106
5987.51 4.09474937844
5990.25 4.23791141487
5993.0 4.35766330698
5995.74 4.0706639415
5998.48 4.02226797006
6001.22 3.97342180355
6003.97 3.88743454267
6006.71 4.02654482335
6009.45 3.92299995424
6012.2 3.72986626358
6014.94 3.81247706133
6017.68 3.79694533097
6020.43 3.89508785908
6023.17 4.10487876781
6025.91 4.04680360209
6028.66 4.0933987932
6031.4 4.11928501047
6034.14 4.14584652038
6036.88 4.09835093911
6039.63 4.07561608741
6042.37 4.13144027772
6045.11 4.15867708025
6047.86 4.00020841099
6050.6 3.89576315171
6053.34 4.05490711359
6056.09 3.97072063305
6058.83 3.94190814773
6061.57 3.97499748634
6064.32 3.71726080126
6067.06 3.86672556885
6069.8 3.97567277896
6072.54 4.04927967505
6075.29 3.9547387076
6078.03 3.95834026826
6080.77 3.89126120088
6083.52 3.97747355929
6086.26 3.89306198121
6089.0 3.99458097245
6091.75 3.79491945309
6094.49 4.0359989201
6097.23 4.02992128648
6099.98 3.98039982733
6102.72 3.73571879966
6105.46 3.69407575448
6108.2 3.87392869018
6110.95 4.00831192249
6113.69 3.96644377976
6116.43 3.90409176075
6119.18 3.90791841895
6121.92 4.02699501844
6124.66 3.65715975766
6127.41 3.73999565295
6130.15 3.8734784951
6132.89 3.76723245548
6135.64 3.85907225244
6138.38 3.86064793523
6141.12 3.80077198917
6143.87 3.8973388345
6146.61 3.87055222706
6149.35 3.90611763862
6152.09 4.01213858069
6154.84 3.76723245548
6157.58 3.79987159901
6160.32 3.56464466808
6163.07 3.59593322636
6165.81 3.73796977508
6168.55 3.72851567833
6171.3 3.81630371954
6174.04 3.59255676323
6176.78 3.8507436434
6179.53 3.85907225244
6182.27 3.6855220479
6185.01 3.99975821591
6187.75 3.82193115808
6190.5 3.62722178463
6193.24 3.81742920725
6195.98 3.53943374343
6198.73 3.69024909627
6201.47 3.92840229523
6204.21 3.99232999704
6206.96 3.63374961334
6209.7 3.62474571168
6212.44 3.68732282823
6215.19 3.74269682345
6217.93 3.82215625562
6220.67 3.66841463474
6223.41 3.56644544841
6226.16 3.80167237934
6228.9 3.87572947051
6231.64 3.70915728976
6234.39 3.61259044443
6237.13 3.71568511846
6239.87 3.55901722954
6242.62 3.70735650943
6245.36 3.60358654277
6248.1 3.70893219222
6250.85 3.64207822238
6253.59 3.79176808751
6256.33 3.63487510105
6259.07 3.79109279489
6261.82 3.50904557532
6264.56 3.83318603516
6267.3 3.64995663633
6270.05 3.67674324378
6272.79 4.10465367027
6275.53 3.92232466161
6278.28 3.69970319301
6281.02 3.55496547379
6283.76 3.44646845876
6286.51 3.48698601624
6289.25 3.39221995125
6291.99 3.34269849211
6294.73 3.6920498766
6297.48 4.17803546882
6300.22 4.27415211906
6302.96 4.25186746245
6305.71 4.13099008264
6308.45 3.96734416992
6311.19 3.80820020804
6313.94 3.73954545787
6316.68 3.55113881559
6319.42 3.5680211312
6322.17 3.85839695981
6324.91 3.86717576393
6327.65 3.82058057283
6330.39 3.83566210811
6333.14 3.73346782425
6335.88 3.74292192099
6338.62 3.67336678065
6341.37 3.8372377909
6344.11 3.85772166719
6346.85 3.88068161643
6349.6 3.84916796061
6352.34 3.48856169903
6355.08 4.11433286456
6357.83 3.79154298997
6360.57 3.53358120735
6363.31 3.85366991144
6366.05 3.92254975915
6368.8 3.79469435555
6371.54 3.86312400818
6374.28 3.65400839208
6377.03 3.80932569575
6379.77 3.76903323581
6382.51 3.85704637456
6385.26 3.85254442373
6388.0 3.84601659503
6390.74 3.8719028123
6393.49 3.84624169257
6396.23 3.68147029215
6398.97 3.98017472979
6401.71 3.73999565295
6404.46 3.91151997962
6407.2 3.69002399873
6409.94 3.68214558477
6412.69 3.86177342293
6415.43 3.86357420327
6418.17 3.63329941826
6420.92 3.69295026677
6423.66 3.66954012245
6426.4 3.95518890268
6429.15 3.65333309945
6431.89 4.19986993035
6434.63 4.04185145618
6437.37 4.15102376383
6440.12 4.32367357821
6442.86 4.03262245698
6445.6 4.05895886934
6448.35 3.49779069824
6451.09 3.75530228578
6453.83 3.6519825142
6456.58 3.45929901863
6459.32 3.80054689163
6462.06 3.90589254108
6464.81 3.87032712951
6467.55 3.71883648405
6470.29 3.86605027622
6473.03 3.89103610334
6475.78 4.02226797006
6478.52 3.94100775756
6481.26 3.66053622078
6484.01 3.61844298051
6486.75 3.55474037625
6489.49 3.48541033345
6492.24 3.56036781479
6494.98 3.67426717082
6497.72 3.55924232708
6500.47 3.45974921372
6503.21 3.65220761175
6505.95 3.58310266649
6508.69 3.5268282811
6511.44 3.67246639049
6514.18 3.62317002888
6516.92 3.66458797653
6519.67 3.54393569426
6522.41 3.55158901067
6525.15 3.65783505028
6527.9 3.65963583062
6530.64 3.79154298997
6533.38 4.0013338987
6536.13 3.82305664579
6538.87 3.84781737536
6541.61 3.79897120884
6544.35 4.05918396688
6547.1 4.59626670103
6549.84 4.58456162887
6552.58 4.58771299445
6555.33 5.50903723204
6558.07 9.02416044098
6560.81 15.3262163119
6563.56 19.1008769863
6566.3 15.952212575
6569.04 9.12410374943
6571.79 4.90847699117
6574.53 3.85231932619
6577.27 4.33898021103
6580.02 4.97803213151
6582.76 5.9713875824
6585.5 6.3272667956
6588.24 5.24904957154
6590.99 4.06503650296
6593.73 3.68124519461
6596.47 3.52435220814
6599.22 3.58873010503
6601.96 4.00178409378
6604.7 3.79987159901
6607.45 3.57815052057
6610.19 3.58715442224
6612.93 3.6600860257
6615.68 3.51782437944
6618.42 3.84489110732
6621.16 3.78479006372
6623.9 3.74607328657
6626.65 3.62722178463
6629.39 3.73301762916
6632.13 3.76115482186
6634.88 3.61191515181
6637.62 3.58355286157
6640.36 3.5842281542
6643.11 3.5148981114
6645.85 3.45682294568
6648.59 3.67381697574
6651.34 3.55946742462
6654.08 3.56464466808
6656.82 3.68574714544
6659.56 3.61123985918
6662.31 3.50229264907
6665.05 3.64410410025
6667.79 3.73909526279
6670.54 3.71185846026
6673.28 3.72829058079
6676.02 3.61371593214
6678.77 3.58692932469
6681.51 3.51332242861
6684.25 3.58692932469
6687.0 3.70352985122
6689.74 3.70195416843
6692.48 3.5067945999
6695.22 3.61551671247
6697.97 3.47325506621
6700.71 3.68619734052
6703.45 3.76115482186
6706.2 3.64207822238
6708.94 3.7733100891
6711.68 4.80425682943
6714.43 6.17375027226
6717.17 6.6311484767
6719.91 6.03554038174
6722.66 5.00459364141
6725.4 4.61922665027
6728.14 5.36069795216
6730.88 6.23407641339
6733.63 5.75304296709
6736.37 4.82136424259
6739.11 3.66616365932
6741.86 3.44241670302
6744.6 3.47663152933
6747.34 3.40369992587
6750.09 3.61169005427
6752.83 3.24905791482
6755.57 3.46695233505
6758.32 3.67966951182
6761.06 3.3453996626
6763.8 3.46335077438
6766.54 3.29182644771
6769.29 3.43678926448
6772.03 3.62609629693
6774.77 3.4027995357
6777.52 3.35260278393
6780.26 3.26503984027
6783.0 3.26594023044
6785.75 3.59863439686
6788.49 3.67696834132
6791.23 3.23937872053
6793.98 3.42440889969
6796.72 3.29362722805
6799.46 3.3681345143
6802.2 3.3508020036
6804.95 3.31321071416
6807.69 3.40752658407
6810.43 3.63487510105
6821.91 3.47843230966
6837.64 3.48631072362
6853.4 3.48608562608
6869.2 3.35980590526
6885.03 3.41427951032
6900.9 3.41405441278
6916.82 3.41382931524
6932.76 3.39807248733
6948.74 3.43723945956
6964.76 3.42125753411
6980.81 3.44489277597
6996.91 3.38974387829
7013.03 3.31996364041
7029.2 3.34292358965
7045.41 3.35035180852
7061.65 3.35012671098
7077.93 3.31928834778
7094.24 3.26616532798
7110.6 3.25851201156
7126.99 3.228348941
7143.42 3.23577715987
7159.88 3.23555206233
7176.39 3.1763514089
7192.94 2.97781537724
7209.51 3.06830458895
7226.13 3.22744855083
7242.79 3.13223229075
7259.49 3.10319470789
7276.22 3.27201786406
7293.0 3.212141918
7309.81 3.18985726139
7326.66 3.22654816066
7343.55 3.30915895841
7360.48 3.21146662538
7377.45 3.28597391163
7394.45 3.16712240969
7411.5 3.30848366579
7428.58 3.17410043348
7445.71 3.25536064598
7462.87 3.29272683788
7480.08 3.24005401316
7497.32 3.23982891562
7514.61 3.2321755992
7531.93 3.22474738033
7549.29 3.28439822884
7566.69 3.21686896638
7584.14 3.23892852545
7601.62 3.15069028916
7619.14 3.1216527063
7636.71 3.17950277448
7654.31 3.12840563254
7671.95 2.90600926149
7689.64 3.02891251918
7707.37 2.9190649189
7725.13 2.98006635266
7742.95 3.04241837167
7760.79 2.97984125512
7778.68 2.9456264288
7796.61 2.92514255252
7814.59 2.98614398628
7832.6 3.03453995772
7850.66 3.02058391014
7868.76 3.03431486017
7886.9 2.97196284116
7905.08 2.91073630986
7923.3 2.87066894746
7941.57 2.85738819251
7959.87 2.89025243358
7978.22 2.91681394348
7996.61 2.89002733604
8015.05 2.92334177219
8033.52 2.84995997364
8052.04 2.92964450335
8070.6 2.96340913458
8089.21 2.88259911717
8107.86 2.86256543597
8126.55 2.90893552953
8145.28 2.90871043199
8164.06 2.84230665723
8182.88 2.94202486814
8201.74 2.75834527423
8220.65 2.8551372171
8239.6 2.6097808968
8258.59 2.95508052555
8277.63 2.95485542801
8296.72 2.73223395941
8315.84 2.75091705536
8335.01 2.76352251768
8354.23 2.80178909975
8373.48 2.76329742014
8392.78 2.71265047329
8412.13 2.80786673337
8431.52 2.78198051609
8450.96 2.73088337416
8470.44 2.76892485868
8489.97 2.73065827662
8509.54 2.39458764707
8529.16 2.71152498558
8548.82 2.17869659497
8568.53 2.71760261921
8588.28 2.73628571515
8608.08 2.57714175327
8627.92 2.69216659701
8647.81 2.71062459542
8667.74 2.37162769783
8687.73 2.55868375487
8707.75 2.58817153281
8727.82 2.65435021003
8747.95 2.61180677467
8768.11 2.62373694438
8788.32 2.65390001494
8808.59 2.6845132806
8828.89 2.6536749174
8849.24 2.59312367872
8869.64 2.38670923312
8890.09 2.50466034489
8910.58 2.56296060816
8931.12 2.55688297453
8951.71 2.52176775805
8972.35 2.39706372003
8993.03 2.54472770729
9013.76 2.38018140441
9034.54 2.30995097145
9055.37 2.66402940431
9076.24 2.60933070172
9097.17 2.30409843537
9118.14 2.45738986117
9139.15 2.38468335524
9160.23 2.44028244801
9181.34 2.35181911418
9202.5 2.46256710462
9223.72 2.34078933464
9244.98 2.35677126009
9266.29 2.40044018315
9287.66 2.37275318554
9309.07 2.22963616862
9330.52 2.48440156615
9352.03 2.47269649399
9373.59 2.44433420376
9395.2 2.46099142183
9416.86 2.41597191352
9438.57 2.46076632429
9460.33 2.43240403405
9482.13 2.44906125213
9503.99 2.40426684136
9525.9 2.38220728229
9547.86 2.28001299842
9569.87 2.37095240521
9591.93 2.40921898727
9614.04 2.3925617692
9636.2 2.39233667166
9658.42 2.37027711258
9680.68 2.35924733305
9703.0 2.34821755351
9725.37 2.33178543298
9747.79 2.31557840999
9770.26 2.32075565344
9792.78 2.29419414354
9815.36 2.3205305559
9837.98 2.30432353291
9860.66 2.30432353291
9883.39 2.277762023
9906.18 2.26718243855
9929.01 2.27213458447
9951.9 2.26673224347
9974.84 2.26155500001
9997.84 2.25093039605
10020.88 2.21477973088
10067.14 2.16906242019
10113.61 2.20908476308
10183.71 2.18335611408
10230.72 2.1780438121
10277.94 2.16773434469
10301.63 2.15265280941
10493.15 2.06887150444
10688.24 1.97016623247
10912.04 1.86423532941
11089.35 1.80510220525
11295.51 1.74383065443
11505.51 1.70806265508
11692.46 1.65007752838
11909.85 1.58673508018
12103.37 1.53993730129
12300.03 1.50142311193
12499.89 1.45379247214
12702.99 1.41091139047
12909.4 1.36931336479
13088.99 1.33813735529
13301.67 1.2927126714
13486.71 1.26329242272
13705.85 1.23168872789
13896.52 1.18988811442
14089.84 1.14419331348
14285.85 1.12073814965
14484.59 1.11558341595
14686.09 1.08019808242
14890.38 1.08019808242
15097.53 1.07276986355
15307.56 1.07772200946
15484.82 1.06536415443
15700.23 1.0411211492
15882.04 1.0034623305
16102.98 1.0034623305
16289.43 0.994255841053
16516.04 0.971633538126
16707.29 0.958307763666
16900.76 0.934334875491
17096.46 0.913063157814
17294.42 0.873986224599
17494.68 0.850170904703
17697.27 0.817531761177
17902.19 0.787953944217
18109.48 0.750767830352
18319.18 0.731994695386
18488.69 0.708764629097
18702.77 0.676868307459
18919.34 0.659940972334
19094.41 0.644904456558
19315.51 0.623024975519
19494.22 0.596350916844
19719.96 0.580098874344
19902.44 0.561708405199
20086.58 0.550183411071
20319.18 0.531500315122
20507.2 0.522991628051
20696.93 0.508742953671
20888.45 0.496024942573
21081.71 0.485850533694
21276.79 0.47369526645
21523.17 0.461855135765
21722.3 0.445152898181
21923.31 0.438017306114
22075.26 0.425119216983
22279.53 0.413526693592
22485.69 0.403172206681
22693.73 0.392187446653
22903.73 0.35441607918
23115.64 0.351152164827
23275.88 0.310094373248
23491.26 0.293437155172
23708.61 0.296138325671
23872.96 0.273223395941
24093.84 0.264557140591
24316.79 0.26151832378
24485.33 0.244636008163
24711.9 0.24071931094
24883.18 0.208690181752
25113.44 0.205826941023
25287.5 0.205826941023
25521.49 0.203001966877
25698.39 0.204881531349
25876.53 0.200217510288
26115.98 0.198839913333
26296.99 0.193419564533
26479.26 0.191648046881
26724.28 0.187285656525
26909.54 0.184715042601
27096.06 0.181761762856
27283.86 0.178034147567
27473.0 0.174783739067
27727.19 0.171200186206
27919.4 0.168850167872
28112.92 0.165388167683
28307.8 0.162369609651
28504.01 0.159038166036
28701.61 0.155418597567
28900.54 0.153286923849
29100.89 0.150488961407
29302.59 0.147400623137
29505.73 0.144377563154
29710.23 0.142070313353
29916.19 0.138835661681
30123.55 0.136616199921
30332.34 0.133505351897
30472.37 0.131979190565
30683.58 0.129867775625
30896.28 0.127792376292
31110.43 0.125748490615
31326.1 0.123738369569
31470.68 0.121759762178
31688.81 0.119812668444
31908.49 0.118441824416
32129.65 0.116816620166
32277.98 0.116010770967
32501.7 0.116816620166
32726.98 0.121759762178
32878.06 0.137881248105
33105.94 0.13598817778
33335.44 0.115479540769
33489.3 0.107029379059
33721.42 0.102448644088
33877.1 0.0994255841053
34111.91 0.0967176606804
34269.35 0.0947323003638
34506.91 0.0927897085802
34666.18 0.0908876343541
34906.49 0.08902382671
35067.6 0.0873986224599
35310.66 0.0854087601926
35473.68 0.0838488342296
35719.55 0.0823204219224
35884.45 0.0806321903608
36133.17 0.0793423814477
36299.94 0.0777149262222
36467.52 0.076121235628
36720.29 0.0747323837966
36889.77 0.0730306463824
37060.07 0.0716980689364
37316.94 0.0705500714745
37489.17 0.0687853067487
37662.25 0.0679997163286
37923.29 0.0667571778993
38098.32 0.0655394001994
38274.21 0.0643441322538
38539.49 0.0633154364889
38717.41 0.0620166236741
38896.11 0.0608843830401
39075.63 0.0597724011848
39255.98 0.0588179876086
39528.12 0.0576114647858
39710.56 0.0566885648655
39893.88 0.055527061551
40078.01 0.0546379262619
40262.99 0.0537645478006
40542.1 0.052661569847
40729.23 0.0519390067386
40917.21 0.0511106477857
41106.06 0.050408343456
41295.83 0.0496024942573
41486.43 0.0486976021402
41677.91 0.0479187646464
41870.32 0.0471511820297
42063.56 0.0463993562409
42257.71 0.0458681260429
42452.79 0.0450307631883
42747.04 0.044411744949
42944.34 0.0428067994777
43142.59 0.0413526693592
43341.72 0.0412581283918
43541.76 0.0397657316913
43742.77 0.0389486276154
43944.66 0.0383273584007
44147.49 0.0371118316763
44249.25 0.0366863973228
44453.53 0.0360988927393
44658.7 0.0351152164827
44864.82 0.0350341813678
45071.95 0.0343949043498
45279.97 0.0336115649051
45488.96 0.0334584985769
45698.91 0.0330758327562
45909.88 0.0321731916146
46121.78 0.0321731916146
46334.65 0.0316599692198
46548.56 0.0312255309646
46655.86 0.0310094373248
46871.19 0.0306560341845
47087.53 0.0301653215439
47304.91 0.030095541306
47523.24 0.0296138325671
47742.59 0.0292761862548
47852.69 0.0290060692049
48073.55 0.0284770899822
48295.43 0.0284770899822
48518.34 0.0280876712354
48742.32 0.0277005034639
48854.68 0.0273853669057
49080.17 0.0270702303475
49306.69 0.0268226230518
49534.32 0.0265164903953
49648.5 0.0263341613866
49877.65 0.0260347816564
50107.91 0.0259852601972
50339.18 0.0259357387381
50455.22 0.0256723746145
50688.09 0.0256836294915
50804.93 0.0256566177866
50922.1 0.025631857057
51039.47 0.0255485709666
51157.13 0.025523810237
51275.04 0.0254382731712
51393.24 0.0254135124417
51511.7 0.0253887517121
51630.5 0.0254202653679
51749.51 0.0254540299991
51868.8 0.0253684929334
51988.36 0.0253437322038
52108.19 0.0253167204988
52228.31 0.0252897087938
52348.7 0.0252064227034
52469.42 0.0252379363593
52590.37 0.0252694500151
52711.59 0.0253594890317
52833.09 0.0252739519659
52954.88 0.0251906658755
53076.94 0.0251636541705
53199.35 0.0251366424656
53321.98 0.0251681561214
53444.89 0.0251974188018
53568.08 0.0252289324576
53691.56 0.0252019207526
53815.32 0.025231183433
53939.37 0.0252626970888
54063.76 0.0252919597692
54188.39 0.0252649480642
54313.3 0.0252379363593
54438.49 0.0253257244005
54563.98 0.0254135124417
54689.75 0.0253842497613
54815.81 0.0254157634171
54942.23 0.0255035514583
55068.87 0.0255328141387
55195.81 0.0255643277945
55323.04 0.0257714175327
55450.56 0.0258006802131
55578.38 0.0257714175327
55706.55 0.0259199819102
55834.96 0.0260685462876
55963.67 0.026097808968
56092.67 0.0262486243208
56221.97 0.0263386633375
56351.56 0.0264309533295
56481.46 0.0266425450186
56611.71 0.0267956113468
56742.2 0.0270117049867
56873.0 0.0271039949788
57004.1 0.0273223395941
57135.49 0.0276059624964
57267.19 0.0278918363742
57399.26 0.0281169339158
57531.57 0.0284073097444
57664.19 0.0287021875238
57797.11 0.0290668455411
57930.33 0.0294360055093
58063.87 0.0298074164528
58197.71 0.0302553605605
58331.92 0.0307100575945
58466.38 0.0312412877926
58601.15 0.031855804081
58736.23 0.0324095440332
58871.62 0.0331996364041
59095.91 0.0189216993432
59404.99 0.0380392335475
59714.06 0.0422350517221
60023.13 0.0414472103267
60332.21 0.0339964817012
60641.28 0.0422958280584
60950.35 0.0616339578534
61259.44 0.073976056057
61568.51 0.0850170904703
61877.57 0.129951061716
62186.65 0.14243497137
62495.73 0.122047887032
62804.8 0.106306815951
63113.87 0.0890868540216
63422.95 0.0729946307758
63732.03 0.0614336210415
64041.1 0.0625636107001
64350.17 0.0579446091473
64659.25 0.050635691973
64968.32 0.0473380129892
65277.39 0.0464241169705
65586.47 0.043452829422
65895.54 0.0461089804123
66204.61 0.0611319903358
66513.7 0.0408439489153
66822.76 0.0502980456607
67131.83 0.0310927234151
67440.91 0.0444432586048
67749.99 0.0407291491691
68059.07 0.0391827290586
68368.14 0.0393065327065
68677.21 0.045305382189
68986.29 0.0285873877776
69295.35 0.0450037514833
69604.43 0.0631060957752
69913.51 0.0544465933516
70222.58 0.0374494779887
70531.66 0.044157384727
70840.73 0.0322204620983
71149.8 0.0517454228529
71458.88 0.0515518389671
71767.95 0.0535079366033
72077.03 0.0577622801387
72386.1 0.042732517289
72695.17 0.0610059357125
73004.26 0.0584488276404
73313.32 0.0580098874344
73622.39 0.0837880578934
73931.47 0.0719434252567
74240.55 0.102709757237
74549.62 0.107274735379
74858.69 0.114912294964
75147.54 0.115601093441
75167.77 0.10546270017
75476.85 0.089381731801
75766.91 0.119186897278
75785.91 0.147346599727
76386.29 0.128114265777
77005.67 0.119891452584
77625.05 0.110711974839
78244.43 0.10966076932
78863.82 0.0889135289146
79483.19 0.0792771031606
80102.57 0.0654133455762
80721.96 0.0587887249282
81341.33 0.0516778935904
81960.71 0.0450847865982
82580.09 0.0461607528469
83199.47 0.0457038048375
83818.86 0.0428675758139
84438.23 0.0508000131784
85057.62 0.0496587686427
85676.99 0.0579108445161
86296.38 0.0608146028022
86915.75 0.0510116048674
87535.13 0.0438895186526
88154.52 0.0309148963573
88773.89 0.0298997064449
89393.27 0.026791109396
90012.65 0.0170484376024
90632.03 0.0189894537032
91251.42 0.0213723362781
91870.79 0.0163801230015
92490.18 0.0197986793651
93109.56 0.0135657284394
93728.94 0.0194362723232
94348.31 0.0222128504983
94967.69 0.0217176359069
95587.08 0.0188118517429
96206.45 0.0154230082548
96825.83 0.0143085503265
97445.22 0.0100787424232
98064.6 0.0120724313487
98683.98 0.016453054605
99303.36 0.0129561642969
99922.7 0.0133413061905
100542.13 0.0130036598781
101161.46 0.0133658418225
101780.91 0.0146567762233
102400.25 0.0134392236211
103019.68 0.0126000599861
103639.03 0.0123490762273
104258.37 0.0144503617777
104877.8 0.0164100609745
105497.13 0.0214945642432
106116.58 0.0211954096105
106735.91 0.0170302047015
107355.25 0.0178094923904
107974.69 0.0159578400135
108594.03 0.0169264347348
109213.46 0.0153584052604
109832.8 0.0225862873197
110452.24 0.0269171640193
111071.58 0.0298681927891
111690.92 0.0495822354785
112310.35 0.0662417045291
112929.69 0.0627301828808
113549.13 0.0472187112922
114168.47 0.0376813284565
114787.9 0.0294607662388
115407.24 0.0231760428786
116026.58 0.0217736851947
116646.02 0.0174612664936
117265.36 0.0203519691222
117884.79 0.0217176359069
118504.12 0.0200415596124
119123.57 0.0185547903505
119742.91 0.0195074031463
120362.24 0.0196471887196
120981.69 0.0154664520803
121601.03 0.0176420198194
122220.46 0.0179546803047
122839.79 0.0187404958222
123459.14 0.0204026160691
124078.57 0.0201750424546
124697.91 0.0170506885778
125317.35 0.0186009353465
125936.69 0.0210936655217
126556.12 0.0238648413558
127175.47 0.0261991028617
127794.8 0.0322339679508
128414.24 0.034055007062
129033.58 0.0211436371759
129653.02 0.0142079317255
130272.35 0.0112672574426
130891.69 0.0128575715737
131511.13 0.0128787307426
132130.47 0.0113615733125
132749.91 0.010714192783
133369.24 0.0126131156435
133988.67 0.0127976956276
134608.02 0.0125266781876
135227.36 0.0117557191078
135846.8 0.0114608413283
136466.13 0.0113586470445
137085.57 0.00907863404604
137704.91 0.0107803714602
138324.35 0.00953603225048
138943.68 0.00793108677918
139563.02 0.00763125685383
140182.46 0.0086916913721
140801.8 0.00766772265556
141421.23 0.0102210040694
142040.57 0.00979601991097
142660.01 0.00891994027924
143279.35 0.00851048785115
143898.68 0.00813525024937
144518.13 0.00745545567388
145051.09 0.0071923166478
145965.67 0.00624263011997
146880.36 0.00701043783422
147794.96 0.00776068794023
148709.55 0.00859174806365
149624.15 0.00746085801487
150538.84 0.0071029529238
151453.44 0.00351039616057
152368.02 0.00622619799944
153282.72 0.00666063625464
154197.32 0.00792320836523
155111.9 0.015700328426
156026.5 0.0172152348807
156941.19 0.00903969217135
157855.79 0.00684476604363
158770.38 0.00728415644475
159685.07 0.00804138457455
160599.67 0.00756845463974
161514.25 0.00755067193395
162428.95 0.00693300427992
163343.55 0.00974402237888
164258.13 0.0115054106416
165172.73 0.0103983809322
166087.44 0.010145596393
167002.01 0.00992477570474
167916.61 0.0110540900707
168831.21 0.0110975338963
169745.9 0.0114146963323
170660.5 0.0134317954022
171575.1 0.0117287074028
172489.79 0.010283581186
173404.38 0.0101577516603
174318.98 0.011093257043
175233.67 0.00961594187773
176148.25 0.00968009467707
177062.85 0.0079225330726
177977.44 0.0105874628671
178892.13 0.00826985857923
179806.73 0.00843508017473
180721.31 0.00854402738484
181636.01 0.00878938370514
182550.61 0.0077681161591
183465.19 0.00817149095357
184379.88 0.00954346046935
185294.48 0.0110086203673
186209.08 0.0120679293979
187123.67 0.0175661619479
188038.36 0.0125370326745
188952.96 0.00807897586399
189867.54 0.00898611895646
190782.25 0.00841594688369
191696.85 0.00696631871607
192611.42 0.00878285587643
193526.02 0.00850463531507
194440.73 0.00881054287404
195355.31 0.00725309298402
196269.91 0.00921481805868
197184.61 0.00926343912765
198099.19 0.00636328240225
199013.79 0.00808685427794
199928.39 0.00858477003986
200843.08 0.0092701920539
201757.67 0.0103317520599
202672.27 0.00673334276056
203586.96 0.00737532094908
205035.31 0.00950429349712
206785.88 0.0082691832866
208537.46 0.0086304648408
210290.05 0.00989506282926
212043.52 0.00964182809501
213797.9 0.0101329909307
215553.27 0.0098059242028
217309.55 0.0103790225436
219066.81 0.0109095774491
220825.08 0.0104805415348
222584.24 0.00949461430283
224344.41 0.0108161619693
226105.47 0.0107799212651
227867.51 0.0115389501752
229630.56 0.0122781705017
231394.52 0.0120215593043
233159.47 0.0124996664826
234925.42 0.0117829559103
236692.27 0.0121379347333
238460.21 0.0122403541147
240228.96 0.0117165521355
241998.77 0.0111886984006
243769.62 0.0116926917961
245541.35 0.0124413662193
247314.07 0.0132767031961
249087.8 0.0131256627457
250862.42 0.0124037749299
252638.14 0.0123166621813
254414.77 0.011965735114
256192.49 0.0125350067966
257971.08 0.0139747306724
259750.72 0.0137833977621
261531.32 0.0130662369947
263312.92 0.0126597108346
265095.52 0.0130198669011
266879.15 0.0129692199543
268663.74 0.0129503117608
270449.33 0.0124785073137
272235.92 0.0134196401349
274023.51 0.0139195817747
275812.21 0.0137226214259
277601.79 0.0130615099463
279392.37 0.0131317403793
281184.04 0.013815361613
282976.74 0.0141318487564
284770.31 0.0143907109292
286564.97 0.0137467068628
288360.66 0.0135272367598
290157.44 0.0147017957316
291955.19 0.0145714642551
293753.87 0.0140366324963
295553.71 0.0135650531468
297354.48 0.0139171057018
299156.31 0.0145091122361
300959.17 0.0137473821554
302763.03 0.0141779937524
304567.97 0.0143267832274
306373.92 0.0137939773466
308180.86 0.0138653332672
309988.9 0.0143522192496
311798.05 0.0152233467354
313608.17 0.014836629159
315419.32 0.0147274568514
317231.44 0.0149304948339
319044.78 0.0153145112398
320859.01 0.0156075882389
322674.4 0.0153656083817
324490.73 0.0150306632399
326308.24 0.0151400606451
328126.78 0.0162475405495
329946.25 0.0148667922296
331766.88 0.0147387117285
333588.6 0.0221613031613
335411.37 0.0214124036405
337235.21 0.0166248040292
339060.08 0.0160879463925
340885.97 0.0155389334887
342712.99 0.0178000382936
344541.19 0.0166693733424
346370.27 0.0234889284614
348200.56 0.029190649189
