102.07 0.777978838756
103.97 0.849130251009
105.9 0.93319865474
108.12 1.01618746725
109.88 1.13232608089
114.0 1.3242138953
118.01 1.51688917625
121.04 1.81536439723
125.0 2.06049511063
127.03 2.19271328299
127.91 2.25926690673
130.89 2.44330545788
132.1 2.52916471294
133.94 2.63610774956
137.06 2.89051024642
139.93 3.09004410692
142.86 3.5154030495
146.86 4.03614705206
150.98 4.1588394195
154.85 4.70943094416
158.82 5.05794839368
162.15 5.33305363991
165.93 5.70125775294
170.18 6.05295047077
172.95 6.05295047077
176.98 6.69841901248
179.85 6.96577660404
181.93 7.16099209964
186.17 7.51573307504
190.95 7.9610327026
194.05 8.25988895578
198.11 8.60942249116
201.8 8.97368927149
205.08 9.24638131381
209.85 9.52732905373
216.23 10.2322386182
220.25 10.5918060014
222.8 10.8135667401
226.94 11.2194930406
230.1 14.927571371
233.84 30.2666575148
239.84 71.7750349484
245.99 73.1086476379
251.72 84.7174285731
256.99 47.3114977939
259.96 89.7368927149
264.19 120.773235268
269.1 127.340960237
274.1 130.605136058
279.2 124.156801177
283.74 138.35279073
289.68 137.717737068
295.74 129.119110489
301.24 86.4904983965
308.26 113.232608089
318.36 157.747329557
328.03 164.809126275
338.0 165.190158472
348.27 164.428094078
357.2 181.95557514
366.36 210.367875962
374.9 209.402594397
385.4 193.183323878
395.29 220.274713084
405.43 236.570190043
413.92 236.036744967
421.61 228.022367757
430.44 221.290798943
441.48 234.944452669
450.73 236.036744967
460.16 223.856415736
469.8 223.348372807
479.64 231.718380067
489.68 215.765832086
499.93 231.718380067
505.72 229.076556835
511.58 311.150892068
519.89 299.211883229
529.56 284.427833985
539.4 257.61586839
549.43 253.500720662
559.65 290.384637332
570.05 299.211883229
580.65 289.051024642
590.08 291.718250021
599.67 266.671733605
609.42 246.591336824
619.32 293.064563784
629.38 281.824113973
639.61 290.384637332
650.0 281.824113973
657.53 268.513389224
665.14 281.824113973
674.39 286.396500337
685.35 261.807222557
694.89 279.233095033
704.55 248.864828932
716.0 278.598041371
725.96 276.045125651
734.37 275.41007199
744.58 267.281385121
754.94 263.013824514
765.44 240.418615232
774.31 257.61586839
785.08 247.150184046
794.17 251.176424261
805.22 250.592174892
814.54 248.864828932
825.87 248.293280637
835.44 215.257789157
845.11 240.977462454
854.9 236.036744967
864.8 237.662482341
874.81 235.490598818
884.94 233.331416368
895.19 231.184934992
905.55 225.926690673
916.04 221.798841872
924.51 451.8279792
935.22 654.587912295
946.05 835.552803723
954.8 903.592453033
965.86 983.95214338
974.8 544.469607363
986.08 860.942249116
995.21 792.445361169
1004.42 864.904983965
1016.05 866.899052462
1025.45 625.134123467
1034.94 810.91272165
1044.51 918.274893691
1054.18 885.061587186
1063.93 803.469892736
1073.78 825.988895578
1086.21 736.154204599
1096.26 812.779779415
1103.86 777.99153983
1114.07 763.779038882
1124.38 698.190696705
1134.78 744.689325812
1145.28 712.809631997
1155.88 698.190696705
1163.89 680.726721009
1174.66 534.524667021
1185.53 636.755605476
1193.75 605.295047077
1204.8 562.301914183
1215.94 421.662930271
1224.37 559.723596316
1235.7 591.527083692
1244.27 587.450039184
1255.78 576.730333376
1264.48 570.125775294
1276.18 579.384857681
1285.03 572.754897453
1293.94 535.756671125
1305.91 530.854056857
1314.96 548.241826113
1324.08 528.415450796
1336.33 511.650034128
1345.59 515.19363356
1354.92 503.470542966
1364.31 483.021815061
1373.77 473.114977939
1386.48 465.557839365
1396.09 381.921272124
1405.77 361.383636706
1415.51 436.485082734
1425.32 414.931361457
1435.2 423.618895549
1441.83 420.697648705
1448.48 416.836522442
1455.17 404.554584626
1465.26 393.530053059
1475.41 389.910247188
1485.64 387.230320735
1495.94 378.415775912
1506.31 367.264233613
1513.26 352.353173637
1516.75 353.978911011
1523.75 349.114399962
1534.31 316.929880389
1544.95 284.427833985
1555.66 283.767378177
1566.44 305.473512333
1573.67 314.034035692
1584.58 312.586113344
1595.56 309.715670793
1606.62 297.141608292
1614.04 289.71148045
1625.22 287.717411953
1636.49 289.71148045
1644.04 283.119623442
1655.44 285.088289794
1666.92 283.119623442
1670.76 269.135741813
1678.47 288.377867761
1686.22 281.824113973
1694.0 273.504911005
1705.74 267.281385121
1713.62 257.61586839
1725.49 252.332221925
1733.46 257.018917948
1745.47 252.332221925
1753.53 250.020626597
1765.69 244.88939301
1773.84 239.313621861
1786.13 239.313621861
1794.38 237.116336192
1806.81 235.490598818
1815.15 225.926690673
1823.53 224.885202668
1836.17 221.798841872
1844.65 211.333157528
1853.16 209.885235179
1866.01 209.402594397
1874.62 209.402594397
1883.27 198.593981075
1896.33 192.738786315
1905.08 197.234966239
1913.87 190.973337135
1927.14 183.64481788
1936.04 188.356916049
1944.97 189.220589029
1953.95 178.221459609
1967.49 182.793845973
1976.58 184.495789786
1985.7 178.221459609
1994.87 173.763382904
2004.07 174.576251591
2013.32 172.56948202
2027.28 172.975916364
2036.64 165.952222866
2046.04 164.809126275
2055.48 143.204600705
2064.97 150.64742962
2074.5 163.29769856
2079.28 157.747329557
2084.08 158.483991805
2093.7 153.454366804
2103.36 154.165626905
2113.07 153.809996855
2122.82 152.400177726
2132.62 149.618642688
2147.4 146.202053988
2157.31 147.218139847
2167.27 143.534828609
2177.28 142.874372801
2187.33 139.953125957
2197.42 140.600880692
2202.49 138.35279073
2212.65 134.885397737
2222.87 133.031041045
2233.13 132.116563772
2243.43 130.313011373
2253.79 127.340960237
2264.19 127.340960237
2274.64 126.173731606
2285.14 124.443845432
2295.69 119.703804901
2306.29 119.978148083
2316.93 118.878235141
2327.63 110.943874692
2332.99 115.506100198
2343.76 114.448100798
2354.58 113.92481658
2365.45 112.104752786
2376.37 111.079776176
2387.34 107.807979711
2392.84 108.432872514
2403.88 107.195787981
2414.98 106.461665948
2426.13 106.222885772
2437.33 104.289782426
2442.94 103.932882268
2454.22 102.986652312
2465.55 101.81561336
2476.93 100.657275481
2482.64 99.6234081197
2494.1 89.2059878537
2505.61 97.5963168316
2511.39 93.1014070144
2517.17 95.6035184413
2522.98 95.2783709666
2534.62 94.631886339
2546.32 93.1293493755
2552.19 93.0277407896
2563.97 92.1843895269
2575.81 91.9837125699
2587.7 90.9422245647
2593.66 89.8029382957
2605.63 88.9913397161
2617.66 87.7834676516
2623.7 87.486262538
2635.81 86.8969327399
2647.97 86.9096338132
2654.08 86.0205586868
2666.33 84.4646772158
2672.47 83.7927904417
2684.81 83.6137053091
2697.2 81.9130316032
2703.42 81.6386884214
2715.9 80.5324249428
2722.16 79.7093953972
2734.72 78.8114295197
2747.35 77.924894608
2753.68 77.3076224488
2766.39 76.7906887682
2772.77 76.8872169248
2785.57 76.0222738376
2791.99 73.3652093172
2804.87 73.7195692604
2817.82 74.4181282883
2824.32 73.4896798349
2837.35 72.331341956
2843.89 71.9249076126
2857.02 71.282233307
2863.61 71.0447232375
2876.83 70.4109396832
2883.46 69.8546326756
2896.77 69.2322800871
2910.14 68.7725012361
2930.31 67.4668309077
2950.62 66.034149847
2971.07 65.2301719113
2991.67 64.1416899352
3012.41 63.0709894617
3033.29 62.019340598
3047.29 61.0477084956
3068.41 60.0303525296
3089.68 59.0320481735
3111.1 58.1836164815
3132.66 57.0849736469
3147.12 56.1920881986
3168.94 55.2585593159
3190.9 54.0926007931
3213.02 53.4423058436
3227.85 52.6065752248
3250.23 52.0947219735
3272.75 51.232319101
3287.86 50.5502714683
3310.65 49.8288505087
3318.28 51.4126743409
3325.93 51.7200403131
3333.6 50.9617862411
3341.29 49.1861762031
3348.99 51.4558579899
3356.71 48.7556098205
3364.45 48.5968464051
3372.2 47.4461291701
3379.97 47.8411325477
3387.77 48.7962532548
3395.58 49.2026875983
3403.4 47.1603550224
3411.25 47.1171713734
3419.11 47.9478215628
3426.99 48.1243664808
3434.89 48.3021815061
3442.81 47.4855024972
3450.75 46.8987129138
3458.7 45.5778012975
3466.68 46.2763603254
3474.67 45.7048120299
3482.68 44.3153146181
3490.71 45.8305526549
3498.75 45.6832202054
3506.82 44.7052375664
3514.9 44.0524024022
3523.01 44.6239506977
3531.13 44.3788199843
3539.27 44.6455425222
3547.43 45.0176839679
3555.6 44.7700130399
3563.8 44.420733526
3572.02 44.075264334
3580.25 42.3453781597
3588.5 41.8220939425
3596.78 42.0748452998
3605.07 42.6209914488
3613.38 42.4850899652
3621.71 42.6425832733
3630.06 43.3970270234
3638.43 42.5663768339
3646.81 42.138350666
3655.22 41.9071911331
3663.65 41.7738298642
3672.09 41.3534243401
3680.56 40.9380992454
3683.44 37.3005118714
3686.19 41.4169297063
3688.93 31.2827433735
3691.67 31.4199149644
3694.42 35.9961116504
3697.16 32.4753741501
3699.9 40.8898351671
3702.64 35.4245633549
3705.39 39.3580857352
3708.13 37.3944998133
3710.87 37.8618993083
3713.62 33.7696135126
3716.36 42.476199214
3719.1 64.1950344428
3721.85 101.503166958
3724.59 131.392602598
3727.33 116.184337508
3730.08 90.4164001329
3732.82 55.3207945748
3735.56 42.7403815372
3738.31 43.5799224779
3741.05 36.4177872817
3743.79 35.4512356087
3746.53 37.4922980772
3749.28 45.7581565374
3752.02 42.0799257291
3754.76 31.4059437839
3757.51 30.8001025906
3760.25 34.132864207
3762.99 34.136674529
3765.74 33.0240605138
3768.48 39.4965274334
3771.22 38.8551232352
3773.97 38.2899254763
3776.71 35.326765091
3779.45 33.594338702
3782.2 34.09349088
3784.94 39.2894999397
3787.68 33.1205886704
3790.42 33.1548815681
3793.17 45.5549393657
3795.91 47.7700065376
3798.65 40.7996575472
3801.4 32.5858734872
3804.14 34.1341343144
3806.88 32.4537823256
3809.63 32.0346469089
3812.37 35.7103375026
3815.11 36.3237993398
3817.86 36.2348918271
3820.6 35.62142999
3823.34 28.2268651536
3826.09 40.9152373136
3828.83 48.9867693533
3831.57 47.5312263608
3834.31 47.5820306537
3837.06 41.584583873
3839.8 31.7387119026
3842.54 30.6146669214
3845.29 40.8631629133
3848.03 35.7116076099
3850.77 34.2878173005
3853.52 39.4952573261
3856.26 40.571038229
3859.0 39.8775596304
3861.75 54.0938709004
3864.49 67.6103530352
3867.23 67.6027323913
3869.98 55.8516994359
3872.72 43.6408876295
3875.46 37.9787491821
3878.21 39.2386956468
3880.95 51.6933680593
3883.69 67.1023101059
3886.43 81.4049886739
3889.18 68.2390561603
3891.92 44.0905056219
3894.66 33.2653809052
3897.41 33.4520866817
3900.15 31.2001863975
3902.89 35.5452235506
3905.64 34.7247342197
3908.38 33.3377770226
3911.12 35.5757061263
3913.87 33.9766410063
3916.61 33.5181322626
3919.35 32.4575926476
3922.1 32.6379478875
3924.84 31.1112788849
3927.58 31.3551394909
3930.32 35.4588562526
3933.07 30.4241508229
3935.81 37.4643557161
3938.55 32.0346469089
3941.3 30.664201107
3944.04 31.7984069468
3946.78 34.1087321679
3949.53 33.8699519911
3952.27 33.3962019595
3955.01 29.1172103872
3957.76 33.6565739608
3960.5 44.4143829894
3963.24 58.0807377883
3965.99 73.0451422718
3968.73 69.1878263308
3971.47 58.9393303389
3974.21 38.9910247188
3976.96 34.1773179634
3979.7 32.4258399645
3982.44 30.7391374391
3985.19 30.8826595667
3987.93 34.3602134179
3990.67 31.2865536955
3993.42 32.192140217
3996.16 32.5833332726
3998.9 30.9093318204
4001.65 26.9808898694
4004.39 30.1701293583
4007.13 32.0333768016
4009.88 29.3839329251
4012.62 29.7687754441
4015.36 27.9296600399
4018.1 31.2522607977
4020.85 34.4910344722
4023.59 33.4076329254
4026.33 33.2196570416
4029.08 32.7509874393
4031.82 32.0752903433
4034.56 27.9931654061
4037.31 31.0325322308
4040.05 29.909757357
4042.79 26.9161143959
4045.54 27.494013228
4048.28 28.7742814099
4051.02 29.8894356398
4053.77 29.4652197938
4056.51 35.8513194155
4059.25 29.6697070729
4061.99 31.0617446992
4064.74 32.4360008231
4067.48 28.2090836511
4070.22 30.1282158166
4072.97 30.7518385123
4075.71 30.9868083672
4078.45 29.8132292004
4081.2 30.2984101979
4083.94 27.8991774642
4086.68 30.7442178684
4089.43 31.7895161955
4092.17 37.5443724775
4094.91 53.4956503511
4097.66 78.7288725436
4100.4 83.2098111803
4103.14 67.2915560971
4105.88 43.270016291
4108.63 34.1201631338
4111.37 31.5608968773
4114.11 30.4724149012
4116.86 27.0926593138
4119.6 29.1197506019
4122.34 25.9495627229
4125.09 25.7692074829
4127.83 27.2615835879
4130.57 28.9571768645
4133.32 30.12186528
4136.06 29.5261849453
4138.8 27.4914730134
4141.55 27.6070527798
4144.29 29.9148377863
4147.03 27.666747824
4149.77 29.7560743709
4152.52 28.1824113973
4155.26 27.7543852293
4158.0 28.9609871865
4160.75 25.4783529059
4163.49 26.1718315044
4166.23 27.2006184363
4168.98 29.2251695097
4171.72 26.4207725398
4174.46 25.3284802418
4177.21 25.7209434047
4179.95 29.2543819781
4182.69 30.0240670161
4185.44 32.1222843142
4188.18 32.4029780327
4190.92 31.30814552
4193.66 28.3767378177
4196.41 27.2552330512
4199.15 27.4305078619
4201.89 30.6045060628
4204.64 28.0706419528
4207.38 27.7708966245
4210.12 27.5029039793
4212.87 25.4745425839
4215.61 27.3746231396
4218.35 27.3911345348
4221.1 26.3102732027
4223.84 25.1608260751
4226.58 24.6769151849
4229.33 25.7196732973
4232.07 27.7518450147
4234.81 26.0194186256
4237.55 24.0380512013
4240.3 25.7844487708
4243.04 25.9787751913
4245.78 25.926700791
4248.53 26.1489695726
4251.27 25.7196732973
4254.01 23.1756483287
4256.76 24.9423676155
4259.5 27.0990098505
4262.24 27.3085775588
4264.99 23.4118882909
4267.73 24.4902094084
4270.47 25.5418582721
4273.22 25.0642979185
4275.96 25.726023834
4278.7 25.5202664476
4281.44 25.8619253175
4284.19 29.776396088
4286.93 25.1201826407
4289.67 23.9186611129
4292.42 25.0338153427
4295.16 25.089700065
4297.9 25.9787751913
4300.65 24.9499882594
4303.39 25.7501558731
4306.13 23.2378835876
4308.88 24.3746296419
4311.62 24.6743749702
4314.36 24.9753904059
4317.11 22.7819150585
4319.85 23.2963085244
4322.59 26.5846163845
4325.33 25.5812315991
4328.08 27.1269522116
4330.82 35.6531826731
4333.56 68.0942639254
4336.31 120.669086467
4339.05 135.075913836
4341.79 107.980714307
4344.54 56.5921720054
4347.28 35.3686786326
4350.02 28.177330968
4352.77 27.3149280954
4355.51 30.1688592509
4358.25 35.4461551794
4361.0 36.9271003184
4363.74 32.7954411956
4366.48 29.9351595035
4369.23 30.3288927737
4371.97 25.4072268958
4374.71 24.3085840611
4377.45 24.2971530952
4380.2 21.8064726342
4382.94 25.0731886698
4385.68 23.7624379121
4388.43 22.461848013
4391.17 22.9457589032
4393.91 21.2920791682
4396.66 23.4156986128
4399.4 23.7751389853
4402.14 25.6282255701
4404.89 23.8018112391
4407.63 24.7213689412
4410.37 21.5816636379
4413.12 23.691311902
4415.86 23.4042676469
4418.6 25.3488019589
4421.34 22.846690532
4424.09 23.5452495598
4426.83 23.7192542631
4429.57 21.8775986443
4432.32 24.154901075
4435.06 24.1625217189
4437.8 24.0863152795
4440.55 23.6455880383
4443.29 25.1697168263
4446.03 24.6769151849
4448.78 22.4034230761
4451.52 23.5338185939
4454.26 23.3242508855
4457.01 23.52619795
4459.75 22.6206114284
4462.49 23.0130745913
4465.23 26.6049381017
4467.98 30.251416227
4470.72 30.4305013595
4473.46 26.2518482658
4476.21 23.5058762328
4478.95 24.9334768642
4481.69 23.0613386696
4484.44 22.6117206772
4487.18 22.127809787
4489.92 22.1913151531
4492.67 22.4275551153
4495.41 22.6968178678
4498.15 21.7772601657
4500.9 23.9224714348
4503.64 22.6460135749
4506.38 22.253550412
4509.12 22.5698071355
4511.87 21.8102829561
4514.61 22.5939391746
4517.35 23.4436409739
4520.1 22.9559197618
4522.84 22.202746119
4525.58 18.9525414787
4528.33 21.8445758539
4531.07 22.1938553678
4533.81 23.6582891116
4536.56 25.0211142695
4539.3 23.5211175207
4542.04 21.1485570407
4544.79 21.3289122806
4547.53 24.2984232025
4550.27 22.8416101027
4553.01 21.2082520849
4555.76 20.8259497806
4558.5 20.729421624
4561.24 19.7870019901
4563.99 22.4859800521
4566.73 22.6218815357
4569.47 21.1472869334
4572.22 23.8665867126
4574.96 21.9766670155
4577.7 20.5871696038
4580.45 21.5473707402
4583.19 21.6972434044
4585.93 21.6794619018
4588.68 22.3056248122
4591.42 21.7353466241
4594.16 20.977092552
4596.9 21.789961239
4599.65 21.1701488652
4602.39 21.4698941935
4605.13 20.941529547
4607.88 20.639244004
4610.62 20.140091826
4613.36 21.8953801468
4616.11 21.994448518
4618.85 22.595209282
4621.59 23.1146831772
4624.34 20.7827661316
4627.08 19.8670187515
4629.82 21.652789648
4632.57 21.0736207086
4635.31 21.06345985
4638.05 20.0613451719
4640.79 20.8411910684
4643.54 20.1870857969
4646.28 21.0875918892
4649.02 20.682427653
4651.77 21.4152795786
4654.51 22.2408493387
4657.25 21.5461006329
4660.0 22.5545658476
4662.74 22.3805611443
4665.48 20.6595657212
4668.23 19.7260368386
4670.97 20.7433928045
4673.71 19.920363259
4676.46 20.0397533474
4679.2 23.0702294209
4681.94 24.2298374071
4684.68 25.7692074829
4687.43 23.5820826722
4690.17 22.1481315041
4692.91 21.8229840294
4695.66 20.6341635747
4698.4 21.1866602604
4701.14 21.9055410054
4703.89 20.6709966871
4706.63 20.5312848816
4709.37 21.660410292
4712.12 21.3390731392
4714.86 21.3606649637
4717.6 18.0812478549
4720.35 20.9402594397
4723.09 19.8136742439
4725.83 18.1257016112
4728.57 19.7184161946
4731.32 20.7700650583
4734.06 21.1612581139
4736.8 21.1168043576
4739.55 20.556687028
4742.29 18.5422968132
4745.03 19.9305241176
4747.78 20.941529547
4750.52 19.6358592186
4753.26 18.1193510746
4756.01 20.1502526846
4758.75 19.8289155318
4761.49 19.5977559989
4764.24 19.3919986125
4766.98 19.165919509
4769.72 17.8488182147
4772.46 20.5198539156
4775.21 18.9449208347
4777.95 20.6316233601
4780.69 19.1824309042
4783.44 18.0431446352
4786.18 17.2836204558
4788.92 19.5990261062
4791.67 18.0850581768
4794.41 17.6163885745
4797.15 19.1278162893
4799.9 18.490222413
4802.64 17.9821794836
4805.38 19.0046158789
4808.13 18.403855115
4810.87 17.0867538207
4813.61 19.0020756643
4816.35 17.9466164786
4819.1 18.8941165418
4821.84 18.5511875645
4824.58 18.8560133221
4827.33 18.5029234862
4830.07 19.0008055569
4832.81 18.9309496542
4835.56 19.2611775582
4838.3 19.6358592186
4841.04 18.7163015165
4843.79 18.2616030948
4846.53 20.6989390482
4849.27 26.4258529691
4852.02 50.8169940062
4854.76 128.255437509
4857.5 233.229807782
4860.25 263.97910608
4862.99 187.061406579
4865.73 91.3308774057
4868.47 38.536326297
4871.22 22.5291637011
4873.96 20.3204470659
4876.7 19.8746393954
4879.45 18.572779389
4882.19 18.6845488334
4884.93 17.8716801465
4887.68 18.2501721289
4890.42 18.0507652791
4893.16 17.1502591869
4895.91 17.7510199508
4898.65 18.3454301781
4901.39 19.0998739282
4904.14 17.7980139218
4906.88 19.4936071984
4909.62 19.6434798625
4912.36 19.1760803676
4915.11 16.8073302096
4917.85 21.365745393
4920.59 20.5363653108
4923.34 17.9034328296
4926.08 19.1062244648
4928.82 17.7954737071
4931.57 17.4792169836
4934.31 16.1887879431
4937.05 17.3776083977
4939.8 18.4114757589
4942.54 17.1616901528
4945.28 18.9550816933
4948.03 22.6396630383
4950.77 50.3267325794
4953.51 104.858790506
4956.25 160.833690353
4959.0 152.082650895
4961.74 89.6619563828
4964.48 43.0020236458
4967.23 25.6942711509
4969.97 20.1515227919
4972.71 18.3987746857
4975.46 17.0245185619
4978.2 18.4203665102
4980.94 18.7175716238
4983.69 20.686237975
4986.43 20.7370422679
4989.17 21.4457621543
4991.92 20.8462714977
4994.66 30.3898579252
4997.4 65.4473602636
5000.14 191.938618701
5002.89 389.237090306
5005.63 466.230996246
5008.37 337.454814734
5011.12 150.304500642
5013.86 55.6878555912
5016.6 31.0668251285
5019.35 21.9995289473
5022.09 18.6299342185
5024.83 17.9148637955
5027.58 16.6447564722
5030.32 17.3064823876
5033.06 18.9157083663
5035.81 19.1506782211
5038.55 17.0194381326
5041.29 17.3585567879
5044.03 17.1756613333
5046.78 15.6185097549
5049.52 17.5109696667
5052.26 16.7476351654
5055.01 16.5863315353
5057.75 17.2785400265
5060.49 17.1858221919
5063.24 17.0677022108
5065.98 17.5109696667
5068.72 15.1091967183
5071.47 17.0295989911
5074.21 16.1125815037
5076.95 17.3750681831
5079.7 18.4533893006
5082.44 18.3187579243
5085.18 18.0126620594
5087.92 15.1625412259
5090.67 15.5118207398
5093.41 16.7235031262
5096.15 17.1007250013
5098.9 16.8390828926
5101.64 15.6248602915
5104.38 14.7395954872
5107.13 16.6790493699
5109.87 16.667618404
5112.61 13.7184291992
5115.36 16.9457719078
5118.1 17.4055507588
5120.84 16.1087711817
5123.59 16.3208791047
5126.33 17.3064823876
5129.07 16.6409461502
5131.81 16.0668576401
5134.56 15.5524641741
5137.3 14.8081812826
5140.04 14.4233387637
5142.79 14.2290123432
5145.53 14.2277422359
5148.27 16.1862477285
5151.02 17.5617739596
5153.76 15.2603394898
5156.5 17.4157116174
5159.25 14.9478930882
5161.99 14.8475546097
5164.73 15.2323971286
5167.48 16.2281612701
5170.22 16.9597430884
5172.96 15.5359527789
5175.7 14.892008366
5178.45 15.5880271792
5181.19 15.9614387322
5183.93 14.8310432145
5186.68 13.5177522421
5189.42 15.021559313
5192.16 14.6049641109
5194.91 14.5185968129
5197.65 14.2887073874
5200.39 16.3602524318
5203.14 16.6790493699
5205.88 14.892008366
5208.62 15.1269782208
5211.37 16.2014890163
5214.11 14.8361236438
5216.85 14.6240157208
5219.59 14.5097060617
5222.34 16.9356110492
5225.08 14.0461168887
5227.82 14.8996290099
5230.57 15.7099574822
5233.31 16.3437410365
5236.05 14.0359560301
5238.8 12.6652562067
5241.54 13.0363815666
5244.28 14.255684597
5247.03 16.9749843762
5249.77 15.5232517057
5252.51 16.4707517689
5255.26 15.2616095971
5258.0 15.8407785365
5260.74 14.12613365
5263.48 14.9186806198
5266.23 16.1417939721
5268.97 16.4694816616
5271.71 16.1519548307
5274.46 13.1760933722
5277.2 13.6574640477
5279.94 14.2404433091
5282.69 13.9343474442
5285.43 14.9898066299
5288.17 15.0152087764
5290.92 15.5994581451
5293.66 16.7260433409
5296.4 18.4813316617
5299.15 18.4203665102
5301.89 17.5795554621
5304.63 15.4191029052
5307.37 16.9013181515
5310.12 14.8678763268
5312.86 16.2027591237
5315.6 12.4405742212
5318.35 15.4394246223
5321.09 15.1409494014
5323.83 13.3488279681
5326.58 14.4690626273
5329.32 14.9123300832
5332.06 15.2793910996
5334.81 14.3141095339
5337.55 14.0931108596
5340.29 12.1343513456
5343.04 13.7755840288
5345.78 14.4843039152
5348.52 16.329769856
5351.27 15.6324809355
5354.01 14.6557684038
5356.75 15.7709226337
5359.49 15.3784594708
5362.24 13.5050511689
5364.98 13.8136872485
5367.72 14.7294346286
5370.47 14.047386996
5373.21 14.3750746854
5375.95 14.9250311564
5378.7 15.143489616
5381.44 14.589722823
5384.18 14.0626282839
5386.93 14.4334996223
5389.67 13.1570417623
5392.41 14.1883689089
5395.16 14.7891296728
5397.9 13.9076751904
5400.64 13.5520451399
5403.38 14.4830338079
5406.13 14.4195284417
5408.87 12.3028945874
5411.61 13.2281677724
5414.36 13.4923500957
5417.1 13.2738916361
5419.84 13.6536537257
5422.59 12.4782964087
5425.33 13.0084392055
5428.07 11.8010751839
5430.82 13.2370585237
5433.56 14.2201215919
5436.3 12.7023433406
5439.05 12.3049267591
5441.79 12.0218198367
5444.53 10.8115345683
5447.27 13.1036972547
5450.02 11.2217792338
5452.76 12.6714797326
5455.5 14.6494178672
5458.25 14.389045866
5460.99 13.6117401841
5463.73 14.3788850074
5466.48 13.7082683406
5469.22 12.2416754144
5471.96 14.3153796412
5474.71 13.6206309353
5477.45 13.5571255692
5480.19 12.8153828924
5482.94 14.8729567561
5485.68 14.5884527157
5488.42 13.4377354808
5491.16 14.1578863331
5493.91 14.0308756008
5496.65 11.912082564
5499.39 14.5986135743
5502.14 14.2366329872
5504.88 11.5926505722
5507.62 11.1407463865
5510.37 14.6595787258
5513.11 13.8492502535
5515.85 14.302678568
5518.6 15.013938669
5521.34 13.835279073
5524.08 13.0884559669
5526.83 13.4910799884
5529.57 12.5726653829
5532.31 14.4423903735
5535.05 15.5257919203
5537.8 12.3023865445
5540.54 12.4922675893
5543.28 13.0668641424
5546.03 14.4589017687
5548.77 12.602004862
5551.51 10.7448539339
5554.26 12.5971784542
5557.0 15.7988649948
5559.74 15.9588985176
5562.49 10.7968013234
5565.23 12.0014981196
5567.97 12.0709729902
5570.72 12.9030202977
5573.46 12.3465862793
5576.2 14.1642368697
5578.94 12.5811751019
5581.69 12.4907434605
5584.43 13.6612743697
5587.17 13.159581977
5589.92 11.0805432994
5592.66 13.324695929
5595.4 10.9367671504
5598.15 12.395612422
5600.89 12.5005232869
5603.63 11.79345454
5606.38 12.9957381323
5609.12 13.7501818823
5611.86 12.3533178481
5614.61 13.831468751
5617.35 14.1108923621
5620.09 12.0070865918
5622.83 13.5101315982
5625.58 12.0543345842
5628.32 13.458057198
5631.06 14.004203347
5633.81 12.3421409037
5636.55 11.7159779933
5639.29 12.6067042591
5642.04 14.0194446349
5644.78 14.208690626
5647.52 11.2462923051
5650.27 11.105437403
5653.01 12.3117853387
5655.75 12.3657648999
5658.5 11.8593731101
5661.24 11.7477306764
5663.98 13.1786335868
5666.72 15.1955640163
5669.47 13.662544477
5672.21 12.2739361404
5674.95 11.480754117
5677.7 15.0037778104
5680.44 15.3289252852
5683.18 11.4425238866
5685.93 10.7807979711
5688.67 12.0638603891
5691.41 14.0804097864
5694.16 13.033841352
5696.9 12.3690671789
5699.64 11.8880775356
5702.39 10.7659377154
5705.13 10.672203795
5707.87 12.5583131701
5710.61 11.9432001934
5713.36 10.4673354837
5716.1 12.9665256638
5718.84 11.2568341959
5721.59 11.8605162067
5724.33 10.9149213045
5727.07 12.5895578103
5729.82 11.8323198241
5732.56 12.0075946347
5735.3 13.6396825452
5738.05 11.1838030248
5740.79 12.1625477282
5743.53 10.6699176018
5746.28 12.8153828924
5749.02 12.1390507427
5751.76 11.3555215349
5754.5 11.4006103449
5757.25 12.5950192718
5759.99 11.3880362824
5762.73 10.3318150323
5765.48 10.7034484351
5768.22 10.5764377028
5770.96 11.1836760141
5773.71 13.155771655
5776.45 11.5211435299
5779.19 11.8847752566
5781.94 10.8304591675
5784.68 13.1887944454
5787.42 13.5939586815
5790.17 11.5837598209
5792.91 12.1086951777
5795.65 9.85704891486
5798.39 11.2462923051
5801.14 12.7937910679
5803.88 11.9937504649
5806.62 11.7155969611
5809.37 12.8445953608
5812.11 12.424570869
5814.85 11.8208888582
5817.6 11.7397290002
5820.34 12.478169398
5823.08 12.1373996032
5825.83 12.0303295558
5828.57 9.71225668
5831.31 10.4166582015
5834.06 11.2109833215
5836.8 14.2010699821
5839.54 10.4534913139
5842.28 10.2942198556
5845.03 9.04926065723
5847.77 11.4890098146
5850.51 12.7404465603
5853.26 10.7616193505
5856.0 13.1849841234
5858.74 10.0186065664
5861.49 13.2827823873
5864.23 11.162846254
5866.97 14.2404433091
5869.72 22.9533795471
5872.46 26.4258529691
5875.2 24.5702261697
5877.95 22.0744652794
5880.69 14.0651684985
5883.43 11.9411680217
5886.18 13.2053058406
5888.92 8.79447712817
5891.66 10.4955318663
5894.4 10.2488770241
5897.15 11.324657927
5899.89 13.2319780944
5902.63 12.770929136
5905.38 13.6676249063
5908.12 10.5469712129
5910.86 12.4419713393
5913.61 11.4787219453
5916.35 11.6057326776
5919.09 12.1334622705
5921.84 9.56517825196
5924.58 11.0317711782
5927.32 11.3181803796
5930.07 10.276438353
5932.81 10.5148374976
5935.55 10.4263110172
5938.29 11.671524237
5941.04 8.86712726706
5943.78 11.2509917022
5946.52 10.4984531131
5949.27 11.1689427691
5952.01 9.61941183467
5954.75 10.3263535708
5957.5 9.26721107391
5960.24 11.322752766
5962.98 10.082365954
5965.73 10.5115352186
5968.47 11.3800346063
5971.21 10.7711451555
5973.96 9.59629588138
5976.7 11.0739387413
5979.44 10.8855818253
5982.18 11.225462545
5984.93 11.9257997231
5987.67 11.0985788234
5990.41 10.9426096441
5993.16 10.6483257773
5995.9 8.72500225758
5998.64 9.61979286686
6001.39 9.45010652847
6004.13 10.2279202533
6006.87 9.24955658212
6009.62 10.7416786656
6012.36 11.468434076
6015.1 10.4498080027
6017.85 10.1576833183
6020.59 10.0901136087
6023.33 10.4485378953
6026.07 9.70958945462
6028.82 9.79849696726
6031.56 12.7480672042
6034.3 10.8500188202
6037.05 11.6440899188
6039.79 11.7519220305
6042.53 10.0846521472
6045.28 9.81196010488
6048.02 11.9666971789
6050.76 11.3809236814
6053.51 12.1050118664
6056.25 11.0747008057
6058.99 10.2777084603
6061.74 10.021654824
6064.48 11.0872748682
6067.22 10.4500620241
6069.96 10.5430338802
6072.71 9.51539004489
6075.45 11.1503992022
6078.19 10.819282223
6080.94 10.5115352186
6083.68 10.9929058941
6086.42 10.1114514117
6089.17 8.56865204608
6091.91 8.46844057827
6094.65 10.3793170462
6097.4 10.4931186624
6100.14 10.3838894326
6102.88 9.86555863393
6105.63 9.830884704
6108.37 10.3998927849
6111.11 10.2385891548
6113.85 9.9365576333
6116.6 10.4222466737
6119.34 11.8725822262
6122.08 11.7938355722
6124.83 10.8937105122
6127.57 9.71936928101
6130.31 10.1542540285
6133.06 12.2909555786
6135.8 10.8599256574
6138.54 9.66615178417
6141.29 11.2794421063
6144.03 9.35307032897
6146.77 8.72805051516
6149.52 10.7021783278
6152.26 10.4584447325
6155.0 9.60823489022
6157.74 10.6307982962
6160.49 10.0756343852
6163.23 9.35992890851
6165.97 8.72169997854
6168.72 8.91031091606
6171.46 7.5552334128
6174.2 7.91632492482
6176.95 8.87741513638
6179.69 10.9475630627
6182.43 10.030164543
6185.18 9.7629339622
6187.92 8.97089503538
6190.66 10.0290214464
6193.41 9.20611891166
6196.15 11.4632266359
6198.89 10.7057346283
6201.63 10.705861639
6204.38 8.64816076452
6207.12 9.63973355184
6209.86 9.16382433779
6212.61 8.24045631373
6215.35 9.43588132645
6218.09 11.1691967906
6220.84 9.39638098869
6223.58 9.19824424625
6226.32 9.76737933784
6229.07 7.71641003213
6231.81 8.78139502274
6234.55 10.1557781573
6237.3 8.97419731442
6240.04 9.8686068915
6242.78 8.05527466599
6245.52 6.90239824861
6248.27 9.84117257332
6251.01 11.0974357268
6253.75 11.8127601713
6256.5 10.4232627596
6259.24 9.51551705562
6261.98 7.91530883896
6264.73 11.2906190507
6267.47 7.60273542669
6270.21 9.81577042685
6272.96 9.28448453351
6275.7 7.54062717858
6278.44 8.88033638323
6281.19 8.40341108332
6283.93 10.4153880942
6289.41 5.79753188805
6292.16 6.4211545838
6294.9 7.72034736483
6297.64 10.3339742148
6300.39 13.7984459606
6303.13 10.8633549471
6305.87 8.02809436927
6308.62 8.72678040784
6311.36 10.0280053606
6314.1 8.01767948922
6316.85 8.73948148107
6319.59 10.386048615
6322.33 9.96843732712
6325.08 11.7272819485
6327.82 11.4425238866
6330.56 9.84930126019
6333.3 9.43245203667
6336.05 9.91255260489
6338.79 6.90506547399
6341.53 9.75721847925
6344.28 9.33935316987
6347.02 8.95768591922
6349.76 7.47851893047
6352.51 10.1907061087
6355.25 10.0485810992
6357.99 10.5399856226
6360.74 6.78478631047
6363.48 7.6188657897
6366.22 8.78977773107
6368.97 10.1297409572
6371.71 9.60137631068
6374.45 8.87004851391
6377.2 9.71136760488
6379.94 8.49612891792
6382.68 7.44105076443
6385.42 8.52572241855
6388.17 9.19519598868
6390.91 8.4308454015
6393.65 7.26615698601
6396.4 8.10010945451
6399.14 9.58473790474
6401.88 9.20599190093
6404.63 9.46395069829
6407.37 11.1610681037
6410.11 10.8685623872
6412.86 10.6488338202
6415.6 9.78185856132
6418.34 9.94455930944
6421.09 9.32017454929
6423.83 7.4754706729
6426.57 7.78131251635
6429.31 8.37788192612
6432.06 7.61759568238
6434.8 9.30023386432
6437.54 8.19270027838
6440.29 9.42368829614
6443.03 10.2181404269
6445.77 10.80315186
6448.52 8.86877840658
6451.26 6.25870785715
6454.0 9.09485751013
6456.75 7.68707055296
6459.49 9.97783612131
6462.23 9.18668626961
6464.98 9.02220737124
6467.72 9.68901371599
6470.46 9.84396680943
6473.2 9.25489103287
6475.95 11.890744761
6478.69 11.8927769327
6481.43 7.54151625371
6484.18 9.74362833089
6486.92 8.7105230341
6489.66 7.17877360217
6492.41 8.43681490592
6495.15 7.87568149047
6497.89 11.2823633531
6500.64 7.85523276257
6503.38 8.28960946715
6506.12 8.45967683774
6508.87 8.0843601237
6511.61 9.93770072989
6514.35 5.18635624407
6517.09 7.99938994377
6519.84 7.95976259528
6522.58 10.2846940506
6525.32 9.40959010485
6528.07 8.3330471376
6530.81 10.7791468316
6533.55 9.3614530373
6536.3 8.24883902207
6539.04 10.8793582994
6541.78 10.2862181794
6544.53 13.151961333
6547.27 16.5279065984
6550.01 27.2933362709
6552.76 72.676811148
6555.5 248.750519273
6558.24 583.474603262
6560.98 752.983126633
6563.73 569.312906607
6566.47 252.713254122
6569.21 75.2081350434
6571.96 26.5223811257
6574.7 16.4885332714
6577.44 14.0194446349
6580.19 13.7692334922
6582.93 12.4753751619
6585.67 10.3250834635
6588.42 9.14274055622
6591.16 6.87470990896
6593.9 10.5938381731
6596.65 10.2709768915
6599.39 9.99955495654
6602.13 8.21403808141
6604.87 8.10963525943
6607.62 8.48571403787
6610.36 9.14159745963
6613.1 8.28757729543
6615.85 8.08753539201
6618.59 7.97995730172
6621.33 8.14659538254
6624.08 8.39985478281
6626.82 9.13334176203
6629.56 7.39215163248
6632.31 7.36636845382
6635.05 7.78613892418
6637.79 8.88351165153
6640.54 8.03139664831
6643.28 7.72339562241
6646.02 8.2623021597
6648.76 6.37809794554
6651.51 6.02208686281
6654.25 8.42081155365
6656.99 8.73020969761
6659.74 7.7414311464
6662.48 7.15172031618
6665.22 8.4693296534
6667.97 9.31611020586
6670.71 8.8079402658
6673.45 13.7324003798
6676.2 17.2150346603
6678.94 12.8445953608
6681.68 11.6791448809
6684.43 8.77085313195
6687.17 12.3482374188
6689.91 9.0947304994
6692.65 10.0139071693
6695.4 7.96052465967
6698.14 8.75332565089
6700.88 7.68707055296
6703.63 7.48499647782
6706.37 10.9356240538
6709.11 12.2857481385
6711.86 16.6015728232
6714.6 16.6511070088
6717.34 17.9174040101
6720.09 10.7654296725
6722.83 11.7928194863
6725.57 12.8865089025
6728.32 16.5431478863
6731.06 16.0338348497
6733.8 11.4713553228
6736.54 9.58524594767
6739.29 7.67462350119
6742.03 8.42817817612
6744.77 9.3445606099
6747.52 10.3981146346
6750.26 9.96831031639
6753.0 9.47030123491
6755.75 9.52186759224
6758.49 9.48960686622
6761.23 8.01348813506
6763.98 6.515015515
6766.72 8.03088860539
6769.46 8.99959946089
6772.21 7.98999114957
6774.95 8.60561216919
6777.69 7.85713792355
6780.43 6.7849133212
6783.18 7.94693451131
6785.92 7.07386273726
6788.66 7.33601288879
6791.41 8.55163260795
6794.15 8.97076802465
6796.89 8.42233568243
6799.64 7.4287307234
6802.38 8.90967586239
6805.12 9.86835287004
6807.87 8.06391139579
6810.61 8.68664501642
6822.03 8.52229312878
6837.75 8.4811416515
6853.51 8.42081155365
6869.32 8.26509639581
6885.15 8.26319123482
6901.02 8.22330986487
6916.93 8.20248010477
6932.88 8.12525757951
6948.86 8.12335241852
6964.88 8.01005884528
6980.93 8.06365737433
6997.02 7.91454677457
7013.15 7.84011848542
7029.32 7.82017780045
7045.53 7.81827263946
7061.77 7.83440300247
7078.05 7.79655380423
7094.36 7.75883161673
7110.72 7.72123643996
7127.11 7.61353133894
7143.54 7.64680815081
7160.01 7.57479306558
7176.51 7.23211810975
7193.06 6.71670855794
7209.64 7.0476985264
7226.26 7.41209231746
7242.92 7.02801186289
7259.61 6.92983256679
7276.35 7.20468379156
7293.12 7.16975584017
7309.93 6.90874878523
7326.78 7.08415060658
7343.68 7.21395557502
7360.6 7.0642099216
7377.57 7.09507352956
7394.58 6.93186473851
7411.63 7.01023036036
7428.71 6.8489267303
7445.83 6.92653028775
7463.0 6.97263518359
7480.2 6.87521795189
7497.45 6.85769047083
7514.73 6.80866432815
7532.06 6.76001921767
7549.42 6.75824106741
7566.82 6.66387209329
7584.27 6.64672564443
7601.75 6.55388079909
7619.27 6.47716631676
7636.84 6.47538816651
7654.44 6.47373702699
7672.08 6.19494846952
7689.77 6.29388983001
7707.5 6.17742098846
7725.26 6.17576984894
7743.08 6.21692132621
7760.93 6.14401716585
7778.81 5.85252753515
7796.75 6.01484725107
7814.72 6.05485563176
7832.73 6.08114685335
7850.79 6.07949571383
7868.89 6.07784457431
7887.03 5.95159590637
7905.21 5.85481372833
7923.44 5.79956405977
7941.7 5.7446954234
7960.01 5.71675306229
7978.36 5.72831103893
7996.75 5.70049568855
8015.18 5.67268033817
8033.66 5.58047054649
8052.18 5.64346786973
8070.74 5.62886163551
8089.35 5.4991836778
8108.0 5.44723628828
8126.69 5.49613542023
8145.42 5.4316139682
8164.2 5.20959920808
8183.02 5.37877750355
8201.88 5.20667796124
8220.79 5.28974298018
8239.74 4.89004020553
8258.73 5.34791389559
8277.77 5.32187669546
8296.86 5.03419738673
8315.98 5.07941320744
8335.15 5.10138606414
8354.37 5.08804993724
8373.62 5.11014980467
8392.93 5.02695777499
8412.28 5.10710154709
8431.67 5.1055774183
8451.1 4.9535455717
8470.58 5.03254624721
8490.11 5.07763505719
8509.68 4.41095572318
8529.3 5.03965884822
8548.96 4.11400463098
8568.67 4.99037868408
8588.42 5.01197050857
8608.22 4.40435116509
8628.07 4.89486661336
8647.96 4.89346949531
8667.89 4.39012596307
8687.87 4.59562932799
8707.9 4.71209816954
8727.97 4.73241988671
8748.1 4.62331766764
8768.26 4.55841518341
8788.47 4.65240312534
8808.73 4.65100600728
8829.04 4.55422382925
8849.39 4.5006253002
8869.79 3.94584242137
8890.24 4.415782131
8910.73 4.49643394604
8931.27 4.46404620929
8951.86 4.37107435322
8972.5 4.06866179954
8993.18 4.27873755082
9013.92 4.02878042959
9034.69 4.07425027176
9055.52 4.54888937849
9076.4 4.35278480777
9097.32 3.99601166065
9118.29 4.1541400224
9139.31 3.97505488981
9160.38 3.9463504643
9181.5 3.89097378501
9202.66 4.11070235194
9223.88 3.90646909435
9245.14 3.84270970672
9266.45 4.12568961836
9287.82 3.81375125975
9309.22 3.60748583044
9330.68 4.00007600408
9352.19 3.97111755711
9373.75 3.93339536961
9395.36 3.93212526228
9417.02 3.86798484245
9438.73 3.88449623766
9460.49 3.84766312528
9482.29 3.82861151543
9504.16 3.78352270545
9526.06 3.71328577047
9548.02 3.44033970669
9570.04 3.67670667956
9592.1 3.7094754485
9614.21 3.68267618398
9636.37 3.65600393019
9658.59 3.62958569787
9680.85 3.61167718461
9703.16 3.57738428688
9725.54 3.55960278435
9747.95 3.53394661642
9770.42 3.52454782223
9792.95 3.49101698889
9815.52 3.49787556844
9838.15 3.4726004327
9860.83 3.45532697311
9883.56 3.40680887336
9906.34 3.38991644595
9929.18 3.37315102929
9952.07 3.36413326729
9975.01 3.33987421742
9998.01 3.32323581148
10021.05 3.22416744026
10067.31 3.14122943205
10113.78 3.18263493079
10183.88 3.13551394909
10230.9 3.1045233304
10278.11 3.07378673318
10301.81 3.04444725401
10493.33 2.87869824832
10688.42 2.71625152166
10912.23 2.54084970031
11089.54 2.47721732341
11295.71 2.34944452669
11505.71 2.26447434676
11692.66 2.15765832086
11910.05 2.06049511063
12103.57 1.97679503802
12300.24 1.90096963082
12500.1 1.82374710556
12703.21 1.75376419205
12909.62 1.68251117121
13089.21 1.62167303042
13301.89 1.55943777158
13486.94 1.5100305967
13706.09 1.4554159818
13896.76 1.40600880692
14090.08 1.35825277156
14286.1 1.30909961815
14484.84 1.27633084921
14686.34 1.23302018948
14890.64 1.19942585078
15097.79 1.16405336183
15307.82 1.14280446631
15485.08 1.12972236088
15700.5 1.08385878543
15882.31 1.03984956668
16103.25 0.967643965349
16289.71 0.935916684412
16516.32 0.898956561303
16707.58 0.868664501642
16901.04 0.840163293306
17096.75 0.811890704289
17294.71 0.784786614009
17494.98 0.758444588124
17697.57 0.732686811607
17902.5 0.708199142413
18109.78 0.683952793611
18319.49 0.661001954278
18489.01 0.642788615262
18703.08 0.621082481106
18919.66 0.599897090953
19094.73 0.583461902189
19315.84 0.563572021506
19494.55 0.548038608942
19720.3 0.529355330215
19902.78 0.514698291704
20086.92 0.500612801489
20319.52 0.483339341891
20507.54 0.470168328949
20697.28 0.457137027811
20888.8 0.444588367457
21082.07 0.43234453286
21277.15 0.420405524021
21523.53 0.405989805901
21722.67 0.394825562529
21923.68 0.383978845988
22075.64 0.375900963411
22279.91 0.365740104825
22486.07 0.355477637652
22694.12 0.345926430581
22904.12 0.336286315997
23116.03 0.327205048635
23276.27 0.320435376602
23491.66 0.311646233924
23709.01 0.303187319151
23873.37 0.296811380388
24094.25 0.28888591069
24317.2 0.280896935627
24485.75 0.275257659111
24712.32 0.267776726977
24883.6 0.262264461193
25113.86 0.255266169842
25287.93 0.249982523377
25521.93 0.243352563149
25698.82 0.238399144588
25876.97 0.233521932467
26116.42 0.227361911948
26297.44 0.222700618072
26479.71 0.21829334566
26724.74 0.212488955192
26910.0 0.208170590293
27096.52 0.204118947932
27284.33 0.20002920235
27473.47 0.196015663209
27727.66 0.190935233915
27919.88 0.187086808726
28113.39 0.183467002854
28308.28 0.179885300203
28504.49 0.176265494331
28702.09 0.172912410997
28901.03 0.169546626591
29101.38 0.166168141111
29303.09 0.163043677095
29506.23 0.15988110986
29710.74 0.156756645845
29916.7 0.153809996855
30124.06 0.150850646791
30332.85 0.147954802094
30472.89 0.146113146475
30684.1 0.14334431251
30896.81 0.140575478546
31110.96 0.137997160679
31326.63 0.135393440666
31471.22 0.133653393634
31689.35 0.131214787573
31909.03 0.128788882585
32130.19 0.126346466202
32278.53 0.124836308595
32502.25 0.122560276272
32727.53 0.120266462446
32878.62 0.118827430848
33106.51 0.11669619076
33336.01 0.114550979491
33489.87 0.113169102723
33722.0 0.111175034225
33877.68 0.109837611214
34112.49 0.107841002502
34269.93 0.106598837539
34507.5 0.10472415913
34666.77 0.103468022987
34907.09 0.101663200481
35068.2 0.100494701743
35311.26 0.098733062886
35474.28 0.0975594837193
35720.16 0.0959235854868
35885.06 0.0948249426521
36133.79 0.0931699928098
36300.56 0.092129774912
36468.14 0.0911047983021
36720.91 0.089560347797
36890.39 0.0885239402211
37060.7 0.087565009192
37317.57 0.08612343738
37489.81 0.0851556155997
37662.88 0.0841979546779
37923.93 0.0828516409151
38098.97 0.0819485946083
38274.86 0.0810417379794
38540.14 0.079739877973
38718.07 0.0788965267103
38896.77 0.078050635233
39076.3 0.0771996633264
39256.65 0.0763867946394
39528.79 0.0752030546141
39711.23 0.074409237537
39894.56 0.0736128802453
40078.69 0.0728635169245
40263.67 0.0721243144623
40542.79 0.0710104303398
40729.92 0.0702623371263
40917.9 0.0695726688498
41106.76 0.0688804603586
41296.53 0.0681844415454
41487.13 0.0674858825176
41678.61 0.0668241566021
41871.03 0.0661764018672
42064.28 0.0655261069177
42258.42 0.0648732717535
42453.51 0.0642382180918
42747.76 0.0633300913556
42945.07 0.0627204398404
43143.32 0.0621082481106
43342.45 0.0615239987419
43542.5 0.0609575308757
43743.51 0.0603885227948
43945.41 0.0598169744993
44148.24 0.0592555870624
44250.0 0.0589914047392
44454.28 0.058460499878
44659.46 0.0579283249095
44865.58 0.0573923396191
45072.71 0.0568766760458
45280.74 0.0563813341897
45489.73 0.0558847222263
45699.69 0.0553842999409
45910.66 0.0548902281921
46122.56 0.0544279091265
46335.44 0.0539643199534
46549.35 0.0534969204585
46656.65 0.053263220711
46871.99 0.0528085222892
47088.32 0.0523766857993
47305.71 0.0519423090947
47524.05 0.0515066622828
47743.39 0.0510722855782
47853.5 0.0508703385138
48074.36 0.0504677144923
48296.25 0.0500612801489
48519.16 0.0496548458054
48743.15 0.0492547619986
48855.5 0.049068056222
49081.0 0.048690834347
49307.53 0.0483123423646
49535.16 0.047932580275
49649.34 0.0477420641765
49878.5 0.0473915145552
50108.76 0.0470396948267
50340.03 0.0466866049908
50456.07 0.0465100600728
50688.95 0.0461607805589
50805.79 0.0459982068215
50922.96 0.0458343629768
51040.34 0.0456717892395
51157.99 0.0455079453947
51275.91 0.0453428314427
51394.11 0.045178987598
51512.58 0.045013873646
51631.37 0.0448487596939
51750.39 0.0446938066005
51869.68 0.044542663829
51989.24 0.0443915210575
52109.08 0.0442391081787
52229.19 0.0440866952999
52349.58 0.0439342824211
52470.31 0.0437818695423
52591.26 0.0436281865562
52712.49 0.0434757736774
52833.99 0.0433360618719
52955.78 0.0431963500663
53077.84 0.0430553681534
53200.25 0.0429131161332
53322.88 0.0427721342203
53445.79 0.0426298822001
53568.99 0.0424889002872
53692.47 0.0423453781597
53816.24 0.0422107467834
53940.29 0.0420811958364
54064.68 0.0419503747821
54189.31 0.0418195537278
54314.22 0.0416887326735
54439.41 0.0415579116192
54564.9 0.0414270905649
54690.68 0.0412949994033
54816.74 0.0411629082416
54943.16 0.0410422480459
55069.81 0.0409228579575
55196.75 0.0408021977618
55323.98 0.0406815375661
55451.5 0.0405596072631
55579.32 0.0404389470674
55707.5 0.0403170167643
55835.91 0.0401950864613
55964.62 0.0400782365875
56093.62 0.0399677372504
56222.92 0.0398559678059
56352.52 0.0397454684688
56482.41 0.0396336990244
56612.67 0.0395219295799
56743.17 0.0394101601355
56873.96 0.039298390691
57005.06 0.0391866212466
57136.46 0.039082472446
57268.16 0.0389808638602
57400.24 0.0388792552743
57532.55 0.0387763765811
57665.17 0.0386747679953
57798.09 0.0385718893021
57931.32 0.0384690106089
58064.85 0.0383661319157
58198.7 0.0382645233298
58332.91 0.0381718054952
58467.37 0.0380790876606
58602.14 0.0379850997187
58737.23 0.0378923818841
58872.62 0.0377983939422
59008.32 0.0377044060002
59144.34 0.0376104180583
59280.74 0.0375164301164
59417.39 0.0374275226037
59554.35 0.0373424254131
59691.62 0.0372573282224
59829.22 0.0371722310318
59967.13 0.0370871338411
60105.42 0.0370020366504
60243.97 0.0369169394598
60382.84 0.0368305721618
60522.03 0.0367454749711
60661.53 0.0366679984244
60801.36 0.036591791985
60941.51 0.0365143154383
61082.05 0.0364381089989
61222.85 0.0363606324522
61363.97 0.0362831559054
61505.43 0.0362056793587
61647.2 0.036128202812
61789.3 0.0360532664799
61931.79 0.0359846806844
62074.55 0.035916094889
62217.64 0.0358462389862
62361.06 0.0357776531907
62504.8 0.035707797288
62648.88 0.0356392114925
62793.29 0.0355693555897
62938.1 0.0354994996869
63083.18 0.0354359943208
63228.59 0.0353750291693
63374.34 0.0353127939104
63520.42 0.0352518287589
63666.84 0.0351895935
63813.67 0.0351286283485
63960.76 0.0350663930897
64108.19 0.0350041578308
64255.97 0.0349431926793
64404.08 0.0348898481717
64552.54 0.0348352335568
64701.34 0.0347806189419
64850.55 0.0347272744344
65000.03 0.0346726598195
65149.86 0.0346180452046
65300.04 0.0345634305896
65450.56 0.0345088159747
65601.43 0.0344592817891
65752.64 0.0344122878182
65904.28 0.0343652938472
66056.19 0.0343182998762
66208.46 0.0342713059053
66361.08 0.0342243119343
66514.04 0.0341773179634
66667.36 0.0341290538851
66821.11 0.0340820599141
66975.13 0.0340426865871
67129.52 0.0340020431527
67284.26 0.0339626698257
67439.35 0.0339232964987
67594.8 0.0338826530643
67750.61 0.0338432797373
67906.85 0.033802636303
68063.39 0.033763262976
68220.28 0.0337251597563
68377.53 0.0336921369658
68535.15 0.0336603842828
68693.13 0.0336273614924
68851.54 0.033594338702
69010.25 0.0335613159115
69169.32 0.0335282931211
69328.76 0.0334952703307
69488.57 0.0334622475403
69648.75 0.0334343051792
69809.29 0.0334089030327
69970.29 0.033382230779
70131.57 0.0333568286325
70293.23 0.033331426486
70455.26 0.0333047542322
70617.67 0.0332793520858
70780.44 0.033252679832
70943.68 0.0332285477928
71107.2 0.033209496183
71271.11 0.0331904445731
71435.4 0.0331713929633
71600.06 0.0331523413534
71765.1 0.0331332897436
71930.53 0.0331142381337
72096.41 0.0330951865239
72262.6 0.033076134914
72429.17 0.0330608936262
72596.12 0.0330494626602
72763.46 0.033036761587
72931.19 0.0330253306211
73099.3 0.0330126295479
73267.88 0.033001198582
73436.77 0.0329884975087
73606.05 0.0329770665428
73775.72 0.0329643654696
73945.77 0.0329592850403
74116.22 0.032954204611
74287.15 0.0329491241817
74458.38 0.0329440437524
74630.01 0.0329389633231
74802.04 0.0329338828938
74974.46 0.0329288024645
75147.29 0.0329237220352
75320.51 0.0329211818206
75494.21 0.0329237220352
75668.23 0.0329249921426
75842.65 0.0329275323572
76017.47 0.0329288024645
76192.7 0.0329313426792
76368.33 0.0329338828938
76544.44 0.0329351530011
76720.88 0.0329376932158
76897.73 0.0329453138597
77074.99 0.032954204611
77252.65 0.0329630953623
77430.72 0.0329719861135
77609.21 0.0329808768648
77788.19 0.0329910377234
77967.5 0.0329999284746
78147.22 0.0330088192259
78327.35 0.0330202501918
78507.9 0.0330354914797
78688.87 0.0330520028749
78870.25 0.0330685142701
79052.14 0.0330850256653
79234.36 0.0331028071678
79417.0 0.033119318563
79600.06 0.0331358299582
79783.55 0.0331523413534
79967.45 0.0331726630706
80151.87 0.0331967951098
80336.62 0.0332209271489
80521.81 0.033245059188
80707.41 0.0332691912272
87638.37 0.0201934363335
91861.68 0.0190719315671
92464.98 0.0195088484863
93671.65 0.0195698136378
94274.94 0.0198403464977
94878.32 0.0238272133856
96688.3 0.0286053571359
97291.58 0.0209364491177
98498.26 0.0141147026841
99101.56 0.0152908220655
99704.94 0.0170257886692
100308.23 0.0141909091235
102118.19 0.014342051895
102721.49 0.0228352595661
103324.87 0.01971587598
103928.16 0.0196587211504
104531.45 0.0471171713734
105134.83 0.0654816531614
105738.13 0.029065135987
106341.52 0.0199470355128
106944.8 0.0183505106074
107548.09 0.0125045876303
108151.49 0.0189169784736
108754.77 0.0173801486124
109358.06 0.0208170590293
109961.45 0.0227781047365
110564.74 0.0208183291366
111168.03 0.0178043644584
111771.41 0.0184991131642
112374.7 0.0290473544844
112978.09 0.0182984362071
113581.38 0.0149085197612
114184.67 0.016922909976
114788.06 0.0185435669205
115391.34 0.0221405108602
115994.64 0.0206760771164
116598.02 0.0237446564096
117201.31 0.0184597398372
117804.59 0.020599870677
118407.98 0.0225850484234
119011.28 0.0169686338396
119614.67 0.0218737883223
120217.96 0.027702310829
120821.24 0.0299554812206
121424.64 0.0278636144591
122027.92 0.0267205178681
122631.22 0.0264182323252
123234.59 0.0321984907536
123837.89 0.0340528474457
124441.18 0.0283576862079
125044.56 0.0255266169842
125647.85 0.0346967918586
126251.24 0.0244609969399
126854.53 0.0286663222874
127457.82 0.0300050154062
128061.21 0.0370604615873
128664.49 0.0363606324522
129267.79 0.029575719131
129871.18 0.0255977429943
130474.46 0.027965223045
131077.74 0.030377156852
131681.14 0.0299034068204
132284.42 0.0254288187203
132887.71 0.0318199987713
133491.1 0.0312052668268
134094.39 0.0309766475086
134697.79 0.0316320228874
135301.07 0.0355033100089
135904.36 0.0344719828624
136507.75 0.0299072171423
137111.04 0.0294321970034
137714.32 0.0328576764544
138317.72 0.0345342181212
138921.0 0.0292124684365
139524.29 0.034604074024
140127.68 0.0340553876603
140730.97 0.0322873982662
141334.36 0.0339690203623
141937.65 0.0455803415122
142540.93 0.0378199857667
143144.33 0.0282192445096
143747.62 0.0379317552111
144350.9 0.0261997738656
145409.84 0.0375494529068
146254.54 0.0394190508867
147099.22 0.0325960343458
147943.9 0.0280071365866
148788.49 0.0341544560315
149633.17 0.0368762960254
150477.85 0.0359872208991
151322.44 0.035869100918
152167.12 0.0387547847566
153011.8 0.0292848645539
153856.39 0.0320321066943
154701.07 0.0406713767075
155545.76 0.0855874520896
156390.35 0.0537382408499
157235.03 0.0338191476982
158079.71 0.0321045028117
158924.29 0.033543534409
159768.98 0.0325503104822
160613.66 0.0330913762019
161458.34 0.0310465034114
162302.93 0.0418449558743
163147.63 0.0327878205516
163992.29 0.0363187189105
164836.9 0.0337505619027
165681.56 0.0296290636385
166526.24 0.0231146831772
167370.85 0.0335714767701
168215.51 0.0346701196048
169060.21 0.0387179516442
169904.78 0.0414677339992
170749.48 0.0373856090621
171594.16 0.0380740072313
172438.73 0.0472848255401
173283.43 0.0339944225088
174128.11 0.0429524894602
174972.79 0.0379050829573
175817.37 0.0450875398707
176662.07 0.0420545235826
177506.74 0.0423187059059
178351.34 0.0438250531913
179196.02 0.0414575731407
180040.7 0.0405380154386
180885.29 0.0341227033485
181729.95 0.0416976234248
182574.65 0.0429372481723
183419.24 0.0323902769594
184263.92 0.0351476799584
185108.6 0.031685367395
185953.17 0.0307747004442
186797.87 0.0569287504461
187642.56 0.0542577147451
188487.25 0.0382594429005
189331.82 0.0350092382601
190176.51 0.0334304948572
191021.18 0.038457579643
191865.78 0.0376840842831
192710.46 0.0361701163537
193555.14 0.0333326965933
194399.73 0.0415134578629
195244.43 0.0334698681843
196089.09 0.0349584339672
196933.68 0.0472200500666
197778.36 0.026307732988
198623.04 0.0253907155006
199467.65 0.0402268391444
200312.31 0.0390748518021
201157.01 0.0385045736139
202001.69 0.0368635949522
202846.26 0.0451510452369
203690.96 0.0303657258861
205380.23 0.0378199857667
207069.59 0.0341773179634
208758.87 0.0347348950783
210448.12 0.0361180419534
212137.49 0.0340401463724
213826.75 0.033881382957
215516.13 0.0318682628496
217205.4 0.0283157726662
218894.67 0.0307772406588
220584.05 0.0326404881021
222273.31 0.0352924721932
223962.57 0.0280376191624
225651.93 0.0351743522122
227341.21 0.0316942581463
229030.58 0.0328652970984
230719.84 0.0310261816942
232409.11 0.0332945933736
234098.49 0.0381222713096
235787.76 0.0358462389862
237477.03 0.0344859540429
239166.37 0.0352111853245
240855.66 0.0355833267703
242545.02 0.0360469159433
244234.29 0.0353801095985
245923.56 0.0344427703939
247612.93 0.0332615705832
249302.2 0.0373475058424
250991.47 0.0376231191315
252680.85 0.0383026265495
254370.12 0.0413394531596
256059.46 0.0394342921746
257748.73 0.0439076101674
259438.0 0.0485409616828
261127.38 0.0423999927746
262816.64 0.0424711187847
264505.91 0.0425905088731
266195.27 0.0415007567897
267884.54 0.0404897513603
269573.9 0.0393403042327
271263.17 0.0394457231405
272952.47 0.0397848417958
274641.83 0.0404389470674
276331.07 0.0402890744032
278020.34 0.0412378445737
279709.73 0.0416023653755
281399.0 0.0402649423641
283088.36 0.0354118622816
284777.63 0.0400363230459
286466.9 0.0415833137657
288156.26 0.0414829752871
289845.53 0.0415541012972
291534.8 0.0416963533174
293224.16 0.0413242118717
294913.43 0.0389198987087
296602.79 0.0388627438791
298292.09 0.0420735751925
299981.36 0.0405265844727
301670.72 0.0383254884813
303359.99 0.0395016078627
305049.26 0.0396768826734
306738.62 0.0391370870609
308427.89 0.0394762057163
310117.25 0.036426678033
311806.52 0.037687894605
313495.79 0.0364000057792
315185.15 0.0424825497506
316874.45 0.0414702742139
318563.72 0.0361218522754
320253.08 0.0386099925218
321942.32 0.0407920369032
323631.71 0.0387509744347
325320.98 0.0405367453312
327010.25 0.0451167523392
328699.61 0.0421002474463
330388.88 0.0371404783487
332078.14 0.0400248920799
333767.54 0.0444004118088
335456.81 0.0510862567588
337146.14 0.0447331799275
338835.4 0.040696778854
340524.7 0.0395740039802
342214.04 0.0458013401864
343903.3 0.0459397818847
345592.57 0.0466853348835
347281.96 0.0607124001623
348971.2 0.0557716826745
