100.11 1.55215997445e-10
101.98 2.42034234103e-10
104.11 3.41835062719e-10
106.05 4.90639481855e-10
108.02 7.15636911073e-10
110.03 1.16587092252e-09
113.89 2.1454872034e-09
117.9 3.66786693402e-09
120.92 1.63802729319e-08
124.88 2.53633155076e-08
126.91 3.04891616832e-08
128.08 3.39716850347e-08
131.07 4.36539654579e-08
131.98 5.4324744988e-08
134.12 6.33755475831e-08
136.93 9.22276499734e-08
140.12 1.15015515331e-07
143.05 3.6869991748e-07
147.06 1.11314337799e-06
150.83 1.39460369399e-06
155.06 1.75515532678e-06
159.04 2.20903357456e-06
161.99 2.59486709695e-06
166.15 3.24331340053e-06
170.02 3.92535500785e-06
173.18 4.54760836274e-06
176.81 5.44101567772e-06
180.09 6.20260413138e-06
182.18 6.76916899971e-06
185.99 7.98714111364e-06
191.2 9.7329580848e-06
193.86 1.1019829042e-05
197.92 1.27075659965e-05
202.07 1.47210065738e-05
204.88 1.63626211622e-05
210.13 1.84796947104e-05
216.02 2.34164961259e-05
220.04 2.66319652831e-05
223.1 2.872797059e-05
227.25 3.25976940525e-05
229.88 5.32240717313e-05
234.15 9.44028035382e-05
240.16 0.000130560460964
245.75 0.000136032509592
252.06 0.000159384092758
256.74 0.000144317453144
259.71 0.000175077085493
263.93 0.000194129608603
268.84 0.000207949236095
273.84 0.000221210839897
278.93 0.000235856114685
284.12 0.000250319177655
290.07 0.000256047461651
296.14 0.000278704362264
300.95 0.000290400083265
307.96 0.000316074867097
318.05 0.000355210548907
327.72 0.000388327546637
337.67 0.000418699978875
347.93 0.000448326481488
356.86 0.000476791383767
366.01 0.000511747582025
375.4 0.000536756153901
385.03 0.000547631921726
394.91 0.000598679701068
405.04 0.000638083006484
414.47 0.000660119248096
422.18 0.000673557369596
430.03 0.000690468903857
441.06 0.000727480679175
451.33 0.000745587978485
459.72 0.000757260923008
470.43 0.000777873634801
480.28 0.000810273173502
490.34 0.000807824702212
499.46 0.000849277890568
506.4 0.000837206357695
512.27 0.000909180025391
520.59 0.000921308499456
530.27 0.000927059559929
540.13 0.000909521672547
550.17 0.000927913677821
560.4 0.000982235575749
569.5 0.00103257159018
580.09 0.00103183135468
589.52 0.00106741960017
600.48 0.00104230853415
610.23 0.0009676016892
620.15 0.00113603373749
630.23 0.0011430944454
640.47 0.00117697445512
649.38 0.00119815657884
658.41 0.00120014952058
664.5 0.00125037165263
675.3 0.00126973165818
684.69 0.00122862011698
694.22 0.00135873074252
705.5 0.00129359001796
715.31 0.00143047664545
725.26 0.00145945971258
735.35 0.00148895525045
745.58 0.00155079338583
754.22 0.00159697269319
764.71 0.00154874350289
775.35 0.00171256331456
784.33 0.00174331155867
795.24 0.00181568381472
804.45 0.0018782621856
815.64 0.0019248970225
825.08 0.00203758364305
834.63 0.00174911956034
844.3 0.00210631166276
854.08 0.00214400673239
865.96 0.00226910653296
875.98 0.00239078986197
884.09 0.00255443885007
894.33 0.00266672688226
904.68 0.00264030616881
915.16 0.00398411831882
925.76 0.0258228309335
934.32 0.0565892962256
945.14 0.111530714332
956.08 0.167902495201
964.93 0.172896237809
976.1 0.024458519954
985.14 0.122503282184
994.25 0.149920466515
1005.76 0.256155649917
1015.07 0.260147227532
1024.46 0.11612586859
1033.94 0.163540799832
1045.92 0.367498458312
1055.59 0.364714033984
1065.36 0.262812075355
1075.22 0.335224190235
1085.17 0.242113951773
1095.21 0.366188810878
1105.34 0.353496619003
1115.57 0.328903717834
1125.89 0.290229259687
1133.7 0.410671270691
1144.19 0.367418740642
1154.77 0.407220634407
1165.46 0.421205391358
1176.24 0.266780876493
1184.4 0.413899836323
1195.35 0.247483506254
1203.64 0.157863762911
1214.78 0.133333497054
1226.02 0.285480364207
1234.52 0.47676860729
1245.94 0.530817187493
1254.57 0.495075200774
1266.18 0.408604305392
1274.96 0.576814283034
1283.8 0.61906464809
1295.68 0.43889701996
1304.66 0.433584406672
1313.7 0.600900407587
1325.86 0.570664634212
1335.05 0.475447571617
1344.3 0.624872649755
1353.62 0.603291937685
1366.14 0.517737795507
1375.61 0.5607967255
1385.15 0.569525810356
1394.75 0.491123481994
1404.42 0.513899959113
1414.15 0.519480196007
1423.96 0.549858322364
1433.83 0.54316773221
1440.44 0.585754050303
1447.09 0.603291937685
1453.77 0.579832166252
1463.85 0.522355726243
1474.0 0.526791445162
1484.21 0.547404156954
1494.5 0.563609620425
1504.86 0.524377138587
1511.81 0.450211234969
1515.29 0.498087389873
1525.8 0.475293830396
1536.37 0.397757008165
1543.46 0.461730438272
1554.16 0.433555936076
1564.94 0.439232972998
1575.78 0.474616230202
1586.71 0.510489181664
1594.03 0.522093796756
1605.08 0.516877983496
1616.21 0.524838362249
1623.67 0.488407387097
1634.92 0.53139229354
1646.25 0.542051684832
1653.85 0.492939906044
1665.32 0.551338793377
1673.0 0.472241782462
1676.86 0.553400064556
1684.6 0.592643934632
1696.28 0.55005192242
1704.11 0.523779256063
1715.92 0.487257175003
1723.84 0.48696677492
1735.79 0.529792246022
1743.8 0.517418924828
1755.89 0.565511456264
1763.99 0.50719798072
1776.22 0.522122267353
1784.42 0.537650130628
1796.79 0.5889427571
1805.08 0.585867932689
1813.41 0.526677562776
1825.98 0.544659591462
1834.41 0.518620383996
1842.88 0.469423193419
1855.65 0.466815286789
1864.22 0.488492798887
1877.14 0.547557898175
1885.8 0.49447162413
1894.51 0.47408098299
1903.25 0.509988099168
1916.45 0.485423668595
1925.29 0.479541643379
1934.18 0.497193413146
1943.11 0.521467443635
1956.58 0.485042162603
1965.61 0.547614839368
1974.68 0.565164114988
1983.79 0.530720387465
1992.95 0.51352414724
2006.76 0.534683494484
2016.03 0.509077040083
2025.33 0.541339919922
2034.68 0.508342498696
2044.07 0.536835871571
2053.51 0.509942546213
2062.99 0.50957242846
2072.51 0.555751735819
2077.29 0.531768105412
2086.87 0.561559737484
2096.51 0.527315304136
2106.19 0.528135257312
2115.91 0.536312012598
2125.67 0.544608344388
2135.48 0.496310824658
2145.34 0.51929798419
2155.24 0.544602650269
2165.19 0.523289561805
2175.19 0.519280901832
2185.23 0.511753276144
2195.31 0.54040608436
2205.45 0.522845420501
2215.63 0.488680704823
2225.85 0.471712229369
2236.13 0.517994030875
2246.45 0.490958352535
2256.82 0.460466343792
2267.23 0.475789218774
2272.46 0.494921459553
2282.95 0.516143442109
2293.49 0.483071997332
2304.07 0.486687763075
2314.71 0.454453353833
2325.39 0.333214166129
2336.13 0.409230658513
2346.91 0.393736959953
2352.32 0.441897820821
2363.18 0.392250794821
2374.09 0.410967364893
2385.04 0.37328937762
2396.05 0.407647693353
2407.11 0.387729664113
2412.66 0.404248304143
2423.8 0.444517115689
2434.99 0.426705910583
2446.23 0.460648555609
2457.52 0.456679754471
2463.18 0.44846883447
2474.55 0.428528028752
2485.97 0.435731089641
2497.45 0.413489859734
2503.21 0.475971430591
2514.76 0.401629009275
2520.56 0.413000165476
2526.37 0.393611689329
2532.19 0.409441340927
2543.88 0.40127027976
2555.62 0.452562906232
2567.42 0.429456170195
2573.34 0.465630909979
2585.21 0.455290389367
2597.15 0.445177633526
2603.13 0.425259604286
2615.15 0.417731978598
2627.22 0.448890199296
2633.28 0.486704845433
2645.43 0.551452675762
2657.64 0.588487227558
2663.77 0.49645317764
2676.06 0.533482035316
2682.23 0.538572577952
2694.61 0.500598496475
2707.05 0.530560952125
2713.29 0.485127574392
2725.82 0.476540842519
2732.1 0.5119468762
2744.71 0.414446471773
2757.38 0.434222148032
2763.74 0.464338344902
2776.49 0.493264470843
2782.89 0.445866621959
2795.74 0.340758874175
2802.18 0.37202528314
2815.12 0.485087715557
2828.11 0.540833143306
2834.63 0.521416196562
2847.71 0.498229742855
2854.28 0.456617119159
2867.45 0.554368064834
2874.07 0.575333812021
2887.33 0.559976772324
2893.99 0.567925762839
2907.34 0.653912658081
2927.5 0.615021823401
2947.79 0.601526760708
2968.22 0.628972415636
2988.8 0.632445828397
3009.52 0.650667010092
3030.38 0.655734776251
3051.38 0.660859483603
3072.53 0.67526560538
3086.71 0.688191256145
3108.11 0.701572436453
3129.66 0.687792667796
3151.35 0.693145139919
3173.19 0.706583261419
3187.84 0.65226136349
3209.94 0.697871258921
3232.19 0.638481594833
3247.11 0.72839173826
3269.61 0.781176223983
3292.28 0.772862809834
3307.47 0.769731044231
3322.74 0.757830334936
3330.4 0.791938109421
3338.08 0.739267506084
3345.77 0.767225631748
3353.49 0.732947033684
3361.22 0.748491979317
3368.97 0.75384445144
3376.73 0.697301846993
3384.52 0.717003499701
3392.32 0.801048700269
3400.14 0.84870847864
3407.98 0.774286339654
3415.83 0.783453871695
3423.71 0.853320715257
3431.6 0.838003534394
3439.51 0.830544238138
3447.44 0.703850084164
3455.39 0.775539045896
3463.35 0.710739968493
3471.34 0.801390347426
3479.34 0.70151549526
3487.36 0.761019041733
3495.4 0.754641628139
3503.46 0.828095766848
3511.53 0.806173407621
3519.63 0.814315998191
3527.74 0.733060916069
3535.87 0.81938376435
3544.02 0.886802136621
3552.19 0.885492489187
3560.38 0.866075542443
3568.59 0.777873634801
3576.81 0.755552687224
3585.06 0.688020432567
3585.82 0.765289631192
3588.5 0.847797419555
3591.19 0.67811266502
3593.87 0.36395671612
3596.56 0.857648245909
3599.24 1.11969161516
3601.92 0.636944182628
3604.61 0.811639762129
3607.29 0.466131992475
3609.98 0.682895725215
3612.66 0.949323566313
3615.35 0.752363980428
3618.03 1.00068452222
3620.71 0.78641481372
3623.4 0.695878317173
3626.08 0.652147481105
3628.77 0.85155553828
3631.45 0.984911811811
3634.14 0.905934377401
3636.82 0.844950359916
3639.51 0.967089218465
3642.19 0.833789886127
3644.87 1.13643232584
3647.56 0.981723105014
3650.24 0.874047309435
3652.93 0.825362589593
3655.61 0.725316913849
3658.3 0.771040691665
3660.98 1.11257396606
3663.66 0.732206798177
3666.35 1.07225960156
3669.03 0.899613905001
3671.72 0.754186098597
3674.4 1.16142950948
3677.09 0.805091524958
3679.77 0.724690560728
3682.45 0.752079274464
3685.14 0.718597853099
3687.82 0.917037909997
3690.51 0.90997720209
3693.19 0.697187964607
3695.88 0.786585637299
3698.56 0.86886566089
3701.24 0.836181416225
3703.93 0.797062816773
3706.61 1.21324599493
3709.3 1.07761207368
3711.98 1.13466714887
3714.67 1.15237585983
3717.35 1.66114541747
3720.03 1.89910266217
3722.72 2.61673251499
3725.4 3.52152806853
3728.09 3.81710980034
3730.77 3.6396241024
3733.46 2.92489825041
3736.14 2.05859494319
3738.82 1.63461082163
3741.51 0.953764979351
3744.19 1.09828172667
3746.88 0.877862369352
3749.56 0.815625645625
3752.25 0.700775259753
3754.93 0.814202115805
3757.61 0.921308499456
3760.3 0.731523503864
3762.98 0.80657199597
3765.67 0.838003534394
3768.35 1.16239750976
3771.04 1.00609393553
3773.72 0.90815508392
3776.4 1.15123703597
3779.09 1.23926812004
3781.77 1.26204459715
3784.46 1.14446103403
3787.14 1.1138836135
3789.83 0.983317458412
3792.51 1.00131087534
3795.19 0.818301881686
3797.88 0.950974860904
3800.56 0.957181450919
3803.25 0.928540030942
3805.93 1.1684332762
3808.62 1.19735940214
3811.3 1.13404079575
3813.98 1.09617490254
3816.67 1.03963229809
3819.35 1.10477302265
3822.04 1.05466477299
3824.72 1.06075748062
3827.41 0.815340939661
3830.09 0.801219523847
3832.77 0.823312706653
3835.46 0.874047309435
3838.14 0.715181381531
3840.83 1.02061393969
3843.51 1.02141111639
3846.2 1.14747891725
3848.88 1.12618291114
3851.56 1.20168693279
3854.25 1.19274716552
3856.93 1.18158669173
3859.62 1.12208314526
3862.3 1.12874526482
3864.99 1.42575052645
3867.67 1.37763521853
3870.35 1.48126818942
3873.04 1.40695993282
3875.72 1.28151848509
3878.41 1.14343609256
3881.09 0.959060510281
3883.78 0.867612954649
3886.46 0.955871803484
3889.14 0.948241683649
3891.83 1.00734664177
3894.51 0.971132043154
3897.2 1.14064597411
3899.88 1.3944898116
3902.57 1.21341681851
3905.25 1.26039330256
3907.93 1.09623184373
3910.62 1.24017917912
3913.3 1.36072368427
3915.99 1.31403190618
3918.67 1.28909166373
3921.36 1.35161309342
3924.04 1.29899943128
3926.72 1.13466714887
3929.41 1.04122665149
3932.09 0.843469888903
3934.78 0.883385665054
3937.46 1.02818711834
3940.15 1.00114005176
3942.83 1.1470233877
3945.51 1.22184411504
3948.2 1.23226435332
3950.88 1.32758391006
3953.57 1.24769541657
3956.25 1.15237585983
3958.94 1.03257159018
3961.62 1.14992738854
3964.3 0.938390857295
3966.99 0.76096210054
3969.67 0.856623304439
3972.36 0.909293907776
3975.04 1.14081679769
3977.73 1.20578669867
3980.41 1.18523092807
3983.09 1.36100839024
3985.78 1.43656935308
3988.46 1.50062819497
3991.15 1.44482582603
3993.83 1.42301734919
3996.52 1.39204134031
3999.2 1.53223055698
4001.88 1.55233079803
4004.57 1.65078212038
4007.25 1.56781880247
4009.94 1.65920941691
4012.62 1.49470631092
4015.31 1.57653080497
4017.99 1.51873549428
4020.67 1.52619479054
4023.36 1.60670963715
4026.04 1.64258258862
4028.73 1.67959436393
4031.41 1.49669925267
4034.1 1.42466864378
4036.78 1.45091853366
4039.46 1.54891432647
4042.15 1.54191055975
4044.83 1.47870583575
4047.52 1.52625173173
4050.2 1.67834165769
4052.89 1.53063620358
4055.57 1.50785972646
4058.25 1.418234289
4060.94 1.52773220275
4063.62 1.41783570065
4066.31 1.51343996335
4068.99 1.51195949234
4071.68 1.49766725295
4074.36 1.42147993699
4077.04 1.28795283988
4079.73 1.41134440467
4082.41 1.47807948263
4085.1 1.47477689344
4087.78 1.51190255115
4090.47 1.3035547267
4093.15 1.310729317
4095.83 1.29655095999
4098.52 1.2253175278
4101.2 1.2000356382
4103.89 1.16302386288
4106.57 1.23801541379
4109.26 1.32929214585
4111.94 1.40542252062
4114.62 1.41971476001
4117.31 1.55671526988
4119.99 1.39488839995
4122.68 1.44835617999
4125.36 1.43947335391
4128.05 1.32006767261
4130.73 1.46441359635
4133.41 1.49265642798
4136.1 1.50934019747
4138.78 1.52448655476
4141.47 1.43907476556
4144.15 1.57812515837
4146.84 1.57516421634
4149.52 1.50928325628
4152.2 1.48559572008
4154.89 1.50808749123
4157.57 1.41498864101
4160.26 1.52363243686
4162.94 1.53234443936
4165.63 1.45416418165
4168.31 1.44886865072
4170.99 1.42421311424
4173.68 1.30412413863
4176.36 1.35292274086
4179.05 1.37581310036
4181.73 1.3510436815
4184.42 1.41430534669
4187.1 1.58370539526
4189.78 1.48753172063
4192.47 1.40849734503
4195.15 1.37940039551
4197.84 1.36191944932
4200.52 1.45558771147
4203.21 1.5652564488
4205.89 1.49032183908
4208.57 1.40661828567
4211.26 1.45177265155
4213.94 1.34876603378
4216.63 1.48588042604
4219.31 1.486165132
4222.0 1.39044698691
4224.68 1.46429971397
4227.36 1.38486675002
4230.05 1.5683882144
4232.73 1.315455436
4235.42 1.56337738944
4238.1 1.49100513339
4240.79 1.56690774339
4243.47 1.52539761384
4246.15 1.49732560579
4248.84 1.5826235126
4251.52 1.54555479609
4254.21 1.44334535502
4256.89 1.40678910924
4259.58 1.53974679443
4262.26 1.59993363521
4264.94 1.54225220691
4267.63 1.50034348901
4270.31 1.45274065183
4273.0 1.52835855587
4275.68 1.41071805155
4278.37 1.54686444352
4281.05 1.47563101134
4283.73 1.39739381243
4286.42 1.42438393782
4289.1 1.40673216805
4291.79 1.38281686708
4294.47 1.3439260324
4297.16 1.37177027567
4299.84 1.25133965291
4302.52 1.30190343211
4305.21 1.25065635859
4307.89 1.38127945487
4310.58 1.23949588481
4313.26 1.36072368427
4315.95 1.46111100717
4318.63 1.49755337056
4321.31 1.51315525739
4324.0 1.45701124129
4326.68 1.40268934336
4329.37 1.49231478083
4332.05 1.44886865072
4334.74 1.42962252756
4337.42 1.38179192561
4340.1 1.35520038857
4342.79 1.41060416916
4345.47 1.49453548734
4348.16 1.5336540868
4350.84 1.48514019053
4353.53 1.46276230176
4356.21 1.42028417194
4358.89 1.58957033812
4361.58 1.6308527029
4364.26 1.61724375782
4366.95 1.7082927251
4369.63 1.59270210373
4372.32 1.52084231842
4375.0 1.61542163965
4377.68 1.5715769212
4380.37 1.60955669679
4383.05 1.53672891121
4385.74 1.44653406182
4388.42 1.55580421079
4391.11 1.55802491731
4393.79 1.46259147819
4396.47 1.4585486535
4399.16 1.52989596807
4401.84 1.50780278527
4404.53 1.52032984768
4407.21 1.60016139998
4409.9 1.64782117835
4412.58 1.5439035015
4415.26 1.5375830291
4417.95 1.63239011511
4420.63 1.64656847211
4423.32 1.63899529347
4426.0 1.61525081607
4428.69 1.62413364215
4431.37 1.64804894313
4434.05 1.70584425381
4436.74 1.77013086048
4439.42 1.71990872844
4442.11 1.63552188071
4444.79 1.70584425381
4447.48 1.70128895839
4450.16 1.61172046212
4452.84 1.60807622578
4455.53 1.60773457862
4458.21 1.66217035894
4460.9 1.64691011927
4463.58 1.58603998417
4466.27 1.60426116586
4468.95 1.61946446434
4471.63 1.6624550649
4474.32 1.72360990597
4477.0 1.79712098587
4479.69 1.74712661859
4482.37 1.67765836338
4485.06 1.71597978613
4487.74 1.68847719001
4490.42 1.68836330763
4493.11 1.74000896949
4495.79 1.70009319334
4498.48 1.72224331734
4501.16 1.73118308461
4503.85 1.6672381251
4506.53 1.67350165631
4509.21 1.7249195534
4511.9 1.80702875341
4514.58 1.77240850819
4517.27 1.73095531984
4519.95 1.75168191402
4522.64 1.73220802608
4525.32 1.69052707295
4528.0 1.63529411594
4530.69 1.65277506213
4533.37 1.59116469152
4536.06 1.71017178447
4538.74 1.71763108072
4541.43 1.64930164937
4544.11 1.66177177059
4546.79 1.7699600369
4549.48 1.70612895978
4552.16 1.66000659361
4554.85 1.70886213703
4557.53 1.72218637615
4560.22 1.74741132456
4562.9 1.80258734038
4565.58 1.84569182332
4568.27 1.8300899365
4570.95 1.75287767906
4573.64 1.7146701387
4576.32 1.74205885243
4579.01 1.79643769155
4581.69 1.73425790902
4584.37 1.75196661998
4587.06 1.66279671206
4589.74 1.7438809706
4592.43 1.72958873121
4595.11 1.70584425381
4597.8 1.6632522416
4600.48 1.67475436255
4603.16 1.68420660055
4605.85 1.80771204773
4608.53 1.79239486687
4611.22 1.745475324
4613.9 1.82986217173
4616.59 1.76039391651
4619.27 1.77878592179
4621.95 1.75469979723
4624.64 1.76079250486
4627.32 1.85195535453
4630.01 1.8292927598
4632.69 1.82957746576
4635.38 1.80606075314
4638.06 1.67270447961
4640.74 1.67902495201
4643.43 1.72839296616
4646.11 1.74416567657
4648.8 1.76779627158
4651.48 1.78664380639
4654.17 1.73955343995
4656.85 1.84529323497
4659.53 1.74963203108
4662.22 1.64366447128
4664.9 1.66706730152
4667.59 1.67390024466
4670.27 1.67891106962
4672.96 1.67526683328
4675.64 1.70248472344
4678.32 1.79564051486
4681.01 1.84495158782
4683.69 1.86909465356
4686.38 1.8292927598
4689.06 1.72554590652
4691.75 1.73408708544
4694.43 1.70743860721
4697.11 1.73892708683
4699.8 1.78038027519
4702.48 1.63073882051
4705.17 1.76244379945
4707.85 1.71683390402
4710.54 1.7747430971
4713.22 1.70259860582
4715.9 1.77964003968
4718.59 1.81329228462
4721.27 1.80788287131
4723.96 1.75612332705
4726.64 1.81374781416
4729.33 1.78413839391
4732.01 1.69354495617
4734.69 1.66256894729
4737.38 1.75282073787
4740.06 1.7446781473
4742.75 1.83179817228
4745.43 1.86732947659
4748.12 1.88640477617
4750.8 1.76375344689
4753.48 1.68961601387
4756.17 1.81255204912
4758.85 1.79939863358
4761.54 1.80594687075
4764.22 1.77838733344
4766.91 1.77719156839
4769.59 1.70681225409
4772.27 1.76517697671
4774.96 1.77275015535
4777.64 1.75976756339
4780.33 1.82957746576
4783.01 1.81295063747
4785.7 1.84164899864
4788.38 1.72594449487
4791.06 1.71296190291
4793.75 1.72406543551
4796.43 1.77975392206
4799.12 1.84466688185
4801.8 1.7533901498
4804.49 1.80213181083
4807.17 1.7557816799
4809.85 1.76694215369
4812.54 1.85417606105
4815.22 1.72503343579
4817.91 1.81539910876
4820.59 1.80571910598
4823.28 1.70504707712
4825.96 1.67896801081
4828.64 1.73830073371
4831.33 1.69798636921
4834.01 1.72640002441
4836.7 1.65664706324
4839.38 1.69229224993
4842.07 1.5613275065
4844.75 1.72081978752
4847.43 1.72907626048
4850.12 1.68261224715
4852.8 1.7051609595
4855.49 1.8079398125
4858.17 1.80144851652
4860.86 1.9810979798
4863.54 2.02619540449
4866.22 1.86767112374
4868.91 1.84580570571
4871.59 1.74496285327
4874.28 1.67526683328
4876.96 1.6134286979
4879.65 1.62629740748
4882.33 1.68950213148
4885.01 1.6672381251
4887.7 1.60722210789
4890.38 1.65305976809
4893.07 1.65977882884
4895.75 1.696448957
4898.44 1.73539673288
4901.12 1.74894873676
4903.8 1.74780991291
4906.49 1.75293462026
4909.17 1.61940752315
4911.86 1.73272049681
4914.54 1.75714826852
4917.23 1.65095294396
4919.91 1.60733599028
4922.59 1.67019906712
4925.28 1.69200754396
4927.96 1.78271486409
4930.65 1.74951814869
4933.33 1.73192332012
4936.02 1.78020945161
4938.7 1.82661652374
4941.38 1.71586590375
4944.07 1.82092240446
4946.75 1.84381276396
4949.44 1.87245418394
4952.12 1.94613608742
4954.81 1.85981323914
4957.49 1.92353043388
4960.18 1.92148055094
4962.86 2.01355445969
4965.54 1.85275253123
4968.23 1.91088948908
4970.91 1.80583298837
4973.6 1.69758778086
4976.28 1.80412475258
4978.97 1.71478402108
4981.65 1.59594775172
4984.33 1.68414965936
4987.02 1.73448567379
4989.7 1.80355534065
4992.39 1.85246782527
4995.07 1.8561690028
4997.76 1.88959348297
5000.44 2.04561235123
5003.12 2.2434829962
5005.81 2.33794843505
5008.49 2.43332493299
5011.18 2.31334983977
5013.86 2.17919638954
5016.55 1.88327301057
5019.23 1.84386970515
5021.91 1.74530450042
5024.6 1.61866728764
5027.28 1.62971387904
5029.97 1.63193458556
5032.65 1.68175812926
5035.34 1.65488188626
5038.02 1.70544566546
5040.7 1.58843151427
5043.39 1.71108284355
5046.07 1.68039154063
5048.76 1.72435014147
5051.44 1.74667108905
5054.13 1.77536945022
5056.81 1.65083906157
5059.49 1.69143813204
5062.18 1.75566779751
5064.86 1.72469178863
5067.55 1.74792379529
5070.23 1.76193132872
5072.92 1.61866728764
5075.6 1.6324470563
5078.28 1.59583386933
5080.97 1.68432048294
5083.65 1.63449693924
5086.34 1.73545367407
5089.02 1.64406305963
5091.71 1.70447766519
5094.39 1.6545402391
5097.07 1.62419058334
5099.76 1.59486586905
5102.44 1.65180706185
5105.13 1.6640494183
5107.81 1.6585261226
5110.5 1.75230826714
5113.18 1.6545402391
5115.86 1.71660613925
5118.55 1.69923907545
5121.23 1.59458116309
5123.92 1.64645458973
5126.6 1.60841787294
5129.29 1.57385456891
5131.97 1.63443999805
5134.65 1.67993601109
5137.34 1.64958635533
5140.02 1.67703201026
5142.71 1.59349928043
5145.39 1.63170682079
5148.08 1.67948048155
5150.76 1.69827107517
5153.44 1.6751529509
5156.13 1.75595250348
5158.81 1.750201443
5161.5 1.74251438198
5164.18 1.66285365325
5166.87 1.57596139304
5169.55 1.53251526294
5172.23 1.5794348058
5174.92 1.49909078277
5177.6 1.53815244103
5180.29 1.58302210095
5182.97 1.5565444463
5185.66 1.55278632758
5188.34 1.73385932067
5191.02 1.72514731817
5193.71 1.76745462442
5196.39 1.7699600369
5199.08 1.80253039918
5201.76 1.83105793677
5204.45 1.82154875758
5207.13 1.82035299253
5209.81 1.67333083273
5212.5 1.79159769017
5215.18 1.78123439308
5217.87 1.74302685271
5220.55 1.76056474009
5223.24 1.65841224021
5225.92 1.63364282135
5228.6 1.60898728487
5231.29 1.64702400165
5233.97 1.75253603191
5236.66 1.83145652512
5239.34 1.80862310681
5242.03 1.83128570155
5244.71 1.74473508849
5247.39 1.77064333122
5250.08 1.78391062914
5252.76 1.75526920916
5255.45 1.72497649459
5258.13 1.72104755229
5260.82 1.6941143681
5263.5 1.65135153231
5266.18 1.63905223466
5268.87 1.60357787155
5271.55 1.61052469707
5274.24 1.66143012343
5276.92 1.6553374158
5279.61 1.80133463413
5282.29 1.77741933316
5284.97 1.78522027657
5287.66 1.79279345522
5290.34 1.79444474981
5293.03 1.79939863358
5295.71 1.7509986197
5298.4 1.718599081
5301.08 1.78709933594
5303.76 1.85764947381
5306.45 1.87814830322
5309.13 1.86624759392
5311.82 1.77257933177
5314.5 1.81124240168
5317.19 1.73653555673
5319.87 1.82103628684
5322.55 1.76802403635
5325.24 1.76939062498
5327.92 1.78117745188
5330.61 1.70863437226
5333.29 1.76261462303
5335.98 1.78220239336
5338.66 1.794501691
5341.34 1.7130757853
5344.03 1.81534216756
5346.71 1.78806733621
5349.4 1.75122638447
5352.08 1.85599817922
5354.77 1.8134631082
5357.45 1.75612332705
5360.13 1.80218875203
5362.82 1.79666545633
5365.5 1.77115580195
5368.19 1.7905158075
5370.87 1.76141885798
5373.56 1.80230263441
5376.24 1.73089837864
5378.92 1.82570546465
5381.61 1.8071426358
5384.29 1.821377934
5386.98 1.80133463413
5389.66 1.82650264135
5392.35 1.76796709516
5395.03 1.77833039224
5397.71 1.77200991984
5400.4 1.70783719556
5403.08 1.70481931234
5405.77 1.80218875203
5408.45 1.82644570016
5411.14 1.79974028074
5413.82 1.76688521249
5416.5 1.78322733483
5419.19 1.70328190014
5421.87 1.70948849015
5424.56 1.80281510515
5427.24 1.75208050237
5429.93 1.73733273343
5432.61 1.75219438475
5435.29 1.71580896255
5437.98 1.74023673426
5440.66 1.83623958532
5443.35 1.66496047739
5446.03 1.76272850542
5448.72 1.71239249099
5451.4 1.67065459667
5454.08 1.74689885382
5456.77 1.72138919945
5459.45 1.76193132872
5462.14 1.61285928598
5464.82 1.73704802747
5467.51 1.70174448793
5470.19 1.73670638031
5472.87 1.76432285882
5475.56 1.73403014425
5478.24 1.70738166602
5480.93 1.69303248543
5483.61 1.7621021523
5486.3 1.74126167573
5488.98 1.79951251597
5491.66 1.76096332844
5494.35 1.74758214813
5497.03 1.72503343579
5499.72 1.7771346272
5502.4 1.82468052318
5505.09 1.86522265245
5507.77 1.76432285882
5510.45 1.7241223767
5513.14 1.72514731817
5515.82 1.81653793261
5518.51 1.80218875203
5521.19 1.78949086603
5523.88 1.81124240168
5526.56 1.73260661443
5529.24 1.76113415202
5531.93 1.9115158422
5534.61 1.88760054122
5537.3 1.76198826991
5539.98 1.8221751107
5542.67 1.79575439724
5545.35 1.83549934981
5548.03 1.8940918372
5550.72 1.82171958116
5553.4 1.76608803579
5556.09 1.70709696006
5558.77 1.78561886492
5561.46 1.67936659916
5564.14 1.8419337046
5566.82 1.81437416729
5569.51 1.74365320583
5572.19 1.87023347742
5574.88 1.85303723719
5577.56 1.82775534759
5580.25 1.80742734176
5582.93 1.8569092383
5585.61 1.79615298559
5588.3 1.68318165908
5590.98 1.67230589126
5593.67 1.76927674259
5596.35 1.72748190708
5599.04 1.6948546036
5601.72 1.75942591624
5604.4 1.78231627574
5607.09 1.78055109876
5609.77 1.72907626048
5612.46 1.79376145549
5615.14 1.75532615035
5617.83 1.79080051347
5620.51 1.80497887047
5623.19 1.74581697116
5625.88 1.77650827408
5628.56 1.76739768323
5631.25 1.8158546383
5633.93 1.7430837939
5636.62 1.72543202414
5639.3 1.71518260943
5641.98 1.73841461609
5644.67 1.7304997903
5647.35 1.70157366435
5650.04 1.74644332428
5652.72 1.77690686242
5655.41 1.75054309016
5658.09 1.88640477617
5660.77 1.72998731956
5663.46 1.79592522082
5666.14 1.82405417006
5668.83 1.78379674675
5671.51 1.83743535037
5674.2 1.79825980972
5676.88 1.87108759531
5679.56 1.82963440696
5682.25 1.73482732095
5684.93 1.80771204773
5687.62 1.75692050375
5690.3 1.79501416173
5692.99 1.75065697255
5695.67 1.79159769017
5698.35 1.81579769711
5701.04 1.75914121027
5703.72 1.70499013592
5706.41 1.79091439585
5709.09 1.68323860027
5711.78 1.77741933316
5714.46 1.83043158365
5717.14 1.83828946826
5719.83 1.84227535176
5722.51 1.80156239891
5725.2 1.83982688047
5727.88 1.75350403219
5730.57 1.9375949085
5733.25 1.7304997903
5735.93 1.79626686798
5738.62 1.91789325579
5741.3 1.90001372125
5743.99 1.84335723442
5746.67 1.77064333122
5749.36 1.74513367684
5752.04 1.82661652374
5754.72 1.78647298281
5757.41 1.82707205328
5760.09 1.87467489046
5762.78 1.79655157394
5765.46 1.90217748658
5768.15 1.94385843971
5770.83 1.78652992401
5773.51 1.76335485854
5776.2 1.87160006605
5778.88 1.81847393317
5781.57 1.7921101609
5784.25 1.67241977364
5786.94 1.83885888019
5789.62 1.77741933316
5792.3 1.72537508294
5794.99 1.79222404329
5797.67 1.84705841195
5800.36 1.78698545355
5803.04 1.93036337701
5805.73 1.84910829489
5808.41 1.79091439585
5811.09 1.87535818477
5813.78 1.81670875619
5816.46 1.89152948353
5819.15 1.93235631876
5821.83 1.87558594954
5824.52 1.74581697116
5827.2 1.93691161418
5829.88 1.93030643582
5832.57 1.94499726356
5835.25 1.84210452818
5837.94 1.82593322942
5840.62 1.80309981111
5843.31 1.70795107795
5845.99 1.76631580056
5848.67 1.73710496866
5851.36 1.69980848738
5854.04 1.71062731401
5856.73 1.83310781972
5859.41 1.78573274731
5862.1 1.78567580612
5864.78 1.79877228046
5867.46 1.81306451985
5870.15 1.85007629517
5872.83 1.84102264551
5875.52 1.81779063885
5878.2 1.75111250209
5880.89 1.71842825742
5883.57 1.5185646707
5886.25 1.47289783408
5888.94 1.40804181549
5891.62 1.4458507675
5894.31 1.48052795392
5896.99 1.52203808347
5899.68 1.6031792832
5902.36 1.70971625492
5905.04 1.75953979862
5907.73 1.69997931096
5910.41 1.76022309294
5913.1 1.85036100113
5915.78 1.83111487797
5918.47 1.82183346354
5921.15 1.81072993095
5923.83 1.86556429961
5926.52 1.85651064996
5929.2 1.83994076285
5931.89 1.78692851236
5934.57 1.80247345799
5937.26 1.87017653623
5939.94 1.84381276396
5942.62 1.82969134815
5945.31 1.79786122137
5947.99 1.8189864039
5950.68 1.7589134455
5953.36 1.67623483356
5956.05 1.777077686
5958.73 1.88179253956
5961.41 1.90502454622
5964.1 1.85730782665
5966.78 1.80725651819
5969.47 1.82439581722
5972.15 1.80013886909
5974.84 1.76791015396
5977.52 1.78373980556
5980.2 1.78510639419
5982.89 1.77958309849
5985.57 1.81255204912
5988.26 1.85969935675
5990.94 1.83515770266
5993.63 1.77326262609
5996.31 1.72343908239
5998.99 1.73847155729
6001.68 1.73778826297
6004.36 1.72212943495
6007.05 1.75583862109
6009.73 1.81061604856
6012.42 1.75993838697
6015.1 1.77935533372
6017.78 1.73061367268
6020.47 1.77901368656
6023.15 1.79199627852
6025.84 1.80782593011
6028.52 1.79398922026
6031.21 1.7810635695
6033.89 1.8680127709
6036.57 1.75151109044
6039.26 1.79797510376
6041.94 1.79569745605
6044.63 1.73505508572
6047.31 1.76688521249
6050.0 1.75430120888
6052.68 1.84153511625
6055.36 1.79780428018
6058.05 1.74057838142
6060.73 1.77388897921
6063.42 1.74217273482
6066.1 1.80235957561
6068.79 1.91851960891
6071.47 1.82206122831
6074.15 1.78379674675
6076.84 1.69149507323
6079.52 1.74285602913
6082.21 1.79495722054
6084.89 1.84648900002
6087.58 1.66832000776
6090.26 1.76728380084
6092.94 1.78983251319
6095.63 1.87974265662
6098.31 1.78516333538
6101.0 1.65960800526
6103.68 1.75635109183
6106.37 1.87547206716
6109.05 1.70180142913
6111.73 1.78294262886
6114.42 1.76870733066
6117.1 1.88213418671
6119.79 1.85093041306
6122.47 1.83270923137
6125.16 1.87103065412
6127.84 1.82838170071
6130.52 1.83299393733
6133.21 1.77610968573
6135.89 1.74997367823
6138.58 1.66427718307
6141.26 1.81989746299
6143.95 1.77013086048
6146.63 1.7541873265
6149.31 1.77878592179
6152.0 1.7755402738
6154.68 1.71694778641
6157.37 1.63335811538
6160.05 1.70271248821
6162.74 1.67503906851
6165.42 1.76272850542
6168.1 1.70880519584
6170.79 1.69901131068
6173.47 1.76301321138
6176.16 1.74422261776
6178.84 1.66718118391
6181.53 1.72230025853
6184.21 1.7581162688
6186.89 1.66655483078
6189.58 1.72093366991
6192.26 1.76944756617
6194.95 1.70054872288
6197.63 1.78294262886
6200.32 1.85514406133
6203.0 1.75936897504
6205.68 1.83692287963
6208.37 1.77770403912
6211.05 1.80378310543
6213.74 1.74604473593
6216.42 1.664846595
6219.11 1.64463247156
6221.79 1.77240850819
6224.47 1.6371731753
6227.16 1.61673128709
6229.84 1.75595250348
6232.53 1.79991110431
6235.21 1.74985979585
6237.9 1.52317690732
6240.58 1.64406305963
6243.26 1.65584988654
6245.95 1.61388422745
6248.63 1.60289457724
6251.32 1.70060566408
6254.0 1.66262588848
6256.69 1.65357223883
6259.37 1.52778914394
6262.05 1.65044047322
6264.74 1.67446965658
6267.42 1.68027765825
6270.11 1.68198589403
6272.79 1.66017741719
6275.48 1.77337650847
6278.16 1.76694215369
6280.85 1.69599342746
6283.53 1.83117181916
6286.21 1.9296800827
6288.9 2.09674554237
6291.58 2.11479590048
6294.27 2.20914745695
6296.95 2.36983550302
6299.64 2.45501952745
6302.32 2.43964540539
6305.0 2.26432347277
6307.69 2.2110834575
6310.37 2.07841047829
6313.06 1.95405091322
6315.74 1.85115817783
6318.43 1.82707205328
6321.11 1.72850684855
6323.79 1.83572711458
6326.48 1.79461557338
6329.16 1.78146215785
6331.85 1.76665744772
6334.53 1.71911155174
6337.22 1.79569745605
6339.9 1.71569508017
6342.58 1.7913129842
6345.27 1.7573760333
6347.95 1.85019017755
6350.64 1.89585701418
6353.32 1.79040192512
6356.01 1.74963203108
6358.69 1.90582172292
6361.37 2.00450081003
6364.06 1.90240525135
6366.74 1.95313985413
6369.43 1.90029842722
6372.11 1.86038265107
6374.8 1.91128807743
6377.48 1.8664184175
6380.16 1.88327301057
6382.85 1.84535017617
6385.53 1.75606638586
6388.22 1.8237125229
6390.9 1.85912994482
6393.59 1.8711445365
6396.27 1.70544566546
6398.95 1.66513130096
6401.64 1.70111813481
6404.32 1.70618590097
6407.01 1.75042920777
6409.69 1.66592847766
6412.38 1.72474872982
6415.06 1.66034824077
6417.74 1.73260661443
6420.43 1.70174448793
6423.11 1.70089037004
6425.8 1.73716190985
6428.48 1.72622920084
6431.17 1.70891907823
6433.85 1.70738166602
6436.53 1.75077085493
6439.22 1.73334684994
6441.9 1.75794544522
6444.59 1.73659249792
6447.27 1.68477601248
6449.96 1.76232991707
6452.64 1.65209176781
6455.32 1.68955907267
6458.01 1.70419295922
6460.69 1.70442072399
6463.38 1.74120473454
6466.06 1.64480329514
6468.75 1.81329228462
6471.43 1.73955343995
6474.11 1.82821087714
6476.8 1.79956945716
6479.48 1.80429557616
6482.17 1.80566216479
6484.85 1.74433650015
6487.54 1.72850684855
6490.22 1.65545129819
6492.9 1.71375907961
6495.59 1.58040280608
6498.27 1.66934494923
6500.96 1.65989271123
6503.64 1.74200191124
6506.33 1.7359661448
6509.01 1.67264753841
6511.69 1.80133463413
6514.38 1.86795582971
6517.06 1.85673841473
6519.75 1.78379674675
6522.43 1.80036663386
6525.12 1.88640477617
6527.8 1.99664292543
6530.48 2.01400998923
6533.17 2.13370037649
6535.85 2.215069341
6538.54 2.30919313269
6541.22 2.67680547339
6543.91 2.90217871448
6546.59 3.11462630481
6549.27 3.32217695255
6551.96 3.51776994981
6554.64 3.90064253018
6557.33 4.30139464508
6560.01 4.600848378
6562.7 4.74303053642
6565.38 4.81084749704
6568.06 4.4712502232
6570.75 4.22788356518
6573.43 4.13170989055
6576.12 4.22856685949
6578.8 4.62015144236
6581.49 5.00399202301
6584.17 5.13125558891
6586.85 4.95035341939
6589.54 4.42518479822
6592.22 3.88526840812
6594.91 3.347117195
6597.59 2.87484694194
6600.28 2.45359599763
6602.96 2.23203781645
6605.64 2.08535730381
6608.33 1.97039303555
6611.01 1.91669749074
6613.7 1.82923581861
6616.38 1.789775572
6619.07 1.82433887602
6621.75 1.75623720944
6624.43 1.7170047276
6627.12 1.7778748627
6629.8 1.77331956728
6632.49 1.76694215369
6635.17 1.69047013176
6637.86 1.62897364354
6640.54 1.68517460083
6643.22 1.74496285327
6645.91 1.75003061942
6648.59 1.80981887186
6651.28 1.81209651957
6653.96 1.74445038253
6656.65 1.67634871595
6659.33 1.65100988515
6662.01 1.61667434589
6664.7 1.5873496316
6675.7 1.75111250209
6691.08 1.7430837939
6706.51 1.73112614342
6721.97 1.6609176527
6737.46 1.7312400258
6752.99 1.69969460499
6768.56 1.73533979168
6784.17 1.75544003274
6799.8 1.70373742968
6815.48 1.71951014009
6831.19 1.75156803163
6846.94 1.66125929985
6862.72 1.68830636643
6878.54 1.66900330207
6894.4 1.67674730429
6910.29 1.68454824771
6926.22 1.68847719001
6942.19 1.73579532123
6958.19 1.71996566963
6974.24 1.77223768462
6990.31 1.77229462581
7006.42 1.70823578391
7022.58 1.66940189042
7038.77 1.76426591762
7054.99 1.83054546604
7071.25 1.68107483495
7087.56 1.74422261776
7103.89 1.63916611705
7120.27 1.63540799832
7136.69 1.56542727238
7153.14 1.61308705075
7169.63 1.61684516947
7186.16 1.60574163688
7202.72 1.59839622301
7219.32 1.65841224021
7235.96 1.67384330346
7252.65 1.65089600277
7269.37 1.63580658667
7286.12 1.67008518474
7302.92 1.72486261221
7319.75 1.71301884411
7336.63 1.73294826159
7353.54 1.75304850264
7370.49 1.70533178308
7387.48 1.81055910737
7404.52 1.78988945438
7421.58 1.71728943357
7438.69 1.76136191679
7455.84 1.76956144855
7473.03 1.79837369211
7490.25 1.76557556506
7507.52 1.7984875745
7524.83 1.82775534759
7542.17 1.83202593705
7559.56 1.79860145688
7576.99 1.76990309571
7594.45 1.75373179696
7611.96 1.7217877878
7629.51 1.74177414647
7647.1 1.72184472899
7664.72 1.69047013176
7682.39 1.65584988654
7700.1 1.66740894868
7717.85 1.67896801081
7735.64 1.6522056502
7753.48 1.63335811538
7771.35 1.67526683328
7789.26 1.64474635394
7807.22 1.63723011649
7825.22 1.71444237393
7843.26 1.62606964271
7861.34 1.67936659916
7879.46 1.67942354036
7897.63 1.7067553129
7915.83 1.66029129958
7934.08 1.63757176365
7952.37 1.56753409651
7970.7 1.6490169434
7989.08 1.66051906435
8007.49 1.62652517225
8025.95 1.71501178585
8044.45 1.74291297033
8063.0 1.72304049404
8081.58 1.66843389015
8100.21 1.63051105574
8118.89 1.70345272372
8137.6 1.72326825881
8156.36 1.68016377586
8175.17 1.664846595
8194.01 1.60095857668
8212.9 1.69587954507
8231.83 1.68039154063
8250.81 1.70778025437
8269.83 1.75566779751
8288.89 1.69217836754
8308.0 1.67287530318
8327.15 1.67293224438
8346.35 1.63113740886
8365.59 1.67691812787
8384.87 1.6387675287
8404.2 1.66928800804
8423.58 1.65784282829
8443.0 1.56514256641
8462.46 1.64656847211
8481.96 1.64281035339
8501.52 1.65425553314
8521.12 1.60551387211
8540.76 1.61673128709
8560.45 1.59458116309
8580.18 1.63552188071
8599.96 1.61684516947
8619.79 1.58376233646
8639.66 1.63569270429
8659.57 1.56935621468
8679.53 1.5478324438
8699.55 1.50222254837
8719.6 1.60232516531
8739.7 1.6134856391
8759.85 1.55517785767
8780.04 1.62105881774
8800.28 1.59885175255
8820.57 1.62863199638
8840.9 1.64753647239
8861.28 1.63250399749
8881.71 1.54834491454
8902.18 1.55557644602
8922.7 1.57727104048
8943.27 1.57003950899
8963.89 1.53080702716
8984.55 1.5099096094
9005.26 1.58473033673
9026.03 1.39306628178
9046.83 1.64053270568
9067.69 1.65960800526
9088.59 1.49630066432
9109.54 1.49977407708
9130.54 1.58871622023
9151.59 1.5383802058
9172.69 1.55984703548
9193.83 1.53143338028
9215.02 1.55631668153
9236.27 1.47950301245
9257.56 1.4932827811
9278.9 1.61490916892
9300.29 1.52112702438
9321.73 1.60762069624
9343.22 1.6039764599
9364.76 1.57835292314
9386.35 1.60409034229
9407.98 1.57123527404
9429.67 1.62652517225
9451.41 1.60426116586
9473.2 1.64924470817
9495.03 1.65311670928
9516.92 1.60073081191
9538.86 1.61559246323
9560.85 1.56081503576
9582.89 1.64577129541
9604.98 1.62322258307
9627.12 1.63455388043
9649.31 1.60847481413
9671.56 1.60853175532
9693.85 1.63472470401
9716.2 1.59754210511
9738.6 1.57567668708
9761.05 1.57214633313
9783.55 1.56497174283
9806.1 1.60887340248
9828.7 1.5905383384
9851.37 1.60528610733
9874.08 1.59429645712
9896.84 1.59435339832
9919.65 1.5834206893
9942.52 1.61291622717
9965.44 1.61673128709
9988.42 1.60932893202
10034.52 1.62811952565
10080.83 1.60591246046
10127.36 1.66627012482
10174.12 1.65493882745
10221.07 1.68580095395
10268.25 1.70943154896
10291.92 1.71341743246
10507.43 1.64804894313
10702.78 1.55944844713
10901.75 1.54515620774
11104.44 1.43537358803
11310.89 1.4553599467
11494.67 1.48240701328
11708.37 1.4553599467
11898.62 1.34887991617
12091.95 1.3708022754
12288.43 1.3676135686
12488.1 1.31511378884
12691.02 1.29114154667
12897.23 1.27633683655
13106.79 1.26175989119
13289.12 1.21330293612
13505.05 1.17754386704
13692.93 1.15869633223
13915.42 1.09890807979
14109.0 1.03029394247
14305.28 1.02323323456
14504.29 1.04225159296
14706.06 0.999944286709
14910.65 1.02795935357
15083.31 1.04948312444
15293.14 1.08387560489
15505.89 1.07391089615
15685.43 1.04948312444
15903.64 1.00455652333
16087.8 1.00222193442
16311.6 1.00455652333
16500.48 1.00222193442
16691.54 1.01383793775
16884.82 1.01850711556
17080.34 1.01150334885
17317.95 0.97716780959
17518.49 0.94397109419
17680.58 0.893236491407
17885.31 0.843299065324
18092.42 0.790628461987
18301.9 0.76910469111
18513.84 0.739552212048
18685.15 0.698212906078
18901.52 0.685458078891
19120.37 0.682269372094
19297.3 0.668318779859
19520.76 0.64411877292
19701.37 0.619406295246
19883.67 0.599761583731
20113.92 0.59423828803
20300.01 0.57937663671
20487.86 0.57937663671
20677.44 0.572771458346
20916.85 0.566200444697
21110.4 0.563598232186
21305.75 0.555865618204
21502.87 0.549505286969
21701.84 0.534529753263
21902.63 0.527195727631
22105.31 0.514008147379
22309.85 0.502306732259
22516.27 0.492586870649
22724.62 0.482052749981
22882.13 0.433817865563
23093.86 0.430464029307
23307.53 0.378943638064
23523.2 0.355808431431
23686.27 0.360961609379
23905.42 0.33352164857
24126.63 0.319001644407
24293.85 0.310488936084
24518.65 0.283618387203
24688.6 0.273528407839
24855.73 0.242785857848
24950.22 0.231260960426
25044.61 0.225191029274
25139.09 0.223733334738
25233.48 0.221432910549
25327.97 0.220157427831
25422.46 0.220891969218
25516.85 0.221996628358
25611.34 0.224536205557
25705.82 0.227292159288
25800.21 0.225168252797
25894.7 0.221945381284
25989.09 0.218620015625
26083.57 0.219929663059
26178.06 0.223129758095
26272.45 0.222110510743
26366.94 0.219622180618
26461.43 0.215602132407
26555.81 0.211081001699
26650.3 0.205261611795
26744.69 0.198371727466
26839.18 0.194653467577
26933.66 0.19415238508
27028.05 0.197221515372
27122.54 0.196008667965
27217.03 0.197500527217
27311.42 0.190781466467
27405.9 0.188896712985
27500.29 0.184694452957
27594.78 0.189853325024
27689.27 0.195046361807
27783.66 0.205216058841
27878.14 0.206941376982
27972.63 0.207009706414
28067.02 0.192916761196
28161.51 0.183635346771
28255.9 0.174205885243
28350.38 0.170003625215
28444.87 0.165436941553
28539.26 0.162384893619
28633.75 0.157254492148
28728.23 0.157385456891
28822.62 0.156115668292
28917.11 0.152608090815
29011.5 0.146788700912
29105.99 0.14482422976
29200.47 0.146384418443
29294.86 0.150478490205
29389.35 0.14870192499
29483.84 0.144459806126
29578.23 0.143588605876
29672.71 0.144926723907
29767.1 0.145832088873
29861.59 0.144277594309
29956.07 0.140183522547
30050.46 0.138606251507
30144.95 0.136379850868
30239.44 0.137347851146
30333.83 0.134671615084
30428.32 0.135167003462
30522.7 0.135668085958
30617.19 0.140263240217
30711.68 0.141675381798
30806.07 0.141402064073
30900.55 0.141544417055
30995.04 0.138811239801
31089.43 0.133868744266
31183.92 0.131181119966
31278.31 0.128800978107
31372.79 0.129899943128
31467.28 0.131181119966
31561.67 0.136653168594
31656.16 0.137427568816
31750.64 0.139494534114
31845.03 0.139238298747
31939.52 0.145541688789
32033.91 0.15185646707
32128.4 0.159070916198
32222.88 0.16166174047
32317.27 0.169149507323
32411.76 0.177895674537
32506.25 0.190365795759
32600.64 0.191094643027
32695.12 0.193901843832
32789.51 0.197477750739
32884.0 0.201537657786
32978.49 0.20079742228
33072.88 0.191766549102
33167.36 0.175748991568
33261.85 0.160579857807
33356.24 0.151474961079
33450.73 0.146515383186
33545.12 0.141094581632
33639.6 0.139784934197
33734.09 0.137581310036
33828.48 0.141675381798
33922.96 0.141202769898
34017.45 0.14332098227
34111.84 0.141669687679
34206.33 0.141487475862
34300.72 0.136004038996
34395.2 0.134899379856
34489.69 0.13502465048
34584.08 0.136180556693
34678.57 0.131818861325
34773.06 0.136966345154
34867.44 0.136493733254
34961.93 0.133299332338
35056.32 0.127280648259
35150.81 0.123596553085
35245.3 0.122110387953
35339.69 0.121039893529
35434.17 0.116849021739
35528.66 0.115288833056
35623.05 0.11114920834
35717.53 0.109270148978
35811.92 0.10806868981
35906.41 0.109543466703
36000.9 0.109179043069
36095.29 0.109583325538
36189.77 0.105193159573
36284.26 0.104208076938
36378.65 0.100654946507
36473.14 0.100546758241
36567.53 0.0980356516387
36662.01 0.0991061460633
36756.5 0.098428545869
36850.89 0.0994534873393
36945.38 0.097859133941
37039.87 0.0997381933033
37134.25 0.100039981625
37228.74 0.101013676022
37323.13 0.099345299073
37417.61 0.0955700979906
37512.1 0.093298144398
37606.49 0.0925977677266
37700.98 0.0934974385728
37795.47 0.0957636980461
37889.86 0.0976883103626
37984.34 0.0992484990453
38078.73 0.0984968753003
38173.22 0.0978021927482
38267.71 0.0948070860071
38362.1 0.0924212500289
38456.58 0.0893578138564
38551.07 0.0882987076704
38645.46 0.0866360248407
38739.95 0.0839370123021
38834.34 0.0820750352977
38928.82 0.0826387531064
39023.31 0.0837149416502
39117.7 0.0839427064214
39212.19 0.085685106921
39306.67 0.0877065192653
39401.06 0.0873364015121
39495.55 0.0872794603193
39589.94 0.0855655304161
39684.42 0.0832366356307
39778.92 0.081471458654
39873.3 0.0804351289451
39967.79 0.0798771052557
40062.28 0.0792393638964
40156.66 0.0808223290561
40251.15 0.0836124475032
40345.54 0.0876951310267
40440.03 0.088799790167
40534.52 0.0847057184049
40628.9 0.0795753169339
40723.39 0.0745018566557
40817.88 0.0727480679175
40912.27 0.0699978083054
41006.75 0.0705558319948
41101.14 0.0711366321614
41195.63 0.0741203506639
41290.12 0.0755438804839
41384.5 0.0777361164065
41479.0 0.0821148941326
41573.48 0.0888054842863
41667.87 0.0920454381564
41762.36 0.0915557438984
41856.75 0.0857762128295
41951.23 0.0819611529121
42045.72 0.0775539045896
42140.11 0.0738868917735
42234.6 0.0692234080834
42329.08 0.0663592660857
42423.47 0.0640816183738
42517.96 0.063455265253
42612.35 0.0627378062238
42706.83 0.0636090064736
42801.33 0.0640360654196
42895.71 0.0629826533528
42990.2 0.0616046764871
43084.69 0.0615648176522
43179.08 0.0620374295524
43273.56 0.064696583256
43367.95 0.0659151247819
43462.44 0.06561333646
43556.93 0.0652830775418
43651.32 0.0653627952117
43745.8 0.0661371954338
43840.29 0.0679308430069
43934.68 0.0693999257811
44029.17 0.0701230789296
44123.55 0.0649699009814
44218.04 0.0625555944068
44312.53 0.0615306529365
44406.92 0.0605911232553
44501.41 0.0599647701346
44595.89 0.0597825583176
44690.28 0.0603747467227
44784.77 0.0594807699958
44879.16 0.0565710750439
44973.65 0.0557773148163
45068.13 0.0533220105829
45162.52 0.0528915351653
45257.01 0.0528795775148
45351.5 0.0543509379367
45445.88 0.0547261803973
45540.37 0.0551811405277
45634.76 0.0543685897065
45729.25 0.0541966273042
45823.73 0.0548611310242
45918.12 0.0565739221035
46012.61 0.0569525810356
46107.1 0.0587348403702
46201.49 0.0593896640873
46295.98 0.0638652418412
46390.36 0.0684888666963
46484.85 0.0777645870029
46579.34 0.0878147075316
46673.73 0.0957864745232
46768.21 0.0929280266448
46862.7 0.0880196958257
46957.09 0.0784251048394
47051.58 0.0724405854764
47145.96 0.0664788425906
47240.46 0.0625043473333
47334.94 0.0593782758488
47429.33 0.0585924873882
47523.82 0.0575219929636
47618.3 0.0564150561756
47712.69 0.0550137334209
47807.18 0.0542706508549
47901.57 0.0540816060948
47996.06 0.0534848623943
48090.54 0.0522577796895
48184.93 0.0506360945186
48279.42 0.0471883052948
48373.91 0.0458308272585
48858.63 0.0492137035226
49347.22 0.0526239115592
49840.69 0.0560677148995
50339.1 0.0595490994272
50842.49 0.0630623710227
51350.91 0.066609807334
51864.42 0.0701914083609
52082.74 0.0717174323279
52385.19 0.0769560220652
52687.65 0.071842702952
52990.09 0.0824166824545
53292.54 0.103843653304
53594.99 0.0892439314708
53897.44 0.057692816542
54199.89 0.055115658156
54502.34 0.0605512644204
54804.79 0.0954334391279
55107.24 0.115379938965
55409.69 0.0883499547439
55712.15 0.058649428581
56014.59 0.0653172422575
56317.04 0.0784706577936
56619.48 0.0772464221485
56921.94 0.0780891518019
57224.4 0.0783510812887
57526.84 0.0755097157682
57829.29 0.0719565853376
58131.74 0.0694739493317
58434.19 0.0655848658636
58736.63 0.0666155014533
59039.09 0.0673955957946
59341.54 0.0686824667518
59643.99 0.07241211488
59946.44 0.0812209174057
60248.89 0.0895457197927
60551.33 0.096270474662
60853.79 0.117760080824
61156.24 0.142950864517
61458.68 0.155904985878
61761.13 0.18276984064
62063.59 0.195433561918
62366.04 0.183623958532
62668.48 0.160090163549
62970.93 0.137006203989
63273.39 0.11375711497
63575.83 0.11272647938
63878.28 0.103786712111
64180.74 0.0969651572141
64483.18 0.0912767320537
64785.63 0.0861804952983
65088.09 0.0835612004297
65390.53 0.0827924943269
65692.98 0.0803667995138
65995.43 0.0842786594589
66297.88 0.087598330999
66600.33 0.0895684962698
66902.78 0.0872851544386
67205.23 0.0880652487799
67507.69 0.0848139066712
67810.13 0.0851327773509
68112.58 0.087883036963
68415.03 0.0946362624287
68717.48 0.141601358248
69019.93 0.216592909161
69322.38 0.20268786988
69624.83 0.156850209679
69927.28 0.156816044963
70229.72 0.127047189369
70532.18 0.105973253915
70834.62 0.106514195246
71137.07 0.106685018825
71439.54 0.109019607729
71741.98 0.108609631141
72044.42 0.108837395912
72346.88 0.110579796412
72649.33 0.111274478964
72951.77 0.1163650216
73254.22 0.122787988148
73536.88 0.112009020351
73556.68 0.133259473503
73859.13 0.140918063934
74142.97 0.131420272976
74161.57 0.151879243548
74749.08 0.150307666626
75355.18 0.170800801914
75961.29 0.185070264829
76567.39 0.184540711736
77173.5 0.180463722332
77779.6 0.175640803302
78385.7 0.168175812926
78991.82 0.155176138611
79597.92 0.148781642659
80204.02 0.150780278527
80810.13 0.119280410671
81416.23 0.0976826162433
82022.34 0.0904055318039
82628.44 0.0876723545496
83234.55 0.0845405889458
83840.65 0.0824508471701
84446.77 0.0817390822602
85052.86 0.0827355531341
85658.97 0.0822743294725
86265.07 0.0774229398462
86871.17 0.0677827959056
87477.28 0.0580059931024
88083.38 0.0477822019356
88689.48 0.040047879718
89295.6 0.0352522924607
89901.7 0.0330930824298
90507.81 0.0288532412141
91113.91 0.0256377720569
91720.01 0.0244978093771
92326.11 0.0230275877791
92932.21 0.0220089098399
93538.33 0.0218358086138
94144.43 0.0211394178259
94750.53 0.0212743684528
95356.65 0.0218887639231
95962.75 0.0403251833269
96568.85 0.0720932442004
97174.96 0.0452278200268
97781.02 0.0212851872795
98387.18 0.0177269321416
98993.24 0.0175953979862
99599.41 0.0175469979723
100205.47 0.0183458829073
100811.62 0.0182804005356
101417.7 0.0182644570016
102023.76 0.0186824053567
102629.92 0.0192552337563
103235.98 0.0193247020115
103842.15 0.0205580482474
104448.21 0.0223522652325
105054.27 0.0255392637933
105660.43 0.0269132547755
106266.5 0.0261861157435
106872.66 0.026166186326
107478.72 0.0261024121901
108084.88 0.0261946569224
108690.95 0.0268682712332
109297.01 0.0296566814445
109903.17 0.0336459814119
110509.23 0.038435305138
111115.4 0.0525481797728
111721.46 0.0875243074484
112327.62 0.11534008013
112933.68 0.107561913194
113539.74 0.0932070384895
114145.91 0.0792108933
114751.97 0.0681130548238
115358.13 0.0609669351278
115964.19 0.0561713478704
116570.36 0.0530139587298
117176.42 0.051874565462
117782.48 0.0526871162832
118388.65 0.0543577708799
118994.71 0.0586722050581
119600.87 0.0619804883596
120206.93 0.0628061356552
120813.01 0.0627435003431
121419.16 0.0633243005096
122025.22 0.071882561787
122631.38 0.0898702845916
123237.45 0.0840850594034
123843.61 0.0734199739925
124449.68 0.0736648211216
125055.74 0.0774741869197
125661.9 0.0823597412617
126267.96 0.0869378131625
126874.12 0.0948811095577
127480.18 0.127257871782
128086.25 0.171637837448
128692.41 0.127861448426
129298.48 0.0795867051724
129904.64 0.0687849608988
130510.69 0.0644745126041
131116.85 0.0637912182905
131722.92 0.0640075948232
132328.99 0.0634780417302
132935.15 0.0639164889147
133541.21 0.0641613360437
134147.37 0.0648958774308
134753.44 0.0659094306626
135359.6 0.0667236897196
135965.65 0.0666610544075
136571.72 0.0681187489431
137177.89 0.0654994540745
137783.96 0.06426952431
138390.1 0.0633755475831
138996.17 0.0631534769312
139602.33 0.0626182297189
140208.4 0.0601583701901
140814.46 0.0584102755712
141420.63 0.057265757596
141942.16 0.063392629941
142837.14 0.0651976657526
143732.23 0.0727822326332
144627.23 0.0626637826732
145522.21 0.0617868883041
146417.21 0.0608872174579
147312.3 0.0605797350168
148207.29 0.0590707934077
149102.27 0.0615932882486
149997.36 0.0652432187069
150892.36 0.0559065713239
151787.34 0.0588145580401
152682.34 0.058119875488
153577.42 0.0572088164032
154472.42 0.0621456178187
155367.4 0.0901948493905
156262.49 0.0788749402625
157157.49 0.0596515935742
158052.47 0.0577896165697
158947.56 0.0581369578458
159842.55 0.0563968349939
160737.54 0.0563034514377
161632.53 0.0546550039063
162527.64 0.0698554553234
163422.6 0.0630225121878
164317.6 0.0678169606213
165212.6 0.065795548277
166107.68 0.0635235946844
167002.68 0.0631307004541
167897.68 0.0611035939905
168792.77 0.0670197839221
169687.75 0.0931614855353
170582.74 0.123778764902
171477.83 0.0749630803173
172372.81 0.0648047715223
173267.81 0.0656873600107
174162.79 0.0635179005651
175057.88 0.0613996881931
175952.88 0.0591562051969
176847.86 0.060095734878
177742.95 0.0586266521038
178637.94 0.0597654759598
179532.92 0.0601697584286
180428.01 0.0567697998067
181323.01 0.0558017995292
182218.01 0.0561821666971
183112.99 0.0557590936346
184008.08 0.0559230842698
184903.07 0.0554180158897
185798.05 0.0560910607886
186693.16 0.0641043948509
187588.15 0.0653627952117
188483.12 0.0601242054744
189378.12 0.0577782283312
190273.22 0.0588202521594
191168.2 0.0588259462786
192063.2 0.0605398761818
192958.29 0.0605911232553
193853.27 0.060340582007
194748.27 0.0617527235884
195643.26 0.0639734301075
196538.35 0.0637912182905
197433.33 0.0651350304406
198328.33 0.0641955007594
199223.42 0.0673443487211
200640.72 0.0624929590948
202353.77 0.0731580445057
204067.81 0.0709999732986
205782.84 0.0681415254202
207498.73 0.0756520687502
209215.5 0.0742797860038
210933.24 0.0716946558508
212651.89 0.0762784218709
214371.48 0.0679763959611
216092.07 0.0770243514966
217813.52 0.0748093390968
219535.96 0.080412352468
221259.28 0.0838629887515
222983.55 0.0808849643682
224708.82 0.078111928279
226434.97 0.0819668470314
228162.09 0.0851783303051
229890.19 0.0856395539668
231619.17 0.0830202590981
233349.22 0.0845975301386
235080.05 0.0886061901115
236811.94 0.0922675088083
238544.83 0.0910148025668
240278.59 0.0908781437041
242013.31 0.0953878861736
243749.02 0.10798897214
245485.61 0.100136781653
247223.27 0.100865628921
248961.82 0.0984740988232
250701.44 0.101474899684
252441.91 0.116194198022
254183.4 0.10482304182
255925.84 0.105540500849
257669.26 0.107254430753
259413.65 0.112925773555
261159.05 0.111815420296
262905.39 0.108330619296
264652.71 0.111189067175
266401.0 0.129193872337
268150.28 0.109759843236
269900.64 0.109298619574
271651.87 0.111166290698
273404.07 0.114463185761
275157.34 0.103018006008
276911.61 0.115009821211
278666.74 0.114588456385
280422.93 0.115004127092
282180.14 0.118631281073
283938.41 0.118705304624
285697.62 0.120738105207
287457.75 0.116700974638
289219.01 0.120464787481
290981.19 0.120641305179
292744.4 0.121005728813
294508.62 0.118636975193
296273.81 0.127018718772
298040.07 0.123186576497
299807.31 0.124046388508
301575.52 0.122975894084
303344.81 0.136510815612
305115.19 0.121757352558
306886.51 0.120590058106
308658.84 0.124302623876
310432.12 0.128516272143
312206.59 0.125982389063
313981.94 0.12687636579
315758.42 0.131380414141
317535.82 0.123602247205
319314.37 0.129273590007
321093.93 0.126574577469
322874.41 0.126995942295
324656.01 0.130104931422
326438.69 0.142227711368
328222.4 0.140844040384
330007.14 0.131904273114
331792.9 0.140775710952
333579.66 0.139243992866
335367.52 0.132211755555
337156.53 0.134050956083
338946.4 0.138987757498
340737.47 0.13842403969
