100.07 1.33517353974e-05
101.93 1.76415706229e-05
104.07 2.13568976007e-05
106.0 2.6274822154e-05
107.97 3.30781309633e-05
109.98 4.66155396869e-05
114.11 6.56963576558e-05
118.12 8.72032078626e-05
120.87 0.00031661953249
125.11 0.000390434912145
126.85 0.000421244033202
128.03 0.00044516947383
131.01 0.000489262237662
131.92 0.00057748497441
134.06 0.000613094067226
136.87 0.000770079190102
140.06 0.00083664624031
142.99 0.00236887908575
147.0 0.00603308078292
151.11 0.00640517161694
154.99 0.00686358752446
158.97 0.00738823560044
161.92 0.00775437298112
166.08 0.00840515984984
169.94 0.0088825523899
173.1 0.00932273584655
177.14 0.00982952356249
180.01 0.0102220793924
182.1 0.0105327752388
185.91 0.0110544465881
191.12 0.0117636517178
193.78 0.0122615092537
197.84 0.0127802038763
201.98 0.0134135024758
204.79 0.0138529417508
210.04 0.0139169413743
215.93 0.0154008396204
219.94 0.0160523706708
223.0 0.0163132063454
227.15 0.0170428764709
229.78 0.0259142661358
234.05 0.0443122974243
240.05 0.0538936364005
246.21 0.0506452834194
251.95 0.0531531756408
257.22 0.0446211328165
260.2 0.0509950488034
263.82 0.0531531756408
268.72 0.0526657366482
273.72 0.0519438804302
278.81 0.0514676041626
283.99 0.0509950488034
289.94 0.0480332057646
296.01 0.0483643666068
300.82 0.0473746049883
307.83 0.0472666986465
317.91 0.0471550713963
328.33 0.0460834497943
338.3 0.0447253182501
347.78 0.0432071876472
356.7 0.0421244033202
365.85 0.0412611525853
375.24 0.040044415558
384.86 0.0376295460452
394.74 0.0375439651533
404.86 0.0366048078883
414.29 0.0355253723787
421.99 0.0343194259857
429.84 0.0333839896289
440.86 0.0323250191153
451.13 0.0310840961838
459.52 0.0300288465785
470.22 0.0290093176933
480.07 0.0282189967618
490.12 0.0270108178237
500.39 0.0263961237659
506.18 0.0256768721837
512.04 0.0259142661358
520.36 0.0252660839029
530.04 0.0242402294735
539.89 0.0230432132605
549.93 0.0222097297922
560.15 0.0219049873992
570.57 0.0215544778335
579.84 0.020632064656
590.62 0.0201621139326
600.21 0.0191663988607
609.97 0.0167318085337
619.88 0.0184307752819
629.95 0.0176825006146
640.19 0.0173997115808
650.59 0.0167701338896
658.12 0.0162008349135
665.74 0.0161264167467
675.0 0.0157595351844
684.39 0.0149122843553
695.51 0.0148776799077
705.19 0.0140133129003
716.65 0.0140780567054
726.62 0.0137256866856
735.03 0.0134443860151
745.26 0.0129878305617
755.62 0.0126339721786
764.37 0.0113643982529
775.01 0.0120099758499
785.79 0.0114693278681
794.89 0.0113643982529
804.09 0.0111567715675
815.28 0.0109030056187
824.72 0.0107039370225
834.27 0.00982952356249
845.87 0.0101751959473
855.67 0.00989798827595
865.58 0.00971715213062
875.6 0.00956161816199
885.74 0.00936552629246
896.0 0.00919473659964
904.29 0.00894431946834
914.76 0.0100356618845
925.35 0.0163132063454
936.06 0.0233100023885
944.73 0.0309412133035
955.67 0.0365207153598
964.51 0.0394044193235
975.68 0.0184307752819
984.7 0.0342405427288
996.11 0.0339264980649
1005.32 0.0421244033202
1014.62 0.0414509189106
1024.01 0.0241289743142
1035.87 0.034477936681
1045.46 0.0500648217183
1055.13 0.0487029692658
1064.89 0.0409783635514
1074.75 0.0457671725853
1084.69 0.0374583842615
1094.73 0.0467234460288
1104.86 0.0448257827752
1115.08 0.0434043957893
1125.4 0.0391327930146
1135.81 0.0462955415697
1143.68 0.0433039312641
1154.27 0.0443122974243
1164.95 0.0444164828578
1175.72 0.0323994372821
1183.87 0.0425150986959
1194.83 0.0340046371401
1205.88 0.0279600215413
1214.24 0.0203020200862
1225.48 0.0330781309633
1233.97 0.0423178905539
1245.39 0.044516947383
1254.02 0.0430062585969
1265.63 0.0393151175233
1274.4 0.0461876352278
1286.19 0.0473746049883
1295.11 0.0394937211236
1304.08 0.0393151175233
1316.15 0.0459755434524
1325.27 0.0440071829404
1334.46 0.0401374382665
1343.71 0.0451383390758
1356.14 0.04380625389
1365.54 0.0399513928495
1375.01 0.0408816199346
1384.54 0.0406955745175
1394.14 0.0339264980649
1403.8 0.0340046371401
1413.53 0.0378044287372
1426.61 0.0377188478453
1436.5 0.0379793114291
1443.13 0.0391327930146
1446.46 0.0394044193235
1456.48 0.0381541941211
1466.58 0.0356894644365
1473.35 0.0356894644365
1483.56 0.0360195090063
1493.85 0.0360195090063
1504.2 0.034161659472
1511.14 0.0311559097148
1518.12 0.0326241801458
1525.13 0.0318814868411
1535.7 0.0278960219178
1546.34 0.0280891370607
1553.48 0.0271354682531
1564.25 0.0284798324364
1575.09 0.0300980554736
1586.01 0.0309412133035
1593.33 0.0312995367767
1604.37 0.0305170297527
1615.5 0.0303067984315
1626.69 0.0291432703935
1634.2 0.0305873549204
1645.53 0.0307283773465
1653.12 0.0290762940434
1664.58 0.0307990746049
1672.27 0.0279600215413
1676.12 0.0313717223985
1683.86 0.0319551608262
1695.53 0.0302372174455
1703.36 0.0292779672754
1715.16 0.0278960219178
1723.08 0.027640023424
1735.02 0.0292106188345
1743.03 0.0286115525917
1755.12 0.0300980554736
1763.22 0.0280247653464
1775.44 0.0282841126577
1783.63 0.028942713434
1796.0 0.030657680088
1804.29 0.0302372174455
1816.79 0.0279600215413
1825.18 0.0286115525917
1833.6 0.0277036509567
1846.31 0.0252660839029
1854.84 0.0260340793844
1863.4 0.0271354682531
1876.32 0.0285456925141
1884.98 0.0267016103406
1893.68 0.0265791924562
1906.8 0.0275763958914
1915.6 0.026886911576
1924.45 0.0256768721837
1933.33 0.0249769693249
1946.73 0.0284798324364
1955.72 0.0270108178237
1964.74 0.0300980554736
1973.81 0.0297534993613
1982.92 0.0301676364596
1996.67 0.0299600097742
2005.88 0.0300288465785
2015.14 0.0297534993613
2024.44 0.0288761091747
2033.79 0.0303067984315
2043.18 0.0322506009485
2057.34 0.0301676364596
2066.83 0.0300980554736
2076.37 0.0330781309633
2085.96 0.059367092569
2095.59 0.054894560744
2105.26 0.053275965616
2114.98 0.0584182609423
2124.74 0.0531531756408
2134.55 0.0502955180354
2144.4 0.0614508012396
2154.3 0.0617373111818
2164.24 0.0545187490017
2174.23 0.0551475825112
2184.27 0.0670730937417
2194.35 0.0661503084733
2204.48 0.0644982251703
2214.65 0.0509950488034
2224.87 0.0581503555418
2235.15 0.075430253874
2245.46 0.0718693445923
2255.83 0.0559178105376
2266.24 0.0525466675813
2276.7 0.0578824501413
2287.21 0.0764795500259
2292.48 0.0634638126517
2303.06 0.0769967562852
2313.69 0.0644796206286
2324.37 0.0514489996209
2335.1 0.0467011205787
2345.88 0.0340619391285
2356.71 0.0591847680604
2367.58 0.0370818283375
2373.04 0.046146705236
2384.0 0.0306956333531
2395.0 0.0368150392095
2406.05 0.03664127279
2417.16 0.0425523077793
2422.73 0.0699642395221
2433.92 0.0710953956576
2445.15 0.0844832238659
2456.44 0.0903064454184
2467.78 0.0763232718756
2473.46 0.0681782035188
2484.88 0.0427160277463
2496.35 0.0515829523212
2507.87 0.080810687334
2513.65 0.0365958777082
2519.45 0.0306483778171
2525.26 0.0332946878287
2536.91 0.0531271292824
2542.76 0.0565317604137
2554.5 0.105011475179
2566.29 0.0762376909838
2572.21 0.0982059338248
2584.08 0.0859194944852
2596.01 0.0765651309178
2607.99 0.0657596130976
2614.0 0.0595568588944
2626.07 0.0818227744026
2632.12 0.148200058285
2644.27 0.20266671457
2656.48 0.28689319576
2662.6 0.174458508442
2674.89 0.201200676683
2687.24 0.234729781738
2693.43 0.16964365305
2705.86 0.213048048839
2712.1 0.151161901324
2724.62 0.118682092421
2737.19 0.152516311959
2743.5 0.0822804461284
2756.17 0.113822586129
2762.52 0.151772130291
2775.27 0.162231603636
2788.08 0.0944217700427
2794.51 0.0435532321229
2807.41 0.052356901256
2813.88 0.141885676831
2826.87 0.215712219211
2833.39 0.206938317344
2846.46 0.148516335494
2853.03 0.083512066789
2866.2 0.212657353463
2872.8 0.290833637692
2886.06 0.257382671713
2892.72 0.318085570376
2912.77 0.432964894474
2932.96 0.374397797198
2953.29 0.34693005183
2966.92 0.368276902978
2987.48 0.373318733779
3008.19 0.379272187124
3029.04 0.403532509502
3050.04 0.421467287702
3071.18 0.458825207439
3092.47 0.450341536423
3106.75 0.520555076804
3128.28 0.483457620651
3149.96 0.481113448397
3171.8 0.531048038323
3186.44 0.455067090015
3208.53 0.509280724533
3230.77 0.422509142038
3253.16 0.600815069704
3268.18 0.704144694313
3290.83 0.687958743033
3313.64 0.647810142041
3321.28 0.615735912148
3328.94 0.686061079779
3336.61 0.687586652199
3344.3 0.641633434196
3352.01 0.591884889687
3359.74 0.706637702901
3367.49 0.673223946005
3375.25 0.48431342957
3383.03 0.53101082924
3390.83 0.691902905873
3398.64 0.663772838821
3406.48 0.685428525361
3414.33 0.671326282752
3422.2 0.756646710994
3430.09 0.691605233206
3438.0 0.710916747492
3445.92 0.435271857645
3453.87 0.727325953273
3461.83 0.587084917928
3469.81 0.639214843775
3477.81 0.554117670033
3485.82 0.633261390431
3493.86 0.561745532131
3501.92 0.649372923544
3509.99 0.720181809259
3518.08 0.633000926847
3526.19 0.564126913468
3534.32 0.706860957401
3542.47 0.81149289993
3550.63 0.782060514958
3558.82 0.721446918095
3567.02 0.746711885726
3575.24 0.578266365162
3583.49 0.471066995878
3591.75 0.49547615459
3600.03 0.788869777221
3608.33 0.645577597037
3616.64 0.698079613718
3624.98 0.690042451703
3633.34 0.710916747492
3641.71 0.856627518097
3650.11 0.702656330977
3658.52 0.934766593243
3666.96 0.928255003647
3675.41 0.954152525696
3683.88 0.768367572266
3692.37 0.819455643778
3700.89 0.921482950468
3709.42 0.640405534444
3717.97 1.0101894053
3726.54 0.692386623958
3735.13 0.736739851374
3743.74 0.81521380827
3752.37 0.479997175895
3761.02 0.73822821471
3769.69 0.70980047499
3778.38 0.889408720575
3787.09 1.01402194089
3795.82 0.765614100094
3804.57 0.786972113967
3813.34 0.905557462772
3822.13 0.685279689028
3830.94 0.510322578868
3839.77 0.497485445094
3848.62 0.774023352943
3857.5 0.758060656163
3866.39 0.784627941713
3875.3 0.631847445261
3884.24 0.70235865831
3884.89 0.785855841465
3886.66 0.574284993237
3888.43 0.656405440307
3890.19 0.798358093489
3891.96 0.914376015538
3893.73 0.917910878461
3895.5 0.897408673507
3897.27 0.945333972929
3899.04 1.12103526476
3900.81 1.01740796748
3902.58 0.772981498608
3904.35 0.745818867724
3906.12 0.762004819004
3907.89 0.980533765828
3909.66 1.03876598135
3911.43 1.0173707584
3913.2 0.978561684408
3914.97 0.905259790105
3916.74 0.828274196544
3918.51 0.855808918262
3920.28 0.915641124374
3922.05 0.896999373589
3923.81 0.794934857816
3925.58 0.676163463594
3927.35 0.665782129325
3929.12 0.540387518258
3930.89 0.387160512805
3932.66 0.329367364464
3934.43 0.401262755415
3936.2 0.480369266729
3937.97 0.527996893484
3939.74 0.589243044765
3941.51 0.750432794066
3943.28 0.81543706277
3945.05 0.839027621648
3946.82 0.822953297618
3948.59 0.844757820492
3950.36 0.888515702573
3952.13 0.839734594232
3953.9 0.860460053688
3955.67 0.795902293984
3957.44 0.895362173919
3959.2 0.825557933456
3960.97 0.687549443115
3962.74 0.670061173916
3964.51 0.58306633692
3966.28 0.463774015531
3968.05 0.405727845423
3969.82 0.424109132624
3971.59 0.427830040964
3973.36 0.638135780356
3975.13 0.735623578872
3976.9 0.889483138742
3978.67 1.04460780745
3980.44 0.985966292005
3982.21 0.996496462608
3983.98 1.1254259366
3985.75 1.17275589069
3987.52 1.13975143371
3989.29 1.16181642017
3991.06 1.27132275262
3992.82 1.18551860629
3994.59 1.09350054304
3996.36 1.24233687665
3998.13 1.30730393627
3999.9 1.26187164544
4001.67 1.35210367269
4003.44 1.27050415279
4005.21 1.26875532587
4006.98 1.1989510854
4008.75 1.21003939226
4010.52 1.28025293264
4012.29 1.30581557293
4014.06 1.31188065353
4015.83 1.43281017459
4017.6 1.45346121588
4019.37 1.33759213016
4021.14 1.31024345386
4022.91 1.3141876167
4024.68 1.29279239374
4026.44 1.28456918631
4028.21 1.34700602826
4029.98 1.30034583767
4031.75 1.15802109366
4033.52 1.25725771909
4035.29 1.34830834618
4037.06 1.34830834618
4038.83 1.39883828144
4040.6 1.28226222314
4042.37 1.28382500464
4044.14 1.22045793561
4045.91 1.07965876401
4047.68 1.22525790737
4049.45 1.36040129829
4051.22 1.29576912042
4052.99 1.15798388458
4054.76 1.22644859804
4056.53 1.27571342446
4058.3 1.28267152306
4060.07 1.30972252669
4061.83 1.1987278309
4063.6 1.14667232322
4065.37 1.19355576831
4067.14 1.24229966757
4068.91 1.27281111596
4070.68 1.23381599655
4072.45 1.20892311975
4074.22 1.20963009234
4075.99 1.23184391513
4077.76 1.26231815444
4079.53 1.19467204081
4081.3 1.28829009465
4083.07 1.42596370324
4084.84 1.46488440448
4086.61 1.39414993693
4088.38 1.40121966278
4090.15 1.41710794139
4091.92 1.40512661654
4093.69 1.37015007814
4095.45 1.23813225023
4097.22 1.20963009234
4098.99 1.1895371873
4100.76 1.20933241967
4102.53 1.21082078301
4104.3 1.20784405634
4106.07 1.30261559176
4107.84 1.24349035824
4109.61 1.28073665072
4111.38 1.33736887566
4113.15 1.29919235609
4114.92 1.3478246281
4116.69 1.42287534932
4118.46 1.38257791199
4120.23 1.32025269729
4122.0 1.3565687627
4123.77 1.46614951332
4125.54 1.39958246311
4127.31 1.30987136303
4129.08 1.2507461295
4130.84 1.21684865452
4132.61 1.28162966872
4134.38 1.22172304444
4136.15 1.29082031232
4137.92 1.33331308557
4139.69 1.34696881918
4141.46 1.25264379275
4143.23 1.20252315741
4145.0 1.31984339738
4146.77 1.30938764494
4148.54 1.31898758846
4150.31 1.25532284676
4152.08 1.26399256319
4153.85 1.31504342562
4155.62 1.26429023586
4157.39 1.28486685898
4159.16 1.37573144065
4160.93 1.38384302083
4162.7 1.46998204891
4164.46 1.41841025931
4166.23 1.29063426691
4168.0 1.31228995345
4169.77 1.27269948871
4171.54 1.23184391513
4173.31 1.24557406691
4175.08 1.2881784674
4176.85 1.29349936633
4178.62 1.24322989465
4180.39 1.30879229961
4182.16 1.35787108062
4183.93 1.28855055824
4185.7 1.28516453165
4187.47 1.31902479754
4189.24 1.34194559292
4191.01 1.34775020993
4192.78 1.3590245622
4194.55 1.31340622595
4196.32 1.24486709432
4198.08 1.24148106773
4199.85 1.29048543057
4201.62 1.27329483404
4203.39 1.25282983817
4205.16 1.36743381505
4206.93 1.43251250192
4208.7 1.46518207715
4210.47 1.43504271959
4212.24 1.37357331381
4214.01 1.36587103355
4215.78 1.33029914981
4217.55 1.36791753313
4219.32 1.35214088177
4221.09 1.33070844973
4222.86 1.21971375394
4224.63 1.20200223024
4226.4 1.10678418581
4228.17 1.18540697904
4229.94 1.29509935691
4231.7 1.29067147599
4233.47 1.36907101472
4235.24 1.39303366443
4237.01 1.39214064643
4238.78 1.41357307847
4240.55 1.38097792141
4242.32 1.46466114998
4244.09 1.51850269366
4245.86 1.50882833198
4247.63 1.41279168772
4249.4 1.296029584
4251.17 1.30942485402
4252.94 1.34722928276
4254.71 1.38041978516
4256.48 1.36460592471
4258.25 1.32081083355
4260.02 1.32133176071
4261.79 1.43701480101
4263.56 1.43697759193
4265.33 1.40907077938
4267.09 1.42559161241
4268.86 1.35772224428
4270.63 1.16858847335
4272.4 1.1628582745
4274.17 1.26056932752
4275.94 1.38116396683
4277.71 1.39694061819
4279.48 1.2420019949
4281.25 1.31839224312
4283.02 1.40721032521
4284.79 1.39374063702
4286.56 1.35801991695
4288.33 1.26071816385
4290.1 1.27716457871
4291.87 1.24910892983
4293.64 1.26183443635
4295.41 1.21216031001
4297.18 1.14804905931
4298.95 1.09882144197
4300.71 1.02410560249
4302.48 0.981798874664
4304.25 1.03928690852
4306.02 0.993556945019
4307.79 0.976887275655
4309.56 1.02764046542
4311.33 1.14250490588
4313.1 1.36140594354
4314.87 1.49267958978
4316.64 1.64895774007
4318.41 1.77531978731
4320.18 1.66715298186
4321.95 1.46428905915
4323.72 1.45747979688
4325.49 1.4751541115
4327.26 1.44575893561
4329.03 1.56389777542
4330.8 1.69926442083
4332.57 1.70492020151
4334.33 1.60337661291
4336.1 1.52568404676
4337.87 1.44866124412
4339.64 1.37748026757
4341.41 1.33967583883
4343.18 1.46670764957
4344.95 1.5740186461
4346.72 1.6870226324
4348.49 1.74518042975
4350.26 1.63932058747
4352.03 1.56988843784
4353.8 1.60713473033
4355.57 1.60557194883
4357.34 1.63664153347
4359.11 1.69714350308
4360.88 1.69297608574
4362.65 1.75347805535
4364.42 1.79228712934
4366.19 1.74890133809
4367.96 1.72025034387
4369.72 1.66637159111
4371.49 1.57606514569
4373.26 1.56200011216
4375.03 1.54395370671
4376.8 1.53372120878
4378.57 1.51467015807
4380.34 1.42577765783
4382.11 1.3946708641
4383.88 1.36944310555
4385.65 1.3513967001
4387.42 1.39165692834
4389.19 1.46320999573
4390.96 1.54585136997
4392.73 1.58588834371
4394.5 1.62923692587
4396.27 1.66183208293
4398.04 1.66585066394
4399.81 1.60348824016
4401.58 1.53982349845
4403.35 1.50808415031
4405.11 1.46268906856
4406.88 1.50369347847
4408.65 1.61959977327
4410.42 1.71812942612
4412.19 1.69398073099
4413.96 1.68464125106
4415.73 1.71719919904
4417.5 1.72125498913
4419.27 1.71995267121
4421.04 1.71102249119
4422.81 1.72039918021
4424.58 1.72077127104
4426.35 1.71805500795
4428.12 1.71928290771
4429.89 1.73639908607
4431.66 1.69792489383
4433.43 1.66789716353
4435.2 1.74752460201
4436.97 1.75604548211
4438.73 1.79262201109
4440.5 1.8132358433
4442.27 1.77502211464
4444.04 1.83842639276
4445.81 1.89948649862
4447.58 1.88013777526
4449.35 1.86752389598
4451.12 1.83038923075
4452.89 1.72810146047
4454.66 1.6652553186
4456.43 1.66410183702
4458.2 1.64095778714
4459.97 1.66618554569
4461.74 1.68560868723
4463.51 1.70659461027
4465.28 1.80824982612
4467.05 1.84017521968
4468.82 1.83232410308
4470.59 1.83660314767
4472.35 1.89182142744
4474.12 2.02406250986
4475.89 2.04233216981
4477.66 1.99343943422
4479.43 1.92463983901
4481.2 1.86625878715
4482.97 1.91157945073
4484.74 1.97185816584
4486.51 1.98618366295
4488.28 1.94503041671
4490.05 1.93937463603
4491.82 1.89271444545
4493.59 1.82808226758
4495.36 1.91641663157
4497.13 1.9600628864
4498.9 1.94339321704
4500.67 2.02499273694
4502.44 2.10502947534
4504.21 2.0988527675
4505.98 2.11053641969
4507.74 2.12311308988
4509.51 2.05717859409
4511.28 2.07611801754
4513.05 2.03663918005
4514.82 1.99950451481
4516.59 2.05889021192
4518.36 2.04207170622
4520.13 2.03503918946
4521.9 1.99072317113
4523.67 1.92300263934
4525.44 1.88188660218
4527.21 1.81167306179
4528.98 1.79451967435
4530.75 1.80430566328
4532.52 1.81003586212
4534.29 1.85788674338
4536.06 1.86692855065
4537.83 1.93308630094
4539.6 2.00151380532
4541.36 2.0118579305
4543.13 1.96002567732
4544.9 1.95079782464
4546.67 1.97498372885
4548.44 1.97468605618
4550.21 1.90897481489
4551.98 1.88214706576
4553.75 1.96281635858
4555.52 2.0210485741
4557.29 2.07332733628
4559.06 2.12155030837
4560.83 2.10685272043
4562.6 2.07582034487
4564.37 2.0356345348
4566.14 2.09315977774
4567.91 2.14048973182
4569.68 2.1456990035
4571.45 2.13081537014
4573.22 2.10748527485
4574.99 2.16419191795
4576.75 2.10688992951
4578.52 2.02599738219
4580.29 1.98156973661
4582.06 2.01528116617
4583.83 2.03317873529
4585.6 2.00590447716
4587.37 2.03436942596
4589.14 2.05115072257
4590.91 2.02558808228
4592.68 2.03593220746
4594.45 2.04337402414
4596.22 2.0190392836
4597.99 1.97844417361
4599.76 2.01249048492
4601.53 2.06316925651
4603.3 1.97505814702
4605.07 2.02529040961
4606.84 2.14275948591
4608.61 2.18737317691
4610.37 2.22063809747
4612.14 2.21304744446
4613.91 2.20374517361
4615.68 2.20943816337
4617.45 2.1885266585
4619.22 2.188749913
4620.99 2.20143821044
4622.76 2.20973583604
4624.53 2.21524278038
4626.3 2.18432203207
4628.07 2.16668492654
4629.84 2.13182001539
4631.61 2.1616244912
4633.38 2.15462918352
4635.15 2.10357832109
4636.92 2.0640994836
4638.69 2.04836004132
4640.46 2.0286764362
4642.23 1.99652778814
4643.99 2.02837876353
4645.76 1.97818371002
4647.53 1.93487233694
4649.3 1.97524419243
4651.07 1.98841620796
4652.84 1.98726272637
4654.61 2.08129008013
4656.38 2.14566179442
4658.15 2.13688045073
4659.92 2.14287111316
4661.69 2.12728050722
4663.46 2.05721580317
4665.23 1.98160694569
4667.0 1.92943981076
4668.77 1.93937463603
4670.54 1.99329059788
4672.31 2.0091788765
4674.08 2.05103909532
4675.85 2.07887148971
4677.61 2.07291803636
4679.38 2.07652731746
4681.15 2.04597865998
4682.92 2.05476000366
4684.69 2.10465738451
4686.46 2.04977398649
4688.23 2.03485314404
4690.0 2.05542976717
4691.77 2.01963462893
4693.54 2.02156950127
4695.31 2.02305786461
4697.08 2.02123461952
4698.85 1.99596965189
4700.62 1.96891864825
4702.39 1.95879777757
4704.16 1.94149555379
4705.93 1.95396059673
4707.7 1.98019300053
4709.47 2.0040068139
4711.23 2.03422058963
4713.0 2.05409024016
4714.77 2.07381105437
4716.54 2.13167117906
4718.31 2.20221960119
4720.08 2.23942868459
4721.85 2.21014513595
4723.62 2.15146641143
4725.39 2.102201585
4727.16 2.11288059194
4728.93 2.07548546312
4730.7 1.94770947071
4732.47 1.99965335115
4734.24 2.12270378996
4736.01 2.11622940945
4737.78 2.12233169912
4739.55 2.14540133083
4741.32 2.16657329929
4743.09 2.19608010243
4744.86 2.21107536304
4746.62 2.21077769037
4748.39 2.18190344165
4750.16 2.19842427468
4751.93 2.18614527716
4753.7 2.1562291741
4755.47 2.16463842695
4757.24 2.19392197559
4759.01 2.15146641143
4760.78 2.09595045899
4762.55 2.08981096023
4764.32 2.0201555561
4766.09 2.03038805404
4767.86 2.06715062844
4769.63 2.07827614437
4771.4 2.12761538897
4773.17 2.19563359343
4774.94 2.2154288258
4776.71 2.34000483703
4778.48 2.30807944347
4780.24 2.2167683528
4782.01 2.12110379937
4783.78 2.15980124611
4785.55 2.16527098137
4787.32 2.16672213562
4789.09 2.15031292984
4790.86 2.22115902464
4792.63 2.22614504182
4794.4 2.23656358517
4796.17 2.25769834454
4797.94 2.25189372753
4799.71 2.23146594074
4801.48 2.22767061424
4803.25 2.21866601605
4805.02 2.24683329219
4806.79 2.20951258154
4808.56 2.18123367815
4810.33 2.18008019656
4812.1 2.18614527716
4813.87 2.23939147551
4815.63 2.27031222382
4817.4 2.31016315214
4819.17 2.28274005767
4820.94 2.23202407699
4822.71 2.21423813513
4824.48 2.21341953529
4826.25 2.16873142613
4828.02 2.18424761391
4829.79 2.16590353579
4831.56 2.17989415115
4833.33 2.16355936353
4835.1 2.1710383893
4836.87 2.20285215561
4838.64 2.20512190969
4840.41 2.18101042365
4842.18 2.14253623141
4843.95 2.12635028013
4845.72 2.13881532307
4847.49 2.15957799161
4849.25 2.16378261803
4851.02 2.13714091432
4852.79 2.07939241688
4854.56 2.02577412769
4856.33 1.9690302755
4858.1 1.877347094
4859.87 1.80519868128
4861.64 1.85226817179
4863.41 1.8688262139
4865.18 1.95429547848
4866.95 1.99172781638
4868.72 1.95366292406
4870.49 1.95600709631
4872.26 1.9663512215
4874.03 2.011188167
4875.8 2.06942038253
4877.57 2.11846195445
4879.34 2.13167117906
4881.11 2.16006170969
4882.88 2.10889922002
4884.64 2.01587651151
4886.41 2.01978346527
4888.18 1.99723476072
4889.95 1.99109526196
4891.72 2.07704824462
4893.49 2.19887078368
4895.26 2.26908432406
4897.03 2.31849798682
4898.8 2.30257249913
4900.57 2.20530795511
4902.34 2.2322473315
4904.11 2.22220087898
4905.88 2.19522429351
4907.65 2.17263837988
4909.42 2.18666620433
4911.19 2.20203355577
4912.96 2.23894496651
4914.73 2.17907555131
4916.5 2.07838777163
4918.26 2.04404378764
4920.03 2.01639743868
4921.8 2.04545773281
4923.57 2.07760638087
4925.34 2.16311285453
4927.11 2.27444243207
4928.88 2.29922368162
4930.65 2.25896345338
4932.42 2.2988143817
4934.19 2.1981638111
4935.96 2.1270944618
4937.73 2.11875962712
4939.5 2.14648039425
4941.27 2.20701957295
4943.04 2.2681168879
4944.81 2.33565137427
4946.58 2.35600474289
4948.35 2.36772560416
4950.12 2.37784647485
4951.88 2.32601422167
4953.65 2.23146594074
4955.42 2.22175436998
4957.19 2.1286572433
4958.96 2.19466615726
4960.73 2.18015461473
4962.5 2.15968961886
4964.27 2.21170791746
4966.04 2.14830363934
4967.81 2.09792254041
4969.58 2.18186623257
4971.35 2.30852595247
4973.12 2.33914902811
4974.89 2.2436705201
4976.66 2.20337308277
4978.43 2.12088054487
4980.2 2.03838800697
4981.97 1.97762557377
4983.74 1.96430472191
4985.5 2.00809981308
4987.27 2.10502947534
4989.04 2.12757817988
4990.81 2.16370819987
4992.58 2.18261041424
4994.35 2.18186623257
4996.12 2.13256419706
4997.89 2.06901108261
4999.66 2.0096253855
5001.43 2.02316949186
5003.2 2.01498349351
5004.97 1.98398832703
5006.74 1.966574476
5008.51 1.99288129797
5010.28 1.98912318054
5012.05 1.9860720357
5013.82 1.91812824941
5015.59 1.89338420895
5017.36 1.93267700102
5019.12 2.00352309582
5020.89 2.00322542315
5022.66 1.98960689863
5024.43 2.0309089812
5026.2 2.03645313463
5027.97 2.101308567
5029.74 2.18320575957
5031.51 2.12467587138
5033.28 2.13617347815
5035.05 2.10618295693
5036.82 2.00627656799
5038.59 1.96084427716
5040.36 1.98737435362
5042.13 1.98290926361
5043.9 2.03102060845
5045.67 2.06354134735
5047.44 2.10350390292
5049.21 2.0394298613
5050.98 2.05066700449
5052.74 2.17702905173
5054.51 2.18804294041
5056.28 2.17996856931
5058.05 2.20117774685
5059.82 2.19090803983
5061.59 2.19261965767
5063.36 2.16259192737
5065.13 2.07786684446
5066.9 2.06692737394
5068.67 2.07254594553
5070.44 2.09025746923
5072.21 2.0939039594
5073.98 2.11269454652
5075.75 2.06372739276
5077.52 2.0302392177
5079.29 1.99760685156
5081.06 2.01468582084
5082.83 1.99626732456
5084.6 2.00166264165
5086.37 2.11440616436
5088.13 2.11868520895
5089.9 2.15407104727
5091.67 2.1625175092
5093.44 2.14666643967
5095.21 2.11336431002
5096.98 2.08374587964
5098.75 2.0380903343
5100.52 2.07061107319
5102.29 2.09743882233
5104.06 2.04002520664
5105.83 2.01956021077
5107.6 2.01554162976
5109.37 2.03883451597
5111.14 2.05773673034
5112.91 2.10368994834
5114.68 2.16404308162
5116.45 2.18435924116
5118.22 2.14577342167
5119.99 2.06015532076
5121.75 1.99511384297
5123.52 2.01356954834
5125.29 1.94782109797
5127.06 1.89453769053
5128.83 1.92036079441
5130.6 1.99209990721
5132.37 2.0385368433
5134.14 2.06733667385
5135.91 2.08013659855
5137.68 2.03604383471
5139.45 2.02402530077
5141.22 2.01621139326
5142.99 1.98026741869
5144.76 1.98034183686
5146.53 1.95712336882
5148.3 1.98830458071
5150.07 1.99120688921
5151.84 1.98510459953
5153.61 2.01554162976
5155.37 2.05528093083
5157.14 2.13647115082
5158.91 2.16754073546
5160.68 2.0923411779
5162.45 1.98108601853
5164.22 1.80534751762
5165.99 1.66715298186
5167.76 1.57885582694
5169.53 1.52464219243
5171.3 1.54715368788
5173.07 1.60962773892
5174.84 1.70979459144
5176.61 1.8143521158
5178.38 1.79757081918
5180.15 1.75232457377
5181.92 1.69647373958
5183.69 1.69386910374
5185.46 1.75604548211
5187.23 1.87418432191
5189.0 1.95351408773
5190.76 1.99827661506
5192.53 2.03280664446
5194.3 2.02510436419
5196.07 2.06082508426
5197.84 2.08594121556
5199.61 2.14186646791
5201.38 2.12315029896
5203.15 2.02856480895
5204.92 1.9582768504
5206.69 1.9114306144
5208.46 1.94942108855
5210.23 1.98785807171
5212.0 2.06242507485
5213.77 2.13810835049
5215.54 2.16910351696
5217.31 2.24087983884
5219.08 2.23994961176
5220.85 2.19712195676
5222.62 2.13810835049
5224.39 2.05048095907
5226.15 2.04277867881
5227.92 2.09003421473
5229.69 2.14067577724
5231.46 2.18119646907
5233.23 2.20114053777
5235.0 2.22700085074
5236.77 2.28839583835
5238.54 2.31641427815
5240.31 2.34473039062
5242.08 2.33483277444
5243.85 2.28523306626
5245.62 2.24553097427
5247.39 2.21323348988
5249.16 2.18514063191
5250.93 2.14052694091
5252.7 2.18450807749
5254.47 2.25345650903
5256.24 2.28943769269
5258.01 2.29933530887
5259.77 2.22015437939
5261.54 2.1158945277
5263.31 2.0288996907
5265.08 1.91128177806
5266.85 1.832286894
5268.62 1.89498419953
5270.39 1.95489082381
5272.16 2.0176997566
5273.93 2.1158945277
5275.7 2.19261965767
5277.47 2.22994036832
5279.24 2.27310290507
5281.01 2.27645172258
5282.78 2.26558667022
5284.55 2.2885074656
5286.32 2.367651186
5288.09 2.43801356271
5289.86 2.42134389335
5291.63 2.40229284265
5293.4 2.38659060945
5295.16 2.28869351102
5296.93 2.22789386874
5298.7 2.20865677262
5300.47 2.2416612296
5302.24 2.34045134603
5304.01 2.4057532874
5305.78 2.45561345916
5307.55 2.47555752787
5309.32 2.44035773497
5311.09 2.45211580532
5312.86 2.45758554058
5314.63 2.41836716668
5316.4 2.40608816915
5318.17 2.38886036354
5319.94 2.36147447815
5321.71 2.31637706907
5323.48 2.24772631019
5325.25 2.14168042249
5327.02 2.06514133793
5328.78 2.08955049665
5330.55 2.13755021424
5332.32 2.26194018005
5334.09 2.32925141193
5335.86 2.37416277559
5337.63 2.3577907789
5339.4 2.27704706791
5341.17 2.24646120136
5342.94 2.26197738913
5344.71 2.2952423097
5346.48 2.31678636899
5348.25 2.31838635957
5350.02 2.34688851746
5351.79 2.36433957758
5353.56 2.47131569236
5355.33 2.5133619566
5357.1 2.57040348146
5358.87 2.53070138947
5360.64 2.44180888922
5362.4 2.44523212489
5364.17 2.35682334273
5365.94 2.29338185553
5367.71 2.2548704542
5369.48 2.21010792687
5371.25 2.25680532654
5373.02 2.30499108955
5374.79 2.34956757146
5376.56 2.39976262497
5378.33 2.37911158369
5380.1 2.41814391218
5381.87 2.38696270028
5383.64 2.36385585949
5385.41 2.39254406279
5387.18 2.32530724909
5388.95 2.31180035181
5390.72 2.28794932935
5392.49 2.19280570309
5394.26 2.16888026246
5396.03 2.17070350755
5397.79 2.19020106725
5399.56 2.20352191911
5401.33 2.1654198177
5403.1 2.18115925998
5404.87 2.15273152026
5406.64 2.07570871762
5408.41 2.13435023306
5410.18 2.20694515478
5411.95 2.25870298979
5413.72 2.27827496766
5415.49 2.36058146015
5417.26 2.39090686312
5419.03 2.36474887749
5420.8 2.39753007997
5422.57 2.34845129896
5424.34 2.35421870689
5426.11 2.36259075066
5427.88 2.35209778914
5429.65 2.2678936334
5431.41 2.22592178732
5433.18 2.22759619607
5434.95 2.34614433579
5436.72 2.36515817741
5438.49 2.37219069417
5440.26 2.46093435809
5442.03 2.37542788443
5443.8 2.27634009533
5445.57 2.27689823158
5447.34 2.29855391812
5449.11 2.27418196849
5450.88 2.30190273563
5452.65 2.28285168492
5454.42 2.24668445586
5456.19 2.23090780449
5457.96 2.30781897989
5459.73 2.32839560301
5461.5 2.32474911283
5463.27 2.33646997411
5465.03 2.28080518534
5466.8 2.27980054008
5468.57 2.35518614306
5470.34 2.35611637014
5472.11 2.28530748443
5473.88 2.23474034008
5475.65 2.18108484182
5477.42 2.20352191911
5479.19 2.27540986824
5480.96 2.27622846808
5482.73 2.26982850573
5484.5 2.3055492258
5486.27 2.3411955277
5488.04 2.32028402283
5489.81 2.29877717262
5491.58 2.34938152605
5493.35 2.38234877394
5495.12 2.37565113893
5496.89 2.3394094917
5498.65 2.32716770326
5500.42 2.31730729615
5502.19 2.28355865751
5503.96 2.27935403108
5505.73 2.26264715264
5507.5 2.2876144476
5509.27 2.31522358748
5511.04 2.26804246973
5512.81 2.24493562894
5514.58 2.25542859046
5516.35 2.29360511003
5518.12 2.37215348509
5519.89 2.41289743142
5521.66 2.39827426164
5523.43 2.36035820565
5525.2 2.33349324743
5526.97 2.31901891399
5528.74 2.30975385222
5530.51 2.32385609483
5532.27 2.33896298269
5534.04 2.36780002233
5535.81 2.3418652912
5537.58 2.34540015412
5539.35 2.40076727023
5541.12 2.39485102597
5542.89 2.42227412043
5544.66 2.43924146246
5546.43 2.41033000466
5548.2 2.42290667485
5549.97 2.45423672308
5551.74 2.55209661243
5553.51 2.4914085974
5555.28 2.43909262613
5557.05 2.38986500879
5558.82 2.35399545239
5560.59 2.3586837969
5562.36 2.37524183901
5564.13 2.37814414752
5565.9 2.36281400516
5567.66 2.3869254912
5569.43 2.35607916106
5571.2 2.36553026824
5572.97 2.36288842332
5574.74 2.35600474289
5576.51 2.37896274735
5578.28 2.39198592654
5580.05 2.39046035412
5581.82 2.35157686197
5583.59 2.3071120073
5585.36 2.26342854339
5587.13 2.22543806923
5588.9 2.2089172362
5590.67 2.25885182613
5592.44 2.25323325453
5594.21 2.27529824099
5595.98 2.31704683257
5597.75 2.27693544066
5599.52 2.22588457823
5601.28 2.29713997295
5603.05 2.30700038005
5604.82 2.36932559475
5606.59 2.41033000466
5608.36 2.4579948405
5610.13 2.49970622299
5611.9 2.43477637246
5613.67 2.37732554768
5615.44 2.32151192258
5617.21 2.33613509236
5618.98 2.28735398401
5620.75 2.33122349335
5622.52 2.33300952935
5624.29 2.29557719145
5626.06 2.3044329533
5627.83 2.33844205553
5629.6 2.36106517824
5631.37 2.37040465817
5633.14 2.36530701374
5634.91 2.33345603835
5636.67 2.37271162134
5638.44 2.3532884798
5640.21 2.32162354983
5641.98 2.29505626428
5643.75 2.32876769384
5645.52 2.34595829037
5647.29 2.34134436403
5649.06 2.39559520763
5650.83 2.40132540648
5652.6 2.35001408046
5654.37 2.3147398694
5656.14 2.28300052126
5657.91 2.29308418286
5659.68 2.26279598897
5661.45 2.29334464644
5663.22 2.28389353926
5664.99 2.35220941639
5666.76 2.36162331449
5668.53 2.38979059062
5670.29 2.38000460169
5672.06 2.3979021708
5673.83 2.38729758203
5675.6 2.43771589005
5677.37 2.40694397807
5679.14 2.35808845156
5680.91 2.35153965288
5682.68 2.35280476172
5684.45 2.3784046111
5686.22 2.36504655016
5687.99 2.35604195198
5689.76 2.34257226378
5691.53 2.41055325916
5693.3 2.41542764909
5695.07 2.44396701606
5696.84 2.41542764909
5698.61 2.37114883984
5700.38 2.33687927402
5702.15 2.30793060714
5703.91 2.28839583835
5705.68 2.29055396519
5707.45 2.29271209202
5709.22 2.21007071779
5710.99 2.25620998121
5712.76 2.29576323686
5714.53 2.3342374291
5716.3 2.39172546296
5718.07 2.43693449929
5719.84 2.49066441573
5721.61 2.48206911746
5723.38 2.44199493464
5725.15 2.38495340978
5726.92 2.3497164078
5728.69 2.35507451581
5730.46 2.46283202134
5732.23 2.44255307089
5734.0 2.44977163307
5735.77 2.42231132952
5737.54 2.40839513232
5739.3 2.44887861507
5741.07 2.4490274514
5742.84 2.46134365801
5744.61 2.43124150953
5746.38 2.42949268261
5748.15 2.43898099888
5749.92 2.38149296502
5751.69 2.36143726907
5753.46 2.39712078005
5755.23 2.39336266263
5757.0 2.39771612539
5758.77 2.38067436519
5760.54 2.41233929516
5762.31 2.41297184958
5764.08 2.40716723257
5765.85 2.46227388509
5767.62 2.45196696899
5769.39 2.48084121771
5771.16 2.47220871036
5772.92 2.43912983521
5774.69 2.44631118831
5776.46 2.42186482052
5778.23 2.38115808327
5780.0 2.31834915049
5781.77 2.28731677493
5783.54 2.27704706791
5785.31 2.27087036007
5787.08 2.37252557592
5788.85 2.42521363802
5790.62 2.42543689252
5792.39 2.4514832509
5794.16 2.44917628773
5795.93 2.51042243901
5797.7 2.48404119888
5799.47 2.51198522052
5801.24 2.53003162597
5803.01 2.48995744314
5804.78 2.5109061571
5806.54 2.48433887155
5808.31 2.4584413495
5810.08 2.4851202623
5811.85 2.51570612886
5813.62 2.43607869038
5815.39 2.47410637361
5817.16 2.5218828367
5818.93 2.47819937279
5820.7 2.50584572176
5822.47 2.50391084942
5824.24 2.52571537229
5826.01 2.56817093646
5827.78 2.57133370854
5829.55 2.54662687716
5831.32 2.52653397213
5833.09 2.49066441573
5834.86 2.52653397213
5836.63 2.51488752902
5838.4 2.49464578765
5840.16 2.53695251548
5841.93 2.56939883621
5843.7 2.52601304496
5845.47 2.44913907865
5847.24 2.47358544645
5849.01 2.44039494405
5850.78 2.38726037295
5852.55 2.36340935049
5854.32 2.33747461936
5856.09 2.32865606659
5857.86 2.32113983174
5859.63 2.33152116601
5861.4 2.26331691614
5863.17 2.27098198732
5864.94 2.27552149549
5866.71 2.30138180846
5868.48 2.2799865855
5870.25 2.23488917642
5872.02 2.34089785503
5873.78 2.35403266147
5875.55 2.31470266032
5877.32 2.3335676656
5879.09 2.33937228261
5880.86 2.31704683257
5882.63 2.2898469926
5884.4 2.19131733975
5886.17 2.09989462183
5887.94 1.92415612092
5889.71 1.82804505849
5891.48 1.79764523735
5893.25 1.77342212406
5895.02 1.82741250407
5896.79 1.95749545965
5898.56 2.01505791167
5900.33 2.1185735817
5902.1 2.25881461704
5903.87 2.33952111895
5905.64 2.3593535604
5907.41 2.31444219673
5909.17 2.34692572654
5910.94 2.32273982233
5912.71 2.31064687022
5914.48 2.3311118661
5916.25 2.28612608426
5918.02 2.29453533711
5919.79 2.28742840218
5921.56 2.32199564066
5923.33 2.32538166725
5925.1 2.31727008707
5926.87 2.37096279442
5928.64 2.38231156486
5930.41 2.40939977758
5932.18 2.40073006114
5933.95 2.34234900928
5935.72 2.37178139426
5937.49 2.3887115272
5939.26 2.38473015528
5941.03 2.39098128129
5942.8 2.35849775148
5944.56 2.38216272852
5946.33 2.36300005057
5948.1 2.34398620895
5949.87 2.37319533942
5951.64 2.34566061771
5953.41 2.36370702316
5955.18 2.32087936816
5956.95 2.35440475231
5958.72 2.39172546296
5960.49 2.42059971168
5962.26 2.39406963521
5964.03 2.38394876453
5965.8 2.413604404
5967.57 2.40564166015
5969.34 2.39161383571
5971.11 2.42409736552
5972.88 2.41728810326
5974.65 2.33494440169
5976.42 2.32221889516
5978.18 2.35488847039
5979.95 2.37442323918
5981.72 2.35243267089
5983.49 2.32541887634
5985.26 2.34301877279
5987.03 2.36802327683
5988.8 2.34666526296
5990.57 2.37252557592
5992.34 2.39883239789
5994.11 2.39470218963
5995.88 2.41289743142
5997.65 2.40713002349
5999.42 2.37899995644
6001.19 2.35741868806
6002.96 2.30394923521
6004.73 2.30740967997
6006.5 2.35537218847
6008.27 2.33914902811
6010.04 2.32110262266
6011.8 2.31522358748
6013.57 2.31436777857
6015.34 2.29721439112
6017.11 2.30179110838
6018.88 2.30566085305
6020.65 2.3080050253
6022.42 2.31351196965
6024.19 2.35566986114
6025.96 2.4422926073
6027.73 2.43979959872
6029.5 2.42636711961
6031.27 2.41669275792
6033.04 2.4425158618
6034.81 2.4656227026
6036.58 2.45803204958
6038.35 2.45806925867
6040.12 2.42699967403
6041.89 2.39979983406
6043.66 2.43112988228
6045.42 2.45579950458
6047.19 2.46368783026
6048.96 2.43488799971
6050.73 2.41222766791
6052.5 2.43157639128
6054.27 2.44136238022
6056.04 2.41565090359
6057.81 2.37881391102
6059.58 2.39280452638
6061.35 2.39775333447
6063.12 2.38130691961
6064.89 2.4070928144
6066.66 2.42231132952
6068.43 2.43481358154
6070.2 2.5120224296
6071.97 2.48255283555
6073.74 2.46264597592
6075.51 2.43920425338
6077.28 2.42041366626
6079.05 2.36798606775
6080.81 2.3840231827
6082.58 2.40426492407
6084.35 2.38532550061
6086.12 2.40638584182
6087.89 2.36076750557
6089.66 2.37271162134
6091.43 2.37989297444
6093.2 2.40143703373
6094.97 2.40177191548
6096.74 2.38082320152
6098.51 2.39273010821
6100.28 2.35633962464
6102.05 2.29676788212
6103.82 2.31459103307
6105.59 2.41155790441
6107.36 2.38391155544
6109.13 2.39507428047
6110.9 2.37762322035
6112.67 2.41438579475
6114.44 2.4210090116
6116.2 2.38100924694
6117.97 2.35927914223
6119.74 2.35109314388
6121.51 2.34082343686
6123.28 2.32880490293
6125.05 2.31555846923
6126.82 2.36679537708
6128.59 2.37103721259
6130.36 2.40932535941
6132.13 2.34900943521
6133.9 2.34041413695
6135.67 2.32218168608
6137.44 2.29721439112
6139.21 2.31753055065
6140.98 2.32657235792
6142.75 2.39529753497
6144.52 2.42004157543
6146.29 2.41062767733
6148.06 2.40616258732
6149.82 2.40932535941
6151.59 2.41952064826
6153.36 2.36259075066
6155.13 2.33501881985
6156.9 2.3084515343
6158.67 2.21762416172
6160.44 2.12460145321
6162.21 2.11328989186
6163.98 2.13721533248
6165.75 2.15284314751
6167.52 2.16675934471
6169.29 2.17319651614
6171.06 2.17602440647
6172.83 2.18934525833
6174.6 2.25647044479
6176.37 2.2618285528
6178.14 2.29401440994
6179.91 2.29535393695
6181.68 2.28545632076
6183.44 2.2864981751
6185.21 2.25955879871
6186.98 2.2598192623
6188.75 2.21606138022
6190.52 2.17706626081
6192.29 2.21572649846
6194.06 2.22815433232
6195.83 2.28210750326
6197.6 2.32727933051
6199.37 2.30967943406
6201.14 2.31094454289
6202.91 2.32173517708
6204.68 2.34733502646
6206.45 2.35905588773
6208.22 2.2876144476
6209.99 2.23834962117
6211.76 2.24337284743
6213.53 2.2053451642
6215.3 2.16832212621
6217.07 2.18956851283
6218.83 2.17278721622
6220.6 2.20616376403
6222.37 2.20538237328
6224.14 2.16088030953
6225.91 2.15195012951
6227.68 2.17293605255
6229.45 2.16839654438
6231.22 2.13401535131
6232.99 2.14428505833
6234.76 2.1813453054
6236.53 2.1824615779
6238.3 2.16560586312
6240.07 2.1382943959
6241.84 2.11280617377
6243.61 2.1196898542
6245.38 2.11291780102
6247.15 2.12594098021
6248.92 2.11403407352
6250.69 2.0739598907
6252.45 2.01777417476
6254.22 1.9486396978
6255.99 1.93703046378
6257.76 1.94919783405
6259.53 2.01874161093
6261.3 2.09684347699
6263.07 2.09665743158
6264.84 2.10342948476
6266.61 2.14644318517
6268.38 2.17941043306
6270.15 2.1627407637
6271.92 2.13929904116
6273.69 2.16657329929
6275.46 2.17531743389
6277.23 2.18078716915
6279.0 2.23191244974
6280.77 2.19421964826
6282.54 2.18729875874
6284.31 2.25100070953
6286.07 2.23399615842
6287.84 2.26112158022
6289.61 2.24169843868
6291.38 2.22361482415
6293.15 2.22514039657
6294.92 2.20817305453
6296.69 2.2075777092
6298.46 2.17565231564
6300.23 2.15913148261
6302.0 2.18569876816
6303.77 2.15165245685
6305.54 2.23567056717
6307.31 2.28091681259
6309.08 2.26819130606
6310.85 2.2416612296
6312.62 2.21874043422
6314.39 2.19868473827
6316.16 2.15745707386
6317.93 2.18406156849
6319.69 2.21081489946
6321.46 2.19968938352
6323.23 2.2506286187
6325.0 2.26454481589
6326.77 2.31313987881
6328.54 2.25833089896
6330.31 2.28835862927
6332.08 2.32880490293
6333.85 2.30242366279
6335.62 2.26897269681
6337.39 2.22867525949
6339.16 2.23131710441
6340.93 2.24352168377
6342.7 2.23127989533
6344.47 2.25680532654
6346.24 2.24359610193
6348.01 2.28128890342
6349.78 2.27749357691
6351.55 2.29676788212
6353.31 2.28523306626
6355.08 2.26298203439
6356.85 2.2261822509
6358.62 2.16192216386
6360.39 2.15362453827
6362.16 2.14179204974
6363.93 2.16225704561
6365.7 2.24634957411
6367.47 2.26283319805
6369.24 2.31191197906
6371.01 2.33494440169
6372.78 2.32080494999
6374.55 2.37174418517
6376.32 2.38134412869
6378.09 2.34755828096
6379.86 2.34953036238
6381.63 2.36270237791
6383.4 2.33010722084
6385.17 2.32367004942
6386.93 2.33754903753
6388.7 2.37085116717
6390.47 2.3066654983
6392.24 2.27652614074
6394.01 2.34205133662
6395.78 2.30767014355
6397.55 2.28221913051
6399.32 2.28318656667
6401.09 2.30618178022
6402.86 2.33624671961
6404.63 2.34227459112
6406.4 2.29669346395
6408.17 2.29527951878
6409.94 2.31034919756
6411.71 2.30480504413
6413.48 2.33341882927
6415.25 2.34900943521
6417.02 2.32623747617
6418.79 2.30246087188
6420.56 2.24969839161
6422.32 2.29922368162
6424.09 2.35392103422
6425.86 2.37148372159
6427.63 2.34789316271
6429.4 2.33408859277
6431.17 2.2947958007
6432.94 2.29401440994
6434.71 2.29807020003
6436.48 2.28322377576
6438.25 2.32285144958
6440.02 2.2994841452
6441.79 2.32024681374
6443.56 2.33237697493
6445.33 2.30182831746
6447.1 2.2782005495
6448.87 2.23905659376
6450.64 2.20006147435
6452.41 2.22048926114
6454.18 2.2261822509
6455.94 2.21981949764
6457.71 2.27656334983
6459.48 2.30208878104
6461.25 2.27131686907
6463.02 2.28616329335
6464.79 2.30461899871
6466.56 2.27771683141
6468.33 2.29810740912
6470.1 2.34327923637
6471.87 2.33594904694
6473.64 2.32199564066
6475.41 2.33304673843
6477.18 2.40002308856
6478.95 2.39540916222
6480.72 2.30714921639
6482.49 2.32061890458
6484.26 2.31436777857
6486.03 2.30171669021
6487.8 2.28608887518
6489.56 2.26063786213
6491.33 2.1997265926
6493.1 2.13412697856
6494.87 2.10324343934
6496.64 2.11328989186
6498.41 2.13665719623
6500.18 2.20806142728
6501.95 2.24214494768
6503.72 2.2414379751
6505.49 2.29263767386
6507.26 2.33948390986
6509.03 2.35905588773
6510.8 2.33479556535
6512.57 2.36229307799
6514.34 2.33129791151
6516.11 2.28530748443
6517.88 2.32646073067
6519.65 2.34651642663
6521.42 2.33330720202
6523.19 2.32177238616
6524.95 2.37092558534
6526.72 2.37483253909
6528.49 2.31034919756
6530.26 2.30960501589
6532.03 2.31793985057
6533.8 2.34383737262
6535.57 2.34997687138
6537.34 2.36110238732
6539.11 2.39027430871
6540.88 2.37401393926
6542.65 2.36683258616
6544.42 2.36132564182
6546.19 2.31849798682
6547.96 2.28497260268
6549.73 2.28221913051
6551.5 2.30164227204
6553.27 2.25524254504
6555.04 2.20002426527
6556.81 2.14934549367
6558.58 2.06491808343
6560.34 2.03351361704
6562.11 1.99745801522
6563.88 1.97185816584
6565.65 2.03570895296
6567.42 2.11600615495
6569.19 2.18674062249
6570.96 2.19049873992
6572.73 2.19805218385
6574.5 2.22480551481
6576.27 2.26767037889
6578.04 2.31232127898
6579.81 2.34417225437
6581.58 2.34938152605
6583.35 2.33628392869
6585.12 2.31388406048
6586.89 2.33189325685
6588.66 2.29602370045
6590.43 2.26826572423
6592.2 2.25181930937
6593.96 2.22246134256
6595.73 2.2277450324
6597.5 2.26893548773
6599.27 2.29215395577
6601.04 2.28754002943
6602.81 2.30290738088
6604.58 2.30391202613
6606.35 2.29021908344
6608.12 2.25591230854
6609.89 2.29691671845
6611.66 2.30685154372
6613.43 2.32337237675
6615.2 2.32750258501
6616.97 2.35269313447
6618.74 2.36162331449
6620.51 2.32337237675
6622.28 2.33844205553
6624.05 2.31261895165
6625.82 2.28296331217
6627.58 2.26752154256
6629.35 2.26874944231
6631.12 2.232470586
6632.89 2.26324249797
6634.66 2.25714020829
6636.43 2.27049826923
6638.2 2.31998635016
6639.97 2.27913077658
6641.74 2.29717718203
6643.51 2.322590986
6645.28 2.32899094834
6647.05 2.31730729615
6648.82 2.31161430639
6650.59 2.28445167551
6652.36 2.27269360515
6654.13 2.26633085189
6655.9 2.25401464529
6657.67 2.28396795743
6659.44 2.24817281919
6661.21 2.22000554306
6662.97 2.23001478649
6664.74 2.233363604
6666.51 2.24314959293
6668.28 2.27957728558
6670.05 2.29300976469
6671.82 2.27403313216
6673.59 2.30372598071
6675.36 2.26659131548
6677.13 2.24638678319
6678.9 2.21501952588
6680.67 2.19801497476
6682.44 2.23775427584
6684.21 2.24073100251
6685.98 2.21245209913
6687.75 2.22711247799
6689.52 2.2768610225
6691.29 2.26915874223
6693.06 2.24154960235
6694.83 2.30830269797
6696.59 2.2508518732
6698.36 2.22115902464
6700.13 2.24977280978
6701.9 2.23276825866
6703.67 2.24794956469
6705.44 2.26614480648
6707.21 2.26432156139
6708.98 2.2277450324
6710.75 2.20545679145
6712.52 2.2165450983
6714.29 2.15946636436
6716.06 2.19343825751
6717.83 2.12958747039
6719.6 2.1627407637
6721.37 2.2277450324
6723.14 2.20337308277
6724.91 2.22000554306
6726.68 2.21803346164
6728.45 2.20277773744
6730.22 2.25855415346
6731.98 2.23857287567
6733.75 2.24341005652
6735.52 2.24448911993
6737.29 2.25963321688
6739.06 2.23087059541
6740.83 2.22335436056
6742.6 2.19559638434
6744.37 2.19533592076
6746.14 2.20969862695
6747.91 2.16854538071
6749.68 2.22599620548
6751.45 2.18752201325
6753.22 2.1876336405
6754.99 2.23764264859
6756.76 2.22700085074
6758.53 2.23552173083
6760.3 2.27838659491
6762.07 2.25695416287
6763.84 2.22621945998
6765.6 2.23782869401
6767.37 2.21624742563
6769.14 2.20672190028
6770.91 2.26919595131
6772.68 2.30927013414
6774.45 2.27131686907
6776.22 2.27682381341
6777.99 2.31913054124
6779.76 2.27287965057
6781.53 2.27098198732
6783.3 2.23875892109
6785.07 2.19968938352
6786.84 2.25524254504
6788.61 2.23414499475
6790.38 2.22491714207
6792.15 2.27741915875
6793.92 2.25252628195
6795.69 2.22718689615
6797.46 2.23083338633
6799.22 2.27187500532
6800.99 2.23898217559
6802.76 2.2550937087
6804.53 2.28914002002
6806.3 2.31529800565
6808.07 2.29018187435
6809.84 2.29207953761
6811.61 2.29576323686
6813.38 2.31090733381
6815.15 2.31306546065
6816.92 2.31611660549
6818.69 2.30681433463
6820.46 2.30990268856
6822.23 2.28292610309
6824.0 2.3250467855
6825.77 2.32575375809
6827.54 2.28277726676
6829.31 2.27563312274
6831.08 2.32199564066
6832.84 2.32560492175
6834.61 2.24158681143
6836.38 2.22741015065
6838.15 2.07157850936
6839.92 1.84523565502
6841.69 1.64650194057
6843.46 1.50908879556
6845.23 1.53922815312
6847.0 1.65591583867
6848.77 1.74078975791
6850.54 1.82826831299
6852.31 1.97089072967
6854.08 2.03142990837
6855.85 2.04378332406
6857.62 2.01848114735
6859.39 1.97978370061
6861.16 1.9307049196
6862.93 1.93654674569
6864.7 1.94562576204
6866.46 1.96631401242
6868.23 2.0293461997
6870.0 2.03433221688
6871.77 2.05003445007
6873.54 2.08672260631
6875.31 2.06912270986
6877.08 2.11719684561
6878.85 2.07068549136
6880.62 2.05881579376
6882.39 2.09982020367
6884.16 2.15775474652
6885.93 2.17680579723
6887.7 2.19760567485
6889.47 2.17702905173
6891.24 2.22949385932
6893.01 2.22078693381
6894.78 2.24337284743
6896.55 2.25725183554
6898.32 2.26420993414
6900.09 2.25743788096
6901.85 2.24236820218
6903.62 2.24687050127
6905.39 2.23496359458
6907.16 2.23514964
6908.93 2.20954979062
6910.7 2.18279645965
6912.47 2.14130833166
6914.24 2.11265733744
6916.01 2.15403383818
6917.78 2.15183850226
6919.55 2.16248030012
6921.32 2.21613579838
6923.09 2.22015437939
6924.86 2.22491714207
6926.63 2.24638678319
6928.4 2.21981949764
6930.17 2.19842427468
6931.94 2.2069079457
6933.71 2.25293558187
6935.48 2.2681168879
6937.24 2.2690099059
6939.01 2.28969815627
6940.78 2.3779581021
6942.55 2.32765142134
6944.32 2.31261895165
6946.09 2.33669322861
6947.86 2.28835862927
6949.63 2.31354917873
6951.4 2.30863757972
6953.17 2.32891653018
6954.94 2.28114006709
6956.71 2.25866578071
6958.48 2.24474958352
6960.25 2.25096350045
6962.02 2.23682404875
6963.79 2.24899141903
6965.56 2.27373545949
6967.33 2.28385633017
6969.09 2.27771683141
6970.86 2.28530748443
6972.63 2.26867502415
6974.4 2.23872171201
6976.17 2.21416371696
6977.94 2.21926136139
6979.71 2.21245209913
6981.48 2.20288936469
6983.25 2.23961473001
6985.02 2.27477731382
6986.79 2.29420045536
6988.56 2.24620073777
6990.33 2.25565184496
6992.1 2.28597724793
6993.87 2.28928885635
6995.64 2.29155861044
6997.41 2.26056344396
6999.18 2.24385656552
7000.95 2.236042658
7002.72 2.24954955528
7004.48 2.34700014471
7006.25 2.3308886116
7008.02 2.30037716321
7009.79 2.2719122144
7011.56 2.25531696321
7013.33 2.23466592192
7015.1 2.23105664083
7016.87 2.26677736089
7018.64 2.28839583835
7020.41 2.17457325222
7035.67 2.26964246032
7051.89 2.34368853629
7068.15 2.16188495478
7084.44 2.25304720912
7100.77 2.1120619921
7117.14 2.10688992951
7133.55 2.0824807708
7149.99 2.10625737509
7166.48 2.11079688327
7183.0 2.06246228393
7199.55 1.99671383356
7216.15 2.01025793991
7232.79 2.17364302514
7249.46 2.14350366758
7266.17 2.20828468178
7282.92 2.14283390408
7299.71 2.06502971068
7316.54 2.17200582547
7333.41 2.17665696089
7350.31 2.28943769269
7367.25 2.28381912109
7384.24 2.32590259442
7401.26 2.29364231911
7418.32 2.26703782448
7435.42 2.38997663604
7452.56 2.28207029417
7469.74 2.23488917642
7486.96 2.35064663488
7504.22 2.30740967997
7521.52 2.36076750557
7538.86 2.33338162018
7556.24 2.3873720002
7573.66 2.33803275561
7591.12 2.33226534768
7608.61 2.31053524297
7626.16 2.17092676205
7643.74 2.28861909285
7661.35 2.20549400053
7679.02 2.22554969648
7696.72 2.20478702794
7714.46 2.19429406642
7732.25 2.14893619376
7750.07 2.12400610788
7767.94 2.14822922117
7785.84 2.14789433942
7803.79 2.14755945767
7821.78 2.20229401936
7839.81 2.09315977774
7857.89 2.15142920234
7876.0 2.19611731151
7894.15 2.19578242976
7912.35 2.1553361561
7930.59 2.11563406411
7948.87 2.07191339111
7967.2 2.10521552076
7985.57 2.13416418765
8003.97 2.09003421473
8022.42 2.19827543835
8040.92 2.21821950705
8059.45 2.19247082134
8078.03 2.11280617377
8096.66 2.16166170028
8115.32 2.15630359227
8134.03 2.18595923174
8152.78 2.14075019541
8171.57 1.99291850705
8190.41 2.08649935181
8209.29 2.07176455478
8228.22 2.12943863405
8247.18 2.20389400994
8266.19 2.10432250276
8285.25 2.07035060961
8304.35 2.08430401589
8323.49 2.12757817988
8342.68 2.03615546196
8361.91 2.13174559722
8381.19 2.1118387376
8400.51 2.09691789516
8419.88 2.07734591729
8439.28 2.16486168145
8458.74 2.04809957774
8478.24 1.94659319821
8497.78 2.07109479128
8517.37 2.07072270044
8537.01 2.01390443009
8556.69 1.81535676105
8576.41 2.055355349
8596.19 2.04553215098
8616.0 2.03109502662
8635.86 2.0542390765
8655.77 2.00709516783
8675.72 1.79675221935
8695.72 1.94718854355
8715.77 2.02458343702
8735.86 2.05710417592
8756.0 2.056694876
8776.18 2.03276943537
8796.42 2.08936445123
8816.69 1.79857546444
8837.02 2.05516930358
8857.39 2.05952276634
8877.81 1.87366339474
8898.27 1.95258386064
8918.78 1.97025817526
8939.35 1.93840719986
8959.95 1.92024916716
8980.6 1.84196125568
9001.31 1.67184132637
9022.06 1.81182189813
9042.86 2.04657400532
9063.7 2.08422959772
9084.6 2.0223881011
9105.54 1.99883475131
9126.53 1.79347782001
9147.57 1.86469600564
9168.65 1.94770947071
9189.79 1.94733737988
9210.98 1.95596988723
9232.21 1.9421281082
9253.49 1.88445402893
9274.83 2.00032311465
9296.21 1.79481734701
9317.63 1.96757912125
9339.11 1.97628604677
9360.64 1.9667977305
9382.22 1.96642563967
9403.85 1.93014678335
9425.53 1.97926277344
9447.26 1.94722575263
9469.03 1.99217432538
9490.86 1.99176502546
9512.74 1.95053736105
9534.67 1.96817446659
9556.65 1.93185840119
9578.68 1.95384896948
9600.76 1.9851790177
9622.89 1.97111398418
9645.08 1.93472350061
9667.31 1.93435140977
9689.59 1.96084427716
9711.93 1.92910492901
9734.32 1.90663064264
9756.76 1.90183067088
9779.25 1.91020271464
9801.8 1.92750493843
9824.39 1.90942132389
9847.04 1.91783057674
9869.74 1.9042492613
9892.49 1.90383996138
9915.29 1.87730988492
9938.15 1.89427722695
9961.06 1.89825859887
9984.02 1.8934958362
10030.1 1.89267723636
10076.41 1.87020294999
10122.92 1.89104003669
10169.64 1.8686029594
10216.59 1.87206340416
10263.74 1.875561058
10311.11 1.86183090622
10502.81 1.80371031795
10698.08 1.72798983322
10896.97 1.67318085337
11099.56 1.59786966856
11305.91 1.56147918499
11489.61 1.55072575989
11703.23 1.50499579639
11893.39 1.45055890737
12086.64 1.42082884973
12311.35 1.39809409977
12511.39 1.35686643536
12685.44 1.32598289614
12891.56 1.29282960283
13101.04 1.26923904395
13313.91 1.22897881571
13499.13 1.20654173842
13686.92 1.18451396104
13909.31 1.13904446112
14102.81 1.08777034419
14299.0 1.07039370225
14497.92 1.07779830984
14699.61 1.03880319044
14904.1 1.04844034304
15111.44 1.05327752388
15286.41 1.06793790274
15499.07 1.0556961143
15714.68 1.03880319044
15896.65 1.00356618845
16117.8 1.00356618845
16304.44 0.994338335771
16493.22 0.980719811245
16684.21 0.967250123053
16916.31 0.949613017521
17112.2 0.925836413226
17310.33 0.890301738577
17510.78 0.860087962854
17713.55 0.825148633539
17918.67 0.793483703563
18084.46 0.757762983496
18293.87 0.735437533455
18505.71 0.708833038822
18720.0 0.676907645262
18893.2 0.656963576558
19111.98 0.644982251703
19288.83 0.621652156409
19512.16 0.596387188779
19692.72 0.576145447408
19920.75 0.556610678621
20105.07 0.546452598852
20291.1 0.526657366482
20478.86 0.518248113633
20715.98 0.502955180354
20907.67 0.490378510164
21101.14 0.480332057646
21296.37 0.468313523707
21493.43 0.457671725853
21692.29 0.442118328991
21893.02 0.433039312641
22095.6 0.420276597034
22300.04 0.407885972261
22506.39 0.397690683408
22714.62 0.386862840138
22924.8 0.345571920286
23083.7 0.34161659472
23297.3 0.298223361656
23512.88 0.280891370607
23675.85 0.284143444496
23894.93 0.260939860087
24116.01 0.252080377328
24283.19 0.249196673365
24507.86 0.231492591482
24677.76 0.227794008591
24906.08 0.191221200515
25078.74 0.188166334768
25310.8 0.189468652687
25486.23 0.188166334768
25722.07 0.191221200515
25900.35 0.187730988492
26079.9 0.187299363124
26321.19 0.18219799779
26503.66 0.179697547385
26687.36 0.176415706229
26872.36 0.173595257707
27120.99 0.170428764709
27309.0 0.166547857311
27498.29 0.163883686939
27688.88 0.160155336782
27880.83 0.157595351844
28074.07 0.154361882496
28268.69 0.151545154883
28530.24 0.14843447551
28728.02 0.145390772488
28927.14 0.142737764841
29127.67 0.139809409977
29329.56 0.136628033346
29532.88 0.133826189366
29669.19 0.131686667071
29874.86 0.128687614948
30081.93 0.126629952636
30290.43 0.124032758615
30500.41 0.122332303503
30711.82 0.120375105716
30924.72 0.118451396104
31067.45 0.116557453759
31282.82 0.114957463173
31499.65 0.112858870869
31717.97 0.111054230324
31864.4 0.109532378813
32085.26 0.107534251034
32307.68 0.105811470472
32531.61 0.104122178086
32681.76 0.102455211149
32908.32 0.100587315163
33136.41 0.0989798827595
33289.39 0.0971715213062
33520.12 0.0956161816199
33674.83 0.0936552629246
33908.28 0.0919473659964
34064.78 0.0900608654679
34300.93 0.0886208739402
34538.67 0.0870022788122
34698.08 0.0852199637172
34938.62 0.083664624031
35099.88 0.0821353307031
35261.88 0.0804534801333
35506.32 0.0789837213389
35670.2 0.0775437298112
35917.48 0.0761260637336
36083.25 0.0747381649227
36333.35 0.0733725915618
36501.09 0.0718693445923
36669.55 0.0703958648896
36923.72 0.0687921533949
37094.18 0.0675382072843
37265.38 0.0664554229572
37523.72 0.0647958978375
37696.91 0.0639066007442
37870.9 0.0625931201
38133.43 0.0615959166648
38309.43 0.0604684814377
38486.24 0.059367092569
38663.92 0.0581503555418
38931.91 0.0570861757564
39111.59 0.0560443214212
39292.15 0.0550210716276
39473.51 0.0537708464253
39655.69 0.0529113165987
39930.6 0.0517057422964
40114.9 0.0508797006449
40300.05 0.0500648217183
40486.09 0.0490378510164
40672.95 0.0481448330148
40860.68 0.0473746049883
41143.93 0.0466155396869
41333.83 0.0457671725853
41524.61 0.0449299682088
41716.31 0.0442118328991
41908.85 0.0434043957893
42102.28 0.0426118423128
42296.6 0.0421244033202
42491.86 0.0412611525853
42687.98 0.0406955745175
42885.01 0.0389541894143
43082.99 0.0371997811319
43281.83 0.03711420024
43481.6 0.0356072323622
43682.34 0.0347168189964
43883.95 0.0310308871945
44086.49 0.0305516342003
44289.97 0.0300705207519
44494.44 0.0295871747585
44699.8 0.0291015962201
44906.11 0.0286539709468
45113.43 0.0282052294009
45321.64 0.0277546274009
45530.82 0.0273017928559
45741.02 0.0268727721243
45952.13 0.0264549141177
46058.06 0.0262450548873
46270.64 0.0258238480631
46484.25 0.0254007807849
46698.79 0.0250074807733
46914.33 0.0246167853976
47130.91 0.0242242295677
47348.44 0.0238298132836
47457.59 0.0236344655957
47676.62 0.0232709328509
47896.72 0.0229059117427
48117.79 0.0225394022712
48339.88 0.0221706602547
48451.3 0.0219946612902
48674.98 0.0216549423587
48899.64 0.0213137350639
49125.33 0.0209714114966
49352.12 0.0206268553843
49465.88 0.0204679725982
49694.19 0.0201509512076
49923.55 0.0198320693628
50154.03 0.0195120712455
50269.63 0.0193513280052
50501.65 0.0190473297938
50734.74 0.01875114549
50851.74 0.0186023091564
50968.96 0.0184531007319
51086.45 0.0183038923075
51204.2 0.0181543117922
51322.23 0.0180039870952
51440.54 0.01786333676
51559.17 0.0177252910605
51678.01 0.0175868732703
51797.13 0.0174480833892
51916.53 0.0173092935081
52036.2 0.0171701315362
52156.15 0.0170305974734
52276.37 0.0168906913198
52396.93 0.0167519014387
52517.71 0.016623530101
52638.77 0.0164944145816
52760.1 0.0163652990622
52881.72 0.0162358114519
53003.61 0.0161059517509
53125.85 0.015975719959
53248.31 0.0158451160762
53371.05 0.0157145121935
53494.08 0.0155894896732
53617.38 0.0154693043338
53740.97 0.0153491189945
53864.85 0.0152281894734
53989.07 0.0151072599523
54113.52 0.0149859583404
54238.26 0.0148642846377
54363.28 0.014742610935
54488.59 0.0146201930506
54614.19 0.0145078216187
54740.08 0.0143954501868
54866.32 0.0142827066641
54992.79 0.0141699631414
55119.55 0.0140568475279
55246.61 0.0139437319143
55373.95 0.01383024421
55501.6 0.0137163844147
55629.59 0.0136055013462
55757.82 0.013500571731
55886.35 0.0133960142066
56015.17 0.0132907125006
56144.29 0.0131854107946
56273.71 0.0130797369977
56403.42 0.01297369111
56533.49 0.0128676452223
56663.81 0.0127612272438
56794.42 0.0126615069003
56925.34 0.0125636470109
57056.56 0.0124654150307
57188.07 0.0123671830506
57319.96 0.0122685789795
57452.09 0.0121699749085
57584.52 0.0120709987467
57717.25 0.0119720225848
57850.3 0.0118737906046
57983.65 0.0117826283503
58117.3 0.0116910940051
58251.33 0.01159955966
58385.6 0.011507653224
58520.19 0.011415746788
58655.08 0.0113234682611
58790.28 0.0112311897343
58925.8 0.0111385391166
59061.63 0.0110499814981
59197.83 0.0109647726971
59334.29 0.0108791918053
59471.06 0.0107936109135
59608.14 0.0107080300216
59745.54 0.010622077039
59883.26 0.0105357519655
60021.36 0.010449426892
60159.72 0.0103627297277
60298.39 0.0102831022892
60437.38 0.0102034748507
60576.69 0.0101238474122
60716.33 0.0100438478829
60856.28 0.00996347626274
60996.63 0.00988310464259
61137.23 0.00980273302244
61278.16 0.00972198931146
61419.41 0.00964347814548
61560.98 0.00956943206951
61702.89 0.0094950139027
61845.18 0.00942022364506
61987.74 0.00934580547826
62130.63 0.00927064312979
62273.84 0.00919585287215
62417.39 0.00912069052367
62561.26 0.00904515608436
62705.47 0.0089744588259
62850.08 0.00890487783994
62994.96 0.00883566894481
63140.16 0.00876571586801
63285.71 0.00869613488205
63431.58 0.00862618180525
63577.8 0.00855585663762
63724.42 0.00848553146999
63871.31 0.00841595048403
64018.54 0.00835157876974
64166.1 0.00828683496462
64314.01 0.00822171906866
64462.26 0.00815660317271
64610.85 0.00809148727675
64759.85 0.00802599928996
64909.13 0.00796051130318
65058.75 0.00789502331639
65208.71 0.00783213996544
65359.03 0.00777186125032
65509.68 0.00771121044438
65660.68 0.00765055963843
65812.11 0.00758990883248
65963.81 0.0075288859357
66115.87 0.00746786303892
66268.27 0.00740646805131
66421.02 0.0073450730637
66574.12 0.00728851525692
66727.65 0.00723232954098
66881.47 0.00717577173421
67035.64 0.00711884183661
67190.16 0.00706228402983
67345.04 0.00700535413223
67500.27 0.00694805214379
67655.86 0.00689112224618
67811.88 0.00683530862108
67968.2 0.00678284381348
68124.87 0.00673000691505
68281.91 0.00667717001662
68439.3 0.00662433311818
68597.06 0.00657112412892
68755.25 0.00651791513965
68913.74 0.00646470615039
69072.59 0.00641112507029
69231.8 0.00636089280769
69391.39 0.0063117768176
69551.34 0.00626266082751
69711.66 0.00621317274658
69872.43 0.00616368466566
70033.49 0.00611419658473
70194.92 0.00606433641297
70356.73 0.00601447624121
70518.9 0.00596536025112
70681.46 0.00591959307854
70844.46 0.00587345381512
71007.76 0.00582768664253
71171.44 0.00578154737911
71335.49 0.00573503602486
71499.93 0.00568889676144
71664.74 0.00564238540719
71829.94 0.00559587405293
71995.58 0.00555122315285
72161.54 0.00550843270694
72327.88 0.00546564226102
72494.6 0.00542285181511
72661.7 0.00537968927836
72829.19 0.00533652674162
72997.07 0.00529299211404
73165.41 0.00524982957729
73334.06 0.00520629494971
73503.11 0.00516610913963
73672.54 0.00512629542039
73842.36 0.00508610961032
74012.57 0.00504592380024
74183.25 0.00500573799017
74354.25 0.00496518008926
74525.64 0.00492499427918
74697.43 0.00488443637827
74869.61 0.00484499474987
75042.19 0.00480741357563
75215.17 0.00477020449223
75388.63 0.00473262331799
75562.41 0.00469504214375
75736.58 0.00465746096952
75911.16 0.00461987979528
76086.14 0.00458192653021
76261.53 0.00454434535597
76437.39 0.00450862463591
76613.59 0.00447364809751
76790.19 0.00443904364994
76967.2 0.00440406711154
77144.61 0.00436871848231
77322.43 0.00433374194391
77500.67 0.00429839331468
77679.4 0.00426304468545
77858.46 0.00422806814705
78037.93 0.00419569624449
78217.81 0.00416332434193
78398.1 0.00413058034853
78578.82 0.00409783635514
78759.95 0.00406509236175
78941.58 0.00403234836835
79123.55 0.00399923228412
79305.93 0.00396648829073
79488.74 0.00393486056984
79671.97 0.00390434912145
79855.62 0.00387420976389
80039.77 0.0038436983155
80224.27 0.00381318686711
80409.2 0.00378230332789
80594.54 0.0037517918795
80780.32 0.00372090834027
80966.53 0.00369017363738
81153.16 0.00366174589766
81340.31 0.00363339257611
81527.81 0.00360496483639
81715.74 0.00357649988759
81904.09 0.00354796052062
82092.89 0.00351934673548
82282.12 0.00349069574126
82471.88 0.00346193311979
82661.98 0.00343398909815
82852.52 0.00340757064894
83043.5 0.00338107778155
83234.92 0.00335454770509
83426.78 0.00332794321046
83619.09 0.00330126429766
83811.93 0.00327454817577
84005.12 0.00324775763572
84198.76 0.00322092988659
84392.84 0.00319570212804
84587.38 0.00317099529666
84782.36 0.00314628846528
84977.88 0.00312147000665
85173.76 0.00309661433894
85370.09 0.00307168425306
85566.87 0.0030467169581
85764.12 0.00302171245405
85961.8 0.0029969312045
86159.95 0.00297389878188
86358.65 0.00295082915017
86557.72 0.00292772230938
86757.23 0.00290454105042
86957.22 0.00288132258237
87157.66 0.00285806690525
87358.56 0.00283473680995
87559.93 0.00281133229649
87761.86 0.00278896963737
87964.16 0.00276746278716
88166.93 0.00274591872787
88370.15 0.00272430025041
88573.85 0.00270268177296
88778.02 0.00268098887733
88982.76 0.00265922156354
89187.87 0.00263741704067
89393.45 0.00261557530871
89599.51 0.00259540798551
89806.05 0.00257531508047
90013.05 0.00255518496635
90220.54 0.00253501764314
90428.61 0.00251477590177
90637.05 0.00249449695132
90845.98 0.00247418079178
91055.38 0.00245382742316
91265.27 0.0024339949817
91475.64 0.00241527881275
91686.6 0.00239648822563
91897.94 0.00237769763852
92109.78 0.00235883263323
92322.1 0.00233993041886
92534.91 0.00232099099541
92748.21 0.00230201436288
92961.99 0.00228296331217
93176.38 0.00226510295214
93391.16 0.00224761468294
93606.44 0.00223005199557
93822.2 0.00221248930821
94038.47 0.00219485220268
94255.24 0.00217721509714
94472.61 0.00215950357344
94690.37 0.00214175484066
94908.63 0.00212419215329
95127.41 0.00210789457476
95346.69 0.00209155978715
95566.47 0.00207515058137
95786.76 0.00205874137559
96007.65 0.00204225775164
96228.96 0.00202577412769
96450.77 0.00200925329466
96673.1 0.00199265804347
96895.94 0.00197680697394
97119.29 0.00196158845882
97343.16 0.00194629552555
97567.65 0.00193100259227
97792.55 0.00191563524082
98017.96 0.00190026788938
98243.9 0.00188486332885
98470.36 0.00186938435015
98697.34 0.00185390537146
98924.96 0.00183961708343
99152.99 0.00182536600449
99381.54 0.00181111492554
99610.62 0.00179682663752
99840.23 0.00178246393132
100070.37 0.00176810122513
100301.04 0.00175370130985
100532.35 0.00173926418549
100764.08 0.00172519915197
100996.35 0.00171195271828
101229.15 0.00169863186642
101462.5 0.00168531101456
101696.38 0.00167195295362
101930.9 0.00165852047451
102165.86 0.00164512520448
102401.36 0.00163165551629
102637.41 0.00161814861902
102873.99 0.00160549753066
103111.13 0.00159310690589
103348.8 0.00158067907203
103587.14 0.00156821402909
103825.92 0.00155571177707
104065.24 0.00154320952504
104305.12 0.00153067006394
104545.55 0.00151809339375
104786.54 0.00150562835081
105028.08 0.00149405632587
105270.29 0.00148248430093
105512.95 0.00147087506691
105756.16 0.0014592286238
105999.94 0.00144754497162
106244.28 0.00143586131943
106489.17 0.00142414045816
106734.76 0.0014123823878
106980.79 0.00140114524461
107227.39 0.00139035461043
107474.55 0.00137952676716
107722.29 0.0013686617148
107970.6 0.00135779666245
108219.48 0.00134689440101
108469.05 0.00133595493049
108719.08 0.00132501545997
108969.69 0.00131403878037
109220.87 0.00130391790968
109472.63 0.00129383424808
109724.97 0.00128371337739
109978.02 0.00127355529762
110231.52 0.00126339721786
110485.61 0.00125323913809
110740.29 0.00124300664015
110995.56 0.00123277414222
111251.41 0.00122283931695
111507.85 0.00121342541885
111765.01 0.00120397431166
112022.63 0.00119452320448
112280.85 0.00118507209729
112539.67 0.00117558378103
112799.08 0.00116605825567
113059.09 0.00115649552124
113319.82 0.00114693278681
113581.04 0.00113796539771
113842.85 0.00112918405402
114105.26 0.00112036550126
114368.28 0.00111154694849
114631.91 0.00110269118664
114896.14 0.00109379821571
115161.12 0.00108490524477
115426.57 0.00107601227384
115692.63 0.00106719372107
115959.32 0.00105897051364
116226.61 0.00105078451529
116494.52 0.00104256130786
116763.05 0.00103430089135
117032.33 0.00102600326575
117302.09 0.00101774284923
117572.48 0.00100940801455
117843.49 0.00100111038895
118115.13 0.000993147645102
118387.4 0.000985482573921
118660.41 0.00097781750274
118933.94 0.000970115222475
119208.09 0.000962412942211
119482.87 0.000954673452863
119758.29 0.000946933963516
120034.34 0.000939157265084
120311.02 0.000931380566653
120588.49 0.000924199213557
120866.45 0.000917055069543
121145.05 0.000909873716446
121424.31 0.00090269236335
121704.2 0.000895511010253
121984.73 0.000888292448073
122266.05 0.000881036676809
122547.88 0.000873780905546
122830.36 0.000866748388783
123113.49 0.00086005075377
123397.28 0.000853390327841
123681.72 0.000846692692829
123966.81 0.000839957848733
124252.7 0.000833223004637
124539.11 0.000826488160541
124826.19 0.000819716107362
125113.92 0.000812944054182
125402.32 0.000806581300921
125691.38 0.000800367383992
125981.24 0.000794116257981
126271.64 0.000787865131969
126562.7 0.000781576796874
126854.44 0.000775288461779
127146.85 0.000769000126684
127439.93 0.000762674582505
127733.69 0.000756423456494
128028.26 0.000750618839483
128323.38 0.000744777013389
128619.17 0.000738935187294
128915.65 0.0007330933612
129212.81 0.000727251535106
129510.66 0.000721372499928
129809.19 0.000715493464751
130108.55 0.00070957722049
130408.46 0.000703921439812
130709.06 0.000698488913636
131010.35 0.000693056387459
131312.34 0.000687623861282
131615.02 0.000682154126022
131918.55 0.000676684390762
132222.63 0.000671177446418
132527.42 0.000665670502074
132832.9 0.000660163557731
133139.09 0.000655065913305
133445.98 0.000650005477962
133753.58 0.000644945042619
134062.05 0.000639847398193
134371.07 0.000634712544683
134680.8 0.000629614900257
134991.26 0.000624480046748
135302.42 0.000619345193238
135614.29 0.000614321966979
135927.05 0.000609596413387
136240.37 0.000604870859794
136554.41 0.000600108097119
136869.18 0.000595382543527
137184.67 0.000590582571768
137500.9 0.000585819809092
137817.85 0.000581019837333
138135.67 0.000576219865574
138454.08 0.000571717566483
138773.24 0.000567289685558
139093.11 0.000562861804633
139413.73 0.000558433923708
139735.09 0.0005539688337
140057.19 0.000549540952775
140380.19 0.000545038653683
140703.77 0.000540573563675
141028.11 0.00053614568275
141353.18 0.000532015474492
141679.02 0.000527885266234
142005.6 0.000523755057977
142333.09 0.000519624849719
142661.17 0.000515457432378
142990.02 0.000511290015037
143319.62 0.000507122597696
143649.99 0.000502955180354
143981.1 0.000498936599347
144312.99 0.000495104063756
144645.8 0.000491234319083
144979.21 0.000487364574409
145313.41 0.000483494829735
145648.36 0.000479625085061
145984.1 0.000475718131304
146320.6 0.00047184838663
146658.04 0.000467941432872
146996.1 0.000464332151782
147334.93 0.000460722870692
147674.55 0.000457113589602
148014.96 0.000453504308512
148356.14 0.000449895027422
148698.11 0.000446248537249
149041.02 0.000442639256159
149384.59 0.000438992765985
149728.93 0.000435420693979
150074.06 0.000432071876472
150419.99 0.000428723058966
150766.72 0.00042537424146
151114.42 0.00042198821487
151462.74 0.00041860218828
151811.88 0.000415216161691
152161.81 0.000411830135101
152512.55 0.000408406899428
152864.11 0.000405206918256
153216.47 0.00040208135525
153569.81 0.000398955792244
153923.8 0.000395793020155
154278.61 0.000392667457149
154634.24 0.00038950468506
154990.67 0.00038634191297
155347.93 0.000383179140881
155706.03 0.000380016368792
156065.11 0.000377114060286
156424.85 0.000374174542698
156785.42 0.000371242466926
157146.82 0.000368306670245
157509.06 0.00036535971084
157872.13 0.000362409030526
158236.2 0.000359450908395
158600.95 0.000356485344448
158966.54 0.000353650012293
159332.96 0.000350922586479
159700.25 0.000348191439758
160068.36 0.000345452851219
160437.33 0.000342706820864
160807.33 0.000339953348692
161178.0 0.000337196155612
161549.53 0.000334431520715
161921.91 0.00033166316491
162295.15 0.00032910690088
162669.25 0.000326558078667
163044.39 0.000324005535546
163420.22 0.000321445550608
163796.92 0.000318881844761
164174.48 0.000316310697098
164552.92 0.000313735828527
164932.22 0.000311153518138
165312.4 0.0003086381841
165693.65 0.000306264244579
166075.58 0.000303882863242
166458.39 0.000301497760995
166842.1 0.000299108937841
167226.67 0.00029671267287
167612.15 0.000294308966082
167998.68 0.000291901538386
168385.94 0.000289486668873
168774.07 0.000287220635694
169163.12 0.000285002974323
169553.05 0.000282777871136
169943.88 0.00028054904704
170335.61 0.000278316502036
170728.44 0.000276076515215
171121.97 0.000273832807486
171516.42 0.00027158165794
171911.78 0.000269356554752
172308.06 0.000267287729715
172705.24 0.000265215183769
173103.32 0.000263135196007
173502.53 0.000261055208245
173902.47 0.000258967778666
174303.34 0.000256872907271
174705.11 0.000254778035875
175107.82 0.000252675722663
175511.46 0.000250666432159
175916.22 0.000248731559822
176321.71 0.000246796687485
176728.15 0.000244854373332
177135.51 0.00024290833827
177543.82 0.000240958582299
177953.08 0.000239005105421
178363.28 0.000237044186725
178774.61 0.000235079547122
179186.7 0.00023326746476
179599.74 0.000231462824215
180013.73 0.000229654462762
180428.67 0.0002278423804
180844.58 0.000226022856221
181261.64 0.000224199611135
181679.46 0.00022237264514
182098.24 0.000220541958236
182517.99 0.000218759643141
182938.71 0.000217077792571
183360.38 0.000215392221093
183783.05 0.000213702928707
184206.89 0.000212006194504
184631.49 0.000210305739392
185057.08 0.000208605284281
185483.65 0.000206897387352
185911.21 0.000205189490424
186339.74 0.000203582058021
186769.26 0.000202008113793
187199.99 0.000200430448657
187631.5 0.000198852783521
188064.0 0.000197267676568
188497.51 0.000195682569615
188932.0 0.000194093741754
189367.51 0.000192497472076
189804.21 0.000190916086031
190241.74 0.000189450048145
190680.26 0.000187984010259
191119.79 0.000186510530556
191560.33 0.000185033329945
192001.89 0.000183556129334
192444.47 0.000182071486906
192888.28 0.000180586844478
193332.9 0.000179094760234
193778.55 0.00017766965234
194225.21 0.00017630035807
194672.91 0.000174927342893
195121.66 0.000173554327715
195571.64 0.000172173870721
196022.45 0.000170789692818
196474.29 0.000169405514916
196927.18 0.000168017616105
197381.11 0.000166625996386
197836.08 0.000165342283008
198292.11 0.000164062290539
198749.4 0.000162778577162
199207.53 0.000161491142876
199666.72 0.00016020370859
200126.97 0.000158912553396
200588.28 0.000157617677294
201050.66 0.000156322801191
201514.31 0.000155057692356
201978.81 0.000153863280779
202444.38 0.000152668869201
202911.04 0.000151470736716
203378.76 0.000150268883322
203847.57 0.000149067029928
204317.45 0.000147857734717
204788.64 0.000146648439507
205260.68 0.000145435423388
205733.83 0.000144296825436
206208.06 0.000143184273842
206683.39 0.000142064280432
207159.81 0.000140948007929
207637.33 0.000139824293611
208116.18 0.000138700579292
208595.9 0.000137573144065
209076.72 0.000136441987929
209558.66 0.000135321994519
210041.7 0.000134283861092
210525.87 0.000133242006757
211011.38 0.000132196431513
211497.77 0.00013115085627
211985.29 0.000130101560118
212473.92 0.000129052263966
212963.7 0.000127999246905
213454.59 0.000126942508937
213946.62 0.000125934142776
214440.02 0.0001249629857
214934.32 0.000123988107715
215429.76 0.000123013229729
215926.33 0.000122034630836
216424.06 0.000121056031942
216922.94 0.000120073712141
217423.2 0.000119091392339
217924.37 0.00011810163072
218426.7 0.000117193729085
218930.19 0.00011628582745
219434.84 0.000115377925815
219940.66 0.000114466303272
220447.63 0.00011355095982
220956.02 0.000112635616368
221465.34 0.000111720272917
221975.84 0.000110801208557
222487.5 0.000109904469647
223000.35 0.000109059823453
223514.39 0.000108211456352
224029.85 0.00010736308925
224546.25 0.00010651100124
225063.85 0.000105655192322
225582.63 0.000104803104312
226102.62 0.000103943574485
226623.8 0.000103084044659
227146.19 0.000102276607549
227670.02 0.000101487774981
228194.81 0.000100695221504
228720.82 9.99026680279e-05
229248.04 9.91063936431e-05
229776.48 9.83101192583e-05
230306.12 9.75101239651e-05
230837.0 9.6710128672e-05
231369.36 9.59138542872e-05
231902.68 9.51808353441e-05
232437.23 9.44403745844e-05
232973.01 9.36999138247e-05
233510.02 9.2959453065e-05
234048.29 9.22152713969e-05
234588.04 9.14710897289e-05
235128.79 9.07231871525e-05
235670.78 8.99752845761e-05
236214.01 8.92608701748e-05
236758.5 8.85725021318e-05
237304.25 8.78841340889e-05
237851.26 8.71920451376e-05
238399.77 8.64999561863e-05
238949.31 8.58041463266e-05
239500.09 8.5108336467e-05
240052.17 8.4408805699e-05
240605.5 8.37129958394e-05
241160.12 8.30655577882e-05
241716.27 8.24218406453e-05
242273.44 8.17781235025e-05
242831.9 8.11344063596e-05
243391.64 8.04869683084e-05
243952.69 7.98358093489e-05
244515.0 7.91846503893e-05
245078.63 7.85334914298e-05
245643.83 7.79009370119e-05
246210.05 7.73018707691e-05
246777.58 7.6699083618e-05
247346.42 7.60962964669e-05
247916.57 7.54935093158e-05
248488.04 7.48907221646e-05
249060.83 7.42842141052e-05
249635.19 7.36739851374e-05
250210.63 7.30674770779e-05
256038.63 6.74637891175e-05
262002.68 6.22917265245e-05
268105.35 5.75066383989e-05
274350.47 5.30824783823e-05
280740.74 4.8989479208e-05
287280.21 4.5205315426e-05
293971.65 4.17299870361e-05
300819.28 3.85337267718e-05
307826.08 3.55744883688e-05
314996.46 3.28377602846e-05
322333.81 3.03064263407e-05
329841.74 2.79656029038e-05
337524.93 2.58145457923e-05
345386.7 0.000141428005105
