100.06 4.51931575146e-13
101.92 7.55238646581e-13
104.05 1.13784696376e-12
105.99 1.73814171437e-12
107.96 2.6983329814e-12
109.97 4.71056051727e-12
114.09 9.72925080007e-12
118.1 1.84963384927e-11
121.13 8.71125847525e-11
125.1 1.50342143037e-10
127.13 1.89707680545e-10
128.01 2.1681217164e-10
131.0 3.00670031806e-10
131.9 3.81135376128e-10
134.05 4.66756014136e-10
136.85 7.2456821271e-10
140.04 9.66225573925e-10
142.97 3.09080050079e-09
146.98 9.79672100316e-09
151.1 1.33686030577e-08
154.97 1.82423749465e-08
158.95 2.48927038027e-08
161.9 3.09792763492e-08
166.06 4.1598706202e-08
169.93 5.39619082052e-08
173.08 6.57786965918e-08
177.12 8.39623914673e-08
179.99 1.00250268664e-07
182.08 1.12482806542e-07
185.89 1.40955707389e-07
191.1 1.84535756879e-07
194.2 2.17311071029e-07
197.81 2.64297890633e-07
201.96 3.22170219763e-07
204.77 3.71608773508e-07
210.02 4.45730968454e-07
215.9 6.04072131696e-07
219.92 7.16276980007e-07
222.98 7.99997048913e-07
227.12 9.44250243693e-07
229.75 1.59251060699e-06
234.02 2.83184796076e-06
240.03 4.13136208369e-06
246.18 4.54022201158e-06
251.92 5.61166784237e-06
257.19 5.33442232473e-06
260.17 6.59307421199e-06
263.79 7.58730942304e-06
268.69 8.45444407545e-06
273.69 9.35578897169e-06
278.78 1.03058359511e-05
283.96 1.13784696376e-05
289.91 1.21641173898e-05
295.98 1.37430151706e-05
300.79 1.47258469671e-05
307.79 1.67525663423e-05
317.88 1.99564507046e-05
328.29 2.30719586038e-05
338.27 2.61874665029e-05
347.74 2.94493182228e-05
356.66 3.28917240073e-05
365.81 3.69898261317e-05
375.2 4.04654918755e-05
384.82 4.29623645321e-05
394.69 4.89871685829e-05
404.82 5.42113578997e-05
414.25 5.80885188661e-05
421.95 6.11056723143e-05
429.79 6.44292925299e-05
440.82 7.03210567436e-05
451.09 7.4659105717e-05
459.47 7.81775342656e-05
470.17 8.28101714497e-05
480.02 8.85285087329e-05
490.07 9.16406906361e-05
500.33 9.84209709045e-05
506.13 0.000101176796101
511.99 0.000121921507841
520.31 0.00012737376545
529.98 0.000133377188098
539.83 0.000134301339823
549.87 0.00015243514476
560.09 0.000171428957215
570.5 0.00018883579447
579.77 0.000191021448937
590.55 0.000217311071029
600.15 0.000225987168976
609.9 0.000239376678293
619.81 0.000284491437333
629.88 0.000305540240128
640.12 0.000319960808183
650.52 0.000356523006267
658.05 0.000380256362918
665.67 0.000406531730742
674.93 0.000420809756115
684.32 0.000426654006101
695.44 0.000532206862557
705.11 0.00052370181583
716.57 0.000625287234288
726.54 0.000662348331761
734.95 0.000699979599964
745.18 0.00079448539852
755.54 0.000859176019301
764.29 0.000914292523236
774.92 0.0010234802181
785.7 0.00111708324633
794.8 0.00118873470145
805.86 0.00126497127952
815.19 0.00133377188098
824.63 0.00148622128001
834.18 0.00126789340451
845.78 0.00162586559472
855.58 0.00170640221038
865.48 0.00186673897118
875.51 0.00203743383358
885.64 0.00225466888184
895.9 0.00242156260604
904.19 0.00246646355105
914.66 0.00391826077322
925.25 0.0281901911932
935.96 0.0644292925299
944.62 0.12766835366
955.56 0.185816265311
964.4 0.213837780996
975.57 0.0333478605915
984.6 0.187103900877
996.0 0.202807353075
1005.22 0.304851283829
1014.52 0.29722525031
1023.9 0.126207291164
1035.76 0.210903777446
1045.34 0.41983571445
1055.02 0.4188854299
1064.78 0.332718378275
1074.63 0.405581446191
1084.57 0.321433749237
1094.61 0.437606035546
1104.74 0.425679964436
1114.96 0.413136208369
1125.28 0.375908811099
1135.69 0.488755101482
1146.2 0.446776281459
1154.14 0.483148422633
1164.82 0.505931494734
1175.6 0.351629040832
1183.75 0.501275100436
1194.7 0.342054923985
1205.76 0.244389429298
1214.11 0.162211197074
1225.35 0.34839807336
1233.84 0.544608075943
1245.26 0.60965505343
1253.89 0.587608451857
1265.49 0.504767396159
1274.26 0.668477667112
1286.05 0.709720016607
1294.97 0.561166784237
1303.94 0.558577258836
1316.01 0.712998498307
1325.13 0.687198272758
1334.32 0.611056723143
1343.57 0.741459520597
1356.0 0.722905214747
1365.4 0.64726256452
1374.86 0.690381726003
1384.39 0.704826051172
1393.99 0.61956176987
1403.65 0.650255960854
1413.38 0.665389242322
1426.46 0.691973452625
1436.35 0.691973452625
1442.98 0.736351741138
1446.3 0.751770107971
1456.33 0.73466498606
1466.42 0.680902637611
1476.59 0.684038576628
1483.4 0.7015950837
1493.69 0.721242216783
1504.04 0.68563030325
1510.98 0.611056723143
1517.96 0.659307421199
1524.96 0.641323286079
1535.53 0.55986014298
1546.18 0.626736418227
1553.31 0.594402986393
1564.08 0.606851714006
1574.92 0.653249357189
1585.84 0.690381726003
1596.83 0.711359257457
1604.2 0.699979599964
1615.32 0.708080775758
1626.52 0.671566091901
1634.03 0.721242216783
1645.35 0.738038496215
1656.76 0.680902637611
1664.4 0.753504377276
1672.09 0.670021879507
1675.94 0.763981264446
1683.68 0.801826346673
1695.35 0.753504377276
1703.17 0.727917965751
1714.98 0.69515690587
1726.87 0.696748632492
1734.84 0.748301569361
1746.86 0.73466498606
1754.93 0.790826803
1763.03 0.722905214747
1775.25 0.750035838666
1783.44 0.765739290865
1795.8 0.828101714497
1804.09 0.822400007194
1816.6 0.763981264446
1824.98 0.783580883302
1833.41 0.753504377276
1846.12 0.693565179247
1854.64 0.703210567436
1863.2 0.731267718792
1876.11 0.79265610076
1884.77 0.73466498606
1893.47 0.711359257457
1906.6 0.755238646581
1915.4 0.732954473869
1924.24 0.721242216783
1933.12 0.73466498606
1946.52 0.783580883302
1955.51 0.739749008406
1969.06 0.816745814118
1978.15 0.837699588458
1982.71 0.79631469628
1996.45 0.778188018477
2005.67 0.799997048913
2014.93 0.774600694299
2024.23 0.811115378155
2033.57 0.778188018477
2042.96 0.81486900213
2057.12 0.783580883302
2066.61 0.787191964594
2076.15 0.847392490874
2085.73 0.851312414645
2095.36 0.807385511294
2105.03 0.811115378155
2114.75 0.824300576295
2124.51 0.837699588458
2134.32 0.774600694299
2144.17 0.807385511294
2154.07 0.837699588458
2164.01 0.811115378155
2174.0 0.807385511294
2184.03 0.803679401547
2194.11 0.845444407545
2204.24 0.822400007194
2214.42 0.778235532705
2224.64 0.757376786819
2234.9 0.823231506175
2245.22 0.786550522523
2255.58 0.75150877972
2266.0 0.769374129271
2276.46 0.796789838555
2286.96 0.827080158605
2297.52 0.779399631279
2302.81 0.78861739142
2313.44 0.753480620162
2324.12 0.59331015916
2334.85 0.695822105055
2345.63 0.666363283987
2356.45 0.741174435232
2367.33 0.670093150848
2372.79 0.700240928215
2383.74 0.638947574702
2394.74 0.689740283931
2405.8 0.663583701676
2416.9 0.684109847969
2422.47 0.741697091735
2433.66 0.715231667001
2444.89 0.763244793919
2456.17 0.754906046988
2467.51 0.750083352894
2473.2 0.719816789957
2484.61 0.736969426096
2496.08 0.699314400778
2507.6 0.790494203408
2513.39 0.688671213812
2519.18 0.700050871305
2524.99 0.673347875434
2536.64 0.689407684339
2542.49 0.683254591874
2554.22 0.744405402704
2566.01 0.721194702556
2577.86 0.769635457522
2583.8 0.762769651644
2595.73 0.750986123217
2607.71 0.724211856004
2613.72 0.711169200547
2625.79 0.758944756328
2637.9 0.793321299946
2643.98 0.876138598529
2656.19 0.905336091346
2662.31 0.81083029279
2674.6 0.855398638213
2686.95 0.859817461373
2693.14 0.813823689124
2705.57 0.846774805916
2718.06 0.796172153597
2724.33 0.796409724735
2736.9 0.842118411618
2743.21 0.713687454606
2755.87 0.740889349867
2762.22 0.777807904657
2774.98 0.820570709434
2787.78 0.759206084579
2794.21 0.596327312608
2807.11 0.64379402591
2813.58 0.818218755171
2826.57 0.879250780433
2833.08 0.849649416682
2846.16 0.82698513015
2852.72 0.784554924966
2865.89 0.882838104611
2872.49 0.887161899316
2885.75 0.883598332251
2892.4 0.881840305833
2912.45 0.974493049515
2932.64 0.935768954079
2952.97 0.923747854514
2966.6 0.948027624781
2987.16 0.95546360139
3007.87 0.974112935695
3028.72 0.977248874712
3049.71 0.984946179572
3070.85 0.999580561651
3092.14 1.0121005606
3113.57 1.01773099657
3127.95 1.00670769578
3149.63 1.0193464803
3171.46 1.02740014187
3193.44 0.975348305611
3208.18 1.01727961141
3230.42 0.96795984323
3252.81 1.04300856561
3267.83 1.09035649335
3290.48 1.08893106652
3313.29 1.09000013664
3320.93 1.09038025046
3328.58 1.11613296178
3336.25 1.14780119443
3343.94 1.07154085924
3351.65 1.0918294344
3359.38 1.11506389166
3367.12 1.09508415899
3374.89 0.996777222227
3382.67 1.034527276
3390.46 1.12432916603
3398.28 1.11953022905
3406.11 1.0944189598
3413.96 1.11515892012
3421.84 1.15473827165
3429.72 1.12622973513
3437.63 1.14492658366
3445.55 1.00908340716
3453.5 1.17509811814
3461.46 1.0671457932
3469.44 1.09743611325
3477.44 1.05082465604
3485.45 1.09313607566
3493.49 1.07852545069
3501.54 1.09140180635
3509.61 1.09933668235
3517.7 1.06484135316
3525.81 1.09506040187
3531.22 0.729889806194
3533.87 1.42756496612
3536.51 1.23703291373
3539.16 0.944606600399
3541.81 1.03376704836
3544.45 1.44291206161
3547.1 1.33574372142
3549.75 1.10347042014
3552.39 1.20983101847
3555.04 1.11515892012
3557.68 1.08736309701
3560.33 0.785576480858
3562.98 1.1724373214
3565.62 1.09871899739
3568.27 1.10506214677
3570.91 1.27364262604
3573.56 0.940377834149
3576.21 0.990529101307
3578.85 1.19310601038
3581.5 1.30832801214
3584.14 1.25834304478
3586.79 0.998178891939
3589.44 1.02682997114
3592.08 1.06866624848
3594.73 1.07980833483
3597.37 1.27119564332
3600.02 1.0968421854
3602.67 0.899966983635
3605.31 1.25722646043
3607.96 1.090285222
3610.6 0.836915603704
3613.25 1.10465827583
3615.9 1.11660810406
3618.54 1.1261822209
3621.19 1.2847847124
3623.83 1.15789796778
3626.48 1.21479625525
3629.13 1.20151602865
3631.77 1.29576049896
3634.42 1.28027086078
3637.06 0.982879310674
3639.71 1.15537971372
3642.36 1.02321888985
3645.0 1.19393750936
3647.65 0.968268685709
3650.29 1.10501463254
3652.94 1.1261822209
3655.59 1.13632650848
3658.23 1.03778200058
3660.88 1.31816345724
3663.52 1.09087914985
3666.17 1.3262171188
3668.82 1.18595511914
3671.46 1.09912286833
3674.11 1.15602115579
3676.75 1.1601786507
3679.4 1.10111846588
3682.05 1.32251100905
3684.69 1.14708848102
3687.34 1.20268012723
3689.98 1.34802614924
3692.63 1.30215116256
3695.28 1.07911937854
3697.92 1.12974578797
3700.57 1.34486645311
3703.21 1.21909629284
3705.86 1.10140355125
3708.51 1.10876825651
3711.15 1.11242685203
3713.8 1.06945023323
3716.44 1.47113551277
3719.09 1.45709505853
3721.74 1.58189117714
3724.38 1.80048038089
3727.03 2.16251503755
3729.67 2.34480337146
3732.32 2.02517516287
3734.97 1.61448593722
3737.61 1.31951761272
3740.26 1.40461559423
3742.9 1.46750067436
3745.55 1.33676527731
3748.2 1.3346746513
3750.84 1.36209036059
3753.49 1.31253302127
3756.13 1.40806037572
3758.78 1.38259274977
3761.43 1.40931950275
3764.07 1.4220058015
3766.72 1.33550615028
3769.36 1.27414152543
3772.01 1.20724149307
3774.66 1.35626986771
3777.3 1.42575942548
3779.95 1.56072358877
3782.59 1.7300880528
3785.24 1.61804950429
3787.89 1.58324533262
3790.53 1.65556198692
3793.18 1.5795867371
3795.82 1.37788884124
3798.47 1.29488148575
3801.12 1.20032817296
3803.76 1.30763905584
3806.41 1.56395455625
3809.05 1.63418058453
3811.7 1.68784790453
3814.35 1.59559903178
3816.99 1.65071553571
3819.64 1.65698741375
3822.28 1.65026415055
3824.93 1.56440594141
3827.58 1.48451076782
3830.22 1.39100276804
3832.87 1.20629120852
3835.51 1.14951170662
3838.16 1.10936218436
3840.81 1.23622517186
3843.45 1.4704940707
3846.1 1.59331834886
3848.74 1.71426581504
3851.39 1.69661427951
3854.04 1.66028965256
3856.68 1.83972713283
3859.33 1.92986162245
3861.97 1.92677319766
3864.62 2.06793796765
3867.27 1.98428917009
3869.91 2.08326130603
3872.56 1.92415991515
3875.2 1.73866437087
3877.85 1.66596760275
3880.5 1.61063728479
3883.14 1.55141080018
3885.79 1.47177695484
3888.43 1.31559768895
3891.08 1.42566439702
3893.73 1.53076586832
3896.37 1.46011221198
3899.02 1.63270764348
3901.66 1.68000805699
3904.31 1.80715612986
3906.96 1.81670648959
3909.6 1.83145965724
3912.25 2.03553326448
3914.89 2.12476498378
3917.54 1.90192325666
3920.19 1.87377107685
3922.83 1.76703036471
3925.48 1.94266670677
3928.12 1.56580761112
3930.77 1.44390986039
3933.42 1.3593582925
3936.06 1.40083821314
3938.71 1.58006187938
3941.35 1.58060829299
3944.0 1.68221746857
3946.65 1.78926702319
3949.29 1.80347377722
3951.94 1.94050480942
3954.58 1.81395066439
3957.23 1.70654475306
3959.88 1.73308144914
3962.52 1.59702445861
3965.17 1.31236672148
3967.81 1.24318600619
3970.46 1.21073378879
3973.11 1.22589082737
3975.75 1.39447130665
3978.4 1.61774066181
3981.04 1.64817352454
3983.69 1.83982216128
3986.34 1.85685601185
3988.98 1.79967263902
3991.63 2.0450598671
3994.27 1.97823110608
3996.92 2.08347512005
3999.57 2.08497181822
4002.21 2.14305796137
4004.86 2.22354706281
4007.51 2.11873067688
4010.15 1.90686473633
4012.8 2.14652649998
4015.44 2.37050856856
4018.09 2.23872785851
4020.74 2.13410152949
4023.38 2.3238020829
4026.03 2.23214713799
4028.67 2.26338774259
4031.32 2.19691533828
4033.97 2.19769932303
4036.61 2.07539770137
4039.26 2.17888368893
4041.9 2.26946956372
4044.55 2.07105014955
4047.2 2.18121188608
4049.84 2.05582183963
4052.49 2.08782267187
4055.13 2.07397227455
4057.78 2.15733598675
4060.43 2.29341673439
4063.07 2.25863631984
4065.72 2.12096384557
4068.36 2.01655133058
4071.01 2.04757812115
4073.66 2.08380771965
4076.3 2.09452217795
4078.95 2.00186943427
4081.59 2.03493933663
4084.24 2.03961948804
4086.89 1.99041850544
4089.53 2.10851511796
4092.18 1.93371027488
4094.82 1.94494738969
4097.47 1.715928813
4100.12 1.69998778966
4102.76 1.6487912095
4105.41 1.50159213261
4108.05 1.64392100118
4110.7 1.71602384145
4113.35 1.93299756147
4115.99 2.01058829502
4118.64 2.12350585675
4121.28 2.1444833882
4123.93 2.15626691663
4126.58 2.10602062102
4129.22 2.14548118698
4131.87 2.15683708736
4134.51 2.01902207041
4137.16 2.02785971673
4139.81 2.2285360567
4142.45 2.1700222855
4145.1 2.22506751809
4147.74 2.12578653967
4150.39 2.13139321852
4153.04 2.17102008428
4155.68 2.19468216959
4158.33 2.26576345397
4160.97 2.24478592252
4163.62 2.24036709936
4166.27 2.35670568546
4168.91 2.31883684612
4171.56 2.14030213618
4174.2 2.16838304465
4176.85 2.11533340961
4179.5 2.18064171535
4182.14 2.06670259773
4184.79 2.05002510387
4187.43 2.12500255491
4190.08 2.24606880666
4192.73 2.23989195708
4195.37 2.08806024301
4198.02 2.05639201036
4200.66 1.99288924527
4203.31 2.05140301647
4205.96 2.17379966659
4208.6 2.19803192263
4211.25 2.16550843388
4213.89 2.21960338192
4216.54 2.21361658926
4219.19 2.18734122143
4221.83 2.21447184535
4224.48 2.14455465954
4227.12 2.11454942486
4229.77 2.03063929904
4232.42 2.08974699809
4235.06 2.25226941335
4237.71 2.23157696726
4240.35 2.19242524378
4243.0 2.18779260659
4245.65 2.19876839315
4248.29 2.20948285146
4250.94 2.15857135666
4253.58 2.18370638303
4256.23 2.25329096924
4258.88 2.26676125275
4261.52 2.2449284652
4264.17 2.23518804855
4266.81 2.12766335166
4269.46 2.14320050406
4272.11 2.18755503546
4274.75 2.11723397871
4277.4 2.10492779378
4280.04 2.18544065233
4282.69 2.14177507723
4285.34 2.07736954182
4287.98 2.10727974805
4290.63 2.13479048578
4293.27 2.04686540774
4295.92 2.0065733428
4298.57 1.98519194041
4301.21 1.89662542029
4303.86 1.84224538689
4306.5 1.93782025556
4309.15 1.97041501565
4311.8 1.96141106953
4314.44 2.03722001955
4317.09 2.1249787978
4319.73 2.1798577306
4322.38 2.15781112902
4325.03 2.12590532524
4327.67 2.00080036415
4330.32 1.9529060228
4332.96 1.98942070666
4335.61 2.00232081943
4338.26 1.99341190177
4340.9 1.84569016838
4343.55 1.89011597112
4346.19 1.91133107371
4348.84 1.96953600244
4351.49 1.93442298829
4354.13 2.00711975641
4356.78 2.08449667594
4359.42 2.22642167358
4362.07 2.26402918466
4364.72 2.26094075988
4367.36 2.26146341638
4370.01 2.30158918153
4372.65 2.25291085542
4375.3 2.20349605879
4377.95 2.21083700695
4380.59 2.26467062674
4383.24 2.12395724191
4385.88 2.05480028374
4388.53 2.08335633448
4391.18 2.28776254132
4393.82 2.24556990727
4396.47 2.22656421626
4399.11 2.21988846729
4401.76 2.23868034428
4404.41 2.13486175713
4407.05 2.19052467468
4409.7 2.28056413584
4412.34 2.24716163389
4414.99 2.24003449976
4417.64 2.19853082202
4420.28 2.25958660439
4422.93 2.25920649057
4425.57 2.26652368161
4428.22 2.31781529023
4430.87 2.28465035941
4433.51 2.24305165321
4436.16 2.29581620288
4438.8 2.29534106061
4441.45 2.37022348319
4444.1 2.2811818208
4446.74 2.31631859206
4449.39 2.38426393743
4452.04 2.41015919143
4454.68 2.22117135143
4457.33 2.31741141929
4459.97 2.24041461358
4462.62 2.32529878106
4465.27 2.11397925413
4467.91 2.14386570324
4470.56 2.24276656785
4473.2 2.3367497099
4475.85 2.38735236222
4478.5 2.49283394733
4481.14 2.3992309191
4483.79 2.2923951785
4486.43 2.37350196489
4489.08 2.40279448616
4491.73 2.42726431334
4494.37 2.3609106946
4497.02 2.330715403
4499.66 2.44199372388
4502.31 2.44056829705
4504.96 2.4522092828
4507.6 2.46646355105
4510.25 2.57788441461
4512.89 2.43510416088
4515.54 2.45957398806
4518.19 2.43130302268
4520.83 2.45482256531
4523.48 2.35725209908
4526.12 2.16429682108
4528.77 2.30080519677
4531.42 2.15522160362
4534.06 2.21375913194
4536.71 2.1603531402
4539.35 2.2330261512
4542.0 2.29175373643
4544.65 2.38117551264
4547.29 2.27281931676
4549.94 2.36803782873
4552.58 2.36468807569
4555.23 2.36561460312
4557.88 2.48214324614
4560.52 2.32299434103
4563.17 2.45577284986
4565.81 2.42655159993
4568.46 2.42631402879
4571.11 2.3847390797
4573.75 2.40136905934
4576.4 2.48356867296
4579.04 2.36606598828
4581.69 2.35100397816
4584.34 2.34028951985
4586.98 2.32560762354
4589.63 2.31857551787
4592.27 2.41348518736
4594.92 2.29626758804
4597.57 2.43795501454
4600.21 2.3367497099
4602.86 2.44460700639
4605.5 2.45125899824
4608.15 2.45315956735
4610.8 2.36036428098
4613.44 2.31325392439
4616.09 2.49924836805
4618.73 2.52134248385
4621.38 2.37509369151
4624.03 2.55674058336
4626.67 2.54961344923
4629.32 2.47929239249
4631.96 2.43249087837
4634.61 2.44650757549
4637.26 2.30403616424
4639.9 2.48333110183
4642.55 2.41657361215
4645.19 2.3443519863
4647.84 2.36293004927
4650.49 2.36604223117
4653.13 2.39709277886
4655.78 2.35219183385
4658.42 2.46099941489
4661.07 2.52585633547
4663.72 2.38378879515
4666.36 2.4118221894
4669.01 2.19370812792
4671.65 2.30562789087
4674.3 2.37421467831
4676.95 2.40635805323
4679.59 2.4925963762
4682.24 2.27873483809
4684.88 2.51065178266
4687.53 2.44793300232
4690.18 2.45007114256
4692.82 2.38545179312
4695.47 2.54153603055
4698.11 2.31168595488
4700.76 2.41348518736
4703.41 2.3388165788
4706.05 2.42797702676
4708.7 2.28507798746
4711.34 2.41301004508
4713.99 2.291872522
4716.64 2.33720109506
4719.28 2.44484457753
4721.93 2.46527569537
4724.57 2.43082788041
4727.22 2.4068331955
4729.87 2.45315956735
4732.51 2.3193119884
4735.16 2.25172299973
4737.8 2.45339713848
4740.45 2.46266241285
4743.1 2.46456298195
4745.74 2.4011314882
4748.39 2.43795501454
4751.03 2.38972807359
4753.68 2.37832465899
4756.33 2.36083942326
4758.97 2.33021650361
4761.62 2.37017596897
4764.26 2.2716789753
4766.91 2.26203358711
4769.56 2.32038105851
4772.2 2.40089391706
4774.85 2.43629201657
4777.49 2.43747987226
4780.14 2.41396032963
4782.79 2.35758469867
4785.43 2.37497490595
4788.08 2.40612048209
4790.72 2.19273408626
4793.37 2.37535501977
4796.02 2.35411616006
4798.66 2.43843015681
4801.31 2.47952996362
4803.95 2.47145254494
4806.6 2.37131631043
4809.25 2.39519220976
4811.89 2.41301004508
4814.54 2.3809379415
4817.18 2.4011314882
4819.83 2.38972807359
4822.48 2.37737437444
4825.12 2.3371060666
4827.77 2.30598424757
4830.41 2.3146555941
4833.06 2.32986014691
4835.71 2.3231131266
4838.35 2.28638462872
4841.0 2.18128315742
4843.64 2.30484390611
4846.29 2.15096908026
4848.94 2.15847632821
4851.58 2.16522334852
4854.23 2.13664354066
4856.87 2.21532710145
4859.52 2.2618435302
4862.17 2.28607578624
4864.81 2.36601847406
4867.46 2.13899549492
4870.1 1.99768818225
4872.75 2.05769865162
4875.4 2.15439010464
4878.04 2.11072452954
4880.69 2.22651670203
4883.33 2.32149764286
4885.98 2.23765878839
4888.63 2.16424930685
4891.27 2.27132261859
4893.92 2.30864504431
4896.56 2.29175373643
4899.21 2.29876208499
4901.86 2.34874705235
4904.5 2.29541233195
4907.15 2.40517019754
4909.8 2.36048306655
4912.44 2.36891684194
4915.09 2.32247168453
4917.73 2.31232739695
4920.38 2.34342545887
4923.03 2.32546508086
4925.67 2.32793582069
4928.32 2.39970606138
4930.96 2.35530401575
4933.61 2.35649187144
4936.26 2.33199828715
4938.9 2.32116504327
4941.55 2.32876731967
4944.19 2.41514818532
4946.84 2.43296602065
4949.49 2.38806507563
4952.13 2.4194244658
4954.78 2.41823661011
4957.42 2.46266241285
4960.07 2.47335311405
4962.72 2.50566278877
4965.36 2.34266523123
4968.01 2.32750819264
4970.65 2.32527502395
4973.3 2.39186621383
4975.95 2.38378879515
4978.59 2.23231343779
4981.24 2.31111578415
4983.88 2.2494185597
4986.53 2.26519328324
4989.18 2.36302507772
4991.82 2.30256322319
4994.47 2.35214431962
4997.11 2.29652891629
4999.76 2.29883335633
5002.41 2.36801407161
5005.05 2.4270267422
5007.7 2.47026468926
5010.34 2.40184420161
5012.99 2.33076291723
5015.64 2.19370812792
5018.28 2.29073218054
5020.93 2.25847002004
5023.57 2.27405468667
5026.22 2.28310614702
5028.87 2.33427897007
5031.51 2.32427722517
5034.16 2.2727242883
5036.8 2.22822721422
5039.45 2.22986645507
5042.1 2.26208110134
5044.74 2.30624557582
5047.39 2.26661871007
5050.03 2.3219015138
5052.68 2.2618435302
5055.33 2.33964807778
5057.97 2.34454204321
5060.62 2.31669870588
5063.26 2.37504617729
5065.91 2.37975008581
5068.56 2.40944647802
5071.2 2.31817164693
5073.85 2.38236336833
5076.49 2.33206955849
5079.14 2.29736041528
5081.79 2.29667145898
5084.43 2.33052534609
5087.08 2.2820370769
5089.72 2.27517127102
5092.37 2.37343069355
5095.02 2.21789286973
5097.66 2.26440929848
5100.31 2.21100330674
5102.95 2.23141066747
5105.6 2.24609256377
5108.25 2.32344572619
5110.89 2.31634234917
5113.54 2.26742645193
5116.18 2.33059661743
5118.83 2.27880610943
5121.48 2.32601149448
5124.12 2.26248497227
5126.77 2.2815144204
5129.41 2.27106129034
5132.06 2.19306668585
5134.71 2.30358477908
5137.35 2.35010120783
5140.0 2.29657643052
5142.64 2.21240497645
5145.29 2.21584975795
5147.94 2.17144771232
5150.58 2.27265301696
5153.23 2.23580573351
5155.87 2.34608625561
5158.52 2.50993906924
5161.17 2.45743584782
5163.81 2.51255235176
5166.46 2.70450983098
5169.1 2.55436487198
5171.75 2.25098652921
5174.4 2.12421857016
5177.04 2.08368893408
5179.69 2.21314144698
5182.33 2.09604263323
5184.98 2.08014912413
5187.63 2.04867094839
5190.27 2.12086881712
5192.92 2.25493021009
5195.56 2.32522750972
5198.21 2.38188822605
5200.86 2.37255168034
5203.5 2.33689225258
5206.15 2.30318090815
5208.79 2.18472793892
5211.44 2.20632315533
5214.09 2.34161991822
5216.73 2.24922850279
5219.38 2.25165172839
5222.02 2.33748618043
5224.67 2.41776146784
5227.32 2.2932504346
5229.96 2.30384610733
5232.61 2.34817688162
5235.25 2.27728565415
5237.9 2.26151093061
5240.55 2.31175722622
5243.19 2.3134439813
5245.84 2.3341601845
5248.48 2.39329164066
5251.13 2.41039676257
5253.78 2.29099350879
5256.42 2.26051313183
5259.07 2.19672528137
5261.71 2.22898744186
5264.36 2.11046320129
5267.01 2.17125765541
5269.65 2.10022388526
5272.3 2.06024066279
5274.94 2.26196231577
5277.59 2.28982941021
5280.24 2.30432124961
5282.88 2.25257825583
5285.53 2.31059312764
5288.17 2.38758993336
5290.82 2.4472202889
5293.47 2.41704875442
5296.11 2.48356867296
5298.76 2.55365215857
5301.4 2.42821459789
5304.05 2.34361551578
5306.7 2.2937730911
5309.34 2.30957157175
5311.99 2.38711479108
5314.63 2.42061232149
5317.28 2.33128557373
5319.93 2.38331365288
5322.57 2.43652958771
5325.22 2.28370007486
5327.86 2.29127859415
5330.51 2.41491061418
5333.16 2.32767449244
5335.8 2.21957962481
5338.45 2.33938674953
5341.09 2.41871175239
5343.74 2.2604656176
5346.39 2.2834149895
5349.03 2.34276025968
5351.68 2.22703935853
5354.33 2.40255691503
5356.97 2.38616450653
5359.62 2.35112276373
5362.26 2.34810561028
5364.91 2.34869953812
5367.56 2.36751517222
5370.2 2.25673575074
5372.85 2.31318265304
5375.49 2.22936755568
5378.14 2.31235115406
5380.79 2.35708579928
5383.43 2.33513422616
5386.08 2.27424474358
5388.72 2.29386811955
5391.37 2.34708405439
5394.02 2.16512832006
5396.66 2.25742470704
5399.31 2.30337096506
5401.95 2.3300264467
5404.6 2.33145187353
5407.25 2.41657361215
5409.89 2.26369658507
5412.54 2.33777126579
5415.18 2.29039958094
5417.83 2.24419199467
5420.48 2.43154059382
5423.12 2.40279448616
5425.77 2.47359068518
5428.41 2.34416192939
5431.06 2.30752845997
5433.71 2.46289998399
5436.35 2.25557165216
5439.0 2.36133832265
5441.64 2.39115350042
5444.29 2.3771368033
5446.94 2.39020321587
5449.58 2.36012670984
5452.23 2.36913065596
5454.87 2.33952929221
5457.52 2.45387228076
5460.17 2.29220512159
5462.81 2.32936124752
5465.46 2.42821459789
5468.1 2.36808534295
5470.75 2.4415185816
5473.4 2.35703828505
5476.04 2.21245249068
5478.69 2.1505176951
5481.33 2.10119792692
5483.98 2.3210462577
5486.63 2.30130409616
5489.27 2.35623054319
5491.92 2.26120208813
5494.56 2.27137013282
5497.21 2.42655159993
5499.86 2.42607645765
5502.5 2.39519220976
5505.15 2.30617430448
5507.79 2.33960056355
5510.44 2.3633339202
5513.09 2.35525650152
5515.73 2.31287381056
5518.38 2.36787152893
5521.02 2.33430272718
5523.67 2.32986014691
5526.32 2.29866705653
5528.96 2.33147563064
5531.61 2.41491061418
5534.25 2.25811366334
5536.9 2.36684997304
5539.55 2.39733035
5542.19 2.4743033986
5544.84 2.41039676257
5547.48 2.39994363251
5550.13 2.36620853097
5552.78 2.42251289059
5555.42 2.38188822605
5558.07 2.34670394057
5560.71 2.34116853306
5563.36 2.32280428412
5566.01 2.37335942221
5568.65 2.43866772795
5571.3 2.37689923216
5573.94 2.34649012654
5576.59 2.41799903897
5579.24 2.3410735046
5581.88 2.20275958827
5584.53 2.39946849024
5587.17 2.35737088465
5589.82 2.27840223849
5592.47 2.36197976472
5595.11 2.27773703931
5597.76 2.40350719958
5600.4 2.27118007591
5603.05 2.333637528
5605.7 2.2858382151
5608.34 2.46622597992
5610.99 2.37530750554
5613.63 2.26053688894
5616.28 2.35865376879
5618.93 2.37000966917
5621.57 2.25450258205
5624.22 2.25036884425
5626.86 2.3113771124
5629.51 2.35164542023
5632.16 2.34447077187
5634.8 2.34371054423
5637.45 2.35549407266
5640.09 2.27172648952
5642.74 2.25789984931
5645.39 2.37426219253
5648.03 2.31957331665
5650.68 2.31313513882
5653.32 2.32232914184
5655.97 2.25291085542
5658.62 2.31287381056
5661.26 2.17909750296
5663.91 2.15263207822
5666.55 2.17484497959
5669.2 2.35753718444
5671.85 2.39899334796
5674.49 2.27852102406
5677.14 2.3061980616
5679.78 2.34318788773
5682.43 2.34717908284
5685.08 2.24416823756
5687.72 2.36380906248
5690.37 2.23915548655
5693.01 2.31629483495
5695.66 2.25968163285
5698.31 2.31273126788
5700.95 2.35996041005
5703.6 2.32907616215
5706.24 2.24119859834
5708.89 2.18506053851
5711.54 2.12419481305
5714.18 2.04325432645
5716.83 2.32696177903
5719.47 2.42726431334
5722.12 2.42797702676
5724.77 2.40398234185
5727.41 2.38070037036
5730.06 2.41301004508
5732.7 2.42346317514
5735.35 2.49378423188
5738.0 2.45743584782
5740.64 2.55745329677
5743.29 2.49734779895
5745.93 2.4011314882
5748.58 2.32556010932
5751.23 2.43914287022
5753.87 2.36240739276
5756.52 2.38070037036
5759.16 2.44555729094
5761.81 2.34183373224
5764.46 2.3992309191
5767.1 2.25932527614
5769.75 2.29574493154
5772.39 2.3954297809
5775.04 2.34007570583
5777.69 2.2896393533
5780.33 2.2830823899
5782.98 2.18498926717
5785.62 2.11808923481
5788.27 2.23803890221
5790.92 2.20898395207
5793.56 2.46812654902
5796.21 2.33969559201
5798.85 2.41039676257
5801.5 2.44959600028
5804.15 2.2936067913
5806.79 2.35618302896
5809.44 2.29603001691
5812.09 2.22989021218
5814.73 2.39091592928
5817.38 2.36561460312
5820.02 2.40065634593
5822.67 2.36927319864
5825.32 2.37618651875
5827.96 2.38355122402
5830.61 2.28217961958
5833.25 2.31415669471
5835.9 2.37737437444
5838.55 2.44579486208
5841.19 2.30453506363
5843.84 2.36518697507
5846.48 2.36742014377
5849.13 2.24932353124
5851.78 2.39210378497
5854.42 2.30933400061
5857.07 2.25877886252
5859.71 2.33339995686
5862.36 2.25920649057
5865.01 2.3419287607
5867.65 2.46004913034
5870.3 2.43938044136
5872.94 2.33803259404
5875.59 2.37568761936
5878.24 2.39400435407
5880.88 2.19845955067
5883.53 2.18144945722
5886.17 2.13129819006
5888.82 2.06686889753
5891.47 2.09359565052
5894.11 1.98046427477
5896.76 2.0980619879
5899.4 2.14545742986
5902.05 2.22257302115
5904.7 2.23419024978
5907.34 2.28766751286
5909.99 2.25982417553
5912.63 2.35827365497
5915.28 2.32218659916
5917.93 2.20651321224
5920.57 2.30700580347
5923.22 2.37761194557
5925.86 2.30090022523
5928.51 2.28638462872
5931.16 2.3131113817
5933.8 2.32479988167
5936.45 2.30455882075
5939.09 2.29374933398
5941.74 2.29655267341
5944.39 2.2832486897
5947.03 2.27433977204
5949.68 2.27517127102
5952.32 2.26329271414
5954.97 2.23152945303
5957.62 2.23692231786
5960.26 2.30111403925
5962.91 2.31268375365
5965.55 2.33990940603
5968.2 2.35891509704
5970.85 2.36751517222
5973.49 2.34432822919
5976.14 2.2944620474
5978.78 2.28450781673
5981.43 2.28887912566
5984.08 2.27906743768
5986.72 2.23587700485
5989.37 2.27505248545
5992.01 2.36247866411
5994.66 2.39091592928
5997.31 2.40089391706
5999.95 2.29374933398
6002.6 2.18007154462
6005.24 2.18456163912
6007.89 2.16702888916
6010.54 2.29726538682
6013.18 2.42251289059
6015.83 2.4011314882
6018.47 2.42797702676
6021.12 2.32601149448
6023.77 2.24300413898
6026.41 2.28733491327
6029.06 2.44175615274
6031.7 2.35903388261
6034.35 2.34950727999
6037.0 2.3424514172
6039.64 2.36459304723
6042.29 2.39020321587
6044.93 2.38402636629
6047.58 2.27213036046
6050.23 2.45529770758
6052.87 2.39804306341
6055.52 2.4118221894
6058.16 2.30755221708
6060.81 2.37808708785
6063.46 2.24347928126
6066.1 2.35010120783
6068.75 2.3362270534
6071.39 2.28467411653
6074.04 2.34827191007
6076.69 2.40968404916
6079.33 2.3320933156
6081.98 2.34173870379
6084.62 2.29664770186
6087.27 2.36882181348
6089.92 2.25923024768
6092.56 2.20513529964
6095.21 2.20411374375
6097.85 2.28876034009
6100.5 2.30249195185
6103.15 2.27113256168
6105.79 2.37278925148
6108.44 2.27795085333
6111.08 2.38735236222
6113.73 2.37134006754
6116.38 2.35535152998
6119.02 2.37856223012
6121.67 2.27733316837
6124.31 2.28949681062
6126.96 2.25504899566
6129.61 2.29545984618
6132.25 2.31083069878
6134.9 2.1912611452
6137.54 2.22848854247
6140.19 2.31905066014
6142.84 2.26082197431
6145.48 2.28902166835
6148.13 2.28403267445
6150.77 2.33824640807
6153.42 2.27643039805
6156.07 2.25457385339
6158.71 2.25006000177
6161.36 2.21775032705
6164.0 2.14163253455
6166.65 2.13761758232
6169.3 2.15481773269
6171.94 2.15061272355
6174.59 2.2345703636
6177.23 2.22689681585
6179.88 2.14177507723
6182.53 2.22701560142
6185.17 2.32270925566
6187.82 2.26281757186
6190.46 2.24554615016
6193.11 2.14134744918
6195.76 2.27899616634
6198.4 2.3003300545
6201.05 2.13070426222
6203.69 2.18570198058
6206.34 2.26084573142
6208.99 2.28391388889
6211.63 2.14643147153
6214.28 2.25055890116
6216.92 2.24602129243
6219.57 2.22822721422
6222.22 2.2539086542
6224.86 2.07808225523
6227.51 2.03389402363
6230.15 2.17688809138
6232.8 2.1505176951
6235.45 2.258042392
6238.09 2.39851820569
6240.74 2.3049864488
6243.38 2.20190433217
6246.03 2.1529409207
6248.68 2.32788830646
6251.32 2.26072694585
6253.97 2.05095163131
6256.62 1.95278723723
6259.26 1.984479227
6261.91 2.14426957418
6264.55 2.20249826001
6267.2 2.24309916744
6269.85 2.22278683517
6272.49 2.24932353124
6275.14 2.21468565938
6277.78 2.11053447263
6280.43 2.10017637103
6283.08 2.21442433112
6285.72 2.04629523701
6288.37 2.12664179576
6291.01 2.14923481095
6293.66 2.2287023565
6296.31 2.31741141929
6298.95 2.2804928645
6301.6 2.50447493308
6304.24 2.33178447312
6306.89 2.32819714894
6309.54 2.09050722573
6312.18 2.31047434207
6314.83 2.29624383093
6317.47 2.22164649371
6320.12 2.16503329161
6322.77 2.21760778437
6325.41 2.10946540251
6328.06 2.23212338088
6330.7 2.1648432347
6333.35 2.2259465313
6336.0 2.32446728208
6338.64 2.18962190435
6341.29 2.19102357407
6343.93 2.23516429144
6346.58 2.19565621125
6349.23 2.13638221241
6351.87 2.2820370769
6354.52 2.17415602329
6357.16 2.0987509442
6359.81 2.10704217691
6362.46 2.13424407217
6365.1 2.31375282377
6367.75 2.19755678035
6370.39 2.23228968068
6373.04 2.33323365706
6375.69 2.31527327906
6378.33 2.1881489633
6380.98 2.15289340647
6383.62 2.20896019496
6386.27 2.23960687171
6388.92 2.2694458066
6391.56 2.31420420894
6394.21 2.28807138379
6396.85 2.24547487881
6399.5 2.07368718918
6402.15 2.11554722364
6404.79 2.27543259927
6407.44 2.18655723668
6410.08 2.15465143289
6412.73 2.19273408626
6415.38 2.09723048892
6418.02 2.17579526414
6420.67 2.1803803871
6423.31 2.291872522
6425.96 2.23811017355
6428.61 2.14091982114
6431.25 2.16054319711
6433.9 2.13022911994
6436.54 2.26783032287
6439.19 2.34321164484
6441.84 2.28619457181
6444.48 2.30966660021
6447.13 2.2746248574
6449.77 2.34242766009
6452.42 2.32109377193
6455.07 2.22630288801
6457.71 2.20625188399
6460.36 2.23103055365
6463.0 2.23176702417
6465.65 2.14510107316
6468.3 2.13676232623
6470.94 2.25561916639
6473.59 2.21081324983
6476.23 2.20546789923
6478.88 2.1501850955
6481.53 2.40065634593
6484.17 2.31798159002
6486.82 2.33425521295
6489.46 2.24138865525
6492.11 2.21699009941
6494.76 2.19361309947
6497.4 2.18337378343
6500.05 2.06891200931
6502.69 2.0378139474
6505.34 2.15334479163
6507.99 2.17441735154
6510.63 2.26652368161
6513.28 2.17484497959
6515.92 2.24385939508
6518.57 2.18636717977
6521.22 2.15030388107
6523.86 2.25656945094
6526.51 2.1960838393
6529.15 2.304820149
6531.8 2.32874356256
6534.45 2.19152247345
6537.09 2.20240323156
6539.74 2.18950311878
6542.38 2.38165065491
6545.03 2.59047568491
6547.68 2.64654247339
6550.32 2.69762026798
6552.97 2.69025556272
6555.61 2.73943278821
6558.26 3.19010523633
6560.91 3.89426608831
6563.55 4.63002390161
6566.2 4.84573849459
6568.84 4.15108048811
6571.49 3.17798910831
6580.5 2.03992833052
6595.67 2.23131563901
6610.88 2.200407634
6626.12 2.25656945094
6641.39 2.15474646135
6656.7 2.22504376098
6672.05 2.16413052128
6687.43 2.16386919303
6702.84 2.15365363411
6718.3 2.1783135182
6733.78 2.17301568183
6749.3 2.15282213513
6764.86 2.19256778646
6780.46 2.18724619298
6796.09 2.18192459949
6811.75 2.17161401212
6827.46 2.17634167776
6843.2 2.18610585152
6858.97 2.1508740518
6874.79 2.15058896644
6890.63 2.10136422672
6906.52 2.14013583638
6922.44 2.13985075102
6938.4 2.17935883121
6954.39 2.15909401317
6970.42 2.18380141148
6986.49 2.07565902962
7002.6 2.17819473263
7018.74 2.15792991459
7034.92 2.14279663312
7051.14 2.1974617519
7067.39 2.09345310783
7083.68 2.14685909958
7100.01 2.05943292092
7116.38 2.05442016992
7132.78 2.04940741891
7149.23 2.06808051033
7165.71 2.07257060483
7182.22 2.02510389153
7198.78 1.95608947605
7215.38 1.98303004306
7232.01 2.06190366075
7248.68 2.05689090975
7265.39 2.09967747164
7282.14 2.05159307338
7298.93 1.95896408681
7315.75 2.05575056829
7332.62 2.06969599407
7349.52 2.14213143394
7366.47 2.13198714636
7383.45 2.15142046542
7400.46 2.13139321852
7417.53 2.10183936899
7434.63 2.19553742568
7451.76 2.11580855189
7468.94 2.08169333652
7486.16 2.16947587188
7503.42 2.10034267083
7520.71 2.16883442981
7538.05 2.15857135666
7555.43 2.17821848975
7572.84 2.15795367171
7590.3 2.162610066
7607.8 2.13262858843
7625.34 2.08378396253
7642.92 2.11732900717
7660.53 2.06406555811
7678.19 2.03075808461
7695.9 2.05872020751
7713.64 2.04422836811
7731.42 2.02985531429
7749.24 2.01557728891
7767.1 2.01529220355
7785.01 1.98733008065
7802.95 2.02398730719
7820.94 2.04710297888
7838.97 1.99562131335
7857.04 2.02306077975
7875.16 2.06038320547
7893.31 2.0505952746
7911.5 2.01750161513
7929.74 1.98036924631
7948.02 1.93945949641
7966.34 1.96613873517
7984.71 2.01163360803
8003.12 1.9610071986
8021.56 2.02496134885
8040.06 2.04337311202
8058.59 2.01966351248
8077.17 1.98250738655
8095.79 2.00975679604
8114.45 2.00483907349
8133.16 2.03707747687
8151.9 1.98583338248
8170.69 1.83176849972
8189.53 1.94447224742
8208.41 1.90869403409
8227.33 2.01681265883
8246.3 2.03047299924
8265.31 1.95673091812
8284.36 1.91627255338
8303.46 1.93815285515
8322.6 1.99215277474
8341.79 1.90655589385
8361.01 2.01455573302
8380.29 1.97747087843
8399.61 1.93214230537
8418.97 1.98595216805
8438.38 2.01324909176
8457.83 1.92677319766
8477.33 1.83129335744
8496.87 1.96647133476
8516.46 1.94810708582
8536.09 1.91223384404
8555.77 1.66138247979
8575.49 1.96065084189
8595.26 1.93342518951
8615.07 1.90218458491
8634.94 1.95516294861
8654.84 1.92800856758
8674.79 1.55967827577
8694.79 1.87916394168
8714.83 1.91819687959
8734.92 1.96252765388
8755.06 1.88688500365
8775.24 1.89527126481
8795.47 1.97060507256
8815.74 1.73989974079
8836.07 1.91622503915
8856.44 1.91149737351
8876.85 1.72702338513
8897.32 1.86735665614
8917.83 1.88864303007
8938.38 1.84533381168
8958.99 1.84500121208
8979.64 1.80268979247
9000.34 1.5916553509
9021.09 1.66637147369
9041.89 1.92173668954
9062.73 1.95713478905
9083.62 1.90783877799
9104.56 1.87700204432
9125.55 1.7922129053
9146.59 1.74707438914
9167.67 1.84177024461
9188.81 1.86277153318
9209.99 1.87101525165
9231.22 1.8281099042
9252.5 1.7861785984
9273.83 1.87001745288
9295.21 1.76508228138
9316.64 1.84794709419
9338.11 1.85186701796
9359.64 1.85153441837
9381.22 1.84694929541
9402.84 1.80872409936
9424.51 1.85478914295
9446.24 1.83321768366
9468.02 1.8669527852
9489.84 1.86232014802
9511.72 1.81958110035
9533.65 1.81506724874
9555.62 1.73305769202
9577.65 1.81022079753
9599.73 1.85203331776
9621.86 1.83894314807
9644.04 1.82174299771
9666.27 1.821386641
9688.55 1.83789783507
9710.9 1.81233518066
9733.28 1.79539635854
9755.72 1.78679628336
9778.2 1.79470740224
9800.74 1.77791112281
9823.33 1.78988470815
9845.99 1.79366208924
9868.68 1.78097579049
9891.43 1.78064319089
9914.23 1.77211438705
9937.08 1.78404045816
9959.99 1.78370785857
9982.95 1.77515529761
10029.04 1.75819271839
10075.32 1.7293990965
10121.83 1.7730646716
10168.55 1.75610209237
10215.49 1.76351431187
10286.29 1.7665077082
10310.01 1.75826398973
10501.69 1.70640221038
10696.93 1.64090384773
10895.8 1.57428890073
11098.36 1.5243514476
11304.71 1.49653186738
11488.39 1.48964230439
11701.97 1.45574090305
11892.11 1.40632610642
12113.2 1.38382811968
12310.03 1.36171024677
12510.05 1.32764254563
12713.32 1.30041689325
12890.18 1.2708155295
13099.63 1.25050319723
13312.48 1.21641173898
13497.67 1.19146676953
13685.45 1.17241356429
13907.82 1.13262039873
14101.29 1.08413212954
14297.46 1.07173091615
14496.36 1.07420165599
14698.03 1.04011019773
14902.5 1.05215505441
15109.82 1.05457828002
15284.78 1.06926017632
15497.4 1.06189547106
15712.99 1.04011019773
15894.94 1.00250268664
16116.07 1.00713532383
16302.69 1.00480712668
16491.47 0.988747317774
16682.41 0.986466634853
16914.49 0.970691911313
17110.36 0.955178516025
17308.49 0.918497532372
17508.92 0.895524403361
17711.65 0.861147859744
17916.74 0.830002283598
18082.53 0.790826803
18291.9 0.772818910767
18503.72 0.748301569361
18717.98 0.716276980007
18891.19 0.699979599964
19109.92 0.688789999381
19286.75 0.666933454717
19510.09 0.641323286079
19690.6 0.623861807462
19918.61 0.605450044294
20102.92 0.595780898992
20288.92 0.576870236435
20476.66 0.570265758809
20713.77 0.557294374693
20905.42 0.545867202972
21098.87 0.537124585107
21294.08 0.526125041434
21491.12 0.515339311784
21689.98 0.49783031894
21890.66 0.491012027289
22093.23 0.478729599473
22297.64 0.464475331214
22503.97 0.451171347506
22712.2 0.437178407499
22922.34 0.392610062076
23081.24 0.388048696233
23294.8 0.34127093923
23510.35 0.320079593752
23673.3 0.322193976877
23892.36 0.295942366167
24113.44 0.284610222901
24280.58 0.279264872304
24505.25 0.258809997353
24552.39 0.213911428049
24645.43 0.225816117756
24738.57 0.216840680176
24831.71 0.216142221031
24924.76 0.223133939612
25017.9 0.211473948177
25111.04 0.208561326029
25204.08 0.19834576711
25297.22 0.203303876753
25390.26 0.215695587293
25483.4 0.220670326915
25576.54 0.222772831483
25669.59 0.218945560456
25762.73 0.222625537378
25855.86 0.218646220822
25948.91 0.218660475091
26042.05 0.218394395416
26135.19 0.219275784337
26228.23 0.209102988223
26321.37 0.206691641176
26414.41 0.204916984778
26507.55 0.203933440268
26600.69 0.186662018561
26693.74 0.195062533988
26786.88 0.204099740064
26880.01 0.195060158277
26973.06 0.193577714378
27066.2 0.202127899622
27159.24 0.206587109875
27252.38 0.194000591003
27345.52 0.182789609017
27438.56 0.172623940037
27531.71 0.187125282279
27624.84 0.179969639613
27717.89 0.183060440114
27811.03 0.182768227615
27904.07 0.183347901191
27997.21 0.17564822062
28090.35 0.17043590986
28183.39 0.164969397982
28276.53 0.158241383364
28369.67 0.152896032767
28462.71 0.146614651888
28555.85 0.148876329118
28648.9 0.149871752185
28742.04 0.149615175356
28835.18 0.144027502199
28928.22 0.146096746808
29021.36 0.145265247826
29114.5 0.143825566732
29207.54 0.138114356583
29300.68 0.136957385142
29393.73 0.138625134529
29486.87 0.132082425398
29580.01 0.128473719817
29673.05 0.129815996745
29766.19 0.128647146747
29859.33 0.126817848987
29952.37 0.129996550809
30045.51 0.124021636697
30138.55 0.133175252631
30231.69 0.129378865851
30324.83 0.130063070728
30417.88 0.13263834186
30511.02 0.133944983117
30604.16 0.124964794114
30697.2 0.121809849406
30790.34 0.125551594824
30883.38 0.12785841057
30976.52 0.125349659357
31069.66 0.117262737831
31162.71 0.119381872379
31255.84 0.125306896552
31348.98 0.129321848778
31442.03 0.126516133643
31535.17 0.120460445344
31628.21 0.12164354961
31721.35 0.125024186898
31814.49 0.132583700498
31907.53 0.136931252317
32000.67 0.138309164915
32093.81 0.143561862769
32186.86 0.145379281972
32280.0 0.155043675851
32373.04 0.171899348067
32466.18 0.161895227461
32559.32 0.168138596958
32652.36 0.167896274398
32745.5 0.172462391664
32838.64 0.162239705611
32931.68 0.165670232838
33024.82 0.158277019035
33117.87 0.15990913275
33211.01 0.150166340395
33304.15 0.151066735007
33397.19 0.156910984993
33490.33 0.143516724253
33583.47 0.141618530863
33676.51 0.143854075268
33769.65 0.135147093073
33862.7 0.1371783263
33955.84 0.134460512486
34048.98 0.128492725508
34142.02 0.132533810559
34235.16 0.132754751717
34328.3 0.122591458449
34421.34 0.116623671471
34514.48 0.117336384884
34607.53 0.115799299623
34700.67 0.1059377217
34793.8 0.108712552587
34886.85 0.112520817924
34979.99 0.113874973408
35073.13 0.1055409779
35166.17 0.101530777096
35259.31 0.101302708804
35352.35 0.105457828002
35445.49 0.101568788478
35538.63 0.103485987559
35631.68 0.0901915066964
35724.82 0.092151468582
35817.95 0.0956556428623
35911.0 0.0969480298511
36004.14 0.0939617606509
36097.18 0.0979149443813
36190.32 0.0929663375841
36283.46 0.0934676126846
36376.5 0.0906357647238
36469.65 0.0905122277322
36562.78 0.0963422234501
36655.82 0.0982380411285
36748.96 0.10005308462
36842.01 0.0993284926503
36935.15 0.0924056696993
37028.29 0.0906191347442
37121.33 0.0875330856661
37214.47 0.087689882617
37307.61 0.089747248669
37400.65 0.0905526148256
37493.79 0.0912724553727
37586.84 0.0923367740694
37679.98 0.0904718406388
37773.12 0.0859080990846
37866.16 0.0779114545914
37959.3 0.087179104671
38052.44 0.0829051999048
38145.48 0.0768566387403
38238.62 0.0759301113034
38331.66 0.0792133444257
38424.8 0.0819762967566
38517.94 0.0827982928928
38610.99 0.081246953364
38704.13 0.0798381565177
38797.27 0.0842308468528
38890.31 0.0783937240008
38983.45 0.0830905053921
39076.5 0.0808882209461
39169.63 0.079871416477
39262.77 0.0808145738935
39355.82 0.0825203346618
39448.95 0.0830572454329
39542.1 0.0779613445303
39635.14 0.0782297999159
39728.28 0.0751271208582
39821.32 0.0790660503204
39914.46 0.0825037046821
40007.6 0.080054346253
40100.65 0.0775907335556
40193.78 0.077871067498
40286.92 0.0713449883469
40379.97 0.0707510605027
40473.11 0.0703875766621
40566.15 0.0773697923976
40659.29 0.0749109311229
40752.43 0.0747707641517
40845.47 0.075264912118
40938.61 0.0762793408758
41031.75 0.0754240847803
41124.8 0.074179212019
41217.94 0.0720291932233
41310.98 0.074255234783
41404.12 0.0702307797113
41497.26 0.07393926517
41590.3 0.0658570950672
41683.44 0.0614263933501
41776.58 0.0676745142702
41869.63 0.0654199641739
41962.76 0.0670354479099
42055.81 0.0696321004444
42148.94 0.0642582413108
42242.09 0.061571311744
42335.13 0.0611626893873
42428.27 0.0606756685551
42521.41 0.0584710083977
42614.45 0.0548789327965
42707.59 0.0528714566834
42800.63 0.0582738243535
42893.77 0.0640729358235
42986.92 0.0616093231261
43079.96 0.0522157603435
43173.1 0.0522015060752
43266.14 0.0517168609544
43359.28 0.0542161093225
43452.42 0.0588416193725
43545.46 0.0561404355374
43638.6 0.0516859767065
43731.74 0.0501061286412
43824.78 0.052888086663
43917.93 0.0552614223281
44011.06 0.0547078815774
44104.11 0.051158568781
44197.25 0.0489158972416
44290.29 0.0541923522087
44383.43 0.0505955251847
44476.57 0.044223867273
44569.62 0.0450244820069
44662.75 0.0515268040443
44755.89 0.0558577258836
44848.94 0.0545510846266
44942.07 0.0468941668602
45035.12 0.0454544857661
45128.26 0.0436441936972
45221.4 0.0429481102639
45314.44 0.0401305165714
45407.58 0.0401162623031
45500.72 0.0414870477673
45593.77 0.0418148959373
45686.9 0.035963518817
45779.95 0.037080103164
45873.09 0.0437558521319
45966.23 0.0491867283385
46059.27 0.0512939843294
46152.41 0.0497616504916
46245.46 0.0437225921726
46338.59 0.0398026684014
46431.74 0.038272710275
46524.78 0.0418909187013
46617.91 0.0432735827224
46711.06 0.0440171803833
46804.1 0.045984269403
46897.24 0.0546413616589
46990.38 0.0549573312719
47083.42 0.0537670998723
47176.56 0.0488184930751
47269.61 0.0472267664529
47362.75 0.0445232069065
47455.88 0.0388262510257
47548.93 0.0307559594798
47642.07 0.0293305326539
47736.17 0.037156125928
48213.53 0.0371394959484
48695.67 0.0371252416801
49182.62 0.0371086117005
49674.45 0.0370919817209
50171.19 0.0370753517412
50199.65 0.0370753517412
50490.62 0.0383986229779
50781.58 0.0388808923874
51072.55 0.0417673817098
51363.52 0.0408764899436
51654.58 0.0434470096529
51945.54 0.047927601309
52236.5 0.0570883443766
52527.47 0.0567011034223
52818.43 0.0452121632057
53109.5 0.0530947735528
53400.46 0.0577179078914
53691.43 0.0489657871805
53982.39 0.0407862129113
54273.35 0.0420572184977
54564.42 0.0407957157568
54855.38 0.0418552830307
55146.35 0.0505646409368
55437.31 0.04996596167
55728.28 0.0491368383996
56019.34 0.0562402154152
56310.31 0.0636548106212
56601.27 0.0703661952597
56892.23 0.071207197087
57183.2 0.0734356143581
57474.26 0.0686295502435
57765.23 0.0634671294225
58056.19 0.0594830614441
58347.16 0.0591908489448
58638.12 0.0617304844063
58929.18 0.0614335204842
59220.15 0.0596849969111
59511.11 0.0602052777026
59802.08 0.0677149013636
60093.04 0.0793938984903
60384.11 0.0861195373971
60675.07 0.0873192716423
60966.04 0.0936742995743
61257.0 0.114675588142
61547.96 0.155761140687
61839.03 0.223896542964
62129.99 0.264084076609
62420.96 0.254913830696
62711.92 0.213650099798
63002.89 0.178624986974
63293.95 0.15186497403
63584.91 0.131298440644
63875.87 0.115428688649
64166.84 0.105871201781
64457.81 0.0974302992605
64748.87 0.0898612828151
65039.83 0.0888373512118
65330.8 0.0860292603648
65621.76 0.0825583460438
65912.73 0.0843211238851
66203.79 0.0872788845489
66494.76 0.0870128048747
66785.72 0.0857893135158
67076.69 0.0855731237805
67367.65 0.0862074387181
67658.72 0.0853593097567
67949.68 0.0846062092503
68240.64 0.0847891390263
68531.61 0.0911441669584
68822.57 0.10019087588
69113.63 0.107693372407
69404.6 0.106759717836
69695.57 0.12606237277
69986.53 0.147372503817
70277.49 0.120740779286
70568.55 0.111665561828
70859.52 0.109945546792
71150.49 0.110244886425
71441.45 0.112029045669
71732.42 0.111896005832
72023.48 0.115963223708
72314.44 0.109194821997
72605.4 0.123342183244
72896.37 0.12390522684
73478.3 0.141965384724
74060.33 0.169670930796
74642.25 0.203387026651
75224.19 0.240659562437
75806.21 0.272969237157
76388.15 0.28050024222
76970.17 0.265224418069
77552.1 0.261684608118
78134.04 0.255959143701
78716.05 0.243652958771
79297.99 0.217577150703
79879.92 0.190189949955
80461.94 0.168554346449
81043.87 0.146904488676
81625.8 0.134892891956
82207.83 0.129982296541
82789.76 0.127350008336
83371.79 0.127851283436
83953.72 0.125710767486
84535.66 0.126969894516
85117.68 0.133248899684
85699.61 0.137582197234
86281.54 0.13167142733
86863.56 0.116457371675
87445.49 0.0962875820884
88027.42 0.078621792293
88609.45 0.064707250761
89191.38 0.0537100827993
89773.41 0.0488541287458
90355.33 0.0439007705258
90937.27 0.0396339928937
91519.28 0.0364861753199
92101.22 0.0336970901639
92683.15 0.031993705107
93265.18 0.0305231397649
93847.11 0.0294516939341
94429.03 0.0277221760521
95011.07 0.0267124987171
95593.0 0.0263133792058
96175.02 0.0277791931251
96756.95 0.0296417508442
97338.89 0.0254961344923
97920.91 0.022866934712
98502.84 0.0216790790237
99084.77 0.0217966767369
99666.79 0.0218520308119
100248.73 0.0216576976213
100830.65 0.0220848505268
101412.68 0.0220401871529
101994.61 0.0218833902021
102576.64 0.0221292763296
103158.56 0.0221380664617
103740.5 0.0228621832892
104322.53 0.0240635805323
104904.46 0.0268597928224
105486.39 0.029482578182
106068.41 0.0302214244201
106650.34 0.030378221371
107232.28 0.0315779556161
107814.3 0.0323714432158
108396.23 0.0320792307165
108978.26 0.034127093923
109560.18 0.0399570896409
110142.12 0.0468894154374
110724.14 0.0530353807684
111306.07 0.0709601231039
111888.0 0.111694070365
112470.02 0.136463237176
113051.96 0.126202539741
113633.88 0.10390173705
114215.91 0.0859936246942
114797.84 0.0740651778729
115379.88 0.066947546589
115961.8 0.0615380517848
116543.73 0.057014697324
117125.76 0.0551687695844
117707.69 0.0559883900093
118289.62 0.0579317219153
118871.64 0.0610391523957
119453.58 0.0639137631612
120035.51 0.0651039945609
120617.53 0.0639066360271
121199.46 0.0626973989365
121781.49 0.0622626437546
122363.41 0.0657905751487
122945.35 0.070544373613
123527.37 0.0712000699529
124109.3 0.071755986415
124691.24 0.0734569957605
125273.27 0.07765012634
125855.19 0.0822352492966
126437.12 0.0855921294716
127019.15 0.0900537154366
127601.07 0.112081311319
128183.0 0.136152018986
128765.03 0.0985041208027
129346.96 0.0620036912146
129928.99 0.0550238511905
130510.92 0.053436875991
131092.85 0.0526813997733
131674.88 0.0519900677627
132256.81 0.0520494605471
132838.73 0.051745369491
133420.77 0.0510207775211
134002.69 0.0501227586208
134584.62 0.0488541287458
135166.65 0.0494646865695
135748.58 0.0485120263076
136330.61 0.0473051649283
136912.54 0.0455827741804
137494.47 0.0430193816052
138076.5 0.0409145013256
138658.43 0.0389022737897
139240.35 0.0378902207434
140261.8 0.0423375524401
141076.6 0.0427414233741
141891.37 0.0439435333306
142706.15 0.0427176662604
143520.83 0.0418647858762
144335.61 0.0409121256142
145150.39 0.0401566493965
145965.07 0.0391707291753
146779.85 0.0394273060039
147594.62 0.0388310024484
148409.31 0.0380066306008
149224.09 0.0378332036703
150038.88 0.0379947520439
150853.56 0.0374364598705
151668.34 0.0368615377174
152483.12 0.0370159589568
153297.79 0.0366405965593
154112.58 0.037282038631
154927.35 0.0392016134232
155742.13 0.0432569527428
156556.82 0.0394938259225
157371.61 0.0388500081395
158186.37 0.0383914958438
159001.07 0.0385102814126
159815.83 0.0382584560067
160630.61 0.0382323231816
161445.31 0.0383344787708
162260.07 0.0392039891346
163074.86 0.0424183266269
163889.53 0.0475712446025
164704.32 0.0480939011053
165519.1 0.045782333936
166333.77 0.0452573017218
167148.56 0.0457989639156
167963.34 0.0454426072092
168778.11 0.0452477988763
169592.8 0.0508758591272
170407.59 0.0545653388948
171222.35 0.0500776201047
172037.05 0.0446158596502
172851.83 0.0446111082274
173666.61 0.0445279583292
174481.29 0.042974243089
175296.05 0.0398834425882
176110.84 0.038291715966
176925.53 0.0380969076331
177740.31 0.0380398905601
178555.08 0.0373865699316
179369.75 0.0362177199343
180184.54 0.0355121336555
180999.34 0.0351082627215
181814.11 0.0347994202426
182628.78 0.0346236176007
183443.57 0.0345095834546
184258.33 0.0352317997131
185073.04 0.0358447332482
185887.81 0.0365289381246
186702.59 0.0425917535574
187517.27 0.0469796924697
188332.07 0.0388096210461
189146.83 0.0378735907637
189961.51 0.0370587217616
190776.29 0.0375053555004
191591.06 0.0377191695243
192405.77 0.0371893858873
193220.53 0.0372155187124
194035.32 0.0385672984857
194850.09 0.0376740310081
195664.77 0.0382133174906
196479.56 0.038588679888
198109.02 0.0382655831408
199738.57 0.0396838828326
201368.05 0.0407291958382
202997.5 0.0414466606739
204627.05 0.0424325808952
206256.51 0.0441620987773
207886.08 0.044128838818
209515.54 0.0441525959317
211145.0 0.0452549260104
212774.57 0.0466399657429
214404.03 0.0459628880006
216033.48 0.0464546602555
217663.03 0.0483409750885
219292.51 0.0488137416524
220922.06 0.0492033583181
222551.52 0.0494290508989
224180.98 0.0507665764038
225810.55 0.0517382423568
227440.01 0.0529165951996
229069.48 0.0531470392031
230699.01 0.053310963288
232328.49 0.0544631833056
233958.04 0.055658166128
235587.5 0.0559218700908
237216.97 0.0575777409202
238846.53 0.0580386289272
240476.0 0.0584234941702
242105.46 0.0590958204898
243735.03 0.0601696420319
245364.49 0.061072412355
246994.03 0.0614358961956
248623.49 0.0619870612349
250252.95 0.0635288979183
251882.52 0.0641513342989
253511.98 0.0649780818579
255141.44 0.0652964271824
256770.99 0.0664343929317
258400.46 0.0686224231094
260030.01 0.0704160851987
261659.47 0.0699908328623
263288.96 0.0702070225975
264918.51 0.070841337535
266547.95 0.0715659295049
268177.41 0.072582733974
269806.99 0.0728155536889
271436.45 0.0737230754347
273066.01 0.0736921911868
274695.47 0.0756378988041
276324.93 0.0773674166862
277954.48 0.0776762591652
279583.94 0.0785742780655
281213.41 0.0798262779609
282842.96 0.080698164036
284472.42 0.0808739666779
286101.97 0.082218619317
287731.47 0.0834254806962
289360.93 0.0833684636232
290990.48 0.0836915603704
292619.94 0.0839029986829
294249.4 0.084641844921
295878.96 0.086882140749
297508.42 0.0882624290587
299137.97 0.0872361217441
300767.43 0.0884144745868
302396.9 0.0889561367806
304026.45 0.0915361593355
305655.94 0.0914387551691
307285.4 0.091179802629
308914.95 0.0913841138074
310544.39 0.0930613660392
312173.97 0.0945438099381
313803.43 0.0958718325976
315432.89 0.0954679616636
317062.45 0.0958932139999
318691.91 0.0978009102353
320321.37 0.100468834111
321950.95 0.100416568461
323580.41 0.0983378210063
325209.94 0.101716082584
326839.4 0.108401334397
328468.89 0.103293554938
330098.41 0.102925319674
331727.88 0.105286776783
333357.34 0.11222147829
334986.92 0.116512013036
336616.35 0.111534897703
