100.1 0.000154965850909
101.96 0.000194192625186
104.1 0.000222448885522
106.03 0.000261357270693
108.01 0.000313505078577
110.01 0.000430752639516
113.88 0.000557490050497
117.88 0.000684289284605
120.91 0.00226584852739
124.87 0.00263774554971
126.9 0.00277480742295
128.07 0.00289224045327
131.05 0.0030848504064
131.96 0.00355823009219
134.11 0.00369176804718
136.91 0.00444879224106
140.1 0.00470133971611
143.04 0.0116205841244
147.04 0.0260754495202
151.16 0.0269298451396
155.04 0.0281987648276
159.02 0.0295959675047
161.98 0.0305656632566
166.13 0.0323025840183
170.0 0.0334370384044
173.16 0.0345313077577
177.19 0.0357461322093
180.07 0.0365776532716
182.16 0.037257707672
185.97 0.0384787144363
191.18 0.0399253756153
193.84 0.0411371089105
197.9 0.0421911932311
202.05 0.0434740231228
204.86 0.0443859142506
210.11 0.0438758734503
216.0 0.0473410597359
220.01 0.0486671658166
223.07 0.0490041018604
227.22 0.0504940392286
229.85 0.0757240574828
234.13 0.124805438252
240.13 0.150047821132
245.72 0.138749644617
252.03 0.14329673563
256.71 0.118366559543
260.28 0.134656953589
263.91 0.139071124879
268.81 0.136217987553
273.81 0.132811533239
278.9 0.129788382313
284.09 0.127417465381
290.03 0.11864167246
296.11 0.117822516023
300.92 0.113822559686
307.93 0.112004959743
318.02 0.109705139408
327.68 0.105253874241
337.64 0.100515131533
347.9 0.0955507344104
356.82 0.0920948215939
365.97 0.0891736788286
375.36 0.0855539347248
384.99 0.0792912519285
394.86 0.0782031648879
404.99 0.0755509527264
414.43 0.0723145120118
422.13 0.0693810046211
429.98 0.0667164278341
441.01 0.064008574858
451.28 0.0609854239327
459.67 0.0583764879603
470.38 0.0558757424607
480.23 0.0538572173541
490.28 0.0509608038397
500.55 0.0495728746317
506.35 0.0478881944125
512.21 0.0484446025583
520.53 0.0469052066884
530.21 0.0445899305707
540.07 0.0419995415365
550.11 0.0402004885318
560.34 0.0395575280078
569.44 0.0386580015055
580.03 0.0368311280936
589.45 0.0357461322093
600.41 0.0337461540409
610.17 0.0293922603003
620.08 0.03208002076
630.16 0.0306361416217
640.4 0.0299387767457
649.3 0.028789484809
658.34 0.0276204094716
664.43 0.0274936720606
675.22 0.026682861746
684.62 0.0251323377131
695.74 0.0249592329567
705.42 0.0234009810329
715.23 0.0234547671536
725.18 0.0227107258165
735.27 0.0221428803922
745.5 0.0213911111641
754.13 0.0206649985339
764.62 0.0186736756033
775.26 0.0195089060532
784.24 0.0186307085298
795.15 0.0183750698984
804.36 0.0179568364422
815.55 0.0175076914223
824.99 0.0171092413668
834.54 0.0156758721601
844.21 0.016152219356
855.95 0.0156758721601
865.86 0.0153896310807
875.89 0.0151089540827
883.99 0.0147649083793
894.23 0.0144622841711
904.58 0.0140357045927
915.06 0.0163015222085
925.65 0.0320058330072
934.22 0.0510782677816
945.04 0.0767781418034
955.98 0.0971024949058
964.82 0.106715991202
976.0 0.0353380995691
985.03 0.0916713331719
994.14 0.092518310016
1005.65 0.122245960782
1014.96 0.117553585419
1024.35 0.0587814294442
1033.83 0.0893776951487
1045.8 0.146632093348
1055.48 0.142638319324
1065.24 0.116205841244
1075.1 0.132811533239
1085.05 0.106471789849
1095.09 0.135590482811
1105.22 0.129488540146
1115.45 0.12451796071
1125.77 0.111745302609
1136.18 0.135590482811
1144.06 0.123946096783
1154.64 0.128895038124
1165.33 0.130687908816
1176.11 0.0929448895944
1184.26 0.124230483168
1195.22 0.091461134539
1206.28 0.0703454454071
1214.64 0.0477800039398
1225.88 0.0873437142603
1234.38 0.121683370323
1245.8 0.130687908816
1254.44 0.125092915794
1266.04 0.110212089051
1274.82 0.135590482811
1283.66 0.140032474508
1295.53 0.113562902552
1304.51 0.111745302609
1313.56 0.134656953589
1325.71 0.128301536102
1334.9 0.114876644007
1344.15 0.132505508759
1353.47 0.127711125236
1365.99 0.115142483454
1375.46 0.11891369422
1385.0 0.11891369422
1394.6 0.10191233421
1404.26 0.103807213062
1414.0 0.10920128092
1423.8 0.110212089051
1433.67 0.109454755742
1443.61 0.114085307977
1446.93 0.115142483454
1453.61 0.11148873663
1463.69 0.103331174982
1473.83 0.102620209018
1484.05 0.103569194022
1494.34 0.104286342299
1504.69 0.0986820758086
1511.64 0.088762555032
1518.62 0.0938073222203
1525.63 0.0910407372733
1536.2 0.0794767213104
1543.29 0.0839898096039
1553.99 0.079659099536
1564.76 0.0817023538935
1575.61 0.0865431047617
1586.53 0.0895848026252
1593.85 0.0910407372733
1604.9 0.0885585387119
1616.03 0.0881505060717
1623.49 0.0836065062146
1634.74 0.0881505060717
1646.07 0.0889665713521
1653.67 0.0824565960466
1665.13 0.0889665713521
1672.82 0.0794767213104
1676.67 0.091461134539
1684.41 0.0940237031659
1696.09 0.0881505060717
1703.92 0.0853561007174
1715.73 0.0826482477413
1723.65 0.0824565960466
1735.59 0.0883545223918
1743.61 0.0861443455905
1755.69 0.09316127054
1763.8 0.0839898096039
1776.02 0.0873437142603
1784.22 0.0891736788286
1796.59 0.0984533302375
1804.88 0.0951117902065
1813.21 0.0889665713521
1825.78 0.0906203400076
1834.21 0.0871427890966
1846.92 0.0776653036803
1855.45 0.0830284599742
1864.01 0.0895848026252
1876.93 0.0929448895944
1885.59 0.0881505060717
1894.3 0.0902061250547
1903.04 0.0918815318047
1916.23 0.0910407372733
1925.08 0.084768781008
1933.96 0.0758971622393
1942.89 0.0968799316475
1956.36 0.0938073222203
1965.39 0.105983387144
1974.46 0.102855136902
1983.57 0.105983387144
1992.73 0.105253874241
2006.54 0.102620209018
2015.8 0.102147262094
2025.11 0.0966573683892
2034.46 0.106227588496
2043.85 0.114085307977
2053.28 0.107210576221
2062.76 0.104768562692
2072.28 0.117553585419
2077.06 0.159673682054
2086.64 0.181648712655
2096.28 0.167970345739
2105.95 0.159305834446
2115.67 0.171488081682
2125.44 0.158573230388
2135.25 0.145287440329
2145.1 0.174273213568
2155.01 0.177104712798
2164.95 0.157846808642
2174.95 0.160409377269
2184.98 0.184600766984
2195.07 0.18803195055
2205.2 0.179982579375
2215.38 0.146632093348
2225.61 0.158208473937
2235.88 0.199172478091
2246.2 0.18803195055
2256.57 0.151089540827
2266.98 0.146972120549
2277.45 0.161893132324
2282.7 0.197803095821
2293.23 0.169914683092
2303.82 0.196353343486
2314.45 0.171287156519
2325.14 0.130440616307
2335.87 0.123624616521
2346.65 0.092425575325
2357.48 0.153982863185
2362.92 0.098246222761
2373.82 0.122177955342
2384.78 0.0806637253547
2395.79 0.0971303153131
2406.85 0.095284894963
2412.39 0.110626304004
2423.53 0.171608636781
2434.72 0.171083140199
2445.95 0.198554246818
2457.24 0.207753528161
2462.91 0.185515749269
2474.28 0.166359853272
2485.7 0.124082107663
2497.17 0.135321552207
2502.93 0.200078186906
2514.48 0.099049923416
2520.28 0.0835014068981
2526.09 0.0900577495491
2537.75 0.126524121192
2543.6 0.134276741356
2555.34 0.212643737531
2567.13 0.165311951264
2573.05 0.202826224915
2584.93 0.182715161602
2596.86 0.164975015221
2602.84 0.144625932867
2614.86 0.131185584991
2626.93 0.176004261132
2632.98 0.275007817203
2645.14 0.369825947555
2657.35 0.478201889725
2663.47 0.317276289343
2675.77 0.362314437587
2681.94 0.403550463501
2694.32 0.310815772539
2706.75 0.373380777375
2712.99 0.281162309526
2725.51 0.246368253478
2738.09 0.295261073709
2744.41 0.165583973025
2757.07 0.216588053053
2763.43 0.275072731487
2776.18 0.299270303515
2782.58 0.187011868949
2795.43 0.0867934884273
2801.87 0.103822668844
2814.81 0.267854881373
2827.8 0.386827307564
2834.32 0.375235471194
2847.4 0.306138852959
2853.96 0.196208059136
2867.14 0.396564450115
2873.75 0.480983930454
2887.01 0.436223986283
2893.66 0.498325317664
2907.02 0.651801231205
2927.17 0.57476961458
2947.46 0.541848799288
2967.89 0.577118893417
2988.47 0.582961178948
3009.18 0.599777069576
3030.04 0.619962320642
3051.04 0.643764224655
3072.19 0.680889012603
3093.49 0.679868931003
3107.77 0.74642152755
3129.31 0.705216413199
3151.0 0.700888794287
3172.84 0.753314806244
3187.49 0.658447217391
3209.58 0.730873011032
3231.83 0.619653205005
3246.75 0.821629361919
3269.25 0.939680623513
3291.91 0.918908052738
3307.11 0.884719863337
3322.37 0.865616516999
3330.03 0.935600297111
3337.71 0.901257549892
3345.4 0.896620815344
3353.11 0.830531892252
3360.84 0.933498310783
3368.59 0.920175426848
3376.36 0.742403024275
3384.14 0.776931240876
3391.94 0.931427236018
3399.76 0.977021792407
3407.6 0.902926774329
3415.45 0.892076815486
3423.33 1.0260166208
3431.22 0.990622880415
3439.13 0.976465384261
3447.06 0.735200629943
3455.0 0.901906692728
3462.97 0.792325199575
3470.95 0.89464247527
3478.95 0.728461909067
3486.97 0.853406449355
3495.01 0.792325199575
3503.07 0.994579560563
3511.14 0.958042092324
3519.24 0.95090152112
3527.35 0.760115350248
3535.48 0.930283508163
3543.63 1.05281694649
3551.8 1.03776301499
3559.99 0.985893411176
3568.19 0.813901471006
3576.42 0.819063702136
3584.66 0.665340496085
3592.93 0.765215758251
3601.21 1.06787087799
3609.51 0.877517469006
3617.83 0.948397684464
3626.17 1.02029798152
3634.53 0.853993769065
3642.91 1.14338782799
3651.31 0.89726995818
3659.72 1.20684926817
3668.16 1.16246026277
3676.62 1.21930662833
3685.09 1.03714478371
3693.59 1.13389797795
3702.1 1.21420622032
3710.64 0.868985877437
3719.19 1.24666336216
3727.76 1.01501210414
3736.36 0.729791106304
3744.97 1.09374385676
3753.6 0.705741909781
3762.26 0.912756651571
3770.93 0.939897004459
3779.62 1.1529085896
3788.33 1.3047152787
3797.07 0.984533302375
3805.82 1.12706652238
3814.59 1.24357220579
3823.39 0.944904677771
3832.2 0.783608138625
3841.04 0.677334182783
3849.89 1.09525852338
3858.76 1.07705161239
3867.66 1.15331043993
3876.58 1.0038221181
3885.51 1.00082369642
3894.47 0.92484307296
3896.21 1.23309318572
3897.98 1.12270799191
3899.75 1.20558189406
3901.53 1.11396001939
3903.3 0.941689875151
3905.07 1.13745280777
3906.85 1.15751441258
3908.62 1.15680344662
3910.39 1.26879604174
3912.17 1.42765056735
3913.94 1.21136235647
3915.72 1.20737476476
3917.49 1.21463898221
3919.26 1.19136257478
3921.04 1.00700600915
3922.81 1.07170391188
3924.58 0.974548867315
3926.36 0.840732708257
3928.13 0.702898045925
3929.91 0.562095873482
3931.68 0.518757861239
3933.45 0.482034923618
3935.23 0.576407927453
3937.0 0.668369829324
3938.77 0.751800139625
3940.55 0.811644926859
3942.32 0.863421795979
3944.09 1.01624856668
3945.87 1.08042097283
3947.64 1.15559789564
3949.42 1.1847165886
3951.19 1.22116132215
3952.96 1.29167059884
3954.74 1.24740523969
3956.51 1.16307849404
3958.28 1.07596970766
3960.06 0.962957030945
3961.83 0.89785727789
3963.61 0.801444110853
3965.38 0.630132225084
3967.15 0.519221534694
3968.93 0.604846566015
3970.7 0.789883186047
3972.47 0.946666636899
3974.25 0.942400841115
3976.02 1.02787131462
3977.79 1.25296932115
3979.57 1.35173176702
3981.34 1.40610520749
3983.12 1.44811402249
3984.89 1.47083402178
3986.66 1.45148338293
3988.44 1.43185454001
3990.21 1.53327538036
3991.98 1.56060120263
3993.76 1.47927287866
3995.53 1.49883989845
3997.31 1.5356246592
3999.08 1.63713823424
4000.85 1.66245480487
4002.63 1.61550013968
4004.4 1.55788098503
4006.17 1.51411021089
4007.95 1.57781894358
4009.72 1.65370683235
4011.49 1.6798580152
4013.27 1.71797197319
4015.04 1.78093882835
4016.82 1.79821839244
4018.59 1.72223776897
4020.36 1.73114029931
4022.14 1.83695058169
4023.91 1.78106247461
4025.68 1.77197447489
4027.46 1.68551483135
4029.23 1.64412424762
4031.01 1.67268653244
4032.78 1.58421763726
4034.55 1.62022960892
4036.33 1.769841577
4038.1 1.70631831369
4039.87 1.82483324874
4041.65 1.64749360806
4043.42 1.63481986696
4045.19 1.57448049471
4046.97 1.59917883407
4048.74 1.71002770133
4050.52 1.72678176883
4052.29 1.77954780799
4054.06 1.71766285755
4055.84 1.66050737636
4057.61 1.62270253401
4059.38 1.61958046608
4061.16 1.60625758215
4062.93 1.48112757247
4064.71 1.56542340656
4066.48 1.62597915976
4068.25 1.67957981113
4070.03 1.74053741466
4071.8 1.55528441368
4073.57 1.61426367713
4075.35 1.60610302433
4077.12 1.58934895683
4078.9 1.65095570319
4080.67 1.71370617741
4082.44 1.80248418822
4084.22 1.66282574363
4085.99 1.78331901875
4087.76 1.82560603783
4089.54 1.7893158621
4091.31 1.79608549454
4093.08 1.74888353684
4094.86 1.77361278777
4096.63 1.57182210023
4098.41 1.45683108344
4100.18 1.48372414382
4101.95 1.44168441725
4103.73 1.55231690357
4105.5 1.59806601778
4107.27 1.64152767627
4109.05 1.63769464238
4110.82 1.67512854597
4112.6 1.79540544014
4114.37 1.77265452929
4116.14 1.72625627225
4117.92 1.70322715733
4119.69 1.73747716986
4121.46 1.74684337364
4123.24 1.7551276727
4125.01 1.7373535236
4126.78 1.75982623038
4128.56 1.66940990669
4130.33 1.61794215321
4132.11 1.63009039772
4133.88 1.72542166003
4135.65 1.79055232465
4137.43 1.78777028392
4139.2 1.76084631198
4140.97 1.68461839601
4142.75 1.65797262814
4144.52 1.640909445
4146.3 1.669317172
4148.07 1.70631831369
4149.84 1.69744669492
4151.62 1.67636500851
4153.39 1.68106356619
4155.16 1.74539053015
4156.94 1.7305529796
4158.71 1.73197491153
4160.48 1.84631678548
4162.26 1.77834225701
4164.03 1.75976440725
4165.81 1.82594606503
4167.58 1.76671950907
4169.35 1.68662764765
4171.13 1.61645839815
4172.9 1.58662873922
4174.67 1.54254884945
4176.45 1.6043410652
4178.22 1.6857312123
4180.0 1.72801823138
4181.77 1.77277817555
4183.54 1.74659608113
4185.32 1.72529801378
4187.09 1.77030525046
4188.86 1.7928088688
4190.64 1.81902187477
4192.41 1.80393703171
4194.18 1.77676576726
4195.96 1.70498911646
4197.73 1.60675216716
4199.51 1.60934873851
4201.28 1.6552833221
4203.05 1.70474182395
4204.83 1.74845077495
4206.6 1.8075227731
4208.37 1.87107694797
4210.15 1.90990187192
4211.92 1.86625474404
4213.7 1.7739219034
4215.47 1.7886358077
4217.24 1.83024277238
4219.02 1.8146633443
4220.79 1.76350470645
4222.56 1.69481921201
4224.34 1.59151276628
4226.11 1.51002988449
4227.88 1.53046242807
4229.66 1.61936408513
4231.43 1.73750808142
4233.21 1.73472604069
4234.98 1.71083140199
4236.75 1.73902274804
4238.53 1.73379869378
4240.3 1.84529670388
4242.07 1.86971683917
4243.85 1.84795509835
4245.62 1.85367373763
4247.4 1.79432353542
4249.17 1.68381469535
4250.94 1.67825061389
4252.72 1.69648843645
4254.49 1.72075401392
4256.26 1.72158862614
4258.04 1.72684359196
4259.81 1.734633306
4261.58 1.79355074632
4263.36 1.85954693472
4265.13 1.88597632165
4266.91 1.85018073094
4268.68 1.69089344343
4270.45 1.56594890314
4272.23 1.53658291767
4274.0 1.59448027639
4275.77 1.68174362059
4277.55 1.75293295168
4279.32 1.81067575259
4281.1 1.78739934516
4282.87 1.74511232608
4284.64 1.74149567313
4286.42 1.64026030216
4288.19 1.63469622071
4289.96 1.66186748516
4291.74 1.66987358014
4293.51 1.62418628906
4295.28 1.6111416092
4297.06 1.52366188406
4298.83 1.37500817445
4300.61 1.34607495087
4302.38 1.31689443478
4304.15 1.27238178312
4305.93 1.29479266677
4307.7 1.33680148177
4309.47 1.43445111136
4311.25 1.54604185615
4313.02 1.67658138946
4314.8 1.8738589887
4316.57 2.04489267039
4318.34 2.14594257198
4320.12 2.05061130967
4321.89 1.89500249824
4323.66 1.81246862328
4325.44 1.76239189016
4327.21 1.84795509835
4328.98 1.95076695907
4330.76 2.07614426125
4332.53 2.08411944467
4334.31 1.98541882192
4336.08 1.92773784415
4337.85 1.75756968623
4339.63 1.71596272155
4341.4 1.74384495197
4343.17 1.86838764193
4344.95 1.98680984229
4346.72 1.96359525798
4348.5 2.08455220656
4350.27 1.96251335326
4352.04 1.8823596687
4353.82 1.95871123093
4355.59 1.98470785596
4357.36 2.0270257866
4359.14 2.07917359449
4360.91 2.1471172114
4362.69 2.20529277419
4364.46 2.18557119658
4366.23 2.18486023062
4368.01 2.15827628588
4369.78 2.064614248
4371.55 2.00272929757
4373.33 1.95497093172
4375.1 1.97045762511
4376.87 1.9415553131
4378.65 1.91728973563
4380.42 1.89670263424
4382.2 1.77512745439
4383.97 1.75630231212
4385.74 1.77858954952
4387.52 1.84542035013
4389.29 1.87512636281
4391.06 1.96541904024
4392.84 1.98643890352
4394.61 2.01735046718
4396.39 2.04408896974
4398.16 2.07833898227
4399.93 2.06204858822
4401.71 1.98600614163
4403.48 1.88229784557
4405.25 1.90860358624
4407.03 1.93089082364
4408.8 2.01184820885
4410.57 2.1310431983
4412.35 2.12980673575
4414.12 2.13045587859
4415.9 2.19336091062
4417.67 2.19555563164
4419.44 2.23017658293
4421.22 2.1358035791
4422.99 2.154937837
4424.76 2.19008428488
4426.54 2.16316031293
4428.31 2.15756531991
4430.09 2.15002289838
4431.86 2.15768896617
4433.63 2.14257321154
4435.41 2.14000755176
4437.18 2.16646785024
4438.95 2.22813641973
4440.73 2.25676052768
4442.5 2.20736384896
4444.27 2.24260303152
4446.05 2.23023840606
4447.82 2.35277184439
4449.6 2.26448841859
4451.37 2.21756466496
4453.14 2.21438077391
4454.92 2.14235683059
4456.69 2.08393397529
4458.46 2.09917337617
4460.24 2.1819854552
4462.01 2.28034605074
4463.79 2.15985277562
4465.56 2.23617342628
4467.33 2.31577070269
4469.11 2.2975637917
4470.88 2.32417864801
4472.65 2.39258593837
4474.43 2.43784046756
4476.2 2.41490408733
4477.97 2.40257037343
4479.75 2.38485804746
4481.52 2.33079372263
4483.3 2.31948009033
4485.07 2.40275584281
4486.84 2.37787203407
4488.62 2.44247720211
4490.39 2.3341321715
4492.16 2.27462741147
4493.94 2.32992819885
4495.71 2.39512068659
4497.49 2.38377614273
4499.26 2.43845869883
4501.03 2.52501107706
4502.81 2.61422184977
4504.58 2.58015730662
4506.35 2.60986331929
4508.13 2.64909009357
4509.9 2.55527349788
4511.67 2.49091562235
4513.45 2.51314103662
4515.22 2.52553657365
4517.0 2.46658822176
4518.77 2.46312612663
4520.54 2.44102435862
4522.32 2.46538267078
4524.09 2.36080885094
4525.86 2.29360711155
4527.64 2.19249538684
4529.41 2.17351568676
4531.19 2.20022327775
4532.96 2.25747149364
4534.73 2.31799633527
4536.51 2.38658909502
4538.28 2.45348171877
4540.05 2.48566065653
4541.83 2.4179952437
4543.6 2.4230956517
4545.38 2.36946408876
4547.15 2.33765608976
4548.92 2.33441037558
4550.7 2.31886185906
4552.47 2.31407056669
4554.24 2.43703676691
4556.02 2.45348171877
4557.79 2.58331028612
4559.56 2.53604650529
4561.34 2.46210604503
4563.11 2.54924574297
4564.89 2.59125455797
4566.66 2.55122408304
4568.43 2.58599959215
4570.21 2.59035812263
4571.98 2.55521167475
4573.75 2.53984862762
4575.53 2.6471117535
4577.3 2.52451649205
4579.08 2.51453205699
4580.85 2.44674299789
4582.62 2.42661956995
4584.4 2.42776329781
4586.17 2.42946343381
4587.94 2.52720579808
4589.72 2.5126464516
4591.49 2.50022000301
4593.26 2.47746909217
4595.04 2.42881429097
4596.81 2.41360580166
4598.59 2.42442484894
4600.36 2.41651148864
4602.13 2.43311099832
4603.91 2.49171932301
4605.68 2.57820987811
4607.45 2.58491768743
4609.23 2.61338723755
4611.0 2.62389716919
4612.78 2.67777602464
4614.55 2.59354201369
4616.32 2.57450049047
4618.1 2.65230489619
4619.87 2.67119186158
4621.64 2.66649330391
4623.42 2.68655490872
4625.19 2.60992514242
4626.96 2.61895131901
4628.74 2.65264492339
4630.51 2.62337167261
4632.29 2.59125455797
4634.06 2.57620062648
4635.83 2.55400612377
4637.61 2.51273918629
4639.38 2.50692781233
4641.15 2.52794767561
4642.93 2.5496475933
4644.7 2.46717554147
4646.48 2.36377636105
4648.25 2.42291018232
4650.02 2.45855121521
4651.8 2.51425385291
4653.57 2.55901379708
4655.34 2.52776220623
4657.12 2.57564421833
4658.89 2.60445379566
4660.66 2.62803931872
4662.44 2.52049798877
4664.21 2.42992710727
4665.99 2.39085489081
4667.76 2.37910849662
4669.53 2.34189097398
4671.31 2.45756204517
4673.08 2.55592264072
4674.85 2.57647883055
4676.63 2.5089061524
4678.4 2.52417646485
4680.18 2.49477956781
4681.95 2.49892171734
4683.72 2.52807132187
4685.5 2.50615502324
4687.27 2.57085292596
4689.04 2.56726718458
4690.82 2.52562930834
4692.59 2.51165728157
4694.36 2.55144046399
4696.14 2.55579899446
4697.91 2.50309477843
4699.69 2.43481113432
4701.46 2.3867745644
4703.23 2.3847344012
4705.01 2.44198261709
4706.78 2.48532062933
4708.55 2.45168884808
4710.33 2.53140977074
4712.1 2.54757651853
4713.88 2.54936938922
4715.65 2.58130103448
4717.42 2.62893575407
4719.2 2.65181031117
4720.97 2.6747466914
4722.74 2.74361765522
4724.52 2.64627714128
4726.29 2.61842582243
4728.06 2.55759186516
4729.84 2.49552144534
4731.61 2.50998805713
4733.39 2.54086870922
4735.16 2.54590729409
4736.93 2.58803975535
4738.71 2.59137820423
4740.48 2.60052802707
4742.25 2.62300073385
4744.03 2.6300176588
4745.8 2.72494707078
4747.58 2.69857950698
4749.35 2.70167066335
4751.12 2.72371060823
4752.9 2.65242854245
4754.67 2.58488677586
4756.44 2.63354157705
4758.22 2.61245989064
4759.99 2.576942504
4761.77 2.54380530777
4763.54 2.46695916052
4765.31 2.53620106311
4767.09 2.54290887242
4768.86 2.56414511665
4770.63 2.59595311565
4772.41 2.62522636643
4774.18 2.69582837782
4775.95 2.64670990317
4777.73 2.64810092353
4779.5 2.6545923519
4781.28 2.59851877543
4783.05 2.61069793151
4784.82 2.5721821232
4786.6 2.59545853063
4788.37 2.58343393237
4790.14 2.60488655755
4791.92 2.68803866378
4793.69 2.71561177855
4795.47 2.68856416036
4797.24 2.70609101695
4799.01 2.70590554757
4800.79 2.69440644589
4802.56 2.62782293778
4804.33 2.64241319582
4806.11 2.70241254087
4807.88 2.66232024282
4809.65 2.69354092211
4811.43 2.72247414569
4813.2 2.71258244532
4814.98 2.69171713985
4816.75 2.73746625406
4818.52 2.76408111036
4820.3 2.71759011863
4822.07 2.65576699132
4823.84 2.66417493663
4825.62 2.66689515424
4827.39 2.62123877472
4829.16 2.63054315538
4830.94 2.64454609371
4832.71 2.62528818956
4834.49 2.62062054345
4836.26 2.63156323698
4838.03 2.58371213644
4839.81 2.5919964355
4841.58 2.61196530562
4843.35 2.59144002736
4845.13 2.60572116976
4846.9 2.60463926504
4848.68 2.63394342738
4850.45 2.57144024567
4852.22 2.54297069555
4854.0 2.52256906354
4855.77 2.41311121664
4857.54 2.34220008962
4859.32 2.27972781947
4861.09 2.24714703138
4862.87 2.27261815983
4864.64 2.35357554504
4866.41 2.37039143567
4868.19 2.41842800559
4869.96 2.36544558548
4871.73 2.36553832017
4873.51 2.42813423657
4875.28 2.49023556795
4877.05 2.50831883269
4878.83 2.54596911722
4880.6 2.57122386473
4882.38 2.54096144391
4884.15 2.54627823286
4885.92 2.49833439763
4887.7 2.4552436779
4889.47 2.46822653463
4891.24 2.54952394704
4893.02 2.63592176745
4894.79 2.73474603646
4896.57 2.77542565422
4898.34 2.75044911079
4900.11 2.72293781914
4901.89 2.68491659585
4903.66 2.7462760497
4905.43 2.75830064796
4907.21 2.68584394276
4908.98 2.60726674795
4910.76 2.64349510055
4912.53 2.62692650243
4914.3 2.61239806751
4916.08 2.56825635462
4917.85 2.46600090205
4919.62 2.38006675509
4921.4 2.44643388226
4923.17 2.53669564813
4924.94 2.61987866592
4926.72 2.69993961578
4928.49 2.75666233509
4930.27 2.77354004884
4932.04 2.7418556961
4933.81 2.64278413459
4935.59 2.50417668316
4937.36 2.53236802921
4939.13 2.64340236586
4940.91 2.69412824181
4942.68 2.73898092068
4944.45 2.7951781434
4946.23 2.83894891753
4948.0 2.85446652249
4949.78 2.82241123098
4951.55 2.7828444295
4953.32 2.78374086485
4955.1 2.71143871746
4956.87 2.67230467788
4958.64 2.7339423358
4960.42 2.7855646471
4962.19 2.7725508788
4963.97 2.69966141171
4965.74 2.66695697736
4967.51 2.65264492339
4969.29 2.67647773897
4971.06 2.74262848519
4972.83 2.73684802278
4974.61 2.71468443164
4976.38 2.70677107135
4978.16 2.61567469326
4979.93 2.52405281859
4981.7 2.47474887456
4983.48 2.48108574511
4985.25 2.55125499461
4987.02 2.62021869312
4988.8 2.63990935917
4990.57 2.65879632456
4992.34 2.67851790217
4994.12 2.68114538508
4995.89 2.64024938637
4997.67 2.5992297414
4999.44 2.5845158371
5001.21 2.61722027144
5002.99 2.73341683922
5004.76 2.82417319011
5006.53 2.83298298575
5008.31 2.77035615779
5010.08 2.63932203946
5011.86 2.50828792113
5013.63 2.43419290305
5015.4 2.41379127104
5017.18 2.42430120268
5018.95 2.44399186873
5020.72 2.4941922481
5022.5 2.50467126818
5024.27 2.5314406823
5026.05 2.55443888566
5027.82 2.56967828654
5029.59 2.61712753675
5031.37 2.66043463743
5033.14 2.63777646127
5034.91 2.54281613773
5036.69 2.48748443879
5038.46 2.41626419613
5040.23 2.4066816114
5042.01 2.48658800344
5043.78 2.56293956567
5045.56 2.60788497922
5047.33 2.63066680163
5049.1 2.60377374125
5050.88 2.58871980976
5052.65 2.635458094
5054.42 2.64269139989
5056.2 2.69749760225
5057.97 2.74222663486
5059.74 2.70717292168
5061.52 2.67922886813
5063.29 2.63143959072
5065.07 2.58680329281
5066.84 2.57162571505
5068.61 2.60983240773
5070.39 2.58303208204
5072.16 2.55833374268
5073.93 2.52766947154
5075.71 2.51842691401
5077.48 2.51709771677
5079.26 2.50185831589
5081.03 2.46677369114
5082.8 2.4948723025
5084.58 2.56021934807
5086.35 2.59150185048
5088.12 2.6601255218
5089.9 2.68253640544
5091.67 2.65057384863
5093.44 2.68803866378
5095.22 2.62253706039
5096.99 2.52983328099
5098.77 2.5454745322
5100.54 2.55941564741
5102.31 2.55122408304
5104.09 2.58355757863
5105.86 2.57326402793
5107.63 2.53184253263
5109.41 2.46482626263
5111.18 2.54195061395
5112.96 2.60470108816
5114.73 2.66958446027
5116.5 2.69196443236
5118.28 2.64980105954
5120.05 2.58964715666
5121.82 2.51941608404
5123.6 2.4576238683
5125.37 2.42491943395
5127.15 2.42912340661
5128.92 2.45595464386
5130.69 2.51635583924
5132.47 2.49518141814
5134.24 2.57752982371
5136.01 2.55280057279
5137.79 2.54779289948
5139.56 2.48587703748
5141.33 2.46182784096
5143.11 2.48442419399
5144.88 2.49057559515
5146.66 2.46334250758
5148.43 2.44488830407
5150.2 2.46328068445
5151.98 2.47765456155
5153.75 2.55425341628
5155.52 2.56173401469
5157.3 2.56241406909
5159.07 2.6699863106
5160.85 2.59159458518
5162.62 2.43518207309
5164.39 2.33271023957
5166.17 2.15682344238
5167.94 2.03132249395
5169.71 1.97623808752
5171.49 1.95880396562
5173.26 2.09945158024
5175.03 2.26291192884
5176.81 2.34590947725
5178.58 2.34275649776
5180.36 2.26183002412
5182.13 2.13354703495
5183.9 2.13271242273
5185.68 2.25960439153
5187.45 2.37289527232
5189.22 2.44519741971
5191.0 2.49103926861
5192.77 2.47576895616
5194.54 2.51882876433
5196.32 2.56853455869
5198.09 2.63347975393
5199.87 2.63264514171
5201.64 2.56297047723
5203.41 2.49357401683
5205.19 2.37784112251
5206.96 2.3772538028
5208.73 2.38386887742
5210.51 2.49060650672
5212.28 2.55861194676
5214.06 2.59307834023
5215.83 2.68296916734
5217.6 2.72133041783
5219.38 2.7031544184
5221.15 2.66300029722
5222.92 2.59490212249
5224.7 2.515026642
5226.47 2.50949347211
5228.25 2.56819453149
5230.02 2.59246010896
5231.79 2.64173314142
5233.57 2.71938298932
5235.34 2.72448339732
5237.11 2.7520565121
5238.89 2.82046380247
5240.66 2.83273569324
5242.43 2.80862467359
5244.21 2.7924579258
5245.98 2.71972301652
5247.76 2.7065546904
5249.53 2.65721983481
5251.3 2.626957414
5253.08 2.68157814697
5254.85 2.75975349145
5256.62 2.79437444274
5258.4 2.7534166209
5260.17 2.68794592908
5261.95 2.59310925179
5263.72 2.45929309274
5265.49 2.36782577588
5267.27 2.34232373587
5269.04 2.35070076962
5270.81 2.43685129752
5272.59 2.52760764841
5274.36 2.66513319511
5276.13 2.74590511094
5277.91 2.77020159997
5279.68 2.80859376203
5281.46 2.76482298789
5283.23 2.76361743691
5285.0 2.80290603431
5286.78 2.87462086199
5288.55 2.96639729448
5290.32 2.9651917435
5292.1 2.92519218013
5293.87 2.8512208083
5295.65 2.75326206308
5297.42 2.73490059427
5299.19 2.73796083908
5300.97 2.79282886456
5302.74 2.8792885081
5304.51 2.93934967628
5306.29 2.99675244999
5308.06 3.01186820461
5309.84 2.98825176998
5311.61 2.9726723419
5313.38 2.95866940356
5315.16 2.95016872356
5316.93 2.91270390841
5318.7 2.889922086
5320.48 2.8146524285
5322.25 2.71248971063
5324.02 2.63449983553
5325.8 2.58624688466
5327.57 2.58745243565
5329.35 2.61372726475
5331.12 2.68584394276
5332.89 2.78327719139
5334.67 2.84989161107
5336.44 2.84132910793
5338.21 2.79258157205
5339.99 2.76296829407
5341.76 2.7794441575
5343.54 2.83922712161
5345.31 2.85761950198
5347.08 2.83041732596
5348.86 2.84006173382
5350.63 2.90914907859
5352.4 2.98893182438
5354.18 3.00259473552
5355.95 3.04293432609
5357.72 3.04695282936
5359.5 3.03029149655
5361.27 2.96652094073
5363.05 2.87848480745
5364.82 2.80330788464
5366.59 2.79833112289
5368.37 2.75669324665
5370.14 2.73131485289
5371.91 2.75879523298
5373.69 2.81894913585
5375.46 2.89273503829
5377.23 2.90513057532
5379.01 2.9408643429
5380.78 2.89823729662
5382.56 2.89084943291
5384.33 2.86952045399
5386.1 2.91251843903
5387.88 2.86061792365
5389.65 2.84256557048
5391.42 2.79168513671
5393.2 2.68043441912
5394.97 2.64961559015
5396.75 2.68037259599
5398.52 2.71576633637
5400.29 2.68915148007
5402.07 2.66667877329
5403.84 2.64334054273
5405.61 2.60077531958
5407.39 2.63159414854
5409.16 2.68024894973
5410.94 2.71224241812
5412.71 2.80117498675
5414.48 2.88241057603
5416.26 3.08831250153
5418.03 3.26209731239
5419.8 3.06837454297
5421.58 2.87681558301
5423.35 2.8697677465
5425.12 2.82503871389
5426.9 2.79848568071
5428.67 2.77533291953
5430.45 2.74803800883
5432.22 2.68806957534
5433.99 2.70386538437
5435.77 2.78763572187
5437.54 2.86494554257
5439.31 2.88052497065
5441.09 2.88748007247
5442.86 2.90194668426
5444.64 2.8809886441
5446.41 2.82293672756
5448.18 2.7285019006
5449.96 2.75944437582
5451.73 2.80624448319
5453.5 2.71635365608
5455.28 2.85477563812
5457.05 2.86445095755
5458.82 2.8718079097
5460.6 2.7681305252
5462.37 2.82343131258
5464.15 2.85007708045
5465.92 2.82315310851
5467.69 2.8529209443
5469.47 2.85310641369
5471.24 2.78568829336
5473.01 2.76494663415
5474.79 2.70840938422
5476.56 2.68701858217
5478.34 2.67023360311
5480.11 2.7510364305
5481.88 2.82803713556
5483.66 2.85118989674
5485.43 2.82510053702
5487.2 2.78850124565
5488.98 2.8361668768
5490.75 2.85282820961
5492.52 2.858114087
5494.3 2.84590401936
5496.07 2.84893335259
5497.85 2.85162265863
5499.62 2.82074200654
5501.39 2.84757324379
5503.17 2.8036788234
5504.94 2.77146897408
5506.71 2.76049536898
5508.49 2.82250396567
5510.26 2.79020138165
5512.04 2.74816165508
5513.81 2.76794505582
5515.58 2.82825351651
5517.36 2.86222532496
5519.13 2.91020007176
5520.9 2.94896317258
5522.68 2.91081830303
5524.45 2.84970614168
5526.23 2.85706309383
5528.0 2.82803713556
5529.77 2.80293694588
5531.55 2.8680676105
5533.32 2.83743425091
5535.09 2.9002156367
5536.87 2.8953625212
5538.64 2.91338396281
5540.41 2.98831359311
5542.19 3.00744785101
5543.96 2.96720099513
5545.74 2.96500627411
5547.51 2.98679892649
5549.28 2.99798891253
5551.06 2.96367707688
5552.83 2.94531560807
5554.6 2.94846858756
5556.38 2.91635147292
5558.15 2.94917955352
5559.93 2.92358477882
5561.7 2.91227114652
5563.47 2.73329319296
5565.25 2.79592002093
5567.02 2.75459126032
5568.79 2.78293716419
5570.57 3.00135827297
5572.34 2.86856219551
5574.11 2.98713895369
5575.89 2.8843889161
5577.66 2.89857732382
5579.44 2.93934967628
5581.21 2.95298167585
5582.98 2.88571811334
5584.76 2.77548747735
5586.53 2.7216086219
5588.3 2.74426679806
5590.08 2.76828508302
5591.85 2.78519370834
5593.62 2.8369396659
5595.4 2.85455925718
5597.17 2.84012355695
5598.95 2.82952089062
5600.72 2.82806804713
5602.49 2.82278216974
5604.27 2.85548660409
5606.04 2.95802026073
5607.81 3.02364551037
5609.59 3.02172899342
5611.36 2.98621160678
5613.14 2.92964344529
5614.91 2.85511566532
5616.68 2.80735729948
5618.46 2.80284421119
5620.23 2.82370951665
5622.0 2.87718652177
5623.78 2.8782684265
5625.55 2.8628744678
5627.33 2.90018472513
5629.1 2.93233275133
5630.87 2.96877748488
5632.65 2.94704665563
5634.42 2.94281177141
5636.19 2.90679979975
5637.97 2.8478205363
5639.74 2.85415740685
5641.51 2.88741824934
5643.29 2.90834537794
5645.06 2.94503740399
5646.84 2.96491353942
5648.61 2.91842254769
5650.38 2.9261504386
5652.16 2.93038532282
5653.93 2.91100377241
5655.7 2.85316823681
5657.48 2.82618244174
5659.25 2.83109738037
5661.03 2.82438957105
5662.8 2.82544056422
5664.57 2.91063283365
5666.35 2.91897895583
5668.12 2.90420322841
5669.89 2.90618156848
5671.67 2.96516083193
5673.44 2.97480523979
5675.22 2.98346047762
5676.99 2.96166782524
5678.76 2.87094238591
5680.54 2.84494576088
5682.31 2.89823729662
5684.08 2.88305971887
5685.86 2.8371869584
5687.63 2.88513079363
5689.4 2.90364682026
5691.18 2.92846880587
5692.95 2.93375468326
5694.73 2.96398619251
5696.5 2.93817503686
5698.27 2.88995299756
5700.05 2.86259626373
5701.82 2.87115876686
5703.59 2.84058723041
5705.37 2.83171561164
5707.14 2.76837781771
5708.91 2.69997052735
5710.69 2.7613299812
5712.46 2.82590423767
5714.24 2.86207076715
5716.01 2.89873188164
5717.78 2.9261504386
5719.56 2.97366151194
5721.33 3.04917846194
5723.1 2.96704643731
5724.88 2.96259517215
5726.65 2.95298167585
5728.43 2.94584110465
5730.2 2.94108072385
5731.97 2.98281133478
5733.75 2.99137383791
5735.52 2.98871544344
5737.29 2.99081742976
5739.07 2.98682983805
5740.84 2.96114232866
5742.61 2.97925650496
5744.39 2.95675288662
5746.16 2.95832937636
5747.94 2.94522287338
5749.71 2.94370820676
5751.48 2.96868475019
5753.26 2.92846880587
5755.03 2.92278107816
5756.8 2.89990652106
5758.58 2.89292050767
5760.35 2.90234853459
5762.13 2.89870097008
5763.9 2.93437291453
5765.67 3.02296545596
5767.45 3.04067778194
5769.22 3.05220779518
5770.99 3.03533008143
5772.77 3.00237835457
5774.54 2.93996790755
5776.32 2.9401842885
5778.09 2.90976730986
5779.86 2.84197825077
5781.64 2.78043332754
5783.41 2.81848546239
5785.18 2.82321493163
5786.96 2.84961340699
5788.73 2.90593427597
5790.5 2.96896295426
5792.28 2.9508178664
5794.05 2.96278064153
5795.83 2.99789617784
5797.6 3.0058404497
5799.37 3.02358368724
5801.15 3.01406292563
5802.92 3.02036888462
5804.69 2.9993799329
5806.47 2.99703065406
5808.24 2.99879261319
5810.02 3.06676714166
5811.79 3.04676735998
5813.56 3.03876126499
5815.34 3.00639685785
5817.11 3.01363016374
5818.88 3.05214597205
5820.66 3.00284202803
5822.43 3.03489731954
5824.2 3.10073895012
5825.98 3.04670553685
5827.75 3.08556137236
5829.53 3.08865252873
5831.3 3.07981182152
5833.07 3.10939418794
5834.85 3.04621095183
5836.62 3.05233144144
5838.39 3.05403157744
5840.17 3.05641176784
5841.94 3.08596322269
5843.72 3.06747810763
5845.49 3.05137318296
5847.26 3.03922493845
5849.04 2.96945753928
5850.81 2.9384841525
5852.58 2.93560937708
5854.36 2.88645999087
5856.13 2.90333770462
5857.9 2.9148368063
5859.68 2.89817547349
5861.45 2.90460507873
5863.23 2.91100377241
5865.0 2.94778853316
5866.77 2.9696120971
5868.55 2.92998347249
5870.32 2.98148213754
5872.09 3.02175990498
5873.87 2.95427996153
5875.64 2.94633568967
5877.42 2.85833046794
5879.19 2.82565694516
5880.96 2.77171626659
5882.74 2.78970679663
5884.51 2.7014542824
5886.28 2.52868955314
5888.06 2.43308008676
5889.83 2.32210757324
5891.61 2.32148934197
5893.38 2.34739323231
5895.15 2.44083888924
5896.93 2.51617036986
5898.7 2.62837934592
5900.47 2.73789901595
5902.25 2.81505427883
5904.02 2.85412649529
5905.79 2.89446608586
5907.57 2.88735642622
5909.34 2.84828420976
5911.12 2.84355474052
5912.89 2.82123659156
5914.66 2.82040197934
5916.44 2.86500736569
5918.21 2.87743381428
5919.98 2.9134766975
5921.76 2.96828289986
5923.53 2.89097307916
5925.3 2.94015337694
5927.08 2.91251843903
5928.85 2.88157596381
5930.63 2.87873209996
5932.4 2.81697079578
5934.17 2.84392567928
5935.95 2.88775827654
5937.72 2.85477563812
5939.49 2.89901008571
5941.27 2.92692322769
5943.04 2.89730994971
5944.82 2.92911794871
5946.59 2.86896404584
5948.36 2.88377068483
5950.14 2.90877813983
5951.91 2.92438847947
5953.68 2.92500671075
5955.46 2.87561003203
5957.23 2.87975218156
5959.0 2.88574902491
5960.78 2.86992230431
5962.55 2.89322962331
5964.33 2.93492932268
5966.1 2.97366151194
5967.87 3.00596409596
5969.65 2.99369220518
5971.42 2.98933367471
5973.19 2.97387789288
5974.97 2.95406358058
5976.74 2.9036159087
5978.52 2.85595027754
5980.29 2.88222510665
5982.06 2.91406401721
5983.84 2.89700083408
5985.61 2.91947354085
5987.38 2.89833003131
5989.16 2.92438847947
5990.93 2.931930901
5992.71 2.96040045113
5994.48 2.93189998944
5996.25 2.96027680487
5998.03 2.90469781342
5999.8 2.9161969151
6001.57 2.8861817868
6003.35 2.89214771858
6005.12 2.84778962474
6006.89 2.86998412744
6008.67 2.90840720106
6010.44 2.88377068483
6012.22 2.90256491553
6013.99 2.93332192137
6015.76 2.91360034376
6017.54 2.89424970491
6019.31 2.87403354228
6021.08 2.85397193747
6022.86 2.87366260352
6024.63 2.90849993575
6026.41 2.95922581171
6028.18 2.99319762017
6029.95 2.99848349755
6031.73 3.00148191923
6033.5 2.9764126411
6035.27 2.96534630131
6037.05 2.96092594771
6038.82 2.95044692763
6040.59 2.97876191994
6042.37 3.00426395995
6044.14 3.00676779661
6045.92 3.0362883399
6047.69 3.03140431284
6049.46 3.01363016374
6051.24 3.00225470832
6053.01 2.96853019237
6054.78 2.96550085913
6056.56 2.97876191994
6058.33 2.96704643731
6060.11 2.96639729448
6061.88 2.97919468183
6063.65 2.9648517163
6065.43 2.94206989388
6067.2 2.98138940285
6068.97 3.02574749669
6070.75 3.02342912942
6072.52 3.03335174135
6074.29 2.99440317115
6076.07 2.9702921515
6077.84 3.00172921173
6079.62 2.95802026073
6081.39 2.92525400325
6083.16 2.92676866987
6084.94 2.92871609838
6086.71 2.91996812587
6088.48 2.91644420761
6090.26 2.94723212501
6092.03 2.92908703715
6093.81 2.95730929476
6095.58 2.98825176998
6097.35 2.96531538975
6099.13 2.88411071203
6100.9 2.85489928438
6102.67 2.88092682098
6104.45 2.87026233151
6106.22 2.90135936455
6107.99 2.9169697042
6109.77 2.96633547135
6111.54 3.01397019094
6113.32 3.00794243603
6115.09 2.95409449214
6116.86 2.92407936384
6118.64 2.90324496993
6120.41 2.88615087523
6122.18 2.85706309383
6123.96 2.87570276672
6125.73 2.90887087452
6127.51 2.93189998944
6129.28 2.96979756648
6131.05 2.95706200225
6132.83 2.86417275347
6134.6 2.84386385615
6136.37 2.8266461152
6138.15 2.80707909541
6139.92 2.85761950198
6141.69 2.89168404513
6143.47 2.93162178537
6145.24 2.92142096936
6147.02 2.93656763555
6148.79 2.91304393561
6150.56 2.91103468397
6152.34 2.92398662915
6154.11 2.84754233223
6155.88 2.8218857344
6157.66 2.7872647831
6159.43 2.68803866378
6161.21 2.66389673256
6162.98 2.60222816307
6164.75 2.59394386401
6166.53 2.6809599157
6168.3 2.73388051267
6170.07 2.78037150441
6171.85 2.77004704215
6173.62 2.80544078253
6175.4 2.8054716941
6177.17 2.82210211534
6178.94 2.85703218227
6180.72 2.86101977398
6182.49 2.84658407376
6184.26 2.84222554328
6186.04 2.8515608355
6187.81 2.77734217117
6189.58 2.73520970991
6191.36 2.74157749202
6193.13 2.77041798091
6194.91 2.78945950412
6196.68 2.81684714952
6198.45 2.8153324829
6200.23 2.87047871246
6202.0 2.81687806108
6203.77 2.86633656293
6205.55 2.88636725618
6207.32 2.90503784063
6209.1 2.86166891682
6210.87 2.82476050982
6212.64 2.76494663415
6214.42 2.725781683
6216.19 2.7188884043
6217.96 2.71938298932
6219.74 2.77397281073
6221.51 2.79004682383
6223.28 2.75418940999
6225.06 2.75434396781
6226.83 2.76547213073
6228.61 2.71969210496
6230.38 2.66893531744
6232.15 2.69734304443
6233.93 2.76445204913
6235.7 2.79137602107
6237.47 2.79734195286
6239.25 2.68303099046
6241.02 2.71641547921
6242.8 2.71814652677
6244.57 2.66677150798
6246.34 2.7120878603
6248.12 2.70364900342
6249.89 2.68244367075
6251.66 2.65582881445
6253.44 2.63990935917
6255.21 2.63471621647
6256.98 2.65403594376
6258.76 2.68847142567
6260.53 2.69313907178
6262.31 2.67378843293
6264.08 2.6877604597
6265.85 2.61419093821
6267.63 2.58559774183
6269.4 2.58915257165
6271.17 2.59258375521
6272.95 2.65397412063
6274.72 2.69326271803
6276.5 2.72664720678
6278.27 2.70504002378
6280.04 2.70806935702
6281.82 2.68847142567
6283.59 2.75066549174
6285.36 2.77650755895
6287.14 2.80247327242
6288.91 2.75372573654
6290.68 2.78364813016
6292.46 2.73629161464
6294.23 2.74293760082
6296.01 2.77422010324
6297.78 2.73601341057
6299.55 2.72207229536
6301.33 2.74562690686
6303.1 2.7701706884
6304.87 2.77088165437
6306.65 2.81514701352
6308.42 2.8129522925
6310.2 2.78559555867
6311.97 2.78105155881
6313.74 2.73422053987
6315.52 2.73805357377
6317.29 2.73493150584
6319.06 2.70136154771
6320.84 2.74204116548
6322.61 2.7880375722
6324.38 2.83183925789
6326.16 2.84936611448
6327.93 2.83171561164
6329.71 2.8361668768
6331.48 2.83731060466
6333.25 2.81316867345
6335.03 2.7900777354
6336.8 2.79523996653
6338.57 2.79774380318
6340.35 2.77072709655
6342.12 2.81765085018
6343.9 2.87530091639
6345.67 2.86636747449
6347.44 2.85421922998
6349.22 2.83078826473
6350.99 2.83165378851
6352.76 2.85625939318
6354.54 2.81221041497
6356.31 2.77354004884
6358.08 2.76182456622
6359.86 2.76868693335
6361.63 2.74429770963
6363.41 2.74590511094
6365.18 2.84012355695
6366.95 2.88333792294
6368.73 2.88018494345
6370.5 2.86970592337
6372.27 2.87854663057
6374.05 2.89465155524
6375.82 2.91360034376
6377.6 2.91718608514
6379.37 2.90896360921
6381.14 2.87165335188
6382.92 2.87335348788
6384.69 2.91805160892
6386.46 2.92825242493
6388.24 2.91474407161
6390.01 2.91446586754
6391.79 2.84698592408
6393.56 2.83329210138
6395.33 2.85511566532
6397.11 2.83848524408
6398.88 2.86268899842
6400.65 2.82442048262
6402.43 2.87032415464
6404.2 2.90627430317
6405.97 2.87514635857
6407.75 2.87610461705
6409.52 2.86652203231
6411.3 2.84438935274
6413.07 2.84228736641
6414.84 2.86367816846
6416.62 2.87990673937
6418.39 2.91406401721
6420.16 2.84302924394
6421.94 2.83758880873
6423.71 2.89344600425
6425.49 2.9378040981
6427.26 2.94160622043
6429.03 2.90964366361
6430.81 2.85659942038
6432.58 2.87848480745
6434.35 2.8789484809
6436.13 2.91069465677
6437.9 2.91613509198
6439.68 2.88809830374
6441.45 2.90108116048
6443.22 2.93118902348
6445.0 2.93854597563
6446.77 2.87149879406
6448.54 2.83452856393
6450.32 2.81539430603
6452.09 2.83746516248
6453.86 2.84513123026
6455.64 2.85332279463
6457.41 2.86887131115
6459.18 2.92587223453
6460.96 2.85186995114
6462.73 2.80522440159
6464.51 2.79267430674
6466.28 2.77310728695
6468.05 2.79910391198
6469.83 2.85511566532
6471.6 2.81842363927
6473.37 2.84046358415
6475.15 2.86401819566
6476.92 2.90967457517
6478.7 2.85384829121
6480.47 2.8567539782
6482.24 2.88769645342
6484.02 2.84590401936
6485.79 2.83690875433
6487.56 2.84244192423
6489.34 2.73162396853
6491.11 2.71629183295
6492.89 2.67082092282
6494.66 2.68337101766
6496.43 2.66899714056
6498.21 2.6535722703
6499.98 2.73984644446
6501.75 2.78840851096
6503.53 2.76652312389
6505.3 2.75517858003
6507.07 2.7722108516
6508.85 2.82856263215
6510.62 2.82318402007
6512.4 2.91953536398
6514.17 2.89613531029
6515.94 2.90482145968
6517.72 2.90024654826
6519.49 2.89072578665
6521.26 2.90528513313
6523.04 2.87972126999
6524.81 2.91285846623
6526.59 3.05047674762
6528.36 2.94846858756
6530.13 2.90346135088
6531.91 2.8994428476
6533.68 2.91489862943
6535.45 2.92630499642
6537.23 2.90868540514
6539.0 2.89931920135
6540.78 2.96253334902
6542.55 2.92497579918
6544.32 2.90893269765
6546.1 2.89996834419
6547.87 2.93013803031
6549.64 2.89690809938
6551.42 2.81075757148
6553.19 2.78609014369
6554.96 2.74272121988
6556.74 2.69180987454
6558.51 2.76179365465
6560.29 2.81885640116
6562.06 2.81075757148
6563.83 2.77768219837
6565.61 2.71403528881
6567.38 2.68324737141
6569.15 2.73901183224
6570.93 2.79112872856
6572.7 2.81115942181
6574.47 2.76071174993
6576.25 2.77746581743
6578.02 2.83854706721
6579.8 2.95496001593
6581.57 3.08222292349
6583.34 3.12917758868
6585.12 3.0618831146
6586.89 2.98009111718
6588.66 2.89428061647
6590.44 2.77452921888
6592.21 2.75391120592
6593.99 2.7897377082
6595.76 2.82506962545
6597.53 2.84095816917
6599.31 2.86108159711
6601.08 2.84367838677
6602.85 2.86148344744
6604.63 2.86689297108
6606.4 2.82680067302
6608.18 2.82670793833
6609.95 2.8235858704
6611.72 2.82593514923
6613.5 2.85956693049
6615.27 2.88840741938
6617.04 2.94516105025
6618.82 2.95214706363
6620.59 2.91882439801
6622.36 2.86327631813
6624.14 2.85149901238
6625.91 2.91044736426
6627.69 2.89647533749
6629.46 2.84868606008
6631.23 2.83870162502
6633.01 2.80754276886
6634.78 2.79134510951
6636.55 2.86735664453
6638.33 2.87029324308
6640.1 2.82012377527
6641.88 2.8423801011
6643.65 2.83493041426
6645.42 2.83047914909
6647.2 2.83493041426
6648.97 2.864914631
6650.74 2.84803691725
6652.52 2.80120589831
6654.29 2.80998478239
6656.06 2.83867071346
6657.84 2.79796018413
6659.61 2.79221063329
6661.39 2.79508540871
6663.16 2.78945950412
6664.93 2.77295272913
6666.71 2.79765106849
6668.48 2.84228736641
6670.25 2.86145253587
6672.03 2.82176208814
6673.8 2.83867071346
6675.58 2.82238031941
6677.35 2.78989226601
6679.12 2.78952132725
6680.9 2.79486902776
6682.67 2.8570940054
6684.44 2.85548660409
6686.22 2.86126706649
6687.99 2.88531626301
6689.76 2.86265808686
6691.54 2.85165357019
6693.31 2.82945906749
6695.09 2.81715626516
6696.86 2.81932007461
6698.63 2.80370973497
6700.41 2.80244236086
6702.18 2.82695523084
6703.95 2.80735729948
6705.73 2.79728012973
6707.5 2.84123637324
6709.28 2.81183947621
6711.05 2.81687806108
6712.82 2.93897873752
6714.6 3.04432534645
6716.37 3.02998238091
6718.14 2.9473248597
6719.92 2.86250352904
6721.69 2.80964475519
6723.46 2.80098951737
6725.24 2.8371869584
6727.01 2.91421857503
6728.79 2.9928266814
6730.56 2.98865362031
6732.33 2.95783479135
6734.11 2.87545547421
6735.88 2.80877923141
6737.65 2.76797596738
6739.43 2.76723408986
6741.2 2.81622891825
6742.98 2.78584285118
6744.75 2.76176274309
6746.52 2.80302968057
6748.3 2.76748138237
6750.07 2.80083495955
6751.84 2.82108203374
6753.62 2.78976861976
6755.39 2.82061836029
6757.17 2.79298342238
6758.94 2.79972214326
6760.71 2.85103533892
6762.49 2.82964453687
6764.26 2.80939746268
6766.03 2.83060279535
6767.81 2.79122146325
6769.58 2.75576589974
6771.35 2.77122168157
6773.13 2.84222554328
6774.9 2.88624360992
6776.68 2.87953580061
6778.45 2.84556399216
6780.22 2.82469868669
6782.0 2.83165378851
6783.77 2.79462173525
6785.54 2.78095882412
6787.32 2.77956780375
6789.09 2.81081939461
6790.86 2.84120546168
6792.64 2.81248861905
6794.41 2.80525531315
6796.19 2.82216393847
6797.96 2.90132845299
6799.73 2.87186973282
6801.51 2.83075735316
6803.28 2.8420400739
6805.05 2.83292116262
6806.83 2.84676954314
6808.6 2.83786701281
6810.38 2.85338461776
6812.15 2.84244192423
6813.92 2.7968782794
6815.7 2.82667702676
6817.47 2.87264252192
6819.24 2.82343131258
6821.02 2.84333835957
6822.79 2.84744959754
6824.56 2.89193133764
6826.34 2.87885574621
6828.11 2.86992230431
6829.89 2.89122037167
6831.66 2.91403310565
6833.43 2.91329122812
6835.21 2.92828333649
6836.98 2.89579528309
6838.75 2.84717139347
6840.53 2.81561068697
6842.3 2.85078804641
6844.08 2.82030924465
6845.85 2.84343109426
6847.62 2.91236388121
6849.4 2.87424992323
6851.17 2.85935054954
6852.94 2.79251974893
6854.72 2.56769994647
6856.49 2.27097984696
6858.27 2.07147661514
6860.04 1.87865028106
6861.81 1.92019542261
6863.59 2.02699487504
6865.36 2.17648319687
6867.13 2.34807328671
6868.91 2.51205913189
6870.68 2.64198043393
6872.45 2.64924465139
6874.23 2.59378930619
6876.0 2.55647904886
6877.78 2.49978724112
6879.55 2.42371388297
6881.32 2.44751578698
6883.1 2.48553701028
6884.87 2.51978702281
6886.64 2.53150250543
6888.42 2.56958555185
6890.19 2.62881210781
6891.97 2.60667942824
6893.74 2.6244844889
6895.51 2.62204247537
6897.29 2.64201134549
6899.06 2.74058832199
6900.83 2.7134479691
6902.61 2.72902739718
6904.38 2.79140693263
6906.15 2.76324649814
6907.93 2.82383316291
6909.7 2.83465221019
6911.48 2.77789857932
6913.25 2.76843964084
6915.02 2.77069618499
6916.8 2.83137558444
6918.57 2.78210255197
6920.34 2.76859419866
6922.12 2.76034081116
6923.89 2.76680132797
6925.67 2.69248992894
6927.44 2.66643148078
6929.21 2.64000209386
6930.99 2.66470043322
6932.76 2.76086630774
6934.53 2.70429814626
6936.31 2.75904252549
6938.08 2.80587354442
6939.85 2.77851681059
6941.63 2.81765085018
6943.4 2.78856306878
6945.18 2.78463730019
6946.95 2.74649243064
6948.72 2.78296807576
6950.5 2.82404954385
6952.27 2.83267387011
6954.04 2.88649090243
6955.82 2.94172986668
6957.59 2.94964322698
6959.37 2.94296632923
6961.14 2.94148257417
6962.91 2.95851484575
6964.69 2.93968970348
6966.46 2.91669150012
6968.23 2.93168360849
6970.01 2.9059960991
6971.78 2.91715517358
6973.56 2.82887174778
6975.33 2.769490634
6977.1 2.69471556152
6978.88 2.68003256879
6980.65 2.73418962831
6982.42 2.78995408914
6984.2 2.82556421047
6985.97 2.84253465892
6987.74 2.86822216831
6989.52 2.90349226244
6991.29 2.83409580204
6993.07 2.83554864553
6994.84 2.80219506835
6996.61 2.77925868812
6998.39 2.82652246894
7000.16 2.84052540728
7001.93 2.78670837496
7003.71 2.76809961364
7005.48 2.78358630703
7007.25 2.83394124422
7009.03 2.8368469312
7010.8 2.85431196467
7012.58 2.8085319389
7014.35 2.73833177784
7016.12 2.76599762731
7017.9 2.77486924608
7019.67 2.81956736712
7021.8 2.71422075819
7037.99 2.8276661968
7054.21 2.93233275133
7070.47 2.70395811906
7086.77 2.79115964012
7103.11 2.62160971348
7119.48 2.59626223129
7135.9 2.541734233
7152.34 2.57579877615
7168.83 2.6043301494
7185.36 2.55548987883
7201.92 2.51913787997
7218.52 2.6425986652
7235.16 2.65344862405
7251.84 2.59171823143
7268.56 2.56664895331
7285.31 2.6190440537
7302.11 2.67252105882
7318.94 2.65885814769
7335.81 2.72562712518
7352.73 2.72423610481
7369.68 2.65471599816
7386.66 2.83653781557
7403.69 2.81554886385
7420.76 2.70602919382
7437.87 2.76123724651
7455.01 2.76612127356
7472.2 2.79026320478
7489.42 2.76318467502
7506.69 2.81307593875
7523.99 2.85066440016
7541.34 2.84259648204
7558.72 2.80207142209
7576.15 2.76850146397
7593.61 2.73533335617
7611.12 2.70256709869
7628.66 2.65177939961
7646.25 2.66871893649
7663.87 2.62460813516
7681.54 2.58717423157
7699.25 2.59768416321
7717.0 2.59026538794
7734.79 2.52992601569
7752.62 2.52269270979
7770.49 2.56816361993
7788.4 2.49678881945
7806.35 2.50114734992
7824.35 2.62355714199
7842.39 2.46971028969
7860.47 2.56096122559
7878.59 2.56541249076
7896.75 2.59363474838
7914.95 2.5390140154
7933.2 2.49122473799
7951.49 2.37774838782
7969.82 2.48838087413
7988.19 2.48120939137
8006.6 2.44575382786
8025.06 2.5772825312
8043.56 2.59963159173
8062.1 2.57428410953
8080.69 2.47972563631
8099.31 2.46120960968
8117.99 2.53450092711
8136.7 2.56232133439
8155.46 2.47957107849
8174.26 2.44411551498
8193.1 2.39255502681
8211.99 2.5153666692
8230.92 2.45666560983
8249.9 2.54145602893
8268.91 2.58120829979
8287.97 2.49205935021
8307.08 2.45638740575
8326.23 2.47190501071
8345.42 2.39756270012
8364.66 2.46890658903
8383.94 2.42235377417
8403.27 2.47725271122
8422.64 2.39168950303
8442.06 2.35196814373
8461.52 2.38321973458
8481.02 2.35447198039
8500.58 2.40229216936
8520.17 2.3461258582
8539.81 2.32850626692
8559.5 2.25323660942
8579.23 2.3417055046
8599.01 2.33484313747
8618.83 2.30665179141
8638.7 2.35345189879
8658.61 2.24093380709
8678.57 2.22408700489
8698.58 2.10316096788
8718.63 2.3098975056
8738.73 2.29781108421
8758.88 2.28575557438
8779.07 2.33747062038
8799.3 2.28804303009
8819.59 2.30241690719
8839.92 2.33827432103
8860.3 2.33675965441
8880.72 2.18940423047
8901.2 2.19298997186
8921.72 2.19153712837
8942.28 2.19008428488
8962.9 2.14374785096
8983.56 2.09354747158
9004.27 2.20084150903
9025.03 1.96470807428
9045.83 2.30145864872
9066.68 2.33728515099
9087.58 2.12037870884
9108.53 2.09951340337
9129.53 2.11750393342
9150.57 2.14053304834
9171.67 2.17382480239
9192.81 2.13268151117
9214.0 2.16084194566
9235.25 2.04798382676
9256.53 2.05126045251
9277.87 2.25277293597
9299.26 2.06736537717
9320.7 2.18328374087
9342.18 2.17673048938
9363.72 2.14040940208
9385.31 2.16866257126
9406.94 2.1275501916
9428.62 2.17555584996
9450.36 2.14418061285
9472.15 2.18248004022
9493.98 2.18090355047
9515.87 2.13957478986
9537.8 2.14789000049
9559.79 2.09747324017
9581.83 2.16461315642
9603.92 2.13336156557
9626.05 2.14161495307
9648.24 2.10585027392
9670.49 2.10427378417
9692.78 2.12220249109
9715.12 2.09150730838
9737.52 2.07079656074
9759.97 2.05976113251
9782.46 2.0393595005
9805.02 2.08047188016
9827.62 2.0598538672
9850.27 2.06779813906
9872.98 2.04730377236
9895.74 2.04572728261
9918.55 2.02078165074
9941.42 2.0332390109
9964.34 2.03636107882
9987.31 2.02544929685
10033.4 2.01765958281
10079.72 1.98690257698
10126.24 2.00214197786
10172.98 1.97611444126
10219.95 1.97753637319
10267.12 1.9743833937
10290.78 1.9637498158
10506.26 1.88325610405
10701.6 1.79157240625
10900.55 1.72675085727
11103.21 1.65284130857
11309.63 1.61151254797
11493.39 1.59305834446
11707.07 1.54607276771
11897.3 1.4867225655
12090.62 1.45287440329
12287.08 1.42638319324
12486.72 1.38431255511
12689.62 1.34969160382
12895.8 1.31290684307
13105.34 1.28598287113
13287.66 1.2451796071
13503.56 1.21964665553
13691.42 1.19463920053
13913.88 1.15142483454
14107.45 1.10212089051
14303.7 1.08450129923
14502.69 1.08450129923
14704.44 1.04768562692
14908.99 1.05494984438
15116.39 1.05494984438
15291.44 1.06715991202
15504.16 1.05494984438
15683.7 1.03569194022
15901.88 1.00054549235
16086.0 1.00283294806
16309.78 0.991364757943
16498.65 0.975507125788
16689.7 0.962122418726
16882.96 0.942400841115
17117.83 0.916713331719
17316.02 0.879495809079
17516.54 0.8515826671
17719.38 0.817023538935
17883.32 0.785648301826
18090.4 0.748554425442
18299.89 0.726483568993
18511.79 0.701816141197
18683.07 0.670255434706
18899.41 0.650472033968
19118.26 0.637149150033
19295.15 0.614089123547
19518.58 0.589143491679
19699.19 0.569143709995
19881.45 0.551091356821
20111.68 0.541045098633
20297.78 0.520272527858
20485.57 0.511957317235
20722.79 0.496872474172
20914.55 0.484446025583
21108.05 0.474492502087
21303.37 0.462622461644
21500.5 0.452112530001
21699.43 0.435729401265
21900.22 0.427785129406
22102.84 0.414214952962
22307.37 0.402004885318
22513.79 0.391958627131
22722.09 0.381263226107
22879.6 0.341387308993
23091.29 0.337461540409
23304.96 0.295279620647
23520.61 0.278120611663
23683.63 0.281341596596
23902.79 0.258365031332
24123.94 0.249592329567
24291.17 0.246736101085
24515.92 0.229737832232
24685.87 0.22606553847
24914.27 0.191086013039
25086.98 0.188464712441
25319.09 0.189772271584
25494.61 0.18803195055
25671.32 0.190647068835
25908.86 0.186736756033
26088.44 0.18588050572
26329.85 0.180814100437
26512.35 0.178743025672
26696.14 0.175076914223
26881.17 0.172279417712
27129.91 0.169135711688
27317.95 0.165284130857
27507.33 0.162641192165
27697.99 0.158573230388
27890.0 0.156397056307
28083.31 0.15283913533
28277.99 0.150394030645
28473.99 0.146972120549
28671.38 0.143958243092
28870.1 0.141330760182
29070.24 0.138431255511
29271.73 0.135278276018
29474.62 0.132505508759
29678.94 0.130384975492
29884.65 0.127417465381
30091.82 0.125092915794
30300.39 0.122527256011
30510.44 0.120845666948
30721.92 0.11891369422
30934.89 0.116743702451
31077.67 0.114876644007
31293.07 0.113040497126
31510.0 0.110975604674
31728.4 0.108950897254
31874.88 0.10745786873
32095.81 0.105494984438
32318.31 0.103807213062
32467.47 0.102147262094
32692.51 0.100515131533
32919.14 0.0991364757943
33071.08 0.0977763669935
33300.3 0.0951117902065
33531.14 0.0933745603292
33685.91 0.091461134539
33919.43 0.0895848026252
34075.98 0.0877455645878
34312.17 0.0863452707543
34470.57 0.0845740381569
34709.49 0.0830284599742
34869.73 0.0813252328169
35111.42 0.0798414777615
35273.47 0.0782031648879
35518.0 0.0767781418034
35681.93 0.0752016520571
35929.29 0.0738291786309
36095.12 0.0724814344555
36261.71 0.0711584195312
36513.09 0.0696993937267
36681.61 0.0682712794859
36935.86 0.0667164278341
37106.38 0.0653470455642
37277.64 0.0643022347127
37536.01 0.0628401177519
37709.3 0.0618354919332
37883.35 0.0607072198598
38058.2 0.0595974947246
38322.03 0.058509407684
38498.9 0.0574429587379
38676.59 0.0562652281627
38944.71 0.0552358730931
39124.46 0.0542281561179
39305.03 0.053238986081
39486.48 0.0520272527858
39668.73 0.0510782677816
39943.73 0.0499159929882
40128.09 0.0492297562751
40313.3 0.0483302297728
40499.36 0.0473410597359
40686.33 0.0465837264264
40874.12 0.0457336584259
41062.77 0.0450010543673
41347.42 0.0442839060905
41538.26 0.0434740231228
41729.98 0.0426795959369
41922.63 0.0419006245328
42116.12 0.0411371089105
42310.5 0.040667253143
42505.83 0.0398326409244
42702.02 0.0392855062477
42899.11 0.0376039171849
43097.15 0.0359934247185
43296.07 0.0359099634967
43495.9 0.0344540288486
43696.65 0.0336688751318
43898.38 0.0329795472623
44100.99 0.0310784860976
44304.54 0.030636759853
44509.07 0.0301934880302
44714.5 0.0297483615136
44920.88 0.0293174543162
45128.26 0.0289029302476
45336.55 0.0284865514852
45545.79 0.0280686271446
45650.78 0.0278587376274
45861.53 0.0274596693406
46073.2 0.0270695654073
46285.85 0.0266776067802
46499.53 0.0262841025749
46714.15 0.0259001809543
46929.75 0.025533878925
47146.36 0.0251657222019
47255.09 0.0249811801669
47473.19 0.0246105505186
47692.3 0.0242550675366
47912.47 0.0239104036019
48133.61 0.023564194089
48244.56 0.0233901619856
48467.23 0.0230414795476
48690.98 0.0227122713947
48915.71 0.0223880090919
49141.49 0.022062201211
49254.76 0.0218986790393
49482.15 0.0215703982333
49710.53 0.0212659193313
49939.97 0.0209605130824
50055.08 0.0208075008423
50286.16 0.020499930784
50518.26 0.020195451882
50751.42 0.0199095199182
50868.41 0.0197660902628
50985.72 0.0196223514918
51103.24 0.0194779944896
51221.04 0.0193336374873
51339.11 0.0191889713694
51457.45 0.0190436870202
51576.06 0.0189067487932
51695.01 0.018772592607
51814.17 0.0186378181895
51933.6 0.0185027346563
52053.31 0.0183676511231
52173.3 0.0182319493587
52293.56 0.0180962475942
52414.1 0.0179599275985
52534.98 0.0178248440654
52656.07 0.0176987248856
52777.45 0.0175722965903
52899.11 0.017445868295
53021.04 0.0173188217683
53143.26 0.0171914661261
53265.82 0.0170638013682
53388.6 0.0169361366103
53511.66 0.0168078536211
53635.01 0.0166851347134
53758.65 0.016566434309
53882.56 0.0164474247889
54006.76 0.0163284152689
54131.31 0.0162087875175
54256.09 0.0160891597662
54381.15 0.0159692228992
54506.51 0.0158489769166
54632.15 0.0157284218184
54758.08 0.0156165219579
54884.3 0.0155049312131
55010.87 0.0153930313527
55137.68 0.0152811314923
55264.77 0.0151686134006
55392.16 0.0150560953089
55519.84 0.0149432681015
55647.82 0.0148301317786
55776.16 0.0147197774963
55904.72 0.0146149872955
56033.59 0.0145101970948
56162.75 0.0144047886627
56292.21 0.0142993802306
56421.97 0.0141936626829
56552.02 0.0140879451352
56682.44 0.0139816093563
56813.1 0.0138752735773
56944.06 0.0137748109954
57075.32 0.013676512223
57206.88 0.013577904335
57338.74 0.0134789873313
57470.98 0.0133797612119
57603.45 0.013280225977
57736.23 0.013180690742
57869.32 0.0130808463914
58002.71 0.0129819293877
58136.41 0.0128895038124
58270.42 0.0127970782371
58404.8 0.0127040344305
58539.43 0.0126109906239
58674.37 0.0125179468173
58809.62 0.0124242847794
58945.17 0.0123306227415
59081.05 0.0122369607036
59217.23 0.0121466989378
59353.8 0.0120598374439
59490.61 0.01197297595
59627.74 0.0118854962249
59765.19 0.0117980164998
59902.95 0.0117105367746
60041.04 0.0116224388182
60179.5 0.0115343408618
60318.22 0.0114462429054
60457.26 0.0113643272617
60596.61 0.0112827207337
60736.29 0.01120080509
60876.29 0.0111185803307
61016.62 0.0110363555713
61157.33 0.0109538216964
61298.3 0.0108712878214
61439.6 0.0107884448308
61581.23 0.0107077656497
61723.17 0.0106311049718
61865.45 0.010554444294
62008.12 0.0104774745005
62151.06 0.0104001955913
62294.32 0.0103229166822
62437.91 0.0102453286574
62581.83 0.0101677406327
62726.09 0.0100898434923
62870.68 0.0100165830864
63015.67 0.00994425002744
63160.93 0.00987222608413
63306.51 0.00979989302518
63452.44 0.00972725085059
63598.71 0.00965460867601
63745.3 0.00958165738578
63892.31 0.00950870609556
64039.59 0.00943637303661
64187.2 0.00936867671221
64335.16 0.00930098038781
64483.46 0.00923328406341
64632.09 0.00916527862337
64781.08 0.00909696406769
64930.47 0.00902864951202
65080.14 0.00896033495634
65230.15 0.00889140216939
65380.51 0.00882556053881
65531.23 0.00876219183332
65682.28 0.00869851401219
65833.68 0.00863483619107
65985.5 0.0085708492543
66137.6 0.00850686231754
66290.06 0.00844256626514
66442.86 0.00837827021274
66596.01 0.0083136650447
66749.52 0.00825369661121
66903.46 0.00819403729336
67057.68 0.00813437797551
67212.25 0.00807440954202
67367.18 0.0080141319929
67522.47 0.00795416355941
67678.11 0.00789357689465
67834.11 0.00783329934552
67990.54 0.00777425825894
68147.28 0.00771830832873
68304.36 0.00766204928288
68461.81 0.00760579023703
68619.61 0.00754953119118
68777.79 0.00749296302969
68936.4 0.00743639486821
69095.3 0.00737982670672
69254.57 0.0073229494296
69414.2 0.00726916330884
69574.21 0.00721661365063
69734.59 0.00716406399242
69895.33 0.00711120521857
70056.52 0.00705803732908
70218.0 0.00700517855524
70379.86 0.00695201066575
70542.09 0.00689853366063
70704.7 0.00684567488678
70867.68 0.00679652550057
71031.11 0.00674706699873
71194.84 0.00669760849688
71358.95 0.0066478408794
71523.44 0.00659807326191
71688.31 0.00654830564443
71853.55 0.00649822891131
72019.18 0.00644815217819
72185.27 0.00640023925453
72351.66 0.00635387190905
72518.44 0.00630750456357
72685.59 0.00626082810245
72853.14 0.00621415164133
73021.07 0.00616747518022
73189.39 0.0061207987191
73358.18 0.00607381314235
73527.27 0.00602651844995
73696.76 0.0059829331452
73866.64 0.00593934784045
74036.91 0.0058957625357
74207.56 0.00585217723095
74378.7 0.00580828281056
74550.15 0.00576438839017
74721.99 0.00572049396978
74894.23 0.00567629043376
75066.86 0.00563332336028
75239.9 0.00559252009625
75413.34 0.00555171683223
75587.25 0.00551060445257
75761.49 0.00546949207291
75936.12 0.00542837969325
76111.16 0.00538695819796
76286.6 0.0053458458183
76462.45 0.005304424323
76638.78 0.00526516663716
76815.44 0.00522683629823
76992.5 0.0051885059593
77169.98 0.00515017562037
77347.86 0.0051115361658
77526.15 0.00507289671123
77704.85 0.00503394814103
77884.06 0.00499530868646
78063.59 0.00495666923189
78243.53 0.00492081181806
78423.89 0.00488495440422
78604.66 0.00484878787474
78785.85 0.00481262134527
78967.45 0.00477645481579
79149.56 0.00473997917068
79332.01 0.00470350352557
79514.87 0.00466702788046
79698.16 0.00463209781353
79881.88 0.00459840420915
80066.01 0.00456471060476
80250.65 0.00453070788474
80435.63 0.00449670516473
80621.05 0.00446270244471
80806.88 0.00442869972469
80993.15 0.00439438788903
81179.84 0.00436007605338
81366.97 0.00432854625845
81554.62 0.00429670734789
81742.61 0.00426517755296
81931.03 0.00423333864239
82119.88 0.00420149973183
82309.17 0.00416935170563
82498.9 0.00413751279507
82689.16 0.00410536476887
82879.76 0.00407383497394
83070.81 0.00404415987283
83262.29 0.00401448477173
83454.22 0.00398480967062
83646.58 0.00395482545387
83839.4 0.00392484123713
84032.75 0.00389485702039
84226.45 0.00386487280364
84420.59 0.00383457947126
84615.19 0.0038061408327
84810.24 0.00377832042541
85005.73 0.00375050001812
85201.76 0.0037223704952
85398.16 0.00369455008791
85595.01 0.00366642056498
85792.31 0.00363829104206
85990.07 0.0036098524035
86188.28 0.00358203199621
86386.95 0.0035557571671
86586.18 0.00352979145363
86785.77 0.00350351662453
86985.81 0.00347724179542
87186.32 0.00345096696632
87387.29 0.00342438302157
87588.72 0.00339810819247
87790.62 0.00337152424773
87993.08 0.00334617676553
88195.91 0.00332144751461
88399.21 0.00329702737932
88602.98 0.0032722981284
88807.21 0.00324756887747
89011.92 0.00322283962655
89217.2 0.00319811037563
89422.85 0.0031733811247
89628.97 0.00314834275814
89835.58 0.00312546820104
90042.66 0.0031022845283
90250.21 0.00307934814807
90458.24 0.00305622629846
90666.86 0.00303307353728
90875.85 0.00300985895298
91085.32 0.00298658254554
91295.28 0.00296327522655
91505.72 0.00294055522726
91716.65 0.0029190098674
91928.17 0.0028974026844
92140.06 0.00287576458984
92352.46 0.00285409558372
92565.33 0.00283233384291
92778.7 0.0028105721021
92992.56 0.0027887176266
93206.92 0.00276683223953
93421.87 0.00274621422657
93637.21 0.00272599806394
93853.06 0.00270572007819
94069.39 0.00268541118086
94286.23 0.00266507137198
94503.57 0.00264466973997
94721.51 0.00262420628483
94939.85 0.00260371191813
95158.69 0.00258340302081
95378.04 0.00256445423229
95597.89 0.00254550544377
95818.25 0.00252646392056
96039.12 0.00250742239735
96260.6 0.00248828813944
96482.49 0.00246915388154
96704.88 0.00244995780051
96927.8 0.00243073080792
97151.22 0.00241227660442
97375.17 0.00239453336688
97599.62 0.00237672830622
97824.7 0.00235886142243
98050.2 0.00234096362707
98276.21 0.00232303492015
98502.74 0.00230507530167
98729.8 0.00228708477162
98957.37 0.00226903241845
99185.59 0.00225227835095
99414.22 0.00223561701814
99643.38 0.00221892477376
99873.06 0.00220217070626
100103.28 0.0021853857272
100334.02 0.00216856983657
100565.3 0.00215169212282
100797.22 0.0021347834975
101029.56 0.00211830763407
101262.44 0.00210269729443
101495.86 0.00208705604322
101729.82 0.00207138388044
101964.31 0.00205568080611
102199.46 0.00203991590864
102435.03 0.00202415101118
102671.15 0.00200832429059
102907.82 0.00199246665844
103145.03 0.00197750546163
103382.79 0.00196288429202
103621.09 0.00194820129928
103860.06 0.00193348739498
104099.46 0.00191874257912
104339.42 0.0019039668517
104579.93 0.00188916021271
104820.99 0.00187432266215
105062.61 0.00185960875785
105304.79 0.00184588402359
105547.64 0.00183215928933
105790.94 0.00181837273194
106034.79 0.00180458617455
106279.21 0.00179076870559
106524.19 0.00177688941351
106769.73 0.00176301012143
107015.97 0.00174906900623
107262.65 0.00173571521073
107509.89 0.00172285600025
107757.71 0.0017099658782
108006.1 0.00169707575616
108255.06 0.00168412381099
108504.6 0.00167114095425
108754.83 0.00165812718596
109005.52 0.00164511341766
109256.78 0.00163203782623
109508.63 0.00161995140484
109761.05 0.00160789589502
110014.05 0.00159580947363
110267.77 0.00158369214068
110521.94 0.00157154389616
110776.7 0.00155936474008
111032.05 0.00154715467244
111287.99 0.0015349446048
111544.52 0.00152301274123
111801.63 0.00151173002049
112059.47 0.00150041638819
112317.78 0.0014891027559
112576.67 0.00147772730047
112836.17 0.00146635184505
113096.26 0.0014549145665
113356.96 0.00144347728794
113618.38 0.00143200909783
113880.28 0.00142122096211
114142.78 0.00141061829578
114405.89 0.00140001562945
114669.6 0.00138938205155
114933.93 0.00137874847365
115198.86 0.00136805307263
115464.53 0.0013573576716
115730.68 0.00134660044745
115997.44 0.00133596686956
116264.83 0.00132607516919
116532.82 0.00131615255725
116801.44 0.00130619903376
117070.68 0.00129624551026
117340.66 0.00128623016364
117611.14 0.00127621481701
117882.24 0.00126619947039
118153.97 0.00125612230064
118426.32 0.00124647789278
118699.31 0.00123720442368
118973.04 0.00122790004302
119247.29 0.0012185647508
119522.16 0.00120919854701
119797.67 0.00119983234322
120073.81 0.00119043522787
120350.59 0.00118103811252
120628.0 0.00117161008561
120906.2 0.00116286211309
121184.89 0.00115414505214
121464.23 0.00114542799119
121744.22 0.00113668001868
122024.84 0.0011279011346
122306.12 0.00111912225052
122588.17 0.00111031245488
122870.75 0.00110150265924
123153.98 0.00109287833298
123437.85 0.00108474859174
123722.39 0.00107658793894
124007.58 0.00106839637457
124293.42 0.0010602048102
124580.06 0.00105198233427
124867.23 0.00104372894677
125155.06 0.00103547555928
125443.55 0.00102722217178
125732.71 0.00101943245774
126022.53 0.00101179730152
126313.16 0.00100413123373
126604.32 0.000996465165946
126896.15 0.000988768186596
127188.66 0.000981071207246
127481.84 0.000973343316332
127775.69 0.000965615425419
128070.22 0.000957918446069
128365.57 0.000950777874865
128661.46 0.000943637303661
128958.04 0.000936465820893
129255.29 0.000929263426562
129553.24 0.000922061032231
129851.87 0.000914827726336
130151.19 0.000907594420441
130451.34 0.000900330202982
130752.04 0.000893406012724
131053.43 0.000886698203411
131355.52 0.000879990394098
131658.3 0.000873282584785
131961.78 0.000866543863908
132266.11 0.000859774231468
132570.99 0.000853004599028
132876.58 0.000846204055024
133182.87 0.00083940351102
133489.87 0.000833128463599
133797.57 0.000826853416177
134105.97 0.000820547457191
134415.25 0.000814241498206
134725.09 0.000807935539221
135035.64 0.000801598668672
135346.91 0.000795261798123
135658.89 0.00078889401601
135971.59 0.000782711703279
136285.17 0.000776838506185
136599.32 0.000770965309091
136914.19 0.000765061200433
137229.78 0.000759157091775
137546.1 0.000753252983117
137863.17 0.000747317962895
138180.95 0.00074135203111
138499.61 0.000735386099325
138818.86 0.000729791106304
139138.86 0.000724288847973
139459.58 0.000718786589643
139781.04 0.000713253419749
140103.24 0.000707720249855
140426.19 0.000702187079961
140750.04 0.000696622998503
141074.48 0.000691058917045
141399.67 0.000685525747151
141725.6 0.000680394427585
142052.3 0.000675232196455
142379.74 0.000670069965325
142708.09 0.000664907734194
143037.03 0.0006597145915
143366.75 0.000654521448807
143697.22 0.000649297394549
144028.46 0.000644073340292
144360.44 0.00063906566698
144693.2 0.000634274374613
145026.89 0.00062942125912
145361.18 0.00062459905519
145696.26 0.000619745939696
146032.1 0.000614892824202
146368.72 0.000610008797145
146706.1 0.000605124770088
147044.43 0.00060024074303
147383.38 0.000595727654737
147723.1 0.000591214566444
148063.62 0.000586670566586
148404.92 0.000582157478293
148747.01 0.000577613478436
149089.88 0.000573069478579
149433.69 0.000568494567158
149778.16 0.000563919655737
150123.41 0.000559468390571
150469.46 0.000555264417914
150816.3 0.000551029533694
151163.93 0.000546794649473
151512.55 0.000542528853689
151861.8 0.000538293969468
152211.85 0.000534028173684
152562.7 0.000529731466336
152914.36 0.000525465670552
153266.85 0.000521416255713
153620.14 0.000517490487129
153974.41 0.000513533806981
154329.33 0.00050954621527
154685.08 0.000505589535122
155041.65 0.000501601943411
155399.02 0.000497583440136
155757.22 0.000493595848425
156116.26 0.000489608256713
156476.29 0.000485929780639
156836.97 0.000482220393
157198.5 0.000478511005362
157560.85 0.000474801617723
157924.04 0.000471092230085
158288.07 0.000467351930883
158653.1 0.00046361163168
159018.81 0.000459840420915
159385.36 0.000456254679531
159752.75 0.000452792584402
160121.0 0.000449330489272
160490.08 0.000445868394143
160860.03 0.00044237538745
161231.0 0.000438882380757
161602.65 0.000435389374064
161975.16 0.000431896367372
162348.51 0.000428372449115
162722.74 0.000425126734931
163097.83 0.000421911932311
163473.96 0.000418666218128
163850.78 0.00041538959238
164228.47 0.000412143878197
164607.02 0.000408867252449
164986.46 0.000405590626702
165366.76 0.000402314000955
165747.94 0.000399130109899
166130.19 0.00039610077666
166513.13 0.000393071443422
166896.95 0.000390011198621
167281.67 0.000386981865383
167667.25 0.000383921620581
168053.75 0.000380861375779
168441.3 0.000377801130977
168829.57 0.000374709974612
169218.74 0.000371835199192
169608.8 0.000368991335336
169999.76 0.00036614747148
170391.62 0.000363303607624
170784.39 0.000360459743768
171178.24 0.000357615879911
171572.82 0.000354741104492
171968.3 0.000351866329072
172364.71 0.000349022465216
172762.03 0.000346364070741
173160.26 0.000343736587831
173559.39 0.000341078193357
173959.65 0.000338388887319
174360.64 0.000335730492844
174762.56 0.000333041186807
175165.4 0.000330382792332
175569.16 0.000327693486294
175973.87 0.000325096914948
176379.7 0.000322623989855
176786.26 0.000320151064763
177193.77 0.000317647228107
177602.21 0.000315174303015
178011.59 0.000312670466359
178421.93 0.000310166629703
178833.2 0.000307650428421
179245.62 0.00030513422714
179658.79 0.000302806586397
180072.92 0.000300488219123
180488.01 0.000298163669536
180904.04 0.000295832937636
181321.04 0.000293499114581
181739.2 0.000291159109212
182158.12 0.000288812921531
182578.01 0.000286463642693
182998.86 0.00028417000467
183420.68 0.000282006195214
183843.48 0.000279836203446
184267.25 0.000277660029364
184692.21 0.00027547767297
185117.93 0.00027329222542
185544.64 0.000271103686713
185972.33 0.000268908965694
186401.02 0.000266708062362
186830.68 0.000264636987597
187261.33 0.000262609189021
187693.19 0.000260578299289
188125.85 0.000258541227244
188559.48 0.000256501064043
188994.13 0.000254454718529
189429.77 0.000252405281859
189866.43 0.000250349662876
190304.28 0.000248312590831
190742.96 0.000246417711979
191182.63 0.000244522833127
191623.32 0.000242621771963
192065.03 0.000240714528485
192507.74 0.000238804193851
192951.49 0.000236890768061
193396.47 0.000234971159958
193842.27 0.000233048460699
194289.09 0.000231206131505
194736.93 0.000229434898908
195185.81 0.000227657483998
195635.74 0.000225880069088
196086.9 0.000224096471865
196538.9 0.000222306692329
196991.94 0.000220516912794
197446.01 0.000218720950946
197901.14 0.000216918806785
198357.31 0.00021525576466
198814.54 0.000213598904848
199273.04 0.000211935862724
199732.37 0.000210272820599
200192.77 0.000208603596162
200654.23 0.000206931280568
201116.76 0.000205252782662
201580.35 0.000203574284755
202045.23 0.000201935971882
202510.95 0.000200387302542
202977.75 0.000198838633203
203445.64 0.000197283781552
203914.59 0.000195725838743
204384.63 0.000194164804779
204855.75 0.000192597588502
205328.18 0.000191027281068
205801.47 0.000189456973634
206275.87 0.000187976309735
206751.34 0.000186529648556
207227.93 0.000185076805065
207705.6 0.000183623961573
208184.38 0.000182164935769
208664.49 0.000180702818808
209145.47 0.000179240701847
209627.56 0.000177772402573
210110.78 0.000176316467925
210595.08 0.000174965632594
211080.53 0.000173611706105
211567.32 0.000172254688461
212054.99 0.000170891488504
212543.79 0.000169528288547
213033.72 0.000168161997433
213524.78 0.000166792615163
214016.97 0.000165420141737
214510.29 0.000164103309126
215004.99 0.000162839026172
215500.6 0.000161571652062
215997.34 0.000160301186796
216495.23 0.00015903072153
216994.26 0.000157754073951
217494.46 0.000156474335216
217996.04 0.000155191505324
218498.52 0.000153908675433
219002.18 0.000152721671388
219506.99 0.0001515377585
220012.97 0.000150353845612
220520.13 0.000149166841568
221028.43 0.000147976746367
221538.16 0.000146780468854
222048.82 0.000145584191341
222560.67 0.000144387913827
223073.68 0.000143219456721
223587.88 0.000142115913899
224103.27 0.00014100927992
224620.09 0.000139899554785
225137.85 0.000138789829649
225656.82 0.000137673922202
226176.97 0.000136558014754
226698.32 0.000135439016149
227220.87 0.000134320017545
227744.65 0.000133262842068
228269.85 0.000132230395842
228796.03 0.000131197949616
229323.42 0.000130159321077
229852.03 0.000129120692538
230381.86 0.000128078972843
230912.9 0.000127037253148
231445.18 0.00012598935114
231978.94 0.000124953813758
232513.66 0.000123989372972
233049.62 0.000123024932186
233586.81 0.000122057400244
234125.24 0.000121086777145
234664.93 0.000120116154046
235206.1 0.000119142439791
235748.27 0.00011816563438
236291.69 0.000117185737812
236836.36 0.000116249117433
237382.27 0.000115349590931
237929.47 0.000114446973272
238477.91 0.000113541264457
239027.87 0.000112635555642
239578.85 0.00011172675567
240131.09 0.000110814864543
240684.62 0.000109902973415
241239.42 0.000108987991131
241795.49 0.000108144105443
242353.11 0.000107300219755
242911.74 0.000106456334067
243471.67 0.00010561244838
244032.9 0.000104762380379
244595.42 0.000103912312379
245159.22 0.000103062244378
245724.33 0.000102209085221
246291.01 0.000101377564159
246858.73 0.000100592410442
247427.75 9.98041655692e-05
247998.09 9.9015920696e-05
248569.74 9.82245846665e-05
249142.71 9.74301574806e-05
249717.02 9.66357302947e-05
256122.83 8.83792516427e-05
262088.82 8.15508872316e-05
268193.5 7.52294724644e-05
274440.69 6.93810046211e-05
280833.06 6.39683898253e-05
287374.65 5.89638076697e-05
294068.3 5.43332554344e-05
300918.19 5.01014623702e-05
307927.31 4.61911495679e-05
315100.01 4.25744966204e-05
322439.46 3.92298654331e-05
329950.23 3.61356179114e-05
337635.55 3.32793894297e-05
345500.28 0.000130987750983
