102.03 7.29800732666e-11
103.92 9.33681845866e-11
106.1 1.23653018958e-10
108.07 1.65273838573e-10
110.08 2.78102226919e-10
113.95 4.54157604421e-10
117.95 6.93747358414e-10
120.98 2.2243639163e-09
124.94 3.37436600767e-09
126.97 4.10405182919e-09
128.15 4.54157604421e-09
131.13 5.9457903338e-09
132.04 6.9857362684e-09
133.88 8.28337046358e-09
137.0 1.14342342787e-08
139.86 1.46287643319e-08
143.12 2.70523836379e-08
147.13 5.0026570456e-08
150.91 6.68667999273e-08
155.13 8.91681819446e-08
159.11 1.17545491177e-07
162.07 1.43946328577e-07
165.85 1.86724878058e-07
170.1 2.38342967983e-07
172.87 2.85235336741e-07
176.89 3.58264247247e-07
180.18 4.22873043018e-07
181.85 4.72284838806e-07
186.08 5.82369723374e-07
190.86 7.48531250604e-07
193.96 8.69360327977e-07
198.02 1.05002938827e-06
202.17 1.25951242018e-06
204.98 1.43615959012e-06
210.24 1.72665498489e-06
216.13 2.27093166105e-06
220.14 2.66197431469e-06
223.21 2.96614413666e-06
226.83 3.45308014747e-06
229.99 5.56169980492e-06
234.27 9.86742070761e-06
240.27 1.39059731796e-05
245.87 1.54598592459e-05
252.18 1.83740060859e-05
256.87 1.72269055011e-05
259.84 2.11936385025e-05
264.06 2.38342967983e-05
268.97 2.62546129582e-05
273.97 2.87211808572e-05
279.07 3.12759430662e-05
284.25 3.41343579969e-05
290.21 3.60734837037e-05
296.28 4.04774536422e-05
301.1 4.23849787819e-05
308.11 4.7665146262e-05
318.21 5.57434003175e-05
327.87 6.31264418973e-05
337.84 7.05037379196e-05
348.1 7.81999123913e-05
357.03 8.57438295854e-05
366.19 9.4017432601e-05
374.72 0.000101437820306
385.22 0.000107203487407
395.1 0.00011890718834
405.24 0.00012829255676
413.72 0.000136207062423
422.38 0.000142627723096
430.24 0.000149005292087
441.27 0.000159663301528
450.51 0.000167959886774
459.95 0.000175067141587
469.58 0.000183317762372
480.52 0.000192398616237
489.45 0.000199161137591
499.7 0.000209029132854
505.48 0.000220396718664
512.52 0.000273655165298
519.65 0.000281971859996
530.53 0.000292563795523
540.39 0.000295264207618
550.44 0.000328243708528
559.38 0.000362401048755
569.78 0.000389232802979
580.37 0.000391933215075
589.8 0.00043071572921
599.39 0.000441775927686
610.53 0.000466884014615
620.45 0.000534825233823
630.53 0.00056389775553
639.3 0.000586420341517
649.69 0.000634165925586
658.73 0.000659475107033
664.83 0.000700182382982
675.63 0.000729800732666
685.03 0.000734856823398
694.56 0.000859420513243
704.22 0.000843735140859
715.66 0.000982203080217
725.62 0.00103086795351
735.71 0.00107697605365
744.23 0.00117545491177
754.58 0.0012479638493
765.08 0.00130679835964
775.73 0.00142627723096
784.71 0.00153532791515
795.62 0.00161510498312
804.84 0.00169904758038
814.16 0.0017750325803
825.48 0.00192843896955
835.04 0.00174664952551
844.71 0.00209029132854
854.49 0.00218879891444
864.39 0.0023507374568
874.4 0.00251307818819
884.52 0.00271147229384
894.76 0.00287211808572
905.12 0.00295264207618
915.6 0.00441775927686
924.08 0.0267426980806
934.78 0.0587770547565
945.6 0.116735367548
954.35 0.163759884132
965.4 0.201467978987
974.33 0.0444849801029
985.62 0.213404375004
994.74 0.214883856099
1003.94 0.276823840342
1015.57 0.253048722787
1024.96 0.101906083254
1034.45 0.197790822091
1044.02 0.350105555385
1056.11 0.354156173528
1065.88 0.305634939176
1075.74 0.354156173528
1085.7 0.304227277552
1095.74 0.372570685795
1105.88 0.364095988262
1116.11 0.363262882403
1123.85 0.33821225105
1134.25 0.399201345502
1144.74 0.371708852148
1155.34 0.391013925851
1166.03 0.407561131882
1174.11 0.31491401478
1184.97 0.396472205618
1195.94 0.297993347502
1204.23 0.229721758729
1215.37 0.12083769571
1223.79 0.267426980806
1235.12 0.393743065734
1243.68 0.43973625472
1255.19 0.436719836954
1263.89 0.390123364415
1275.58 0.478863502315
1284.42 0.50141481609
1296.31 0.436719836954
1305.29 0.431721201799
1314.34 0.508395668634
1326.5 0.49681836997
1335.7 0.462603574166
1344.96 0.520231517393
1354.28 0.511929186589
1363.67 0.477743118573
1376.28 0.49681836997
1385.82 0.507217829316
1395.43 0.462603574166
1405.1 0.479955158268
1414.84 0.491130267897
1424.65 0.4979674815
1434.52 0.4979674815
1441.15 0.521438084499
1447.8 0.527470920031
1454.48 0.520231517393
1464.56 0.49566925844
1474.71 0.494548874699
1484.94 0.50026570456
1495.23 0.508395668634
1505.59 0.494548874699
1512.54 0.45728893334
1516.03 0.48107554201
1526.54 0.471193182852
1533.58 0.43071572921
1544.22 0.463666502331
1554.92 0.442810128063
1565.7 0.448957874748
1576.55 0.475559806666
1583.83 0.493399763169
1594.81 0.507217829316
1605.86 0.493399763169
1613.27 0.49566925844
1624.46 0.47665146262
1635.72 0.50026570456
1643.27 0.508395668634
1654.66 0.475559806666
1666.13 0.517847110968
1673.82 0.473376494759
1677.68 0.525057785818
1685.42 0.542265730979
1693.2 0.51666927165
1704.94 0.504890878468
1716.75 0.49566925844
1724.68 0.494548874699
1736.63 0.522644651606
1744.65 0.513107025907
1756.74 0.543501025874
1764.85 0.50026570456
1773.0 0.523851218712
1785.29 0.529912782032
1793.53 0.562605005059
1805.96 0.557434003175
1814.3 0.536060528718
1826.87 0.538531118507
1835.3 0.526264352925
1843.78 0.488889500414
1856.56 0.49911659303
1865.12 0.517847110968
1873.73 0.542265730979
1886.72 0.515462704543
1895.43 0.506068717786
1904.18 0.523851218712
1912.97 0.517847110968
1926.23 0.509573507953
1935.12 0.503741766938
1944.05 0.547264366135
1953.03 0.525057785818
1966.56 0.56389775553
1975.64 0.571740441722
1984.76 0.552349184655
1993.92 0.541001708296
2003.12 0.544765048557
2017.01 0.538531118507
2026.32 0.546000343452
2035.67 0.543501025874
2045.07 0.562605005059
2054.51 0.543501025874
2063.99 0.546000343452
2073.52 0.582369723374
2078.3 0.579698039067
2083.09 0.59047095966
2092.7 0.566511984261
2107.21 0.565190506002
2116.94 0.574383398241
2126.71 0.579698039067
2136.52 0.541001708296
2146.39 0.567804734732
2156.29 0.579698039067
2166.25 0.558726753646
2176.25 0.557434003175
2186.29 0.565190506002
2196.38 0.591849893496
2206.52 0.574383398241
2216.71 0.544765048557
2226.94 0.538531118507
2237.22 0.58507013547
2247.54 0.560019504117
2252.72 0.534825233823
2263.12 0.539766413402
2273.57 0.558726753646
2284.06 0.581076972903
2294.61 0.550079689383
2305.2 0.563179560824
2315.84 0.546833449311
2326.53 0.457145294399
2337.26 0.508453124211
2342.65 0.473548861489
2353.47 0.537726740436
2364.33 0.48058716961
2375.24 0.510492797176
2386.21 0.453094676256
2397.22 0.487998938978
2402.75 0.475904540125
2413.84 0.488343672437
2424.98 0.539450407731
2436.17 0.523793763136
2447.42 0.556399802798
2453.06 0.552693918114
2464.38 0.547896377476
2475.76 0.523506485253
2487.18 0.522558468241
2492.92 0.504948334044
2504.42 0.5747281317
2510.2 0.493830679992
2515.98 0.483833409682
2527.6 0.471968833135
2533.42 0.488688405896
2545.12 0.492308107215
2556.87 0.546345076911
2562.76 0.524310863324
2574.59 0.562087904871
2586.47 0.555940158186
2592.44 0.547206910558
2604.4 0.52405231323
2616.42 0.511210991883
2622.45 0.55553796915
2634.56 0.595584505969
2646.72 0.671713144827
2652.82 0.711702226069
2665.07 0.628822556972
2677.37 0.663382086235
2683.54 0.680590031396
2695.93 0.625346494594
2702.14 0.65953256261
2714.61 0.605983965315
2727.14 0.597997640181
2733.43 0.639480566412
2746.05 0.529740415303
2752.38 0.563869027742
2765.08 0.604547575902
2777.84 0.637785626906
2784.25 0.569873135486
2797.1 0.415949646051
2803.55 0.454100148845
2816.49 0.63591832067
2822.98 0.695844486956
2836.01 0.677286335747
2842.55 0.641031866978
2855.67 0.58228354001
2862.25 0.692253513425
2875.46 0.718625623037
2882.09 0.710610570116
2895.4 0.722590057815
2908.76 0.818713237295
2928.92 0.780763829019
2949.23 0.765423190094
2969.67 0.787543587045
2990.25 0.797368490626
3010.98 0.811071645621
3031.85 0.823079861109
3052.87 0.83913869474
3066.96 0.857237201336
3088.22 0.865941721176
3109.62 0.886941734385
3131.18 0.867550477317
3152.88 0.876398636098
3167.44 0.903575123781
3189.39 0.849911615333
3211.5 0.894928059518
3226.32 0.841523101164
3248.69 0.945115505589
3271.21 1.0113330575
3286.31 1.00733989493
3309.09 1.00136451498
3324.36 0.970223592518
3332.02 1.00004303672
3339.7 0.922908925272
3347.4 1.05511420679
3355.12 1.01727970967
3362.85 0.894525870483
3370.61 0.926270076497
3378.38 0.995130584929
3386.16 0.9954465906
3393.97 1.00268599324
3401.79 1.12279687591
3409.64 0.989586121797
3417.5 0.962926734303
3425.37 1.04649587032
3433.27 1.14256159422
3441.18 1.02808135805
3449.12 0.986684615184
3457.07 1.01934811042
3465.04 0.969333031082
3473.02 1.08295143361
3481.03 1.00176670401
3489.06 1.08119903852
3497.1 1.00012922008
3505.16 1.09194323133
3513.24 1.02647260191
3521.34 1.12589947704
3529.46 0.949826862861
3537.59 1.10866280409
3545.75 1.13224831824
3553.92 1.16439471329
3562.12 1.10725514246
3570.33 0.987172987584
3578.56 1.00820172858
3586.81 0.913486210727
3595.08 1.04675442041
3603.36 1.17490908379
3611.67 1.00960939021
3620.0 1.12021137496
3628.34 1.20630855634
3636.7 1.05830299129
3645.09 1.21271485312
3653.49 1.11664912922
3661.91 1.30636744281
3670.35 1.23658764516
3678.82 1.2484522217
3687.3 1.17361633332
3695.8 1.25801857519
3701.81 0.986742070761
3704.54 1.01004030703
3707.27 0.959996499901
3710.0 0.984214025395
3712.73 1.08524965666
3715.46 0.949999229591
3718.19 0.82420024485
3720.92 1.0932359818
3723.65 1.12429072089
3726.38 1.35934148434
3729.11 1.66572334601
3731.83 1.8713568543
3734.56 1.58999689619
3737.29 1.16255613484
3740.02 1.26939477934
3742.75 1.20754385124
3745.48 1.53199549172
3748.21 1.33463558645
3750.94 0.780447823348
3753.67 0.763469700493
3756.4 1.19254794577
3759.13 1.36333464691
3761.86 1.35190098719
3764.59 1.28519506287
3767.31 1.03035085332
3770.04 0.869705061436
3772.77 0.994096384552
3775.5 1.10142340145
3778.23 1.2843906848
3780.96 1.57356460131
3783.69 1.53633338774
3786.42 1.51352352387
3789.15 1.53797087167
3791.88 1.66078216644
3794.61 1.27126208557
3797.34 1.18427434276
3800.07 1.40432920074
3802.79 1.35474503822
3805.52 1.3572443558
3808.25 1.5533115106
3810.98 1.61918432905
3813.71 1.7799163043
3816.44 1.65529515888
3819.17 1.56684229886
3821.9 1.42725397576
3824.63 1.27896113282
3827.36 1.05011557164
3830.09 1.07404581925
3832.82 1.12607184377
3835.55 0.945546422412
3838.27 1.03164360379
3841.0 0.992631267352
3843.73 1.21136464708
3846.46 1.50036619686
3849.19 1.55718976201
3851.92 1.63578899066
3854.65 1.77948538748
3857.38 1.78517348955
3860.11 1.67029106435
3862.84 1.72317892251
3865.57 1.81640059538
3868.3 2.08049515275
3871.03 1.8097357485
3873.75 1.73070560303
3876.48 1.79643478255
3879.21 1.54245240664
3881.94 1.58186693212
3884.67 1.45715960333
3887.4 1.31130862239
3890.13 1.12882971144
3892.86 1.15106501954
3895.59 1.28232228405
3898.32 1.45480392469
3901.05 1.60502152945
3903.78 1.57356460131
3906.51 1.68724045941
3909.23 1.80749498102
3911.96 1.99819003942
3914.69 1.93108192607
3917.42 1.82010648006
3920.15 1.79634859918
3922.88 1.7075510057
3925.61 1.76078359733
3928.34 1.61010634797
3931.07 1.39973275462
3933.8 1.23190501567
3936.53 1.14204449403
3939.26 1.23882841264
3941.99 1.44092840297
3944.71 1.53883270532
3947.44 1.76239235347
3950.17 1.808040809
3952.9 1.82533493752
3955.63 1.77569331943
3958.36 1.8249040207
3961.09 1.56540590945
3963.82 1.42578885856
3966.55 1.19654110834
3969.28 1.03718806693
3972.01 0.872089467861
3974.74 1.02084195541
3977.47 1.2685042179
3980.19 1.55405843309
3982.92 1.87063865959
3985.65 1.80677678632
3988.38 1.82904082221
3991.11 1.93599437786
3993.84 1.93375361037
3996.57 1.94627892605
3999.3 2.04633781252
4002.03 2.04211482765
4004.76 2.10051842116
4007.49 2.01921878041
4010.22 2.07811074632
4012.95 2.16782762902
4015.67 2.08586724915
4018.4 2.06917640418
4021.13 2.2316895023
4023.86 2.23427500324
4026.59 2.25165531513
4029.32 2.23651577072
4032.05 2.14725853264
4034.78 2.01163464432
4037.51 2.1651846725
4040.24 2.27894671397
4042.97 2.21445282935
4045.7 2.10479886161
4048.43 2.0613049902
4051.15 2.09290555727
4053.88 2.15719834737
4056.61 2.22648977263
4059.34 2.20910946074
4062.07 2.12769490884
4064.8 2.17661833223
4067.53 2.03872494863
4070.26 2.01637472938
4072.99 2.00310249121
4075.72 2.01939114714
4078.45 1.97833913774
4081.18 1.94472762548
4083.91 2.02694655545
4086.63 1.99916678422
4089.36 2.01108881634
4092.09 1.97905733244
4094.82 1.82921318894
4097.55 1.73696826087
4100.28 1.54268222895
4103.01 1.54828414765
4105.74 1.51421299079
4108.47 1.56247567505
4111.2 1.66621171842
4113.93 1.7950845765
4116.66 1.98207375021
4119.39 2.05145135883
4122.11 2.04900949683
4124.84 1.9530012285
4127.57 1.91301214726
4130.3 1.9862392795
4133.03 1.98244721145
4135.76 2.01209428893
4138.49 2.18532285207
4141.22 2.19879618475
4143.95 2.19830781235
4146.68 2.07061279359
4149.41 2.16814363469
4152.14 2.20856363276
4154.87 2.2238755439
4157.59 2.1937975496
4160.32 2.19078113183
4163.05 2.27317242853
4165.78 2.24895490304
4168.51 2.15596305248
4171.24 2.18236388988
4173.97 2.13177425477
4176.7 2.05587543822
4179.43 2.03056625677
4182.16 2.03070989571
4184.89 1.94228576348
4187.62 2.00893423222
4190.35 2.05883440041
4193.07 2.08816547221
4195.8 2.17196443053
4198.53 2.08399994291
4201.26 2.1947742944
4203.99 2.14303554776
4206.72 2.07773728508
4209.45 2.19865254581
4212.18 2.26952399942
4214.91 2.19758961765
4217.64 2.21298771215
4220.37 2.26239950794
4223.1 2.09419830774
4225.83 1.97862641562
4228.55 1.96055663681
4231.28 1.9041065329
4234.01 1.99732820577
4236.74 2.18555267437
4239.47 2.18690288042
4242.2 2.11706562719
4244.93 2.20436937567
4247.66 2.19063749289
4250.39 2.16578795606
4253.12 2.11086042493
4255.85 2.06147735693
4258.58 2.10169626047
4261.31 2.11499722643
4264.03 2.1779110827
4266.76 2.15225716779
4269.49 2.0600696953
4272.22 2.08201772552
4274.95 2.14487412621
4277.68 2.02295339289
4280.41 2.11396302606
4283.14 2.15423938518
4285.87 2.17460738705
4288.6 2.08914221701
4291.33 2.08767709981
4294.06 2.02189046472
4296.79 1.98813531353
4299.51 2.04116681063
4302.24 1.88204359153
4304.97 1.78609277878
4307.7 1.88796151591
4310.43 1.85949227775
4313.16 1.89218450078
4315.89 2.04375231158
4318.62 2.17187824717
4321.35 2.13088369334
4324.08 2.09287682948
4326.81 1.98865241372
4329.54 2.03657036452
4332.27 1.90781241759
4335.0 1.87828025127
4337.72 1.73021723063
4340.45 1.74624733648
4343.18 1.68623498682
4345.91 1.71461804161
4348.64 1.81157432695
4351.37 1.95124883342
4354.1 2.02019552521
4356.83 1.95696566328
4359.56 2.08448831531
4362.29 2.16429411107
4365.02 2.23717650985
4367.75 2.3157757385
4370.48 2.26058965728
4373.2 2.12620106385
4375.93 2.18267989555
4378.66 2.17213679726
4381.39 2.24180168376
4384.12 2.10939530773
4386.85 2.01763875206
4389.58 2.11873183891
4392.31 2.05196845902
4395.04 2.10959640224
4397.77 2.31046109768
4400.5 2.3172408557
4403.23 2.18061149479
4405.96 2.17463611484
4408.68 2.25602193895
4411.41 2.25214368753
4414.14 2.21767034163
4416.87 2.29931471584
4419.6 2.2326662471
4422.33 2.27526955707
4425.06 2.30069364967
4427.79 2.35671283676
4430.52 2.39305348889
4433.25 2.28285369317
4435.98 2.22597267244
4438.71 2.18635705244
4441.44 2.26754178203
4444.16 2.25254587657
4446.89 2.25547611097
4449.62 2.35323677438
4452.35 2.32350351354
4455.08 2.33249531126
4457.81 2.21063203351
4460.54 2.1008918824
4463.27 2.16914910728
4466.0 2.18359918477
4468.73 2.20011766301
4471.46 2.23295352498
4474.19 2.26645012608
4476.92 2.31373606554
4479.64 2.40848031118
4482.37 2.34553772713
4485.1 2.35200147948
4487.83 2.37248439251
4490.56 2.38414787453
4493.29 2.40615336033
4496.02 2.40414241516
4498.75 2.32516972526
4501.48 2.47231345667
4504.21 2.54732171179
4506.94 2.46605079883
4509.67 2.50497695191
4512.4 2.55898519381
4515.12 2.53473894053
4517.85 2.48432167216
4520.58 2.57650914465
4523.31 2.45455968353
4526.04 2.323848247
4528.77 2.35970052673
4531.5 2.24763342478
4534.23 2.290610196
4536.96 2.2693229049
4539.69 2.4495035928
4542.42 2.39026689343
4545.15 2.45033669866
4547.88 2.45401385555
4550.6 2.33927506929
4553.33 2.344876988
4556.06 2.2913283907
4558.79 2.38118891234
4561.52 2.41876485937
4564.25 2.43292765898
4566.98 2.37394950971
4569.71 2.45915612965
4572.44 2.35889614866
4575.17 2.46903848881
4577.9 2.42218346618
4580.63 2.42209728281
4583.36 2.31761431695
4586.08 2.37754048324
4588.81 2.4568291788
4591.54 2.37685101632
4594.27 2.37627646055
4597.0 2.41123817885
4599.73 2.3703010806
4602.46 2.45180181586
4605.19 2.43057198034
4607.92 2.56619586867
4610.65 2.43088798601
4613.38 2.46312056443
4616.11 2.50333946798
4618.84 2.54177724865
4621.56 2.51612333375
4624.29 2.55525058134
4627.02 2.52287436399
4629.75 2.60868426748
4632.48 2.54864319005
4635.21 2.51500295001
4637.94 2.47285928465
4640.67 2.41141054558
4643.4 2.51218762676
4646.13 2.42902067978
4648.86 2.32870324321
4651.59 2.39029562122
4654.32 2.44766501435
4657.04 2.50960212582
4659.77 2.38535444164
4662.5 2.42221219396
4665.23 2.49768009369
4667.96 2.44749264762
4670.69 2.36013144356
4673.42 2.41207128471
4676.15 2.50219035645
4678.88 2.54706316169
4681.61 2.47711099731
4684.34 2.46320674779
4687.07 2.48748172886
4689.8 2.5306595946
4692.52 2.43232437543
4695.25 2.47122180072
4697.98 2.5697868422
4700.71 2.40339549266
4703.44 2.36478534525
4706.17 2.38529698606
4708.9 2.41956923744
4711.63 2.38874432065
4714.36 2.39905759664
4717.09 2.40560753236
4719.82 2.44904394819
4722.55 2.45909867407
4725.28 2.44674572513
4728.0 2.4311752639
4730.73 2.33304113924
4733.46 2.36309040575
4736.19 2.47107816177
4738.92 2.43493860416
4741.65 2.51178543772
4744.38 2.47920812585
4747.11 2.37348986509
4749.84 2.34729012221
4752.57 2.38047071764
4755.3 2.33367315058
4758.03 2.39931614673
4760.76 2.38828467604
4763.48 2.40221765334
4766.21 2.4150302469
4768.94 2.40606717697
4771.67 2.42902067978
4774.4 2.46452822605
4777.13 2.41732846996
4779.86 2.37087563636
4782.59 2.36507262314
4785.32 2.35168547381
4788.05 2.37145019213
4790.78 2.31028873095
4793.51 2.36168274412
4796.24 2.47558842453
4798.96 2.46961304457
4801.69 2.43037088583
4804.42 2.40572244351
4807.15 2.44846939242
4809.88 2.55987575525
4812.61 2.50828064756
4815.34 2.43551315992
4818.07 2.41129563443
4820.8 2.42402204462
4823.53 2.38084417889
4826.26 2.3930247611
4828.99 2.3409700088
4831.72 2.40115472518
4834.44 2.42813011834
4837.17 2.42071834897
4839.9 2.33829832449
4842.63 2.27414917333
4845.36 2.27742414119
4848.09 2.26418063081
4850.82 2.25975655142
4853.55 2.22749524521
4856.28 2.16705197874
4859.01 1.99732820577
4861.74 1.97020917366
4864.47 2.05871948925
4867.2 1.96363051015
4869.92 1.97242121336
4872.65 2.08865384461
4875.38 2.17463611484
4878.11 2.18471956851
4880.84 2.24177295597
4883.57 2.30954180845
4886.3 2.25786051739
4889.03 2.22321480477
4891.76 2.20908073295
4894.49 2.21166623389
4897.22 2.33677575171
4899.95 2.36024635471
4902.68 2.38719302009
4905.4 2.37621900498
4908.13 2.30718612982
4910.86 2.35682774791
4913.59 2.42925050208
4916.32 2.40626827149
4919.05 2.31387970448
4921.78 2.2414569503
4924.51 2.25926817902
4927.24 2.39790848511
4929.97 2.43634626578
4932.7 2.36533117323
4935.43 2.39262257207
4938.16 2.39385786696
4940.88 2.39647209569
4943.61 2.38058562879
4946.34 2.35720120916
4949.07 2.43462259849
4951.8 2.40876758906
4954.53 2.4443613187
4957.26 2.42022997657
4959.99 2.4597594132
4962.72 2.36889341897
4965.45 2.42781411267
4968.18 2.44260892362
4970.91 2.42152272705
4973.64 2.39851176866
4976.36 2.39222038303
4979.09 2.46722863815
4981.82 2.29776341527
4984.55 2.27501100698
4987.28 2.30971417518
4990.01 2.30856506365
4992.74 2.34476207685
4995.47 2.35702884243
4998.2 2.34912870066
5000.93 2.39118618266
5003.66 2.4441314964
5006.39 2.52241471937
5009.12 2.5824845246
5011.84 2.42732574027
5014.57 2.34731885
5017.3 2.24981673668
5020.03 2.238785266
5022.76 2.28601374988
5025.49 2.3021013113
5028.22 2.28776614496
5030.95 2.27113275556
5033.68 2.29894125459
5036.41 2.36912324128
5039.14 2.36946797474
5041.87 2.33878669689
5044.6 2.34068273091
5047.32 2.37363350404
5050.05 2.3434118708
5052.78 2.28569774421
5055.51 2.33005344926
5058.24 2.37963761178
5060.97 2.31873470069
5063.7 2.3944898783
5066.43 2.49029705211
5069.16 2.40325185372
5071.89 2.34352678195
5074.62 2.41020397848
5077.35 2.38693446999
5080.08 2.23447609776
5082.8 2.21916418662
5085.53 2.21373463464
5088.26 2.26613412041
5090.99 2.32321623566
5093.72 2.42887704084
5096.45 2.40161436979
5099.18 2.31031745874
5101.91 2.30106711092
5104.64 2.34576754943
5107.37 2.3404816364
5110.1 2.30339406177
5112.83 2.35599464205
5115.56 2.35613828099
5118.28 2.34895633393
5121.01 2.37621900498
5123.74 2.39549535089
5126.47 2.34818068365
5129.2 2.26446790869
5131.93 2.23522302025
5134.66 2.25702741153
5137.39 2.27078802211
5140.12 2.28750759487
5142.85 2.2312011299
5145.58 2.27831470263
5148.31 2.27360334535
5151.04 2.28265259865
5153.76 2.29112729619
5156.49 2.2556484777
5159.22 2.23100003538
5161.95 2.31655138879
5164.68 2.28848433967
5167.41 2.11370447596
5170.14 2.01930496378
5172.87 2.06664835881
5175.6 2.16101914321
5178.33 2.20158278021
5181.06 2.19417101085
5183.79 2.22278388794
5186.52 2.20224351934
5189.25 2.1688618294
5191.97 2.22720796733
5194.7 2.28276750981
5197.43 2.33097273849
5200.16 2.30072237746
5202.89 2.33666084056
5205.62 2.25570593327
5208.35 2.18351300141
5211.08 2.21741179154
5213.81 2.20839126603
5216.54 2.28920253437
5219.27 2.32301514114
5222.0 2.32083182923
5224.73 2.33266767799
5227.45 2.27664849091
5230.18 2.18819563089
5232.91 2.24912726977
5235.64 2.35326550217
5238.37 2.38262530176
5241.1 2.41439823556
5243.83 2.44381549073
5246.56 2.4162655418
5249.29 2.39336949456
5252.02 2.37463897662
5254.75 2.37564444921
5257.48 2.44212055122
5260.21 2.36978398041
5262.93 2.28943235668
5265.66 2.25593575558
5268.39 2.20327771972
5271.12 2.22269770458
5273.85 2.25447063838
5276.58 2.30488790676
5279.31 2.34562391049
5282.04 2.3680890409
5284.77 2.38133255129
5287.5 2.42686609566
5290.23 2.40968687829
5292.96 2.44507951341
5295.69 2.4705323338
5298.41 2.44298238487
5301.14 2.3920480163
5303.87 2.38854322614
5306.6 2.38567044731
5309.33 2.45846666273
5312.06 2.51957066834
5314.79 2.50244890654
5317.52 2.39463351724
5320.25 2.32651993131
5322.98 2.32442280277
5325.71 2.34042418082
5328.44 2.37722447757
5331.17 2.31218476497
5333.89 2.29293714685
5336.62 2.39773611838
5339.35 2.48208090467
5342.08 2.4526923773
5344.81 2.38860068171
5347.54 2.40658427716
5350.27 2.43378949263
5353.0 2.53439420707
5355.73 2.50477585739
5358.46 2.54373073825
5361.19 2.54740789515
5363.92 2.50563769104
5366.65 2.45792083476
5369.37 2.4666253546
5372.1 2.41689755314
5374.83 2.39270875543
5377.56 2.41695500871
5380.29 2.47099197841
5383.02 2.46616570998
5385.75 2.4037976817
5388.48 2.44507951341
5391.21 2.38070053994
5393.94 2.42741192364
5396.67 2.45504805593
5399.4 2.36765812408
5402.13 2.3981670352
5404.85 2.30023400506
5407.58 2.33930379708
5410.31 2.41560480267
5413.04 2.39710410703
5415.77 2.42902067978
5418.5 2.42295911646
5421.23 2.36079218269
5423.96 2.42166636599
5426.69 2.47225600109
5429.42 2.41936814293
5432.15 2.38150491802
5434.88 2.37570190479
5437.61 2.42347621665
5440.33 2.47828883662
5443.06 2.4495035928
5445.79 2.45157199355
5448.52 2.45924231302
5451.25 2.36966906926
5453.98 2.408911228
5456.71 2.37570190479
5459.44 2.38199329042
5462.17 2.44958977616
5464.9 2.39411641706
5467.63 2.42160891041
5470.36 2.39382913917
5473.09 2.36251584998
5475.81 2.39515061743
5478.54 2.31218476497
5481.27 2.30032018842
5484.0 2.39698919588
5486.73 2.3881410371
5489.46 2.34499189915
5492.19 2.37504116566
5494.92 2.43031343025
5497.65 2.39428878379
5500.38 2.34662938308
5503.11 2.31293168747
5505.84 2.44867048694
5508.57 2.36806031311
5511.29 2.37748302766
5514.02 2.38018343976
5516.75 2.30089474419
5519.48 2.37188110895
5522.21 2.36610682351
5524.94 2.40310821478
5527.67 2.41655281968
5530.4 2.401585642
5533.13 2.34252130936
5535.86 2.33396042846
5538.59 2.37871832256
5541.32 2.4783462922
5544.05 2.43749537731
5546.77 2.46524642076
5549.5 2.44668826955
5552.23 2.42000015427
5554.96 2.45211782153
5557.69 2.43522588204
5560.42 2.46013287445
5563.15 2.41681136977
5565.88 2.51842155681
5568.61 2.46174163059
5571.34 2.37601791046
5574.07 2.37348986509
5576.8 2.49268145854
5579.53 2.42991124121
5582.25 2.53471021274
5584.98 2.43396185936
5587.71 2.36038999365
5590.44 2.3204296402
5593.17 2.41207128471
5595.9 2.34160202014
5598.63 2.37159383107
5601.36 2.45073888769
5604.09 2.33824086891
5606.82 2.42508497279
5609.55 2.41695500871
5612.28 2.47814519768
5615.01 2.47992632055
5617.73 2.48121907103
5620.46 2.42787156825
5623.19 2.46866502756
5625.92 2.34548027155
5628.65 2.37122036982
5631.38 2.34731885
5634.11 2.44505078562
5636.84 2.46642426008
5639.57 2.47851865893
5642.3 2.43022724688
5645.03 2.33832705228
5647.76 2.30715740203
5650.49 2.47636407481
5653.21 2.35234621294
5655.94 2.43192218639
5658.67 2.33913143035
5661.4 2.3094268973
5664.13 2.33815468555
5666.86 2.43755283289
5669.59 2.37130655319
5672.32 2.48340238293
5675.05 2.43829975538
5677.78 2.46645298787
5680.51 2.53011376662
5683.24 2.48047214853
5685.97 2.42367731116
5688.69 2.30138311659
5691.42 2.43473750964
5694.15 2.44200564007
5696.88 2.48877447934
5699.61 2.41672518641
5702.34 2.35633937551
5705.07 2.34002199178
5707.8 2.38400423559
5710.53 2.38360204656
5713.26 2.3267784814
5715.99 2.32094674039
5718.72 2.49239418065
5721.45 2.3837456855
5724.17 2.46409730923
5726.9 2.51235999349
5729.63 2.51913975151
5732.36 2.36923815243
5735.09 2.4624598253
5737.82 2.39173201063
5740.55 2.44154599545
5743.28 2.45096871
5746.01 2.40557880457
5748.74 2.50641334132
5751.47 2.43772519962
5754.2 2.48308637726
5756.93 2.47010141697
5759.65 2.41801793688
5762.38 2.53269926757
5765.11 2.52497149253
5767.84 2.47363493493
5770.57 2.5199154018
5773.3 2.40776211647
5776.03 2.51641061163
5778.76 2.39997688586
5781.49 2.41422586883
5784.22 2.35895360424
5786.95 2.34375660426
5789.68 2.4179604813
5792.41 2.48291401053
5795.13 2.39087017698
5797.86 2.49084288009
5800.59 2.52485658138
5803.32 2.45401385555
5806.05 2.51316437156
5808.78 2.53494003505
5811.51 2.44602753042
5814.24 2.47874848124
5816.97 2.46177035838
5819.7 2.48156380448
5822.43 2.46869375535
5825.16 2.50365547365
5827.89 2.51959939613
5830.61 2.52893592731
5833.34 2.55252144146
5836.07 2.49805355494
5838.8 2.55375673635
5841.53 2.47642153039
5844.26 2.50701662487
5846.99 2.51172798215
5849.72 2.48667735079
5852.45 2.48009868728
5855.18 2.44249401247
5857.91 2.48133398218
5860.64 2.42097689907
5863.37 2.39081272141
5866.09 2.35794813165
5868.82 2.34648574414
5871.55 2.50828064756
5874.28 2.55993321083
5877.01 2.45128471567
5879.74 2.49673207668
5882.47 2.48730936213
5885.2 2.4314050862
5887.93 2.3267784814
5890.66 2.28632975555
5893.39 2.26682358733
5896.12 2.14585087101
5898.85 2.18546649101
5901.57 2.23938854955
5904.3 2.30299187273
5907.03 2.36863486888
5909.76 2.41948305408
5912.49 2.38012598418
5915.22 2.30936944172
5917.95 2.30442826214
5920.68 2.33660338498
5923.41 2.3556211808
5926.14 2.42893449641
5928.87 2.44568279696
5931.6 2.43255419773
5934.33 2.443643124
5937.05 2.43350221475
5939.78 2.41425459662
5942.51 2.43054325256
5945.24 2.45142835461
5947.97 2.42629153989
5950.7 2.34645701635
5953.43 2.35174292939
5956.16 2.38383186886
5958.89 2.40388386506
5961.62 2.44576898033
5964.35 2.40908359473
5967.08 2.37650628286
5969.81 2.49951867214
5972.53 2.45412876671
5975.26 2.37963761178
5977.99 2.36469916189
5980.72 2.27989473098
5983.45 2.30954180845
5986.18 2.38704938115
5988.91 2.44395912967
5991.64 2.39673064579
5994.37 2.35033526777
5997.1 2.39971833576
5999.83 2.38294130743
6002.56 2.39517934522
6005.29 2.41146800116
6008.01 2.42721082912
6010.74 2.47975395383
6013.47 2.39868413539
6016.2 2.39147346054
6018.93 2.36814649648
6021.66 2.38205074599
6024.39 2.38113145677
6027.12 2.28446244931
6029.85 2.39598372329
6032.58 2.48119034324
6035.31 2.42146527147
6038.04 2.36280312787
6040.77 2.39868413539
6043.5 2.4773695474
6046.22 2.36969779705
6048.95 2.45455968353
6051.68 2.44571152475
6054.41 2.40810684993
6057.14 2.40414241516
6059.87 2.42706719018
6062.6 2.48452276667
6065.33 2.40960069492
6068.06 2.36036126586
6070.79 2.4455966136
6073.52 2.47231345667
6076.25 2.5499646683
6078.98 2.5692984698
6081.7 2.39704665146
6084.43 2.4282450295
6087.16 2.32999599369
6089.89 2.41689755314
6092.62 2.25967036805
6095.35 2.54450638854
6098.08 2.24375517336
6100.81 2.40580862687
6103.54 2.35079491238
6106.27 2.38061435658
6109.0 2.41054871193
6111.73 2.38455006357
6114.46 2.40080999172
6117.18 2.41462805787
6119.91 2.29770595969
6122.64 2.32723812601
6125.37 2.18469084072
6128.1 2.2757004739
6130.83 2.36182638307
6133.56 2.33918888593
6136.29 2.2925636856
6139.02 2.32413552488
6141.75 2.40474569871
6144.48 2.3612518273
6147.21 2.42471151154
6149.94 2.43269783667
6152.66 2.35045017892
6155.39 2.46990032246
6158.12 2.26682358733
6160.85 2.28104384251
6163.58 2.24079621117
6166.31 2.18107113941
6169.04 2.24648431325
6171.77 2.24289333972
6174.5 2.32143511279
6177.23 2.38745157018
6179.96 2.32542827535
6182.69 2.33625865152
6185.42 2.35001926209
6188.14 2.3663941014
6190.87 2.38906032632
6193.6 2.3167524833
6196.33 2.30589337935
6199.06 2.33358696722
6201.79 2.36920942464
6204.52 2.35498916946
6207.25 2.33689066287
6209.98 2.35036399555
6212.71 2.38075799552
6215.44 2.3258017366
6218.17 2.3143106213
6220.9 2.43982232816
6223.62 2.368347591
6226.35 2.2901218236
6229.08 2.32706575928
6231.81 2.276907041
6234.54 2.30497409012
6237.27 2.29672921489
6240.0 2.26228459678
6242.73 2.300377644
6245.46 2.22697814503
6248.19 2.2360848539
6250.92 2.23235024143
6253.65 2.20781671026
6256.38 2.23191932461
6259.1 2.24355407885
6261.83 2.24863889737
6264.56 2.25202877638
6267.29 2.27193713364
6270.02 2.24039402214
6272.75 2.3170110334
6275.48 2.29782087085
6278.21 2.26782905992
6280.94 2.31184003151
6283.67 2.30936944172
6286.4 2.26751305425
6289.13 2.27868816387
6291.86 2.45998923551
6294.58 2.40236129228
6297.31 2.39997688586
6300.04 2.3649289842
6302.77 2.52129433563
6305.5 2.42519988394
6308.23 2.36153910518
6310.96 2.48587297272
6313.69 2.41847758149
6316.42 2.45705900111
6319.15 2.26975382173
6321.88 2.28279623759
6324.61 2.33717794075
6327.34 2.29615465913
6330.06 2.32203839634
6332.79 2.3866759199
6335.52 2.38581408625
6338.25 2.36765812408
6340.98 2.3453653604
6343.71 2.3478072224
6346.44 2.45524915045
6349.17 2.24335298433
6351.9 2.36294676681
6354.63 2.31735576686
6357.36 2.28339952115
6360.09 2.45286474402
6362.82 2.2500178312
6365.54 2.43674845482
6368.27 2.27231059488
6371.0 2.41350767412
6373.73 2.37458152105
6376.46 2.41135309001
6379.19 2.34950216191
6381.92 2.40827921666
6384.65 2.30827778577
6387.38 2.2480643416
6390.11 2.4047744265
6392.84 2.42634899547
6395.57 2.31172512036
6398.3 2.3519727517
6401.02 2.26125039641
6403.75 2.35283458534
6406.48 2.44556788581
6409.21 2.26064711285
6411.94 2.31293168747
6414.67 2.35533390292
6417.4 2.39081272141
6420.13 2.28934617331
6422.86 2.25745832836
6425.59 2.29184549089
6428.32 2.28581265536
6431.05 2.29871143228
6433.78 2.26521483119
6436.5 2.26576065916
6439.23 2.32129147385
6441.96 2.31497136043
6444.69 2.28681812795
6447.42 2.35711502579
6450.15 2.32387697479
6452.88 2.42907813535
6455.61 2.34255003715
6458.34 2.27314370074
6461.07 2.31649393321
6463.8 2.32967998801
6466.53 2.27604520735
6469.26 2.26817379337
6471.98 2.29578119788
6474.71 2.35036399555
6477.44 2.38337222425
6480.17 2.31695357782
6482.9 2.30215876687
6485.63 2.2964706648
6488.36 2.25763069509
6491.09 2.19193024336
6493.82 2.23996310531
6496.55 2.22011220363
6499.28 2.14510394852
6502.01 2.1957510392
6504.74 2.4086814057
6507.46 2.35533390292
6510.19 2.18351300141
6512.92 2.18604104677
6515.65 2.30867997481
6518.38 2.19440083315
6521.11 2.30485917897
6523.84 2.28454863268
6526.57 2.2258290335
6529.3 2.36113691615
6532.03 2.30819160241
6534.76 2.22016965921
6537.49 2.27351716199
6540.22 2.31744195022
6542.94 2.34484826021
6545.67 2.45838047937
6548.4 2.59127522781
6551.13 2.42818757392
6553.86 2.54169106529
6556.59 2.28202058731
6559.32 2.64962136574
6562.05 2.70641620311
6564.78 2.97332608372
6567.51 2.64203722964
6570.24 2.79831639771
6572.97 2.27371825651
6575.7 2.41382367979
6578.42 2.38176346811
6581.15 2.78989915576
6583.88 2.85588688536
6586.61 3.02417426892
6589.34 2.80437796103
6592.07 2.50994685927
6594.8 2.29466081414
6597.53 2.37555826585
6600.26 2.27742414119
6602.99 2.28862797861
6605.72 2.28655957785
6608.45 2.39900014106
6611.18 2.31965398992
6613.9 2.39994815807
6616.63 2.41126690664
6619.36 2.32155002394
6622.09 2.378115039
6624.82 2.44674572513
6627.55 2.36372241709
6630.28 2.38885923181
6633.01 2.37532844354
6635.74 2.35582227532
6638.47 2.35200147948
6641.2 2.24019292762
6643.93 2.25013274235
6646.66 2.32416425267
6649.38 2.34076891428
6652.11 2.35070872901
6654.84 2.36642282918
6657.57 2.34958834527
6660.3 2.26984000509
6663.03 2.23137349663
6665.76 2.37598918267
6668.49 2.37949397284
6671.22 2.31620665533
6673.95 2.35622446436
6676.68 2.34407260993
6679.41 2.34697411654
6682.14 2.39368550023
6684.86 2.42132163253
6687.59 2.3937716836
6690.32 2.34447479896
6693.05 2.32249804095
6695.78 2.3206594625
6698.51 2.3297087158
6701.24 2.34240639821
6703.97 2.23401645315
6706.7 2.24573739075
6709.43 2.41428332441
6712.16 2.43648990472
6714.89 2.60357072118
6717.62 2.75944770021
6720.34 2.66148594229
6723.07 2.59236688376
6725.8 2.48564315042
6728.53 2.48231072698
6731.26 2.60153104821
6733.99 2.66185940353
6736.72 2.52764317684
6739.45 2.45568006727
6742.18 2.38848577056
6744.91 2.32985235474
6747.64 2.23588375938
6750.37 2.20569085393
6753.1 2.28627229997
6755.82 2.35760339819
6758.55 2.32738176496
6761.28 2.33858560237
6771.86 2.28877161755
6787.47 2.31545973283
6803.12 2.27865943609
6818.8 2.28411771585
6834.52 2.27383316766
6850.27 2.23252260816
6866.06 2.2020998804
6881.89 2.24840907506
6897.76 2.25900962892
6913.66 2.25921072344
6929.6 2.2490410864
6945.57 2.29106984061
6961.58 2.27027092192
6977.63 2.30738722433
6993.72 2.29698776499
7009.84 2.26570320359
7026.0 2.2659042981
7042.19 2.30824905798
7058.43 2.31379352111
7074.7 2.20985638323
7091.01 2.23051166298
7107.35 2.24102603348
7123.74 2.2309425798
7140.16 2.1803529447
7156.62 2.16058822638
7173.12 2.12134606764
7189.65 2.12643088616
7206.23 2.15622160257
7222.84 2.21686596356
7239.49 2.20686869325
7256.18 2.2637209862
7272.91 2.23286734162
7289.67 2.2126142509
7306.48 2.25915326786
7323.32 2.2698112773
7340.2 2.28052674232
7357.12 2.29127093513
7374.08 2.29150075743
7391.08 2.28118748145
7408.12 2.26570320359
7425.2 2.26070456843
7442.31 2.32965126023
7459.47 2.31916561752
7476.67 2.30342278956
7493.9 2.31962526213
7511.18 2.31985508443
7528.49 2.33080037176
7545.85 2.34180311466
7563.24 2.32057327914
7580.67 2.28894398428
7598.15 2.2629740637
7615.67 2.25280442666
7633.22 2.27389062324
7650.82 2.22746651743
7668.46 2.17699179347
7686.13 2.20241588607
7703.85 2.18750616397
7721.61 2.15768671977
7739.41 2.20819017151
7757.25 2.11387684269
7775.14 2.19848017908
7793.06 2.18359918477
7811.02 2.1989398237
7829.03 2.23490701458
7847.08 2.20956910535
7865.17 2.22511083879
7883.3 2.19480302219
7901.47 2.17992202788
7919.68 2.14036386346
7937.94 2.13568123397
7956.24 2.1260861527
7974.58 2.17584268194
7992.96 2.18609850235
8011.39 2.17127496361
8029.86 2.20681123768
8048.37 2.23775106562
8066.93 2.24315188981
8085.52 2.20244461386
8104.16 2.15748562525
8122.84 2.20798907699
8141.57 2.18293844564
8160.33 2.18319699574
8179.14 2.15843364227
8198.0 2.12904511489
8216.9 2.21428046262
8235.84 2.00577417551
8254.83 2.24042274993
8273.86 2.24582357412
8292.93 2.1898905704
8312.05 2.1353652283
8331.21 2.11600269902
8350.41 2.1605594986
8369.66 2.18078386152
8388.96 2.15110805626
8408.29 2.15630778593
8427.68 2.17150478592
8447.11 2.05024479172
8466.58 2.12255263474
8486.1 2.14737344379
8505.66 1.87049502065
8525.27 2.05590416601
8544.92 2.00471124735
8564.62 2.08497668771
8584.36 2.11910530015
8604.15 2.07110116599
8623.98 2.08569488242
8643.87 2.10040351
8663.79 2.02930223409
8683.76 1.95613255742
8703.78 2.02979060649
8723.85 2.06776874255
8743.95 2.04432686734
8764.11 2.02582617171
8784.32 2.07325575011
8804.57 2.06871675957
8824.86 2.10258682191
8845.21 2.05021606393
8865.6 2.05047461403
8886.03 1.96745130599
8906.52 2.02280975394
8927.05 2.04177009419
8947.63 2.06090280116
8968.26 2.02818185035
8988.93 1.97770712639
9009.65 1.85443618702
9030.42 1.89350597904
9051.24 2.11502595422
9072.1 1.97865514341
9093.01 2.02964696755
9113.98 2.02522288816
9134.99 2.07265246656
9156.04 1.98873859708
9177.15 1.9571667578
9198.31 2.03088226244
9219.51 1.93079464818
9240.77 1.85262633636
9262.07 2.00373450255
9283.42 2.05064698076
9304.82 1.85331580328
9326.27 2.02301084846
9347.77 2.01396159516
9369.32 1.99574817741
9390.92 2.00982479366
9412.56 1.9779369487
9434.26 2.00571671994
9456.01 1.98756075776
9477.81 2.00160864622
9499.66 1.9972420224
9521.56 1.96104500921
9543.51 1.88597929852
9565.51 1.9525128561
9587.56 1.970841185
9609.66 1.96202175401
9631.81 1.95777004135
9654.01 1.94452653097
9676.27 1.94030354609
9698.58 1.94949643833
9720.93 1.93633911132
9743.34 1.91881516048
9765.8 1.91907371058
9788.31 1.90172212648
9810.88 1.91956208298
9833.5 1.91100120208
9856.16 1.91123102439
9878.88 1.89833224746
9901.66 1.8855196539
9924.48 1.88574947621
9947.36 1.8860080263
9970.29 1.88189995258
9993.27 1.87351143842
10016.32 1.84380690537
10085.74 1.81502166154
10132.29 1.83653877494
10179.07 1.82019266343
10226.05 1.81232124945
10273.25 1.80861536476
10296.93 1.79640605476
10488.37 1.74535677504
10707.99 1.67959886774
10907.06 1.61139909844
11109.84 1.57836214195
11290.37 1.52828960703
11500.27 1.50384225923
11687.14 1.45948655418
11904.41 1.41645232738
12097.84 1.37784217998
12294.42 1.34960276413
12494.18 1.3188640307
12697.2 1.28588452979
12903.51 1.25373813474
13113.17 1.23084208751
13295.6 1.20007462629
13511.63 1.18358487584
13699.6 1.15930989477
13890.18 1.13293778516
14115.88 1.10458345816
14312.25 1.08694459617
14511.35 1.08194596102
14713.23 1.05732624649
14883.6 1.05488438449
15090.66 1.04761625406
15300.59 1.05244252249
15513.43 1.04520311985
15693.07 1.02851227487
15911.38 1.00047395354
16095.63 1.0027721766
16282.01 0.995877507424
16508.52 0.973211282496
16699.67 0.95542878157
16893.04 0.929401405417
17088.66 0.908257753266
17286.54 0.871371273155
17486.7 0.853502588864
17689.19 0.826412284546
17894.02 0.802051120111
18101.23 0.771254931108
18310.82 0.755454647572
18480.25 0.734856823398
18694.25 0.706646135337
18910.73 0.690558573918
19085.69 0.676395774312
19306.7 0.653442271501
19485.35 0.62836291236
19710.96 0.614056473812
19893.35 0.598687107099
20077.43 0.587770547565
20309.9 0.569126212992
20497.84 0.560019504117
20687.49 0.544765048557
20878.91 0.532354644034
21120.69 0.521438084499
21316.1 0.508395668634
21513.34 0.4979674815
21712.41 0.48107554201
21913.3 0.473376494759
22116.07 0.461540646001
22320.72 0.448957874748
22475.43 0.438730782132
22683.4 0.428762239609
22893.27 0.389606264227
23105.11 0.382481772741
23318.88 0.338413345568
23480.54 0.320286111183
23697.79 0.319309366382
23917.07 0.292247789852
24082.87 0.282876785326
24305.69 0.27729210329
24474.18 0.258587440362
24700.62 0.253350364564
24871.85 0.222953491818
25101.97 0.217314226985
25275.99 0.215472775758
25359.34 0.203619690327
25455.41 0.200117772939
25551.48 0.199661001106
25647.45 0.197503544209
25743.52 0.200844585982
25839.59 0.213645688426
25935.56 0.222542684446
26031.63 0.223111494653
26127.59 0.218779344186
26223.66 0.215010258367
26319.73 0.212611488049
26415.7 0.208563742684
26511.77 0.202280975394
26607.84 0.196885896761
26703.81 0.195940752528
26799.88 0.195575909617
26895.85 0.193042118694
26991.92 0.191783841568
27087.99 0.195239794495
27183.96 0.185995192236
27280.03 0.186118721726
27376.1 0.181275216627
27472.06 0.18816126747
27568.13 0.177733080336
27664.11 0.176213380338
27760.17 0.16794552288
27856.24 0.172185744425
27952.21 0.162961251619
28048.28 0.158100509847
28144.25 0.14912020324
28240.32 0.148640449177
28336.39 0.152949617414
28432.36 0.15970639321
28528.43 0.156781904366
28624.5 0.15616138414
28720.47 0.149654540102
28816.53 0.148419245207
28912.5 0.147353444263
29008.57 0.147290243129
29104.64 0.13953948586
29200.61 0.137991058073
29296.68 0.134782164126
29392.75 0.136402411383
29488.72 0.12819488228
29584.79 0.133641670932
29680.76 0.123394468864
29776.83 0.128795293055
29872.9 0.121354795898
29968.87 0.122656164706
30064.94 0.117689130118
30161.01 0.116689403087
30256.97 0.114006227664
30353.04 0.11890718834
30449.01 0.116057391745
30545.08 0.116126338437
30641.15 0.110406635797
30737.12 0.113009373412
30833.19 0.11575287719
30929.26 0.114598020102
31025.23 0.107194869071
31121.3 0.111909099122
31217.27 0.112489400445
31313.34 0.112495146002
31409.41 0.108458891754
31505.38 0.113615529744
31601.44 0.114776132389
31697.51 0.11585055167
31793.48 0.111874625776
31889.55 0.115339197039
31985.52 0.120659583423
32081.59 0.134313901177
32177.66 0.13768079796
32273.63 0.148807070349
32369.7 0.148789833676
32465.77 0.162303385268
32561.74 0.174196689603
32657.81 0.18329765292
32753.87 0.196954843453
32849.85 0.205952386733
32945.91 0.198328031731
33041.89 0.182082467477
33137.95 0.163360567875
33234.02 0.15630789586
33329.99 0.137086132743
33426.06 0.128134553925
33522.13 0.126221283228
33618.1 0.126652200051
33714.17 0.124770529921
33810.14 0.120426888338
33906.21 0.116982426527
34002.28 0.116249867927
34098.25 0.115445489856
34194.32 0.120007462629
34290.39 0.115976953938
34386.35 0.12589665922
34482.42 0.122343031814
34578.39 0.118625656015
34674.46 0.115477090423
34770.53 0.119165738434
34866.5 0.118329759796
34962.57 0.120711293442
35058.64 0.115623602143
35154.61 0.113885570954
35250.68 0.114839333524
35346.65 0.111739605171
35442.71 0.105784334668
35538.78 0.108746169636
35634.75 0.0985794053748
35730.82 0.102569695163
35826.89 0.0960944516913
35922.86 0.0970051225788
36018.93 0.0922162002778
36114.9 0.0913285116209
36210.97 0.0931010161559
36307.04 0.0959278305195
36403.01 0.0970367231459
36499.08 0.0980249590616
36595.15 0.0951148341121
36691.12 0.0947672278743
36787.19 0.0904523140793
36883.15 0.092244928066
36979.22 0.0899467050062
37075.29 0.0908861036819
37171.27 0.092558060958
37267.33 0.0930378150217
37363.4 0.0941208526387
37459.37 0.096378856795
37555.44 0.0951033429968
37651.41 0.0933911668172
37747.48 0.0908918492395
37843.55 0.0923023836425
37939.52 0.0918973218282
38035.59 0.0912222188044
38131.66 0.0889038862927
38227.63 0.0887889751397
38323.7 0.0864045687151
38419.66 0.0852181110605
38515.73 0.0847527208908
38611.8 0.086505115974
38707.77 0.0836639377162
38803.84 0.0818023770377
38899.81 0.0810439634279
38995.88 0.0833967692855
39091.95 0.0820839093625
39187.92 0.0811674929174
39283.99 0.0810209811973
39380.06 0.0842471118177
39476.03 0.0859995069008
39572.1 0.0883523127584
39668.16 0.0835978638032
39764.13 0.0833910237278
39860.2 0.0790560004811
39956.17 0.0824746072827
40052.24 0.0813168774163
40148.31 0.0855111345006
40244.28 0.0914721505622
40340.35 0.0969792675694
40436.32 0.0987144259796
40532.39 0.0934629862878
40628.46 0.0853674955593
40724.42 0.0780648917866
40820.5 0.073416735648
40916.56 0.0710897847998
41012.54 0.0710782936845
41108.6 0.0706243946302
41204.58 0.0697108509639
41300.64 0.0698631082416
41396.72 0.0693919725143
41492.68 0.067231642838
41588.75 0.0660107118375
41684.82 0.0664674836706
41780.79 0.0642410800814
41876.86 0.0652867715736
41972.83 0.0640256216695
42068.9 0.0641347872649
42164.97 0.0606529793291
42260.94 0.0579669311279
42357.01 0.0549878594865
42453.07 0.0532440827398
42549.05 0.0519197317016
42645.11 0.0525316335913
42741.08 0.0515175426661
42837.15 0.0558956575952
42933.22 0.0564041394472
43029.19 0.0565305417155
43125.26 0.0580444961562
43221.33 0.062181297664
43317.3 0.0629368384949
43413.37 0.0626869067371
43509.34 0.0612045528635
43605.41 0.0585242502199
43701.48 0.0577773277255
43797.45 0.0581306795209
43893.51 0.0562662460636
43989.58 0.0560823882188
44085.55 0.0544133037215
44181.62 0.0555882702609
44277.59 0.0523592668618
44373.66 0.0532297188457
44469.73 0.050517815635
44565.7 0.0516468177132
44661.77 0.0501702093972
44757.84 0.0514715782049
44853.81 0.0500811532537
44949.88 0.0489406600602
45045.84 0.0453496865291
45141.92 0.0459328606306
45237.98 0.0457375116705
45333.96 0.0452922309526
45430.02 0.0442149388933
45526.1 0.045975952313
45622.06 0.0440712999521
45718.13 0.0449216424842
45814.1 0.0421436653606
45910.17 0.0424137065701
46006.24 0.0416926390851
46102.21 0.0427096027891
46198.28 0.0441948294415
46294.35 0.0478547496644
46390.32 0.0469498243346
46486.39 0.0477053651655
46582.35 0.046401123579
46678.43 0.0468636409698
46774.49 0.0459730795341
46870.46 0.0455708904987
46966.53 0.0456283460751
47062.6 0.0464901797226
47158.57 0.0452979765103
47254.64 0.0440827910674
47350.61 0.0445338173429
47446.68 0.0473606317065
47542.75 0.0453238315197
47638.72 0.0459931889859
47734.79 0.0444131606322
47830.86 0.0447722579853
47926.83 0.0437696581755
48022.89 0.0455565266045
48118.96 0.0443327228251
48214.93 0.0460104256589
48311.0 0.0443011222581
48406.97 0.0454961982492
48503.04 0.0416725296333
48599.11 0.0416179468357
48695.08 0.0411094649837
48791.15 0.0419540619582
48887.12 0.0404659625269
48983.19 0.0382453044953
49079.26 0.0375673286926
49175.22 0.0373489975019
49272.29 0.0345681475995
49765.01 0.0368089150828
50262.66 0.039069792018
50765.29 0.0413536511838
51272.94 0.0436633653589
51785.67 0.0459931889859
52303.52 0.0483488676223
52826.56 0.0507246557104
52954.8 0.0513078298119
53262.31 0.0532613194128
53569.83 0.0490555712132
53877.34 0.0422470853983
54184.85 0.0402706135668
54492.36 0.0402562496727
54799.88 0.0430830640363
55107.39 0.0437552942813
55414.91 0.0445682906888
55722.42 0.045269248722
56029.94 0.0508539307576
56337.45 0.0547408005076
56644.97 0.0631293146762
56952.48 0.0670334210991
57259.99 0.0663640636329
57567.5 0.0619974398192
57875.02 0.0576825260242
58182.54 0.056734509012
58490.05 0.0614889579672
58797.56 0.0644536657144
59105.08 0.0647122158086
59412.59 0.0669501105132
59720.1 0.0728105793159
60027.62 0.0868125033082
60335.13 0.0925149692756
60642.64 0.0958847388371
60950.16 0.107697605365
61257.67 0.138985039546
61565.18 0.196072900354
61872.7 0.252603442069
62180.21 0.262195650566
62487.72 0.235751721483
62795.24 0.198707238536
63102.75 0.168841829873
63410.27 0.145954400976
63717.78 0.124669982662
64025.29 0.112532492127
64332.81 0.0963731112374
64640.32 0.0921415080283
64947.83 0.0885160611514
65255.35 0.0860483441408
65562.86 0.0851520371475
65870.37 0.0882259104901
66177.9 0.0885907534008
66485.4 0.088358058316
66792.91 0.0922276913931
67100.43 0.0892055280693
67407.94 0.0895617526436
67715.46 0.0874674968803
68022.98 0.0883494399795
68330.49 0.0901535450816
68638.01 0.0915698250422
68945.51 0.0983380919536
69253.03 0.101969284388
69560.54 0.117028390988
69868.05 0.133276828021
70175.57 0.118545218208
70483.08 0.104732897618
70790.6 0.114259032201
71098.12 0.119266285693
71405.62 0.119998844293
71713.15 0.123928805725
72020.65 0.125256029542
72328.16 0.131696799668
72635.69 0.138772453913
72943.19 0.146029093225
73250.71 0.155543736693
73558.23 0.164667682241
73865.74 0.178046213228
74173.25 0.19361380168
74480.76 0.212108751754
74768.15 0.213447466687
74788.28 0.229270732454
75095.8 0.247478404646
75384.39 0.254959120706
75403.3 0.262569111813
76000.65 0.275826986089
76616.9 0.269314396494
77233.15 0.259822735256
77849.4 0.256542021838
78465.67 0.243930522797
79081.91 0.215001640031
79698.16 0.183645259158
80314.43 0.155632792836
80930.68 0.133041260158
81546.92 0.119188720664
82163.18 0.111667785701
82779.43 0.109205814248
83395.69 0.10545971066
84011.94 0.104428383062
84628.2 0.107306907445
85244.45 0.110800206496
85860.71 0.110225650731
86476.95 0.100285835997
87093.21 0.0818224864895
87709.46 0.0624513388735
88325.71 0.0486849827448
88941.96 0.0397707500513
89558.22 0.0333184888107
90174.46 0.028494518608
90790.73 0.0248052960411
91406.98 0.0234326823186
92023.23 0.0229494809202
92639.49 0.0208503414329
93255.74 0.0199922423979
93871.99 0.0190571528904
94488.23 0.0179867555003
95104.5 0.0173038959736
95720.75 0.0180910373716
96337.0 0.0211887547785
96953.26 0.0201106008855
97569.52 0.0170019669191
98185.76 0.0155382861079
98802.02 0.0142337572435
99418.23 0.01424237558
100034.53 0.0143216642755
100650.74 0.0145417191335
101267.06 0.0144630049937
101883.27 0.0142248516291
102499.57 0.0142794344268
103115.8 0.0149594211747
103732.01 0.0161047980921
104348.31 0.0170079997547
104964.52 0.0188672622101
105580.84 0.0214435702602
106197.05 0.0220879345507
106813.26 0.0224565120739
107429.57 0.0227920526406
108045.79 0.0221904927547
108662.09 0.0229684412605
109278.3 0.0270836969271
109894.61 0.0330254653705
110510.83 0.0383458517541
111127.04 0.0551314984278
111743.35 0.0921587447013
112359.56 0.117421961687
112975.87 0.108108412737
113592.08 0.0872405473531
114208.39 0.0708513441574
114824.6 0.0594923766839
115440.81 0.051830675558
116057.12 0.0468722593063
116673.33 0.0431778657375
117289.64 0.0420661003323
117905.85 0.0428647328456
118522.16 0.0452721215009
119138.37 0.0490469528767
119754.58 0.0515003059931
120370.9 0.0513595398307
120987.11 0.0496358725358
121603.41 0.0494405235757
122219.62 0.0523736307559
122835.85 0.0571079702593
123452.15 0.0588890931307
124068.36 0.0610925144893
124684.67 0.0652695349007
125300.89 0.0702624244983
125917.19 0.075531100863
126533.41 0.0809663983997
127149.62 0.091294038275
127765.93 0.117508145052
128382.14 0.105566003477
128998.45 0.066280753047
129614.66 0.0484752698906
130230.87 0.0450940092137
130847.18 0.0443901784016
131463.4 0.0431635018434
132079.71 0.0424395615796
132695.91 0.0420402453229
133312.22 0.04202300865
133928.44 0.0412329944731
134544.66 0.0408308054376
135160.97 0.0407503676305
135777.17 0.0406297109199
136393.48 0.0393599426793
137009.7 0.0373461247231
137626.01 0.0360275192425
138242.21 0.0356598035529
138858.43 0.0355621290729
139474.74 0.0356109663129
140090.95 0.0362085043085
140707.25 0.0356138390917
141323.47 0.0358321702824
141939.78 0.0358120608306
142555.99 0.0353495434398
143172.2 0.0334190360695
143788.52 0.0311897597014
144318.78 0.0304141094187
145228.75 0.0289260099874
146138.83 0.0297188969431
147048.81 0.0276594018036
147958.78 0.0274858859626
148868.76 0.0263637785536
149778.83 0.0239000834334
150688.82 0.0233450625644
151598.78 0.0243252546994
152508.86 0.0242623408432
153418.84 0.021282694646
154328.81 0.0219655541727
155238.79 0.0285956404226
156148.86 0.0280035607068
157058.85 0.0240595226581
157968.81 0.0220615049855
158878.89 0.0243884558336
159788.87 0.0234255003715
160698.84 0.022942586251
161608.91 0.0233499462884
162518.89 0.0247179635648
163428.86 0.0293569268112
164338.84 0.0332323054459
165248.93 0.0372771780313
166158.88 0.0297332608372
167068.87 0.0300349026138
167978.85 0.0300406481715
168888.92 0.0302905799293
169798.91 0.0371450302054
170708.89 0.040201666875
171618.96 0.0323245073373
172528.93 0.0311840141438
173438.91 0.0338183523262
174348.99 0.0284247100825
175258.95 0.0249124506912
176168.94 0.0239420260042
177078.9 0.0230072237746
177988.98 0.0223743505995
178898.96 0.021324349939
179808.93 0.0203645545336
180719.0 0.0192866879185
181628.99 0.0191137466333
182538.95 0.0191680421531
183449.03 0.0186015301688
184359.01 0.0181594095077
185268.99 0.0191016809622
186178.96 0.0214004785779
187089.03 0.0266912753396
187999.02 0.022192216422
188908.98 0.0202852658381
189819.07 0.0226848979905
190729.06 0.0206047188434
191639.01 0.0203725983143
192548.99 0.0199916678422
193459.08 0.0205133644767
194369.05 0.0204306284466
195279.03 0.0210545960074
196189.1 0.0208543633233
197099.07 0.0215501503546
198009.05 0.0219118332087
198919.03 0.0226622030377
199829.11 0.0225214368753
200739.08 0.0229293714685
201649.06 0.0231884961185
202559.13 0.023654173566
204000.17 0.0237897687265
205741.9 0.0273293195166
207484.64 0.0265947499711
209228.39 0.0255622732614
210973.0 0.0284005787404
212718.52 0.0279429450736
214465.03 0.0271945861897
216212.45 0.028966228891
217960.83 0.0350766294515
219710.22 0.0297878436349
221460.5 0.0289375011027
223211.78 0.0308823723672
224963.95 0.0320774483583
226717.1 0.0308277895695
228471.25 0.0302733432563
230226.3 0.0319740283206
231982.35 0.0329909920246
233739.38 0.0337465328556
235497.3 0.032919172554
237256.33 0.0339102812486
239016.14 0.0361453031743
240777.02 0.037561583135
242538.93 0.0372340863489
244301.72 0.0375788198079
246065.48 0.039512199957
247830.26 0.0422097392736
249595.92 0.0426722566644
251362.68 0.0431175373822
253130.34 0.043186484074
254899.08 0.0449388791572
256668.7 0.0482684298152
258439.35 0.0478346402126
260210.96 0.0486505093989
261983.57 0.0465964725391
263757.17 0.0470044071323
265531.79 0.0481937375657
267307.37 0.0489406600602
269083.95 0.0498312214959
270861.51 0.0498369670536
272640.08 0.0496646003241
274419.75 0.0495295797193
276200.3 0.0511067352941
277981.84 0.0532009910575
279764.46 0.0583605018269
281548.11 0.0553268473879
283332.62 0.0548643299971
285118.22 0.0541461352908
286904.85 0.0549418950253
288692.56 0.0563007194095
290481.23 0.0586563980459
292270.83 0.0552722645902
294061.58 0.0586276702576
295853.26 0.0578721294267
297645.99 0.0595527050392
299439.75 0.0589379303707
301234.5 0.0623220638264
303030.34 0.0615061946401
304827.16 0.062164060991
306624.98 0.0623306821628
308423.89 0.0633074269633
310223.91 0.0620376587227
312024.9 0.0614228840542
313826.9 0.0637900538059
315629.87 0.0657636528585
317434.05 0.0645197396274
319239.13 0.065281026016
321045.35 0.0688202895282
322852.51 0.0640543494578
324660.84 0.0678435447277
326470.2 0.0663353358447
328280.49 0.0674384829134
330091.92 0.0679326008713
331904.45 0.0668150899084
333718.02 0.0813685874351
335532.65 0.0685243933092
337348.3 0.0737212502034
339164.98 0.0708398530421
340982.77 0.0666542142942
342801.75 0.068757088394
344621.59 0.0733621528503
346442.64 0.0839339789257
