100.09 1.50309398125e-11
101.95 2.32262604845e-11
104.09 3.25072894064e-11
106.02 4.63419761291e-11
107.99 6.69862249943e-11
110.0 1.11168628714e-10
114.13 2.02758976662e-10
117.87 3.44335332429e-10
120.89 1.45875760436e-09
125.14 2.28551456646e-09
126.88 2.76681890365e-09
128.05 3.09016256057e-09
131.04 4.03646587105e-09
131.95 4.97728141983e-09
134.09 5.84782203463e-09
136.9 8.511163072e-09
140.09 1.07643037925e-08
143.02 3.06888267888e-08
147.03 8.41364673102e-08
151.15 1.08389215595e-07
155.02 1.39953715437e-07
159.0 1.80709229118e-07
161.96 2.15763787479e-07
166.11 2.74778939905e-07
169.98 3.4039519849e-07
173.14 3.99935438906e-07
177.17 4.88647672985e-07
180.05 5.63620762668e-07
182.14 6.20827717354e-07
185.95 7.44716898725e-07
191.16 9.26800042282e-07
193.82 1.05921696845e-06
197.88 1.24445853601e-06
202.02 1.46211342986e-06
204.83 1.64431501431e-06
210.09 1.89225129826e-06
215.97 2.43771112293e-06
219.99 2.80531219614e-06
223.05 3.06888267888e-06
227.19 3.51544435207e-06
229.82 5.70135012166e-06
234.1 9.72715631171e-06
240.1 1.37399340028e-05
246.26 1.45875760436e-05
252.0 1.73772540409e-05
257.27 1.59216153803e-05
260.25 1.94977409534e-05
263.87 2.19269638118e-05
268.78 2.38224130144e-05
273.78 2.5643639253e-05
278.87 2.75410624705e-05
284.05 2.9783938313e-05
290.0 3.09016256057e-05
296.07 3.3961348855e-05
300.88 3.53167075537e-05
307.89 3.91727484538e-05
317.98 4.49759577494e-05
327.64 5.00017999383e-05
338.37 5.48262925971e-05
347.85 5.9425747546e-05
356.78 6.45621345748e-05
365.93 7.06302566834e-05
375.31 7.51586470923e-05
384.94 7.76222178118e-05
394.82 8.62960397197e-05
404.94 9.33235331181e-05
414.38 9.81717139569e-05
422.08 0.000101385410376
429.93 0.000105436089155
440.96 0.000113237396433
451.23 0.000118843599032
459.62 0.000122740304641
470.32 0.00012971252562
480.17 0.000138670605687
490.23 0.000144205743746
500.49 0.000156669674453
506.29 0.000229605580656
512.15 0.00080721421361
520.47 0.000876975903694
530.15 0.000968254357272
540.0 0.000961582186574
550.04 0.00150652876735
560.27 0.00190101592485
569.37 0.00225933912757
579.96 0.00221298925538
589.38 0.00291731780721
600.34 0.00314038150216
610.09 0.00394439781147
620.01 0.00465551697491
630.08 0.00524772147477
640.32 0.00543209447572
650.72 0.00647121597148
658.26 0.00711198124033
664.35 0.0076733911062
675.14 0.00792488061714
684.53 0.00803503065411
695.66 0.0108389215595
705.34 0.0104950481465
716.8 0.0130912726739
726.77 0.0139310186547
735.18 0.0147565517275
745.41 0.017178273329
755.78 0.0187491944656
764.53 0.0203228792232
775.17 0.0225933912757
784.14 0.0248875915082
795.05 0.0263621807128
804.26 0.0279887690724
815.45 0.0293753172081
824.89 0.0328839314683
834.44 0.0271632359996
844.1 0.0355618802166
855.85 0.0371521467003
865.76 0.0406410208105
875.78 0.0442574162896
885.92 0.0489753121385
894.12 0.0523587738477
904.47 0.0529628224376
914.95 0.0835561069004
925.54 0.623709779253
934.11 1.37083497628
944.92 2.51177616571
955.86 3.33411133422
964.71 3.70664744493
975.88 0.606693769957
984.91 2.91731780721
994.02 3.13315660726
1005.53 4.57063432993
1014.84 4.57063432993
1024.23 2.32799536925
1036.09 3.48322842728
1045.67 6.08115060757
1055.35 5.82097543063
1065.11 4.65551697491
1074.97 5.5205303477
1084.91 4.53905008993
1094.95 5.91533334761
1105.09 5.5331640437
1115.31 5.37011040474
1125.63 4.63419761291
1136.05 6.01166527959
1143.92 5.5461925427
1154.5 5.82097543063
1165.19 5.91533334761
1175.97 3.74956253102
1184.12 5.84782203463
1195.08 4.74237363489
1206.13 3.3961348855
1214.49 2.61205612769
1225.73 4.72026466689
1234.23 6.22288488454
1245.65 6.51582871047
1254.28 6.26591841153
1265.89 5.91533334761
1274.66 6.87036180439
1286.46 7.03025701935
1295.38 5.61015062868
1304.36 5.82097543063
1316.42 7.03025701935
1325.55 6.65243054844
1334.74 6.12339452856
1343.99 6.90194604438
1356.42 6.77600388741
1365.83 6.16563844955
1375.29 6.28052612252
1384.83 6.29473903052
1394.43 4.98873070683
1404.09 5.30852113675
1413.83 5.87466863862
1423.63 5.91533334761
1433.49 6.06693769957
1443.43 6.30934674152
1446.76 6.30934674152
1453.44 6.15142554155
1463.51 5.68832162266
1473.65 5.80755212864
1483.87 5.84782203463
1494.16 5.87466863862
1504.51 5.46999556371
1511.46 4.85252367186
1518.43 5.14033505879
1525.44 5.18771141878
1536.02 4.45653626295
1546.66 4.59195369192
1553.8 4.46680114095
1564.57 4.75303331588
1575.42 5.1048027888
1586.34 5.27219926076
1593.66 5.33299892275
1604.71 5.35787151174
1615.83 5.35787151174
1623.29 5.17586732878
1634.54 5.5461925427
1645.87 5.61015062868
1653.47 5.38234929774
1664.93 5.72780192265
1672.61 5.33299892275
1676.47 5.86124533662
1684.21 5.92915145261
1695.88 5.61015062868
1703.71 5.45736186772
1715.52 5.16402323879
1723.44 5.15217914879
1735.38 5.46999556371
1743.39 5.34523781574
1755.48 5.58448843369
1763.58 5.32076002975
1775.81 5.23587738477
1784.0 5.38234929774
1796.37 5.64923612567
1804.66 5.70135012166
1812.99 5.15217914879
1825.56 5.37011040474
1833.99 5.18771141878
1846.7 4.75303331588
1855.22 4.77514228388
1863.78 4.90898050085
1876.7 5.29628224376
1885.37 4.78619676788
1894.07 4.51852033394
1902.81 4.93148427184
1916.0 4.65551697491
1924.84 4.51852033394
1933.73 4.78619676788
1947.13 4.95438284584
1956.12 4.53905008993
1965.15 5.00017999383
1974.22 5.19955550878
1983.33 4.87502744285
1997.08 4.77514228388
2006.3 4.97728141983
2015.56 4.86397295886
2024.86 5.0929586988
2034.21 4.72026466689
2043.6 4.88647672985
2053.03 4.6989453049
2067.26 4.75303331588
2072.03 5.0929586988
2076.81 4.6665714589
2086.39 4.90898050085
2096.02 4.64485729391
2105.7 4.77514228388
2115.42 4.81936021987
2125.18 4.89753121385
2134.99 4.70960498589
2144.84 4.63419761291
2154.74 4.84146918786
2164.69 4.78619676788
2174.68 4.74237363489
2184.72 4.62353793191
2194.8 4.79725125187
2204.93 4.72026466689
2215.11 4.59195369192
2225.34 4.46680114095
2235.61 4.60221856992
2245.93 4.53826048393
2256.29 4.39218337397
2266.71 4.48259326095
2277.17 4.52207356094
2282.42 4.57339795093
2292.96 4.31598639499
2303.54 4.39455219197
2314.17 4.243342643
2324.85 3.51998458657
2335.59 4.03054382605
2346.37 4.01040887306
2357.2 4.13990425703
2362.63 3.98948431406
2373.54 4.00606604006
2384.49 3.87732078179
2395.5 3.99343234406
2406.55 3.87396495629
2417.66 3.90811541578
2423.24 4.00764525206
2434.42 3.86974056419
2445.66 3.98553628406
2456.95 3.96540133107
2462.61 3.91928834068
2473.98 3.8371693167
2485.4 3.87988700129
2496.87 3.53688215497
2502.63 3.89516587738
2514.18 3.65030905684
2519.97 3.78643713121
2525.78 3.67391827624
2537.44 3.67226010364
2543.29 3.59610260495
2555.03 3.72078139233
2566.82 3.67648449574
2572.74 3.77858055151
2584.61 3.75082590062
2596.54 3.72326865123
2602.53 3.64604518444
2614.54 3.61090771745
2626.61 3.65938952584
2632.67 3.68386731183
2644.82 3.80274249511
2657.03 3.8096910279
2663.15 3.61228952795
2675.44 3.70317317853
2687.79 3.68434107543
2693.99 3.56661082086
2706.42 3.58129749246
2712.66 3.50699556788
2725.18 3.51335189617
2737.76 3.58512708156
2744.07 3.34500789701
2756.74 3.36648518021
2763.09 3.40462315
2775.85 3.49017696008
2782.25 3.4098740299
2795.09 3.07267278768
2807.99 3.19371938745
2814.46 3.43703647629
2827.46 3.45906648369
2833.97 3.32542566822
2847.05 3.31606883712
2853.62 3.27725970223
2866.79 3.38283002441
2873.4 3.35096942231
2886.66 3.34149415031
2893.32 3.30998887092
2906.67 3.385277803
2926.82 3.32080647312
2947.11 3.25755903253
2967.53 3.26241510943
2988.1 3.23730563864
3008.82 3.21235408905
3029.67 3.20966942865
3050.67 3.17757194475
3071.82 3.15301519816
3093.11 3.12147043847
3107.39 3.09817706147
3128.93 3.05305107858
3150.62 3.04337840508
3172.46 3.01282065289
3187.1 2.92225284471
3209.19 2.95344228171
3231.44 2.88364111132
3246.35 2.91526483161
3268.86 2.91933130251
3291.51 2.88991847902
3306.71 2.86828327463
3321.97 2.9672209064
3329.63 2.9800125236
3337.3 2.91798897231
3345.0 2.85722879063
3352.71 2.91617287851
3360.44 2.83579098773
3368.18 2.84143667063
3375.95 2.73148403516
3383.73 2.77499132575
3391.53 2.86500640973
3399.35 2.93757120111
3407.18 2.77238562595
3415.04 2.80357506294
3422.91 2.90117036452
3430.8 2.87365259542
3438.71 2.88597044902
3446.64 2.75521169545
3454.58 2.79263901984
3462.55 2.69693877267
3470.53 2.75252703505
3478.53 2.68280482527
3486.55 2.68193625867
3494.59 2.73089183066
3502.64 2.74261747976
3510.72 2.66697322497
3518.81 2.67842251197
3526.92 2.68367339187
3535.05 2.73898529216
3543.2 2.76977992615
3551.37 2.78801982474
3559.55 2.74253851916
3567.76 2.73531362426
3575.99 2.58738094019
3584.23 2.5451764995
3592.49 2.5326217641
3600.77 2.65106266408
3609.07 2.61379326089
3617.39 2.64316660408
3625.73 2.73511622276
3634.09 2.72789132786
3642.47 2.73953801636
3650.86 2.65173382918
3650.96 1.94089102784
3653.64 2.9836841915
3656.32 3.04669475028
3658.99 2.60988471119
3661.67 2.46980860682
3664.35 2.75244807445
3667.03 2.28223770156
3669.7 2.36222478934
3672.38 2.76334463725
3675.06 1.95237979514
3677.74 3.15163338766
3680.41 3.32645215602
3683.09 2.24532362107
3685.77 3.27978644143
3688.45 2.84771403833
3691.12 2.49314146411
3693.8 2.57616853499
3696.48 2.69555696217
3699.16 2.5709966157
3701.83 2.42286653013
3704.51 2.65220759278
3707.19 2.64450893428
3709.87 2.15416360839
3712.54 2.57778722729
3715.22 2.66784179157
3717.9 3.37935575801
3720.58 4.81896541687
3723.25 8.26085797006
3725.93 13.0087588469
3728.61 14.6045525726
3731.29 12.621851907
3733.96 6.8000868704
3736.64 4.11700568303
3739.32 3.67861643194
3742.0 2.87835075112
3744.67 2.9697871259
3747.35 2.69547800157
3750.03 2.9896851971
3752.71 3.18298074585
3755.38 2.5539806064
3758.06 3.26940312253
3760.74 2.89631428762
3763.42 3.10342794137
3766.09 3.04274672029
3768.77 3.27800982793
3771.45 2.81032619424
3774.13 2.58461731919
3776.8 3.25108426334
3779.48 3.23888485064
3782.16 3.64300520134
3784.84 3.23256800264
3787.51 3.20319465945
3790.19 3.43450973709
3792.87 3.34224427601
3795.55 3.31239716922
3798.22 3.20327362005
3800.9 3.12127303697
3803.58 3.44576162259
3806.26 3.28294486543
3808.93 3.69934358943
3811.61 3.4198230655
3814.29 3.34149415031
3816.97 3.56586069516
3819.64 3.29088040573
3822.32 3.21760496894
3825.0 3.25511125394
3827.68 2.90322334012
3830.35 2.93840028741
3833.03 3.05159030748
3835.71 3.19478535555
3838.39 2.26004977297
3841.06 3.08120053248
3843.74 2.86907288063
3846.42 3.36715634531
3849.1 3.51836589427
3851.77 3.4230209698
3854.45 3.63226655975
3857.13 3.86527929029
3859.81 3.77554056841
3862.48 3.85134274439
3865.16 3.95158322607
3867.84 3.93515942128
3870.52 3.8386695681
3873.19 3.8158499547
3875.87 3.44939381019
3878.55 3.20279985645
3881.23 3.18203321865
3883.9 3.05830195848
3886.58 3.51220696747
3889.26 3.61292121275
3891.94 3.4032018592
3894.61 3.29455207363
3897.29 3.56522901036
3899.97 3.53956681537
3902.65 3.45243379329
3905.32 3.99145832906
3908.0 3.89725833328
3910.68 3.31089691782
3913.36 4.11976930403
3916.03 3.8150208684
3918.71 3.90318037828
3921.39 3.98119345106
3924.07 3.53573722627
3926.74 3.43652323239
3929.42 3.80534819491
3932.1 3.52732792237
3934.78 3.33600638862
3937.45 3.14523757906
3940.13 3.4095581875
3942.81 3.76235414822
3945.49 3.70147552563
3948.16 3.4207705927
3950.84 3.49605952478
3953.52 3.8164026789
3956.2 3.98316746606
3958.87 3.47387159618
3961.55 3.36541921211
3964.23 3.14401368976
3966.91 3.27800982793
3969.58 3.20544503655
3972.26 3.21061695585
3974.94 3.54955533127
3977.62 3.15858192046
3980.29 3.34686347111
3982.97 3.37311787061
3985.65 3.56676874206
3988.33 3.66511416934
3991.0 3.74782539782
3993.68 3.79701785161
3996.36 3.90444374788
3999.04 3.70313369823
4001.71 3.4169804839
4004.39 3.67466840194
4007.07 3.42973262079
4009.75 3.75169446722
4012.42 3.91609043638
4015.1 3.8500398945
4017.78 3.75757703192
4020.46 3.831286752
4023.13 3.64726907374
4025.81 3.58832498586
4028.49 3.48330738788
4031.17 3.88118985119
4033.84 3.60388022405
4036.52 3.8173502061
4039.2 3.68228809983
4041.88 3.47102901458
4044.55 3.70021215603
4047.23 3.61201316585
4049.91 3.4154802325
4052.59 3.77794886671
4055.26 3.87187250039
4057.94 3.91233980788
4060.62 3.72650603582
4063.3 3.75390536402
4065.97 4.257950354
4068.65 4.07713058004
4071.33 4.265451611
4074.01 3.89674508938
4076.68 4.11187324403
4079.36 3.60901266305
4082.04 3.57873127296
4084.72 3.80692740691
4087.39 3.67557644884
4090.07 3.28531368343
4092.75 3.48508400138
4095.43 3.72622967372
4098.1 3.52535390737
4100.78 3.77427719881
4103.46 3.88190049659
4106.14 3.58556136486
4108.81 3.3873702589
4111.49 3.52290612877
4114.17 3.50103404258
4116.85 3.45590805969
4119.52 3.60372230285
4122.2 3.56064929556
4124.88 3.76484140712
4127.56 3.86026529219
4130.23 3.65354644144
4132.91 3.62800268735
4135.59 3.74063998322
4138.27 3.86997744599
4140.94 3.43660219299
4143.62 3.92418389788
4146.3 3.58998315846
4148.98 3.8209034331
4151.65 3.90866813998
4154.33 3.75955104692
4157.01 3.75982740902
4159.69 3.54793663897
4162.36 3.61039447355
4165.04 3.52961777977
4167.72 3.68607820863
4170.4 3.57245390526
4173.07 3.59941895015
4175.75 3.71280637173
4178.43 3.68110369084
4181.11 3.59622104585
4183.78 3.59973479255
4186.46 3.88651969169
4189.14 3.69172389153
4191.82 3.55520101416
4194.49 3.67735306234
4197.17 3.60162984695
4199.85 3.410545195
4202.53 3.53680319437
4205.2 3.57691517916
4207.88 3.66760142824
4210.56 3.62334401195
4213.24 3.50154728648
4215.91 3.63810964415
4218.59 3.44501149689
4221.27 3.72236060433
4223.95 3.20974838925
4226.62 3.65765239264
4229.3 3.57182222046
4231.98 3.34974553301
4234.66 3.53782968217
4237.33 3.51291761287
4240.01 3.66167938324
4242.69 3.55168726747
4245.37 3.78545012371
4248.04 3.4203757897
4250.72 3.60384074375
4253.4 3.51777368977
4256.08 3.54647586787
4258.75 3.38085600941
4261.43 3.35586497951
4264.11 3.53676371407
4266.79 3.4045047091
4269.46 3.49578316268
4272.14 3.50612700128
4274.82 3.61146044165
4277.5 3.62354141345
4280.17 3.67601073214
4282.85 3.63739899875
4285.53 3.52945985857
4288.21 3.4202573488
4290.88 3.49937586998
4293.56 3.50115248348
4296.24 3.17429507985
4298.92 3.23288384504
4301.59 3.09347890577
4304.27 3.16237202926
4306.95 3.33351912972
4309.63 3.56301811356
4312.3 3.45831635799
4314.98 3.50356078178
4317.66 3.59610260495
4320.34 3.44548526049
4323.01 3.43980009729
4325.69 3.25680890683
4328.37 3.31271301162
4331.05 3.25313723894
4333.72 3.54055382287
4336.4 4.00646084306
4339.08 4.74948008888
4341.76 4.89160916885
4344.43 4.34875504398
4347.11 3.72109723473
4349.79 3.50766673298
4352.47 3.28337914873
4355.14 3.3934502251
4357.82 3.35124578441
4360.5 3.30146112612
4363.18 3.64786127824
4365.85 3.61153940225
4368.53 3.57786270636
4371.21 3.31875349752
4373.89 3.37900043531
4376.56 3.28101033073
4379.24 3.45669766569
4381.92 3.18001972335
4384.6 3.37556564921
4387.27 3.35314083881
4389.95 3.25771695373
4392.63 3.57217754316
4395.31 3.31050211482
4397.98 3.32041167012
4400.66 3.34113882761
4403.34 3.44165567139
4406.02 3.25021569674
4408.69 3.33640119162
4411.37 3.03327144829
4414.05 3.3895811557
4416.73 3.73380989132
4419.4 3.50656128458
4422.08 3.35673354611
4424.76 3.67016764774
4427.44 3.53178919627
4430.11 3.3833432683
4432.79 3.44497201659
4435.47 3.51149632207
4438.15 3.57924451686
4440.82 3.4249949848
4443.5 3.64876932514
4446.18 3.62144895755
4448.86 3.63791224265
4451.53 3.52977570097
4454.21 3.54837092227
4456.89 3.50415298628
4459.57 3.36032625341
4462.24 3.51753680797
4464.92 3.4028465365
4467.6 3.44745927549
4470.28 3.34788995891
4472.95 3.58642993146
4475.63 3.56562381336
4478.31 3.48911099198
4480.99 3.65394124444
4483.66 3.4157171143
4486.34 3.34433673191
4489.02 3.37900043531
4491.69 3.65611266094
4494.37 3.68836806603
4497.05 3.87692597879
4499.73 3.57900763506
4502.4 3.72382137542
4505.08 3.73712623652
4507.76 3.86085749669
4510.44 3.72820368872
4513.11 3.59926102895
4515.79 3.42815340879
4518.47 3.46960772378
4521.15 3.47347679318
4523.82 3.31788493092
4526.5 3.27425919943
4529.18 3.34757411651
4531.86 3.47663521718
4534.53 3.60526203455
4537.21 3.71813621223
4539.89 3.4035571819
4542.57 3.3866990938
4545.24 3.61675080185
4547.92 3.414098422
4550.6 3.4127166115
4553.28 3.44745927549
4555.95 3.47154225848
4558.63 3.60494619215
4561.31 3.63487225955
4563.99 3.62812112825
4566.66 3.55520101416
4569.34 3.37177554041
4572.02 3.4027675759
4574.7 3.59847142295
4577.37 3.67447100044
4580.05 3.51982666537
4582.73 3.48930839348
4585.41 3.27595685233
4588.08 3.34737671501
4590.76 3.42993002229
4593.44 3.49969171238
4596.12 3.36407688191
4598.79 3.66507468904
4601.47 3.64715063284
4604.15 3.4047021106
4606.83 3.69527711853
4609.5 3.63945197434
4612.18 3.46783111029
4614.86 3.78379195111
4617.54 3.60999967055
4620.21 3.79701785161
4622.89 3.78292338451
4625.57 3.71529363063
4628.25 3.8113097202
4630.92 3.66598273594
4633.6 3.54548886037
4636.28 3.43407545379
4638.96 3.4190334595
4641.63 3.62460738155
4644.31 3.59862934415
4646.99 3.71414870193
4649.67 3.65133554464
4652.34 3.47252926598
4655.02 3.69286882023
4657.7 3.49633588688
4660.38 3.4183228141
4663.05 3.44741979519
4665.73 3.45172314789
4668.41 3.70893730233
4671.09 3.54679171027
4673.76 3.46427788329
4676.44 3.4017805684
4679.12 3.53984317747
4681.8 3.65465188984
4684.47 3.71177988393
4687.15 3.45310495839
4689.83 3.50367922268
4692.51 3.57881023356
4695.18 3.49357226588
4697.86 3.59783973815
4700.54 3.25748007193
4703.22 3.59803713965
4705.89 3.25045257854
4708.57 3.27185090113
4711.25 3.27267998743
4713.93 3.32388593652
4716.6 3.33533522352
4719.28 3.4136246584
4721.96 3.34694243171
4724.64 3.21843405524
4727.31 3.16177982476
4729.99 3.27848359153
4732.67 3.21357797834
4735.35 3.36301091381
4738.02 3.50581115888
4740.7 3.29411779033
4743.38 3.48630789068
4746.06 3.25996733083
4748.73 3.61501366865
4751.41 3.35614134161
4754.09 3.23027814524
4756.77 3.4200994276
4759.44 3.4088080618
4762.12 3.17958544005
4764.8 3.29478895543
4767.48 3.24875492564
4770.15 3.22411921844
4772.83 3.13817060536
4775.51 3.4161908779
4778.19 3.42740328309
4780.86 3.44674863009
4783.54 3.12648443657
4786.22 3.36541921211
4788.9 3.33474301902
4791.57 3.26545509253
4794.25 3.49471719458
4796.93 3.47292406898
4799.61 3.34769255741
4802.28 3.29747361583
4804.96 3.21326213594
4807.64 3.28697185603
4810.32 3.48007000328
4812.99 3.15573933886
4815.67 3.23947705514
4818.35 3.56467628616
4821.03 3.34232323661
4823.7 3.32147763822
4826.38 3.48946631468
4829.06 3.05897312358
4831.74 3.36012885191
4834.41 3.15676582666
4837.09 3.00066072049
4839.77 3.24480689564
4842.45 3.23312072684
4845.12 3.05743339188
4847.8 3.4049389924
4850.48 3.06307907478
4853.16 3.61836949415
4855.83 4.44429736996
4858.51 6.3808060845
4861.19 8.00463082312
4863.87 7.98449587012
4866.54 5.88651272862
4869.22 4.21965446301
4871.9 3.26782391053
4874.58 3.16083229756
4877.25 3.15037001806
4879.93 2.9768540996
4882.61 3.13236700126
4885.29 3.14203967476
4887.96 2.9966732102
4890.64 3.26660002123
4893.32 3.15269935576
4896.0 3.11550891317
4898.67 3.3955821613
4901.35 3.35776003391
4904.03 3.29198585413
4906.71 3.02419097929
4909.38 2.9717611409
4912.06 3.26032265353
4914.74 3.25842759913
4917.42 3.20453698965
4920.09 3.13426205566
4922.77 2.94325636431
4925.45 3.19020564075
4928.13 3.11973330527
4930.8 3.17386079655
4933.48 3.27883891423
4936.16 3.26478392743
4938.84 3.25309775864
4941.51 3.10694168807
4944.19 3.20702424855
4946.87 3.35357512211
4949.55 3.55978072896
4952.22 3.46368567879
4954.9 4.13161339403
4957.58 4.73092434789
4960.26 4.95833087583
4962.93 4.37994448097
4965.61 3.80396638441
4968.29 3.19581184335
4970.97 3.24745207574
4973.64 3.06122350068
4976.32 3.17255794665
4979.0 3.24168795194
4981.68 3.22830413024
4984.35 3.31662156132
4987.03 3.22885685444
4989.71 3.09778225847
4992.39 3.4016621275
4995.06 3.18673137435
4997.74 3.50683764668
5000.42 4.23386737101
5003.1 6.03772227758
5005.77 7.94541037313
5008.45 8.35403147804
5011.13 6.46529392648
5013.81 4.78264354088
5016.48 3.8343267351
5019.16 3.28136565343
5021.84 3.20232609285
5024.52 3.27627269473
5027.19 3.07729198278
5029.87 3.30706732872
5032.55 3.05759131308
5035.23 3.31160756322
5037.9 3.44836732239
5040.58 3.12991922266
5043.26 3.16572785476
5045.94 3.13619659036
5048.61 3.19482483585
5051.29 3.13595970856
5053.97 3.49274317958
5056.65 3.32210932302
5059.32 3.17855895225
5062.0 3.07077773328
5064.68 3.47541132788
5067.36 3.13501218136
5070.03 3.11479826777
5072.71 3.09628200707
5075.39 3.10674428657
5078.07 3.14622458656
5080.74 2.95052073951
5083.42 3.06209206728
5086.1 3.32582047122
5088.78 2.9718401015
5091.45 3.20860346055
5094.13 3.06414504288
5096.81 3.14275032016
5099.49 3.22980438164
5102.16 3.29091988603
5104.84 3.12569483057
5107.52 2.95296851811
5110.2 3.15033053776
5112.87 2.9918171333
5115.55 3.12565535027
5118.23 2.9710504955
5120.91 3.08716205777
5123.58 3.13363037086
5126.26 2.95442928921
5128.94 2.90018335702
5131.62 3.11436398447
5134.29 3.24441209264
5136.97 3.14693523196
5139.65 3.10473079127
5142.33 3.02541486859
5145.0 2.9966337299
5147.68 3.04539190038
5150.36 3.09012308027
5153.04 3.08566180637
5155.71 3.10516507457
5158.39 3.06864579708
5161.07 3.36119482001
5163.75 3.13035350596
5166.42 3.08972827727
5169.1 3.00828041839
5171.78 2.70025511787
5174.46 2.88095645092
5177.13 3.03445585729
5179.81 2.75493533335
5182.49 2.81778797094
5185.17 2.94471713541
5187.84 3.08210857938
5190.52 3.02000606749
5193.2 3.02486214439
5195.88 3.30533019552
5198.55 3.15838451896
5201.23 3.27382491613
5203.91 3.36956464361
5206.59 2.90985603052
5209.26 2.94629634741
5211.94 3.30912030432
5214.62 2.93737379961
5217.3 3.06769826988
5219.97 3.12431302007
5222.65 3.16975484536
5225.33 3.14934353026
5228.01 3.11238996947
5230.68 2.82959258064
5233.36 3.10492819277
5236.04 3.09004411967
5238.72 2.9581404374
5241.39 2.9901194804
5244.07 3.20730061065
5246.75 2.9717611409
5249.43 2.87400791812
5252.1 3.00784613509
5254.78 2.75888336335
5257.46 2.94625686711
5260.14 2.86263759173
5262.81 2.9902379213
5265.49 2.75450105005
5268.17 3.01072819699
5270.85 2.9738141165
5273.52 3.01775569039
5276.2 2.80164052824
5278.88 3.03615351019
5281.56 2.83255360313
5284.23 3.06114454008
5286.91 2.95979861
5289.59 3.08420103528
5292.27 3.01151780299
5294.94 3.21685484324
5297.62 3.17070237255
5300.3 3.04085166589
5302.98 3.10741545167
5305.65 3.11495618897
5308.33 3.05131394538
5311.01 2.75477741215
5313.69 3.21547303274
5316.36 3.16328007616
5319.04 2.94933633051
5321.72 3.02817848959
5324.4 3.09032048177
5327.07 2.9829735461
5329.75 2.91597547701
5332.43 3.00125292499
5335.11 2.83054010783
5337.78 3.17358443445
5340.46 2.92687203981
5343.14 2.82576299154
5345.82 2.84431873253
5348.49 3.06469776708
5351.17 2.84147615093
5353.85 3.05617002228
5356.53 3.19561444185
5359.2 3.26482340773
5361.88 3.24701779244
5364.56 3.10646792447
5367.24 2.92797748821
5369.91 2.973616715
5372.59 2.87811386932
5375.27 3.17547948885
5377.95 3.06659282148
5380.62 3.09509759807
5383.3 3.13051142716
5385.98 3.18365191095
5388.66 3.03224496049
5391.33 2.83298788643
5394.01 2.86686198383
5396.69 2.90681604742
5399.37 3.02040087049
5402.04 2.82288092964
5404.72 3.03871972969
5407.4 3.15206767096
5410.08 3.10255937477
5412.75 3.19391678895
5415.43 2.9959230845
5418.11 3.21914470064
5420.79 2.82923725794
5423.46 3.11077127717
5426.14 2.9793018782
5428.82 3.12530002757
5431.5 3.14934353026
5434.17 2.90361814312
5436.85 2.88450967792
5439.53 2.9713663379
5442.21 2.94266415981
5444.88 3.17701922055
5447.56 2.9990815085
5450.24 2.91952870401
5452.92 3.02873121379
5455.59 3.06157882338
5458.27 2.90361814312
5460.95 2.89911738892
5463.63 3.15684478726
5466.3 2.78553256585
5468.98 2.9677736306
5471.66 2.87791646782
5474.34 2.9762618951
5477.01 3.06193414608
5479.69 3.02794160779
5482.37 2.82592091274
5485.05 3.08949139547
5487.72 3.04085166589
5490.4 2.82118327674
5493.08 2.88924731392
5495.76 2.83381697273
5498.43 2.83867304963
5501.11 3.02888913499
5503.79 3.01404454219
5506.47 2.9773278632
5509.14 2.9982129419
5511.82 2.84270004023
5514.5 2.90085452212
5517.17 2.90575007932
5519.85 2.92288452951
5522.53 2.9627991128
5525.21 3.24772843784
5527.88 3.01641336019
5530.56 2.95438980891
5533.24 3.35298291761
5535.92 3.18590228805
5538.59 2.84345016593
5541.27 2.93121487281
5543.95 3.09308410277
5546.63 3.07448888148
5549.3 3.16766238946
5551.98 3.03868024939
5554.66 3.07772626608
5557.34 3.19186381335
5560.01 3.03761428129
5562.69 3.09565032227
5565.37 2.9717216606
5568.05 2.89588000432
5570.72 3.01270221199
5573.4 2.85146466683
5576.08 2.93464965891
5578.76 2.91313289542
5581.43 2.91356717872
5584.11 2.86852015643
5586.79 2.77893935575
5589.47 2.66626257957
5592.14 2.67802770897
5594.82 2.79062552454
5597.5 2.81277397284
5600.18 2.94396700971
5602.85 2.9740904786
5605.53 2.92335829311
5608.21 2.95486357251
5610.89 2.95553473761
5613.56 2.91096147892
5616.24 2.78553256585
5618.92 2.79540264084
5621.6 2.83737019973
5624.27 2.87270506822
5626.95 2.9808810902
5629.63 2.74415721146
5632.31 2.89726181482
5634.98 3.03927245389
5637.66 2.9963968481
5640.34 3.09959835227
5643.02 2.9991604691
5645.69 2.94744127611
5648.37 2.75493533335
5651.05 2.77921571785
5653.73 3.14768535766
5656.4 3.13374881176
5659.08 2.87736374362
5661.76 2.88656265352
5664.44 3.00993859099
5667.11 2.92580607171
5669.79 2.85734723153
5672.47 2.89564312252
5675.15 3.04183867339
5677.82 3.14969885296
5680.5 3.06106557948
5683.18 3.09561084197
5685.86 3.03658779349
5688.53 2.92189752201
5691.21 2.9765382572
5693.89 2.94503297781
5696.57 2.90267061592
5699.24 2.83804136483
5701.92 2.83594890893
5704.6 3.11499566927
5707.28 2.94988905471
5709.95 2.84198939483
5712.63 2.92019986911
5715.31 2.9774463041
5717.99 3.08708309717
5720.66 2.9696292047
5723.34 2.90701344892
5726.02 2.9918960939
5728.7 3.75307627772
5731.37 3.93488305918
5734.05 4.45337783895
5736.73 3.34946917091
5739.41 2.86603289753
5742.08 2.5584418803
5744.76 2.39937575164
5747.44 2.75398780615
5750.12 2.64525905998
5752.79 3.08728049867
5755.47 2.66630205987
5758.15 3.11720656607
5760.83 3.05948636748
5763.5 3.13619659036
5766.18 2.81585343624
5768.86 3.05040589848
5771.54 2.94163767201
5774.21 3.01313649529
5776.89 2.9685237563
5779.57 3.21784185074
5782.25 2.88790498372
5784.92 3.07543640868
5787.6 2.80677296724
5790.28 2.69828110287
5792.96 2.63775780298
5795.63 3.14823808186
5798.31 3.01890061909
5800.99 2.75284287745
5803.67 2.65043097928
5806.34 2.84198939483
5809.02 2.9952519194
5811.7 2.87756114512
5814.38 3.17176834065
5817.05 3.18333606855
5819.73 2.85035921843
5822.41 2.75414572735
5825.09 3.05155082718
5827.76 3.00480615199
5830.44 2.9774857844
5833.12 2.81924874204
5835.8 3.15115962406
5838.47 2.93871612981
5841.15 2.93378109231
5843.83 2.91688352391
5846.51 2.78987539884
5849.18 2.61039795509
5851.86 2.9779990283
5854.54 2.46025437422
5857.22 2.81549811354
5859.89 2.9824208219
5862.57 2.83492242113
5865.25 2.81822225424
5867.93 3.02083515379
5870.6 2.86662510203
5873.28 3.60107712275
5875.96 3.4036361425
5878.64 3.45811895649
5881.31 3.28223422003
5883.99 2.78118973285
5886.67 2.59121052929
5889.35 2.5377936834
5892.02 2.83286944553
5894.7 2.71253349116
5897.38 2.47841531222
5900.06 2.61821505448
5902.73 2.36498841034
5905.41 2.64739099618
5908.09 2.9603513342
5910.77 3.04424697168
5913.44 2.81510331054
5916.12 2.85521529533
5918.8 2.65473433198
5921.48 2.75536961665
5924.15 2.94147975081
5926.83 2.70278185706
5929.51 2.84842468373
5932.19 2.80669400664
5934.86 2.85185946983
5937.54 2.86401940223
5940.22 2.9941069907
5942.9 2.66574933567
5945.57 2.74455201446
5948.25 2.73784036346
5950.93 2.83377749243
5953.61 2.86409836283
5956.28 2.76069945715
5958.96 2.68173885717
5961.64 2.85359660303
5964.32 2.77566249085
5966.99 2.68801622487
5969.67 2.79524471964
5972.35 2.68458143877
5975.03 2.84246315843
5977.7 2.88604940962
5980.38 2.88000892372
5983.06 2.65204967158
5985.74 2.72362745546
5988.41 2.78059752835
5991.09 2.70988831106
5993.77 2.77455704245
5996.45 2.64735151588
5999.12 2.64340348588
6001.8 2.79232317744
6004.48 2.74052502386
6007.16 2.88233826142
6009.83 2.89370858782
6012.51 2.59207909589
6015.19 2.74688135215
6017.87 2.65524757588
6020.54 2.89248469852
6023.22 2.85047765933
6025.9 2.69334606537
6028.58 2.83768604213
6031.25 2.72832561116
6033.93 2.69216165637
6036.61 2.70053147997
6039.29 2.81052359574
6041.96 2.69160893217
6044.64 2.82982946244
6047.32 2.87977204192
6050.0 2.84775351863
6052.67 2.73235260176
6055.35 2.60656836599
6058.03 2.64371932828
6060.71 2.66989476717
6063.38 2.68114665267
6066.06 2.94096650691
6068.74 2.74944757165
6071.42 2.80764153384
6074.09 2.83038218663
6076.77 2.89540624072
6079.45 2.59030248239
6082.13 2.92225284471
6084.8 2.61237197009
6087.48 2.85126726533
6090.16 2.74206475556
6092.84 2.75584338025
6095.51 2.5595078484
6098.19 2.79524471964
6100.87 2.9959625648
6103.55 2.74901328835
6106.22 2.75533013635
6108.9 2.75742259225
6111.58 2.62058387248
6114.26 2.9758276118
6116.93 2.81897237994
6119.61 2.5713914187
6122.29 2.90653968532
6124.97 2.535109023
6127.64 3.12143095817
6130.32 3.8194031817
6133.0 4.17820014802
6135.68 3.35736523091
6138.35 1.7028642992
6141.03 1.59618852862
6143.71 2.48591656922
6146.39 2.69607020607
6149.06 2.91305393482
6151.74 2.88936575482
6154.42 2.83034270633
6157.1 2.92331881281
6159.77 3.04444437318
6162.45 2.50695956911
6165.13 2.87171806073
6167.81 2.15100518439
6170.48 2.64889124758
6173.16 2.66799971277
6175.84 2.94222987651
6178.52 2.41331229753
6181.19 2.63459937898
6183.87 2.83563306653
6186.55 2.84463457493
6189.23 2.73369493196
6191.9 2.73562946666
6194.58 2.90034127822
6197.26 2.72536458866
6199.94 2.75086886245
6202.61 2.75833063915
6205.29 2.94708595341
6207.97 2.9974628162
6210.65 2.74324916456
6213.32 2.84775351863
6216.0 2.67530356827
6218.68 3.12774780617
6221.36 2.67850147257
6224.03 2.77155653965
6226.71 2.60175176939
6229.39 2.34919629035
6232.07 2.58848638859
6234.74 2.45366116412
6237.42 2.37801690934
6240.1 2.65544497738
6242.78 2.40660064653
6245.45 2.37102889624
6248.13 2.64822008248
6250.81 2.59144741109
6253.49 2.62172880118
6256.16 2.57668177889
6258.84 2.51043383551
6261.52 2.5348721412
6264.2 2.47482260492
6266.87 2.5665748221
6269.55 2.34205035605
6272.23 2.30947910856
6274.91 2.64450893428
6277.58 2.78833566714
6280.26 2.37284499004
6282.94 2.31220324926
6285.62 2.44856820542
6288.29 2.72098227536
6290.97 2.93808444501
6293.65 2.78229518125
6296.33 3.16126658086
6299.0 3.65295423694
6301.68 3.61280277185
6304.36 3.42681107859
6307.04 3.14484277606
6309.71 2.68631857197
6312.39 2.58118253309
6315.07 2.59689569249
6317.75 2.63459937898
6320.42 2.71659996206
6323.1 2.85951864803
6325.78 2.94688855191
6328.46 2.67285578967
6331.13 2.74238059796
6333.81 2.50814397811
6336.49 2.48824590692
6339.17 2.71241505026
6341.84 2.71336257746
6344.52 2.63594170918
6347.2 2.49957675301
6349.88 2.64853592488
6352.55 2.39657265034
6355.23 2.87053365173
6357.91 3.07152785898
6360.59 3.11491670867
6363.26 2.69330658507
6365.94 3.03153431509
6368.62 2.59997515589
6371.3 2.93366265141
6373.97 2.45038429922
6376.65 2.77913675725
6379.33 2.90969810932
6382.01 2.38389947404
6384.68 2.63621807128
6387.36 2.43269712483
6390.04 2.5544148897
6392.72 2.50680164791
6395.39 2.82864505344
6398.07 2.84514781883
6400.75 2.65331304118
6403.43 2.75600130145
6406.1 2.5409126271
6408.78 2.66448596607
6411.46 2.26786687237
6414.14 2.5691805219
6416.81 2.48437683752
6419.49 2.63740248028
6422.17 2.34315580445
6424.85 2.43332880963
6427.52 2.52287013001
6430.2 2.49124640971
6432.88 2.57573425169
6435.56 2.33044314785
6438.23 2.39499343834
6440.91 2.58753886139
6443.59 2.41876057893
6446.27 2.62804564918
6448.94 2.5460450661
6451.62 2.63846844838
6454.3 2.64782527948
6456.98 2.60546291759
6459.65 2.5688646795
6462.33 2.45109494462
6465.01 2.5372409592
6467.69 2.62354489498
6470.36 2.64640398868
6473.04 2.61675428339
6475.72 2.45480609282
6478.4 2.47111145672
6481.07 2.59650088949
6483.75 2.73440557736
6486.43 2.59192117469
6489.11 2.66314363587
6491.78 2.5745103624
6494.46 2.5498746552
6497.14 2.48449527842
6499.82 2.68920063387
6502.49 2.52437038141
6505.17 2.62571631148
6507.85 2.38330726954
6510.53 2.42882805543
6513.2 2.61663584249
6515.88 2.59207909589
6518.56 2.68568688717
6521.24 2.67763290597
6523.91 2.57632645619
6526.59 2.66539401297
6529.27 2.64360088738
6531.95 2.83701487703
6534.62 2.48153425592
6537.3 2.49981363481
6539.98 2.69599124547
6542.65 3.67451048074
6545.33 4.38823534397
6548.01 5.27970051776
6550.69 5.27614729076
6553.36 5.5150031057
6556.04 8.44365175902
6558.72 15.6563077643
6561.4 23.7758262604
6564.07 25.9930399079
6566.75 20.9924651111
6569.43 12.834650724
6572.11 6.26868203253
6574.78 4.63656643091
6577.46 4.6926284569
6580.14 7.37097200827
6582.82 9.73070953871
6585.49 10.6561277705
6588.17 7.91303652714
6590.85 5.60501818968
6593.53 3.4001223958
6596.2 3.09671629037
6598.88 2.90539475662
6601.56 2.48729837972
6604.24 2.71470490766
6606.91 2.61679376369
6609.59 2.81656408164
6612.27 2.34378748925
6614.95 2.41110140073
6617.62 2.48319242852
6620.3 2.62461086308
6622.98 3.02336189299
6625.66 2.74170943286
6628.33 2.50356426331
6631.01 2.80953658824
6633.69 2.72366693576
6636.37 2.67340851387
6639.04 2.69441203347
6641.72 2.9662733792
6644.4 3.14559290176
6647.08 3.03153431509
6649.75 2.93046474711
6658.8 2.50561723891
6674.15 2.47130885822
6689.53 2.46570265562
6704.95 2.46578161622
6720.41 2.44888404782
6735.9 2.47730986382
6751.43 2.43214440063
6766.99 2.47174314152
6782.59 2.48323190882
6798.23 2.43798748503
6813.9 2.45496401402
6829.61 2.47205898392
6845.35 2.43257868393
6861.13 2.40482403303
6876.95 2.37734574424
6892.8 2.35563157925
6908.69 2.38847918884
6924.62 2.38855814944
6940.58 2.43861916983
6956.58 2.46128086202
6972.62 2.45567465942
6988.69 2.42764364643
7004.8 2.42215588473
7020.95 2.41662864273
7037.13 2.43909293343
7053.35 2.48449527842
7069.62 2.34019478195
7085.91 2.41137776283
7102.24 2.31354557946
7118.62 2.27663149897
7135.03 2.25582538087
7151.48 2.29254205986
7167.96 2.29262102046
7184.49 2.24567894377
7201.05 2.17950996099
7217.65 2.30872898286
7234.29 2.31946762445
7250.96 2.25629914447
7267.68 2.27726318376
7284.43 2.27209126447
7301.22 2.27217022507
7318.05 2.29325270526
7334.93 2.35215731285
7351.84 2.33604935045
7368.78 2.32005982895
7385.77 2.42945974023
7402.8 2.39621732764
7419.86 2.36340919834
7436.96 2.39084800684
7454.11 2.35271003705
7471.29 2.34738019655
7488.51 2.38010936524
7505.78 2.39669109124
7523.08 2.41335177783
7540.42 2.40233677414
7557.81 2.38591296934
7575.23 2.38599192994
7592.69 2.37509536714
7610.19 2.34256359995
7627.74 2.29459503546
7645.32 2.31591439746
7662.94 2.32132319855
7680.61 2.26857751777
7698.32 2.26340559847
7716.06 2.25310124017
7733.85 2.23253200388
7751.68 2.21721364748
7769.55 2.24299428337
7787.46 2.18191825929
7805.41 2.20217165318
7823.4 2.27442060217
7841.44 2.19727609598
7859.52 2.24334960607
7877.63 2.25377240527
7895.79 2.26948556467
7914.0 2.22814969058
7932.24 2.18251046379
7950.52 2.1230926123
7968.85 2.16762639069
7987.22 2.16770535129
8005.63 2.15783527629
8024.09 2.23375589318
8042.59 2.23896729277
8061.13 2.22874189508
8079.71 2.1482020831
8098.34 2.10422102891
8117.0 2.18326058949
8135.71 2.18839302849
8154.47 2.143582888
8173.27 2.06134542312
8192.11 2.09012656181
8211.0 2.15368984479
8229.92 2.09506159931
8248.89 2.20402722728
8267.91 2.19395975078
8286.97 2.1440961319
8306.07 2.139240055
8325.22 2.15913812619
8344.41 2.10520803641
8363.65 2.1444119743
8382.93 2.1199341883
8402.26 2.15945396859
8421.62 2.06707006661
8441.03 2.1447278167
8460.49 2.1202500307
8480.0 2.07686118101
8499.55 2.14989973599
8519.14 2.1253824697
8538.78 2.110814239
8558.46 1.95644626604
8578.19 2.1305149087
8597.97 2.08211206091
8617.79 2.07737442491
8637.65 2.1258562333
8657.56 2.02557627132
8677.52 1.89043520446
8697.53 1.90800393795
8717.57 2.09699613401
8737.67 2.07307107221
8757.81 1.94819488334
8778.0 2.07800610971
8798.24 2.08767878321
8818.52 2.04022346262
8838.85 2.09265330101
8859.23 2.04038138382
8879.65 1.93520586465
8900.12 2.01254777233
8920.63 2.01728540833
8941.2 2.01270569353
8961.81 1.98518792443
8982.47 1.93113939375
9003.18 1.91791349325
9023.93 1.705469999
9044.73 2.09344290701
9065.59 2.15218959339
9086.48 2.01325841773
9107.43 2.01333737833
9128.42 1.82781944867
9149.47 1.98585908953
9170.56 1.99509747973
9191.7 1.97235682694
9212.89 1.99067568613
9234.12 1.80725021238
9255.41 1.89248818006
9276.75 2.05613402352
9298.13 1.91017535445
9319.57 1.98195053983
9341.05 1.97290955114
9362.59 1.95040578014
9384.17 1.96398700334
9405.8 1.92821785155
9427.48 1.96868515904
9449.21 1.94622086834
9471.0 1.96884308024
9492.83 1.96438180634
9514.71 1.92861265455
9536.65 1.91100444075
9558.63 1.80835566078
9580.67 1.90239773535
9602.75 1.93338977085
9624.89 1.93346873145
9647.08 1.92024283095
9669.32 1.91589999795
9691.6 1.92928381965
9713.95 1.91605791915
9736.34 1.90295045955
9758.78 1.89430427385
9781.28 1.87701190246
9803.82 1.90318734135
9826.43 1.89015884236
9849.08 1.89462011625
9871.79 1.88597393056
9894.54 1.88171005816
9917.35 1.87318231336
9940.21 1.88190745966
9963.13 1.87764358726
9986.1 1.86907636216
10032.19 1.83512330417
10078.49 1.80180193098
10125.02 1.84819128347
10171.75 1.83563654807
10218.7 1.83579446927
10265.86 1.83595239047
10289.54 1.82758256687
10504.99 1.77002028948
10700.29 1.7060227232
10899.22 1.61430998632
11101.86 1.55947184963
11308.26 1.52749280664
11492.0 1.52050479354
11705.65 1.48244578435
11895.85 1.43874109226
12089.15 1.41248669277
12313.91 1.38670605687
12513.99 1.35200287318
12688.07 1.32124771949
12894.25 1.2882027084
13103.76 1.2675939918
13286.05 1.23304872931
13501.93 1.21334805961
13689.75 1.18843599032
13912.2 1.15606214433
14105.73 1.11168628714
14301.96 1.08886667374
14500.92 1.08637941484
14702.65 1.05921696845
14907.19 1.06411252565
15114.57 1.06166474705
15289.59 1.06900808285
15502.29 1.06656030425
15717.95 1.04227991976
15899.94 1.00224689556
16084.06 1.00457623326
16307.81 0.999957038165
16496.65 0.981717139569
16687.68 0.974966008271
16880.9 0.957160392975
17115.74 0.941842036579
17313.93 0.907770537687
17514.42 0.889175316391
17717.23 0.858972886898
17881.16 0.835561069004
18088.22 0.799791917212
18297.67 0.781591498916
18509.54 0.760311617221
18680.81 0.729438022629
18897.13 0.712816816332
19115.95 0.703025701935
19292.82 0.68229854444
19516.22 0.659163088645
19696.81 0.642660323249
19879.05 0.626591841153
20109.25 0.616563844955
20295.3 0.59702109646
20483.1 0.588809194062
20720.29 0.575425372365
20912.0 0.562317912768
21105.5 0.55331640437
21300.8 0.541985558273
21497.88 0.530852113675
21696.8 0.515217914879
21897.57 0.508150941181
22100.17 0.496583213283
22304.67 0.484146918786
22511.04 0.471157900089
22719.34 0.456155386093
22876.81 0.412332253103
23088.5 0.406449688404
23302.15 0.359479975506
23517.74 0.335898392321
23680.77 0.338089548971
23899.87 0.311420606327
24121.03 0.29959625648
24288.21 0.29654837732
24512.96 0.277360951525
24682.86 0.273160247606
24819.0 0.279307330314
24913.15 0.241512839133
25007.4 0.239013736144
25101.55 0.232554759065
25195.8 0.243048622803
25290.05 0.236483048914
25384.2 0.25535858034
25478.44 0.247478312462
25572.69 0.250253777551
25666.84 0.244655471013
25761.09 0.2569851687
25855.24 0.247150625972
25949.49 0.262832201128
26043.74 0.259736945609
26137.89 0.250352478301
26232.14 0.239483551714
26326.38 0.236960760544
26420.53 0.241445722623
26514.78 0.235346016275
26608.93 0.225815471857
26703.18 0.223505874307
26797.43 0.208436243801
26891.58 0.21201315898
26985.83 0.196983008774
27080.07 0.195830184014
27174.22 0.185999589316
27268.47 0.191625532065
27362.62 0.190764861525
27456.87 0.187278751036
27551.12 0.180176245068
27645.27 0.188297342776
27739.52 0.192008490975
27833.76 0.198100301263
27927.91 0.202936638012
28022.16 0.209975975501
28116.31 0.197776562804
28210.56 0.204681667272
28304.81 0.198972815893
28398.96 0.198001600513
28493.2 0.194566814414
28587.45 0.188309186866
28681.6 0.174980637589
28775.85 0.180077544318
28870.0 0.187456412386
28964.25 0.189272506186
29058.5 0.16919282561
29152.65 0.1701127166
29246.89 0.1705469999
29341.14 0.166748995041
29435.29 0.164522306121
29529.54 0.162410110072
29623.69 0.16878617852
29717.94 0.166042297671
29812.19 0.167680730121
29906.34 0.164332800681
30000.58 0.152733488544
30094.83 0.154300856454
30188.98 0.147976112395
30283.23 0.160380822652
30377.38 0.159922851172
30471.63 0.157648785893
30565.88 0.138496892367
30660.03 0.145709943176
30754.27 0.133751360309
30848.52 0.149551376365
30942.67 0.133151259749
31036.92 0.147841879375
31131.07 0.130762701599
31225.32 0.144308392526
31319.57 0.132618275699
31413.72 0.150897654595
31507.96 0.146831183695
31602.21 0.179256354078
31696.36 0.168004468581
31790.61 0.193919337494
31884.76 0.200070368233
31979.01 0.206683318481
32073.26 0.21442540531
32167.41 0.247462520342
32261.66 0.259180273379
32355.9 0.314049994306
32450.05 0.362764736465
32544.3 0.413398221203
32638.45 0.411384725903
32732.7 0.435546669498
32826.94 0.389287601999
32921.09 0.394234483587
33015.34 0.343265416299
33109.59 0.29949755573
33203.74 0.250901254471
33297.99 0.235740819275
33392.14 0.222084583508
33486.39 0.232803484955
33580.64 0.235326276125
33674.79 0.229791138066
33769.03 0.208862631041
33863.28 0.206205606852
33957.43 0.182576647307
34051.68 0.186694442596
34145.83 0.198262170493
34240.08 0.208155933671
34334.33 0.205676570832
34428.48 0.206497761071
34522.72 0.200094056413
34616.97 0.197926587943
34711.12 0.179260302108
34805.37 0.185991693256
34899.52 0.165035550021
34993.77 0.165138198801
35088.02 0.152697956274
35182.17 0.160045240102
35276.41 0.151782013314
35370.66 0.155887964513
35464.81 0.145105894586
35559.06 0.146357420096
35653.21 0.12799513257
35747.46 0.12974016183
35841.71 0.132776196899
35935.86 0.135520077748
36030.1 0.130612676459
36124.35 0.121686180631
36218.5 0.105368972645
36312.75 0.118551444812
36406.9 0.110359282564
36501.15 0.118626457382
36595.4 0.118338251192
36689.55 0.131441762759
36783.8 0.111429198694
36878.04 0.122092827721
36972.19 0.100544479986
37066.44 0.114512610123
37160.59 0.109313054614
37254.84 0.121595375941
37349.09 0.12671597085
37443.24 0.131651008349
37537.48 0.124228711951
37631.73 0.124907773111
37725.88 0.111152836594
37820.13 0.121291377631
37914.28 0.104263524245
38008.53 0.121326909901
38102.78 0.111204160984
38196.93 0.119321310662
38291.18 0.103485762336
38385.43 0.108132593645
38479.57 0.0955225858276
38573.82 0.101377514316
38667.97 0.0932485205481
38762.22 0.104062174716
38856.47 0.0975637173371
38950.62 0.105594010355
39044.86 0.0885622089392
39139.11 0.102396106056
39233.26 0.107062677515
39327.51 0.113134747653
39421.66 0.103122543576
39515.91 0.100706349216
39610.16 0.0974413284071
39704.31 0.103043582976
39798.55 0.0940855029079
39892.8 0.106103306225
39986.95 0.103777916556
40081.2 0.118152693782
40175.35 0.12558288624
40269.6 0.143945173766
40363.85 0.133478946239
40458.0 0.133877697269
40552.24 0.117485476712
40646.49 0.109155133414
40740.65 0.0783960316916
40834.89 0.0709263589333
40929.04 0.0651306508947
41023.29 0.0789527039214
41117.54 0.0863513121397
41211.69 0.101436734766
41305.94 0.0927629128582
41400.18 0.0953370284176
41494.33 0.093548570828
41588.58 0.0989415798068
41682.73 0.0944921499978
41776.98 0.0921272800284
41871.22 0.0836903399203
41965.38 0.0895808006789
42059.63 0.0824743466806
42153.87 0.0946342790778
42248.03 0.0866118821196
42342.27 0.093824932928
42436.42 0.0814518069109
42530.67 0.0944289815178
42624.92 0.0862841956297
42719.07 0.089182049649
42813.32 0.0792567022314
42907.56 0.0791935337514
43001.71 0.0782104742816
43095.96 0.0844523097102
43190.11 0.0739031735526
43284.36 0.0757113712922
43378.61 0.0798765429412
43472.76 0.089375503119
43567.01 0.081041211791
43661.25 0.0755692422122
43755.4 0.0615182034455
43849.65 0.0805871883411
43943.8 0.0740334585426
44038.05 0.0911086882886
44132.3 0.0875396691694
44226.45 0.0856446147699
44320.7 0.0654385972346
44414.94 0.0739150176426
44509.1 0.0612378933156
44603.34 0.0803503065411
44697.49 0.072272637163
44791.74 0.0804884875911
44885.99 0.0621814724854
44980.14 0.0715935760032
45074.39 0.0670178092343
45168.63 0.080859602411
45262.78 0.0748941290824
45357.03 0.0811951849609
45451.18 0.0712658895133
45545.43 0.0814320667609
45639.68 0.0659676332545
45733.82 0.0624144062553
45828.08 0.0423426217401
45922.32 0.0612536854356
46016.48 0.0616721766155
46110.72 0.0817084288608
46204.87 0.0745269622925
46299.12 0.0780249168717
46393.37 0.0635869711651
46487.52 0.0730306589228
46581.77 0.0696314050936
46676.01 0.0719173144631
46770.16 0.0658412962945
46864.42 0.0714040705632
46958.56 0.0514388828579
47052.81 0.0484620682386
47147.06 0.0502742140082
47241.21 0.0642660323249
47335.46 0.0609338950057
47429.7 0.0674205082942
47523.85 0.0783486553316
47618.1 0.0744322095725
47712.25 0.0523113974877
47806.5 0.0618853702355
47900.75 0.0563541802068
47994.9 0.0737649925027
48089.14 0.0591256972661
48183.39 0.0671244060442
48278.52 0.0574793687565
48761.3 0.0648266525848
49248.91 0.072252897013
49741.4 0.0797502059813
50238.81 0.0873225275195
50741.2 0.0949738096577
51248.61 0.102696156336
51761.1 0.110501411644
51950.9 0.113391369603
52252.58 0.146645626286
52554.27 0.150723941275
52855.95 0.135504285628
53157.63 0.12787274364
53459.32 0.141635576217
53761.0 0.0973781599271
54062.68 0.0995811606666
54364.37 0.0951593670676
54666.05 0.101665720506
54967.74 0.109060380694
55269.42 0.110469827404
55571.11 0.116514261333
55872.8 0.147490504705
56174.47 0.164297268411
56476.15 0.146325835856
56777.85 0.199817694313
57079.54 0.205775271582
57381.21 0.190370058525
57682.9 0.186927376366
57984.59 0.185170503016
58286.27 0.172536807019
58587.95 0.178541760648
58889.64 0.182991190457
59191.32 0.189110636956
59493.0 0.189975255525
59794.69 0.232341565445
60096.37 0.279591588474
60398.05 0.29693133623
60699.74 0.290460515062
61001.42 0.349858626398
61303.1 0.460656140292
61604.79 0.571279940866
61906.48 0.950843544977
62208.16 0.990679167667
62509.84 0.89343918879
62811.52 0.772432069318
63113.21 0.590033083361
63414.89 0.492003498484
63716.57 0.412806016703
64018.27 0.372986186132
64319.94 0.321476238734
64621.62 0.29824603022
64923.32 0.270108420417
65225.0 0.2548137522
65526.68 0.259969879379
65828.37 0.236715982684
66130.05 0.280171948884
66431.74 0.267573785157
66733.42 0.272548302956
67035.1 0.264825956278
67336.79 0.258331446929
67638.47 0.267261890787
67940.16 0.262409761918
68241.84 0.258248538299
68543.52 0.280345662204
68845.21 0.287953516012
69146.89 0.303725895859
69448.57 0.348994007828
69750.26 0.482330824987
70051.94 0.481185896287
70353.64 0.368647301163
70655.31 0.353099959027
70956.99 0.369610620483
71258.69 0.366637753894
71560.36 0.355346388096
71862.05 0.370344954063
72163.74 0.380471651011
72465.42 0.431480198599
72767.1 0.431401237999
73068.78 0.454220851393
73350.72 0.417425211802
73370.47 0.502110455282
73672.16 0.526825123076
73955.28 0.530891593975
73973.84 0.579531323564
74559.86 0.666309022943
75164.42 0.776103737218
75769.0 0.910810520786
76373.56 0.912626614586
76978.14 0.859999374698
77582.71 0.827151765106
78187.27 0.792724943514
78791.86 0.716725366032
79396.42 0.608707265257
80000.99 0.520863597778
80605.56 0.449838538094
81210.13 0.392552622808
81814.71 0.368667041313
82419.27 0.360332749985
83023.85 0.363771484115
83628.41 0.370589731923
84232.99 0.372674291762
84837.55 0.402699059905
85442.13 0.428479695799
86046.7 0.4272558065
86651.26 0.390791801428
87255.83 0.323106775124
87860.4 0.257885319539
88464.97 0.209115304961
89069.55 0.179394535128
89674.12 0.182975398337
90278.69 0.160696665052
90883.26 0.134991041728
91487.83 0.113422953843
92092.4 0.12616324665
92696.96 0.121974386821
93301.54 0.115835200173
93906.11 0.112585971484
94510.67 0.109202509774
95115.26 0.0941684115379
95719.83 0.110268477874
96324.39 0.114706063593
96928.97 0.113707212003
97533.5 0.106411252565
98138.12 0.100970867226
98742.64 0.0974057961371
99347.28 0.0943973972778
99951.81 0.0974808087071
100556.42 0.0974847567371
101160.97 0.0868250757396
101765.5 0.0986889058868
102370.11 0.0955225858276
102974.64 0.0948672128477
103579.28 0.0927234325582
104183.8 0.105665074895
104788.33 0.120446499212
105392.96 0.1292229699
105997.49 0.129921771209
106602.11 0.125342056411
107206.64 0.12813726165
107811.27 0.12817674195
108415.8 0.132057655439
109020.33 0.143455618046
109624.96 0.165390872721
110229.49 0.190938574845
110834.11 0.205988465202
111438.64 0.306805359258
112043.27 0.460300817592
112647.79 0.483910036986
113252.32 0.402935941705
113856.96 0.321815769314
114461.48 0.269397775017
115066.1 0.232700836175
115670.63 0.21166968037
116275.27 0.194511541994
116879.79 0.187606437526
117484.32 0.185245515586
118088.96 0.185711383126
118693.48 0.193765364324
119298.1 0.203209052082
119902.63 0.203473570092
120507.17 0.202557627132
121111.79 0.196623738044
121716.32 0.190685900925
122320.95 0.203801256582
122925.48 0.21252640288
123530.1 0.21338312539
124134.64 0.217402219929
124739.16 0.228125069406
125343.79 0.242393249823
125948.32 0.2571036096
126552.95 0.272575939166
127157.47 0.313066934836
127762.0 0.476369299688
128366.63 0.488805594185
128971.16 0.237785898814
129575.79 0.182525322917
130180.31 0.17155374755
130784.94 0.165856740261
131389.47 0.164549942331
131994.01 0.162635147782
132598.64 0.164569682481
133203.16 0.161067779872
133807.78 0.162828601252
134412.32 0.162970730332
135016.94 0.167372783781
135621.46 0.164234099931
136226.0 0.162552239152
136830.63 0.156855231863
137435.16 0.166646346261
138039.77 0.151264821384
138644.31 0.146321887826
139248.94 0.146803547486
139853.47 0.144257068136
140457.99 0.138500840397
141062.63 0.137553313198
141582.84 0.151197704874
142475.56 0.159449087573
143368.38 0.155485265453
144261.11 0.144604494776
145153.83 0.139554964407
146046.56 0.136783447348
146939.38 0.140218233447
147832.11 0.141256565337
148724.83 0.141264461397
149617.65 0.146850923845
150510.38 0.138461360097
151403.1 0.138808786737
152295.83 0.135058158238
153188.65 0.140032676037
154081.38 0.140344570407
154974.1 0.176938860468
155866.92 0.146728534916
156759.65 0.159887318902
157652.37 0.149705349535
158545.19 0.156835491713
159437.92 0.156756531113
160330.64 0.152461074474
161223.37 0.154841736564
162116.21 0.163065483052
163008.91 0.16895594381
163901.64 0.192032179155
164794.37 0.204630342882
165687.19 0.185474501326
166579.92 0.184945465307
167472.65 0.192774408795
168365.48 0.189146169226
169258.19 0.195305096024
170150.92 0.21239611789
171043.74 0.205435741002
171936.46 0.189619932825
172829.19 0.194930033174
173721.91 0.202695808182
174614.73 0.194898448934
175507.46 0.181210628927
176400.18 0.181688340557
177293.0 0.172828961239
178185.73 0.179055004548
179078.45 0.180772397598
179971.27 0.179552456328
180864.0 0.172726312459
181756.73 0.170823362
182649.45 0.177456052398
183542.27 0.177238910748
184435.0 0.178818122748
185327.72 0.177120469848
186220.55 0.206864927861
187113.28 0.276816123385
188005.99 0.226984088737
188898.72 0.180760553508
189791.55 0.172860545479
190684.27 0.174771391999
191577.0 0.179382691038
192469.82 0.178786538508
193362.54 0.174376588999
194255.27 0.180622372458
195148.0 0.185525825716
196040.82 0.184827024407
196933.54 0.184495389887
197826.27 0.181546211477
198719.09 0.183808432667
200132.81 0.168024208731
201841.52 0.199975615513
203551.22 0.189619932825
205261.91 0.180602632308
206973.46 0.201965422633
208685.88 0.206920200281
210399.28 0.187807787056
212113.57 0.200638884553
213828.81 0.21489916891
215545.04 0.198601701073
217262.14 0.188901391366
218980.22 0.205775271582
220699.17 0.21262905166
222419.08 0.204736939692
224139.98 0.196761919094
225861.76 0.204282916242
227584.51 0.214938649209
229308.24 0.21480441619
231032.83 0.204618498792
232758.51 0.206351683962
234484.96 0.21334364509
236212.46 0.217445648259
237940.96 0.21215923609
239670.34 0.207504508721
241400.67 0.21163809613
243131.99 0.21469781938
244864.17 0.21469781938
246597.44 0.21127092934
248331.59 0.208337543051
250066.8 0.21176838112
251802.87 0.215783527629
253539.95 0.21228557305
255277.98 0.216509965149
257016.98 0.21378187642
258756.96 0.221125212218
260497.93 0.224737659667
262239.86 0.215262387669
263982.75 0.221618715968
265726.62 0.219360442808
267471.47 0.217654893849
269217.41 0.217793074899
270964.2 0.218811666639
272711.96 0.224165195317
274460.79 0.228361951206
276210.62 0.222392529848
277961.31 0.222258296828
279713.06 0.220426410908
281465.81 0.223940157607
283219.63 0.224607374677
284974.39 0.226340559847
286730.07 0.219151197219
288486.87 0.233379897335
290244.58 0.227209126447
292003.33 0.223115019338
293763.08 0.215937500799
295523.81 0.229502931876
297285.6 0.224796880117
299048.36 0.225847056097
300812.1 0.223000526468
302576.9 0.228812026626
304342.8 0.224935061167
306109.64 0.220943602838
307877.49 0.231338765826
309646.28 0.237916183804
311416.25 0.230541263766
313187.11 0.229400283096
314959.1 0.234935421155
316731.99 0.226786687237
318506.04 0.234982797515
320281.1 0.231165052506
322057.07 0.232625823605
323834.16 0.233675999585
325612.32 0.232791640865
327391.52 0.246783459182
329171.75 0.232436318165
330952.98 0.250052428021
332735.22 0.249768169861
334518.55 0.295308695901
336303.04 0.25477821993
338088.38 0.252275168911
339874.91 0.252508102681
