102.09 6.39206928974e-15
103.99 1.04562377693e-14
105.92 1.72621801055e-14
107.89 2.88927691365e-14
109.9 5.40142146905e-14
114.02 1.27619861057e-13
118.03 2.75636207105e-13
121.06 1.49242836669e-12
125.03 2.87279763438e-12
127.06 3.81076579186e-12
127.94 4.46561452852e-12
130.92 6.64439136897e-12
132.13 8.67512484815e-12
133.97 1.10665114063e-11
137.09 1.85162262423e-11
139.96 2.62504112597e-11
142.89 9.39102796374e-11
146.89 3.2593853168e-10
151.01 4.7808820515e-10
154.88 6.99775034074e-10
158.85 1.02179636003e-09
162.18 1.33009395833e-09
165.96 1.89811580392e-09
169.82 2.61069604844e-09
172.98 3.32125015207e-09
177.01 4.47398924422e-09
179.89 5.54973498242e-09
181.97 6.39693202788e-09
186.21 8.42064155197e-09
190.98 1.1685159759e-08
194.09 1.42618706709e-08
198.15 1.81374729713e-08
201.84 2.30690999053e-08
205.12 2.74501568205e-08
209.89 3.45011271287e-08
215.77 4.96539594884e-08
219.78 6.11462306344e-08
222.84 7.01314901152e-08
226.99 8.57624917257e-08
230.14 1.45150032065e-07
233.88 2.6257975519e-07
239.88 4.02121429262e-07
246.04 4.62851625633e-07
251.77 5.99224415349e-07
257.04 5.91281943048e-07
260.01 7.47051654914e-07
264.24 8.82505927425e-07
269.15 1.01852751939e-06
274.16 1.16205934026e-06
279.25 1.31963907132e-06
283.79 1.50580089658e-06
289.73 1.66675752914e-06
295.8 1.94517630307e-06
301.3 2.13857820512e-06
308.32 2.52965041272e-06
317.69 3.16699329207e-06
328.09 3.84642587157e-06
338.06 4.56584096471e-06
348.34 5.34522982827e-06
357.27 6.20269265426e-06
365.59 7.23278268434e-06
374.97 8.16318658248e-06
384.59 8.98201765544e-06
395.36 1.06099543251e-05
404.57 1.21417168403e-05
414.0 1.33911703911e-05
421.69 1.43753345609e-05
429.53 1.55024092017e-05
440.55 1.75255784216e-05
450.81 1.91013757322e-05
460.25 2.03978357517e-05
469.89 2.21854323237e-05
479.73 2.42947800696e-05
489.78 2.56995710888e-05
500.03 2.82687177414e-05
505.82 3.00166019519e-05
511.68 4.2997411274e-05
519.99 4.62500427879e-05
529.66 5.0299623053e-05
539.51 5.17611460173e-05
549.54 6.64331076049e-05
559.75 7.9751607076e-05
570.16 9.29107167967e-05
579.43 9.4966574423e-05
590.2 0.00011825638861
599.79 0.000128605916292
609.53 0.000150893466117
619.44 0.000182412113851
629.5 0.000206255739881
639.73 0.00021863951302
650.13 0.000258830043777
657.65 0.000286928565683
665.27 0.000312268834454
674.52 0.00032807273342
685.48 0.000339743304965
695.02 0.00045558453363
704.69 0.000454936168544
716.14 0.000564996141861
726.1 0.000611462306344
734.51 0.000657604288284
744.73 0.00077487732318
755.09 0.000859975240693
765.59 0.000943398215067
774.46 0.00106953223947
785.23 0.00119496386836
794.32 0.00128768007563
805.37 0.00138966250059
814.7 0.0014869983091
824.13 0.00168920717023
835.6 0.0014246201848
845.27 0.0018837707264
855.06 0.00200136794384
864.96 0.00221616589373
874.98 0.00245387274331
885.11 0.00276095465708
895.36 0.00299409593585
905.73 0.00305812198808
914.11 0.00502320850232
924.69 0.0385561104362
935.4 0.0893717240367
944.06 0.178919046951
954.99 0.264670732592
966.04 0.302489327743
974.98 0.0450937917182
984.01 0.259716142728
995.4 0.286712443988
1004.61 0.441347516954
1013.91 0.434593713977
1025.65 0.18490561791
1035.14 0.304947712027
1044.71 0.621538980386
1054.38 0.620431356697
1064.14 0.488516076947
1073.98 0.601277571454
1083.92 0.472306949802
1093.95 0.655172919212
1104.07 0.636019133969
1114.29 0.615973846733
1124.6 0.559295932148
1135.0 0.737353193839
1145.51 0.674056552336
1156.11 0.732301349212
1164.12 0.769420250374
1174.89 0.527363951672
1185.76 0.765665135919
1193.98 0.514612771651
1205.03 0.361706672247
1216.18 0.2478564647
1224.61 0.534036709013
1235.94 0.844063280879
1244.51 0.945586447232
1256.02 0.906684542083
1264.73 0.775822855597
1276.43 1.03862683705
1285.28 1.10335528478
1294.19 0.858921647428
1306.16 0.856220126237
1315.22 1.10605680597
1324.33 1.06650653574
1333.51 0.939994298367
1345.85 1.14987547969
1355.18 1.12142846155
1364.58 0.999697916685
1374.03 1.06647952052
1383.56 1.08895617683
1396.36 0.951475763428
1406.04 1.00096763164
1415.79 1.02428175952
1425.6 1.06510174472
1435.48 1.06253529958
1442.11 1.1349360675
1445.43 1.15951991034
1455.45 1.13031646626
1465.54 1.04251702756
1475.7 1.04702856795
1485.93 1.07598887512
1496.23 1.10313916308
1506.6 1.04575885299
1513.55 0.924595627579
1517.04 1.00048135783
1524.04 0.972115385326
1534.61 0.842280276893
1545.24 0.946613025284
1555.96 0.895068000962
1566.74 0.913114162517
1573.97 0.98165175513
1584.88 1.03889698916
1595.87 1.06701982476
1603.24 1.05332311232
1614.35 1.06196798013
1625.54 1.00377721368
1636.81 1.07679933147
1644.36 1.10267990448
1655.76 1.01369179645
1663.4 1.11991560968
1671.08 0.994159798244
1678.79 1.12648030617
1686.54 1.18294209906
1694.33 1.1122432895
1706.07 1.06788431154
1713.95 1.01093624484
1725.83 1.00691097826
1733.79 1.0843365756
1745.81 1.05775360708
1753.87 1.13896133407
1766.03 1.03914012607
1774.18 1.07093703049
1786.48 1.091144409
1794.72 1.17472947464
1803.01 1.16943449311
1815.51 1.07398974943
1823.88 1.10154526558
1836.53 1.05432267516
1845.0 0.968117133964
1853.52 0.972466583081
1866.37 1.0040473658
1874.98 1.09560191896
1883.64 1.005857385
1896.7 0.964578141204
1905.45 1.02606476351
1914.24 0.988540634167
1923.08 0.97230449181
1936.41 1.00107569249
1945.35 1.04524556396
1954.33 0.979409492542
1967.87 1.07531349482
1976.96 1.10719144487
1986.08 1.04205776896
1995.25 1.01282730967
2004.46 1.0451104879
2013.71 1.00639768924
2023.01 1.05769957665
2037.03 0.997023410706
2046.43 1.03808653281
2055.88 0.992538885529
2065.37 0.99594280223
2074.9 1.06585817065
2079.68 1.01023384933
2084.48 1.04989218041
2094.1 0.989837364338
2103.77 0.997617745368
2113.48 1.0053981264
2123.23 1.02255278596
2133.03 0.946261827529
2142.88 0.968954605533
2152.77 1.00596544585
2162.71 0.974600784822
2172.69 0.963929776118
2182.72 0.942425667438
2192.79 0.987216888783
2202.91 0.958418672888
2213.08 0.91130414332
2223.3 0.878534691274
2233.56 0.937157701116
2243.87 0.892987829645
2254.23 0.856868491323
2264.63 0.876643626441
2275.08 0.90692767899
2285.59 0.933915875687
2296.14 0.887287619933
2306.73 0.890853627905
2317.38 0.856166095814
2322.72 0.677541514673
2333.44 0.808538277218
2344.22 0.789708674518
2355.04 0.855517730728
2365.91 0.794301260542
2376.83 0.821802746266
2382.31 0.769393235163
2393.3 0.825882043264
2404.35 0.795597990714
2415.45 0.81748031236
2426.6 0.867485469603
2437.8 0.835715580399
2443.42 0.888071061078
2454.7 0.87748109801
2466.02 0.877075869831
2477.41 0.850790068644
2483.12 0.883532505477
2494.58 0.835661549975
2506.09 0.928620894153
2511.87 0.839929953456
2517.66 0.868241895537
2523.47 0.831852405096
2535.11 0.843063718038
2546.81 0.831150009586
2552.69 0.889394806461
2564.47 0.874806592031
2576.31 0.928404772458
2582.24 0.922893669228
2594.16 0.918274067992
2606.14 0.89290678401
2612.15 0.885585661582
2624.2 0.924838764486
2636.32 0.948206922787
2642.39 1.02168829918
2654.59 1.03554710289
2666.84 0.959445250941
2672.99 1.00331795508
2685.33 1.00067046431
2697.72 0.968603407778
2703.94 0.992160672563
2716.42 0.955960288605
2722.69 0.961336315775
2735.25 1.01096326005
2747.88 0.896607868041
2754.21 0.914194770994
2766.92 0.948233937999
2773.3 0.991647383536
2786.1 0.955528045214
2792.53 0.791923921895
2805.42 0.850276779618
2811.89 1.00231839224
2824.86 1.03968043031
2837.9 1.00412841144
2844.44 0.989080938405
2857.57 0.970818655155
2864.16 1.04132835824
2877.38 1.03630352882
2884.01 1.04216582981
2897.33 1.03479067695
2910.7 1.10856922068
2930.88 1.08177013046
2951.19 1.07525946439
2971.65 1.09876269875
2992.25 1.10740756657
3012.99 1.12385983062
3026.9 1.12888466003
3047.88 1.13258574406
3069.0 1.14155479442
3090.28 1.15327939639
3111.7 1.15446806571
3133.27 1.15033473829
3147.73 1.16092470136
3169.55 1.16484190708
3191.52 1.12650732138
3213.64 1.16470683102
3228.48 1.13555741737
3250.85 1.17951116715
3273.39 1.21117299551
3288.5 1.21120001072
3311.29 1.21825098103
3318.92 1.23662132513
3326.58 1.23808014657
3334.24 1.27133587243
3341.93 1.20995731097
3349.64 1.27138990285
3357.36 1.22403223638
3365.1 1.17843055867
3372.85 1.15562971982
3380.63 1.23405487999
3388.42 1.27600950409
3396.23 1.23416294084
3404.06 1.25280343706
3411.91 1.21174031496
3419.77 1.24143003285
3427.66 1.26023262033
3435.56 1.27633368663
3443.48 1.21754858552
3451.42 1.29424477213
3459.37 1.23464921466
3467.35 1.23613505131
3475.34 1.26063784851
3483.35 1.24432066052
3491.38 1.2764957779
3499.43 1.20812027656
3507.5 1.25083132659
3515.58 1.2254370274
3523.69 1.2687694273
3531.81 1.26028665076
3539.95 1.28695066491
3548.11 1.32023340598
3556.29 1.30237635091
3564.49 1.30867089529
3572.71 1.25291149791
3580.94 1.21903442217
3589.2 1.15106414901
3597.47 1.23651326428
3605.76 1.25396509117
3614.08 1.23418995605
3622.41 1.2458605276
3630.76 1.39495748212
3639.13 1.32328612493
3639.36 1.20606712046
3642.04 1.29710838459
3644.73 1.30686087609
3647.42 1.2245455254
3650.11 1.24802174455
3652.79 1.25688273406
3655.48 1.28052104448
3658.17 1.19569327908
3660.86 1.22659868151
3663.54 1.28060209011
3666.23 1.26879644251
3668.92 1.2817097138
3671.61 1.32633884387
3674.29 1.22025010671
3676.98 1.29238072251
3679.67 1.27868401007
3682.35 1.2268148032
3685.04 1.28451929584
3687.73 1.23359562139
3690.42 1.1732706532
3693.1 1.3057532524
3695.79 1.32868916731
3698.48 1.31637023068
3701.17 1.22462657104
3703.85 1.25917902707
3706.54 1.32779766532
3709.23 1.32741945235
3711.92 1.24180824581
3714.6 1.34584382687
3717.29 1.36510567296
3719.98 1.44661056729
3722.67 1.75466502869
3725.35 2.38728024596
3728.04 2.85956018055
3730.73 2.72259305617
3733.42 2.23429310092
3736.1 1.73118880954
3738.79 1.39560584721
3741.48 1.48073077993
3744.16 1.42094611598
3746.85 1.41519187584
3749.54 1.34641114632
3752.23 1.32101684713
3754.91 1.49026714974
3757.6 1.52333376911
3760.29 1.69217884354
3762.98 1.6335558337
3765.66 1.53789496833
3768.35 1.39595704496
3771.04 1.35662289642
3773.73 1.50204578213
3776.41 1.74237310727
3779.1 1.87693587779
3781.79 1.94809394596
3784.48 2.06361099208
3787.16 1.95673881377
3789.85 1.88501342615
3792.54 1.6716742977
3795.22 1.51179827363
3797.91 1.37402069289
3800.6 1.40546639956
3803.29 1.59519423279
3805.97 1.83903353548
3808.66 1.99777492066
3811.35 2.06325979432
3814.04 2.07811816087
3816.72 2.06687983272
3819.41 2.10067586282
3822.1 2.07044584069
3824.79 2.04151254874
3827.47 1.84343701502
3830.16 1.60910706692
3832.85 1.43729031918
3835.54 1.33260637304
3838.22 1.30145783371
3840.91 1.50123532577
3843.6 1.70109386347
3846.29 1.92159202307
3848.97 2.08187327533
3851.66 2.26225384524
3854.35 2.24215452758
3857.03 2.25820156346
3859.72 2.26047084126
3862.41 2.31442021944
3865.1 2.2478547373
3867.78 2.35513214379
3870.47 2.35780664976
3873.16 2.29837318356
3875.85 2.18831321025
3878.53 1.97235360625
3881.22 1.82857864847
3883.91 1.73432257412
3886.6 1.58117333781
3889.28 1.4822436318
3891.97 1.56196552214
3894.66 1.62356020529
3897.35 1.80321136449
3900.03 1.91346044429
3902.72 2.02549252807
3905.41 2.11231941915
3908.1 2.18620602372
3910.78 2.25771528964
3913.47 2.25941724799
3916.16 2.40827106561
3918.84 2.39319657736
3921.53 2.36210206846
3924.22 2.21789486729
3926.91 2.09546192692
3929.59 2.02716747121
3932.28 1.86704831023
3934.97 1.80634512907
3937.66 1.88801211467
3940.34 2.00431260194
3943.03 2.09362489251
3945.72 2.18574676512
3948.41 2.24020943233
3951.09 2.30612654938
3953.78 2.24780070687
3956.47 2.10861833512
3959.16 2.03845982979
3961.84 1.87199209401
3964.53 1.59865217992
3967.22 1.3434124578
3969.91 1.19002008458
3972.59 1.28433018936
3975.28 1.51133901503
3977.97 1.74129249879
3980.65 1.97419064066
3983.34 2.06220620106
3986.03 2.23459026825
3988.72 2.38006718438
3991.4 2.42815426157
3994.09 2.42669544013
3996.78 2.53840334137
3999.47 2.58257321285
4002.15 2.58257321285
4004.84 2.57525209042
4007.53 2.51776371948
4010.22 2.52351795961
4012.9 2.5949461799
4015.59 2.59956578114
4018.28 2.61723372972
4020.97 2.64592388477
4023.65 2.6044825497
4026.34 2.61820627735
4029.03 2.63111954865
4031.71 2.56109611938
4034.4 2.5616094084
4037.09 2.58719281408
4039.78 2.61110127662
4042.46 2.60491479309
4045.15 2.60388821504
4047.84 2.6117226265
4050.53 2.50798421277
4053.21 2.54629178325
4055.9 2.56963292634
4058.59 2.51865522147
4061.28 2.54175322765
4063.96 2.49928531453
4066.65 2.44549802762
4069.34 2.46424658468
4072.03 2.45365662162
4074.71 2.36569509164
4077.4 2.359238456
4080.09 2.43285490845
4082.78 2.42372376682
4085.46 2.3801212148
4088.15 2.31982326182
4090.84 2.15654332104
4093.52 2.06990553645
4096.21 1.93053405821
4098.9 1.77479136156
4101.59 1.64754971347
4104.27 1.60721600209
4106.96 1.76352601819
4109.65 1.97500109702
4112.34 2.09173382767
4115.02 2.16275681978
4117.71 2.22856587599
4120.4 2.29918363992
4123.09 2.39314254694
4125.77 2.42002268279
4128.46 2.40386758607
4131.15 2.39065714745
4133.84 2.40470505764
4136.52 2.4611128201
4139.21 2.42512855784
4141.9 2.41724011596
4144.59 2.44903702038
4147.27 2.46267970239
4149.96 2.47340474152
4152.65 2.4145926252
4155.33 2.42966711344
4158.02 2.45722262959
4160.71 2.4860478607
4163.4 2.4933149527
4166.08 2.44698386428
4168.77 2.37474518763
4171.46 2.39357479033
4174.15 2.34324545055
4176.83 2.289377118
4179.52 2.35440273306
4182.21 2.35559140239
4184.9 2.37866239336
4187.58 2.40805494391
4190.27 2.40305712971
4192.96 2.40035560852
4195.65 2.35672604129
4198.33 2.34165155304
4201.02 2.29726555988
4203.71 2.35937353205
4206.4 2.41672682694
4209.08 2.41848281571
4211.77 2.43995990918
4214.46 2.46854200338
4217.14 2.43639390121
4219.83 2.45987012036
4222.52 2.37401577691
4225.21 2.36577613728
4227.89 2.37768984573
4230.58 2.39117043647
4233.27 2.44776730542
4235.96 2.43893333113
4238.64 2.45322437823
4241.33 2.45706053832
4244.02 2.45503439742
4246.71 2.41191811922
4249.39 2.41721310075
4252.08 2.43558344485
4254.77 2.38063450383
4257.46 2.35958965375
4260.14 2.40375952522
4262.83 2.43277386281
4265.52 2.4520357089
4268.2 2.44922612686
4270.89 2.37358353352
4273.58 2.35553737196
4276.27 2.39227806016
4278.95 2.39338568385
4281.64 2.385119029
4284.33 2.34529860665
4287.02 2.33492476528
4289.7 2.30196620675
4292.39 2.27403247764
4295.08 2.23756194156
4297.77 2.20560294587
4300.45 2.1786687796
4303.14 2.13765968792
4305.83 2.08959962593
4308.52 2.1301224438
4311.2 2.17156377886
4313.89 2.21495020919
4316.58 2.24409962284
4319.27 2.27065557615
4321.95 2.24361334903
4324.64 2.1988761581
4327.33 2.14173898492
4330.01 2.09254428403
4332.7 2.00180018723
4335.39 1.92040335375
4338.08 1.80026670639
4340.76 1.7002563919
4343.45 1.74283236587
4346.14 1.83190151954
4348.83 1.9529566841
4351.51 2.05737047813
4354.2 2.1602984355
4356.89 2.27765251603
4359.58 2.33924719918
4362.26 2.39630332673
4364.95 2.4263982728
4367.64 2.40556954442
4370.33 2.4075686701
4373.01 2.40149024742
4375.7 2.32687423213
4378.39 2.35813083231
4381.08 2.28440631901
4383.76 2.31201586558
4386.45 2.31985027703
4389.14 2.33538402388
4391.82 2.33803151465
4394.51 2.34454218072
4397.2 2.40316519056
4399.89 2.40321922098
4402.57 2.39476345966
4405.26 2.37450205072
4407.95 2.43063966107
4410.64 2.42439914712
4413.32 2.4463625144
4416.01 2.43582658176
4418.7 2.41434948829
4421.39 2.41694294863
4424.07 2.46197730688
4426.76 2.44584922537
4429.45 2.38387632926
4432.14 2.38039136692
4434.82 2.41367410799
4437.51 2.43971677227
4440.2 2.45392677374
4442.89 2.44925314208
4445.57 2.47256726995
4448.26 2.47394504576
4450.95 2.48534546519
4453.63 2.47067620512
4456.32 2.42158956508
4459.01 2.36434433105
4461.7 2.38652382002
4464.38 2.41543009677
4467.07 2.42429108627
4469.76 2.45514245827
4472.45 2.50582299581
4475.13 2.4973942497
4477.82 2.48375156768
4480.51 2.48834415371
4483.2 2.45122525254
4485.88 2.46227447422
4488.57 2.52051927109
4491.26 2.5037428245
4493.95 2.49072149236
4496.63 2.51138812947
4499.32 2.54024037578
4502.01 2.56039372387
4504.7 2.59637798613
4507.38 2.58562593179
4510.07 2.57741330737
4512.76 2.59581066668
4515.44 2.55861071988
4518.13 2.5561523356
4520.82 2.52956936708
4523.51 2.49439556118
4526.19 2.46589451261
4528.88 2.40384057086
4531.57 2.37685237416
4534.26 2.42647931844
4536.94 2.47688970386
4539.63 2.50298639856
4542.32 2.49858291902
4545.01 2.50863257785
4547.69 2.43204445209
4550.38 2.42037388054
4553.07 2.4538457281
4555.76 2.4304775698
4558.44 2.46651586249
4561.13 2.49731320406
4563.82 2.5098752776
4566.5 2.53786303714
4569.19 2.50876765391
4571.88 2.52200510775
4574.57 2.53953798027
4577.25 2.53354060323
4579.94 2.4905864163
4582.63 2.48358947641
4585.32 2.47356683279
4588.0 2.46721825799
4590.69 2.45079300915
4593.38 2.46883917071
4596.07 2.46667795376
4598.75 2.45811413158
4601.44 2.47413415224
4604.13 2.48639905845
4606.82 2.56017760217
4609.5 2.5582054917
4612.19 2.52222122944
4614.88 2.52819159127
4617.57 2.55272140369
4620.25 2.54666999622
4622.94 2.524841705
4625.63 2.52659769377
4628.31 2.52786740873
4631.0 2.54704820919
4633.69 2.56255494082
4636.38 2.50139250106
4639.06 2.51190141849
4641.75 2.50539075242
4644.44 2.48796594074
4647.13 2.48013152929
4649.81 2.44503876902
4652.5 2.46624571037
4655.19 2.49463869808
4657.88 2.49020820333
4660.56 2.51552145689
4663.25 2.52038419503
4665.94 2.44158082189
4668.63 2.45541261039
4671.31 2.43101787404
4674.0 2.47259428516
4676.69 2.47499863902
4679.38 2.47073023554
4682.06 2.49631364122
4684.75 2.50376983971
4687.44 2.53129834064
4690.12 2.51906044965
4692.81 2.53421598353
4695.5 2.51816894765
4698.19 2.51560250252
4700.87 2.46816379041
4703.56 2.48783086468
4706.25 2.48302215696
4708.94 2.45533156475
4711.62 2.44166186753
4714.31 2.49053238587
4717.0 2.58613922082
4719.69 2.57425252758
4722.37 2.5650133251
4725.06 2.58057408716
4727.75 2.51268485964
4730.44 2.50460731128
4733.12 2.49985263398
4735.81 2.52316676186
4738.5 2.51152320553
4741.19 2.54964166953
4743.87 2.54858807626
4746.56 2.56676931388
4749.25 2.55906997848
4751.93 2.50376983971
4754.62 2.5448059466
4757.31 2.53175759924
4760.0 2.52057330151
4762.68 2.45560171687
4765.37 2.44463354084
4768.06 2.44349890194
4770.75 2.45479126052
4773.43 2.49574632177
4776.12 2.52232929029
4778.81 2.5148730918
4781.5 2.4683528969
4784.18 2.47956420984
4786.87 2.4543049867
4789.56 2.45471021488
4792.25 2.48593979985
4794.93 2.50144653148
4797.62 2.50304042899
4800.31 2.49093761405
4802.99 2.50911885167
4805.68 2.5180338716
4808.37 2.47848360136
4811.06 2.49093761405
4813.74 2.49366615045
4816.43 2.49731320406
4819.12 2.51268485964
4821.81 2.50741689332
4824.49 2.44285053685
4827.18 2.42475034487
4829.87 2.41975253067
4832.56 2.40027456288
4835.24 2.39030594969
4837.93 2.36861273453
4840.62 2.36166982507
4843.31 2.33362803511
4845.99 2.2984542292
4848.68 2.23610312012
4851.37 2.19871406683
4854.06 2.11883008522
4856.74 2.10391768825
4859.43 2.09683970273
4862.12 2.08765453068
4864.8 2.06604236115
4867.49 2.02287205252
4870.18 2.04167464001
4872.87 2.08957261072
4875.55 2.19466178505
4878.24 2.21667918275
4880.93 2.26422595571
4883.62 2.27938148959
4886.3 2.25795842655
4888.99 2.32419972615
4891.68 2.327495582
4894.37 2.36439836147
4897.05 2.38636172875
4899.74 2.4259390142
4902.43 2.43685315981
4905.12 2.416861903
4907.8 2.38122883849
4910.49 2.36912602355
4913.18 2.37650117641
4915.87 2.40559655963
4918.55 2.32803588624
4921.24 2.29113310677
4923.93 2.30950345087
4926.61 2.36901796271
4929.3 2.39476345966
4931.99 2.40386758607
4934.68 2.39354777512
4937.36 2.3934937447
4940.05 2.38757741329
4942.74 2.3937368816
4945.43 2.45279213484
4948.11 2.48566964773
4950.8 2.51749356736
4953.49 2.5051206003
4956.18 2.49420645469
4958.86 2.5264356025
4961.55 2.51784476511
4964.24 2.47756508416
4966.93 2.42599304462
4969.61 2.40567760527
4972.3 2.39119745168
4974.99 2.39757304169
4977.68 2.39892380229
4980.36 2.35010731437
4983.05 2.3256855628
4985.74 2.31382588478
4988.42 2.33800449944
4991.11 2.38241750781
4993.8 2.3896575846
4996.49 2.38336304023
4999.17 2.43906840719
5001.86 2.51106394692
5004.55 2.61796314045
5007.24 2.68320487721
5009.92 2.63357793293
5012.61 2.470406053
5015.3 2.3483513256
5017.99 2.34419098296
5020.67 2.31760801444
5023.36 2.28500065367
5026.05 2.29740063594
5028.74 2.28637842948
5031.42 2.28510871452
5034.11 2.29072787859
5036.8 2.28165076739
5039.48 2.30169605463
5042.17 2.31763502966
5044.86 2.27578846641
5047.55 2.27208738238
5050.23 2.30823373591
5052.92 2.34497442411
5055.61 2.36045414053
5058.3 2.39273731876
5060.98 2.37366457915
5063.67 2.33049427052
5066.36 2.32773871891
5069.05 2.33176398548
5071.73 2.32641497353
5074.42 2.32706333861
5077.11 2.31890474462
5079.8 2.34548771313
5082.48 2.33803151465
5085.17 2.28165076739
5087.86 2.31839145559
5090.55 2.36507374177
5093.23 2.35243062259
5095.92 2.33389818722
5098.61 2.31209691121
5101.29 2.32738752115
5103.98 2.31787816656
5106.67 2.28440631901
5109.36 2.2964010731
5112.04 2.29667122521
5114.73 2.31968818576
5117.42 2.34702758021
5120.11 2.36072429265
5122.79 2.35521318942
5125.48 2.30936837481
5128.17 2.28672962723
5130.86 2.28991742224
5133.54 2.28929607236
5136.23 2.27946253523
5138.92 2.24139810165
5141.61 2.25404122082
5144.29 2.25028610637
5146.98 2.23251009693
5149.67 2.23251009693
5152.36 2.25396017519
5155.04 2.26711658339
5157.73 2.29378059754
5160.42 2.26952093725
5163.1 2.22905214981
5165.79 2.1491951834
5168.48 2.08600660275
5171.17 2.08208939702
5173.85 2.11850590268
5176.54 2.17250931128
5179.23 2.16162218088
5181.92 2.16921345543
5184.6 2.15827229461
5187.29 2.14314377594
5189.98 2.17153676365
5192.67 2.22408135082
5195.35 2.28781023571
5198.04 2.33241235057
5200.73 2.39138655817
5203.42 2.3628855096
5206.1 2.27365426467
5208.79 2.20876372566
5211.48 2.24750353954
5214.17 2.31169168304
5216.85 2.30853090324
5219.54 2.30958449651
5222.23 2.31415006732
5224.91 2.27019631754
5227.6 2.22356806179
5230.29 2.21711142614
5232.98 2.24720637221
5235.66 2.32484809124
5238.35 2.36785630859
5241.04 2.35229554653
5243.73 2.34802714305
5246.41 2.32887335781
5249.1 2.33222324409
5251.79 2.31147556134
5254.48 2.3052620626
5257.16 2.30655879277
5259.85 2.28772919007
5262.54 2.21775979123
5265.23 2.18042476837
5267.91 2.16056858762
5270.6 2.1625677133
5273.29 2.20619728053
5275.97 2.24369439466
5278.66 2.28013791553
5281.35 2.31585202567
5284.04 2.35091777073
5286.72 2.37566370484
5289.41 2.39360180554
5292.1 2.38449767913
5294.79 2.34157050741
5297.47 2.32103894636
5300.16 2.28894487461
5302.85 2.31312348927
5305.54 2.33349295905
5308.22 2.38949549333
5310.91 2.39465539881
5313.6 2.38995475194
5316.29 2.37371860958
5318.97 2.35578050887
5321.66 2.31836444038
5324.35 2.28346078659
5327.04 2.25685080286
5329.72 2.21008747105
5332.41 2.24331618169
5335.1 2.32487510645
5337.78 2.28508169931
5340.47 2.23667043957
5343.16 2.26922376992
5345.85 2.31063808977
5348.53 2.3458659261
5351.22 2.3519983792
5353.91 2.38293079684
5356.6 2.42099523042
5359.28 2.424128995
5361.97 2.38428155743
5364.66 2.36304760087
5367.35 2.32474003039
5370.03 2.32103894636
5372.72 2.30361413468
5375.41 2.3415434922
5378.1 2.36934214525
5380.78 2.36612733503
5383.47 2.34616309343
5386.16 2.35394347446
5388.85 2.36510075698
5391.53 2.33033217925
5394.22 2.31612217779
5396.91 2.29121415241
5399.59 2.26519850334
5402.28 2.27025034797
5404.97 2.24728741785
5407.66 2.24588262683
5410.34 2.26665732478
5413.03 2.30696402095
5415.72 2.31917489673
5418.41 2.3231731481
5421.09 2.33424938498
5423.78 2.32757662764
5426.47 2.31674352766
5429.16 2.28486557761
5431.84 2.28921502673
5434.53 2.26211876918
5437.22 2.32536138026
5439.91 2.30998972469
5442.59 2.32830603836
5445.28 2.3308994987
5447.97 2.33638358672
5450.66 2.30720715786
5453.34 2.29842721399
5456.03 2.32722542988
5458.72 2.33822062113
5461.4 2.29918363992
5464.09 2.27238454971
5466.78 2.28683768808
5469.47 2.29880542696
5472.15 2.24455888144
5474.84 2.24512620089
5477.53 2.25701289413
5480.22 2.28070523498
5482.9 2.27632877065
5485.59 2.30701805138
5488.28 2.32965679896
5490.97 2.32149820496
5493.65 2.3143391738
5496.34 2.30704506659
5499.03 2.30469474315
5501.72 2.27857103324
5504.4 2.29829213793
5507.09 2.30274964789
5509.78 2.28975533097
5512.46 2.29367253669
5515.15 2.31993132267
5517.84 2.32787379497
5520.53 2.32066073339
5523.21 2.3327095179
5525.9 2.31620322342
5528.59 2.27824685069
5531.28 2.31085421147
5533.96 2.30158799378
5536.65 2.32584765408
5539.34 2.34805415827
5542.03 2.39949112174
5544.71 2.38203929485
5547.4 2.3762580395
5550.09 2.41040526735
5552.78 2.37877045421
5555.46 2.39057610181
5558.15 2.3567530565
5560.84 2.33341191341
5563.53 2.30393831722
5566.21 2.32627989747
5568.9 2.30018320276
5571.59 2.32020147479
5574.27 2.33592432812
5576.96 2.35524020463
5579.65 2.37336741182
5582.34 2.3773926784
5585.02 2.32066073339
5587.71 2.28094837188
5590.4 2.32225463089
5593.09 2.26265907342
5595.77 2.27176319983
5598.46 2.32368643712
5601.15 2.3154738127
5603.84 2.32506421293
5606.52 2.35253868344
5609.21 2.35343018543
5611.9 2.33235832015
5614.59 2.31420409774
5617.27 2.33984153384
5619.96 2.3132045349
5622.65 2.27719325743
5625.34 2.27640981628
5628.02 2.30210128281
5630.71 2.32706333861
5633.4 2.32211955483
5636.08 2.33527596303
5638.77 2.3045866823
5641.46 2.32474003039
5644.15 2.30558624514
5646.83 2.29621196661
5649.52 2.32482107602
5652.21 2.33522193261
5654.9 2.30990867905
5657.58 2.28835053995
5660.27 2.25142074527
5662.96 2.24347827297
5665.65 2.23739985029
5668.33 2.26363162105
5671.02 2.28708082499
5673.71 2.32333523937
5676.4 2.35075567946
5679.08 2.33962541215
5681.77 2.28065120455
5684.46 2.28629738384
5687.15 2.31120540922
5689.83 2.31941803364
5692.52 2.30920628354
5695.21 2.28583812524
5697.89 2.27014228712
5700.58 2.2533118101
5703.27 2.297535712
5705.96 2.28100240231
5708.64 2.23912882385
5711.33 2.24158720813
5714.02 2.24166825377
5716.71 2.31447424986
5719.39 2.35345720065
5722.08 2.3658301677
5724.77 2.36426328541
5727.46 2.36256132706
5730.14 2.33416833934
5732.83 2.33087248349
5735.52 2.33130472688
5738.21 2.31163765261
5740.89 2.32879231217
5743.58 2.33503282613
5746.27 2.30099365912
5748.95 2.27419456891
5751.64 2.27921939832
5754.33 2.29823810751
5757.02 2.28678365766
5759.7 2.26182160185
5762.39 2.28321764968
5765.08 2.33659970842
5767.77 2.36334476821
5770.45 2.31279930672
5773.14 2.34656832161
5775.83 2.32293001119
5778.52 2.24798981335
5781.2 2.26252399736
5783.89 2.19520208929
5786.58 2.2335636902
5789.27 2.26476625995
5791.95 2.27449173624
5794.64 2.27816580506
5797.33 2.29764377284
5800.02 2.32230866132
5802.7 2.29467209953
5805.39 2.2957256928
5808.08 2.31858056207
5810.76 2.31374483914
5813.45 2.33668075405
5816.14 2.35615872184
5818.83 2.35977876023
5821.51 2.33759927126
5824.2 2.33017008798
5826.89 2.34567681962
5829.58 2.36566807643
5832.26 2.33992257948
5834.95 2.31760801444
5837.64 2.33478968922
5840.33 2.35356526149
5843.01 2.33238533536
5845.7 2.31698666457
5848.39 2.27921939832
5851.08 2.28238017811
5853.76 2.27603160332
5856.45 2.24707129615
5859.14 2.24534232259
5861.83 2.22870095205
5864.51 2.24793578293
5867.2 2.2614704041
5869.89 2.27165513899
5872.57 2.28610827736
5875.26 2.31279930672
5877.95 2.32347031543
5880.64 2.30518101697
5883.32 2.27354620382
5886.01 2.21630096979
5888.7 2.1419280914
5891.39 2.06312471826
5894.07 2.04515960234
5896.76 2.08670899826
5899.45 2.14527797768
5902.14 2.25328479489
5904.82 2.23432011613
5907.51 2.22035325157
5910.2 2.26138935846
5912.89 2.28094837188
5915.57 2.20938507554
5918.26 2.23842642834
5920.95 2.29756272721
5923.64 2.30620759502
5926.32 2.29067384817
5929.01 2.23588699842
5931.7 2.23372578147
5934.38 2.28238017811
5937.07 2.24890833056
5939.76 2.26549567067
5942.45 2.26452312304
5945.13 2.26606299012
5947.82 2.23588699842
5950.51 2.25984949138
5953.2 2.24890833056
5955.88 2.24453186623
5958.57 2.2619296627
5961.26 2.26530656419
5963.95 2.27341112776
5966.63 2.25233926247
5969.32 2.25406823603
5972.01 2.31552784313
5974.7 2.26157846495
5977.38 2.25355494701
5980.07 2.24936758916
5982.76 2.28327168011
5985.45 2.24434275975
5988.13 2.2174626239
5990.82 2.21103300346
5993.51 2.26357759063
5996.19 2.27708519658
5998.88 2.24523426174
6001.57 2.21748963911
6004.26 2.22270357501
6006.94 2.19820077781
6009.63 2.20427920049
6012.32 2.22986260616
6015.01 2.19287878106
6017.69 2.2083855127
6020.38 2.21238376406
6023.07 2.20630534138
6025.76 2.21781382165
6028.44 2.24882728492
6031.13 2.25009699988
6033.82 2.24463992708
6036.51 2.23196979269
6039.19 2.23218591439
6041.88 2.24623382458
6044.57 2.26852137441
6047.25 2.2927810347
6049.94 2.29829213793
6052.63 2.28265033023
6055.32 2.23097022985
6058.0 2.26368565147
6060.69 2.24655800712
6063.38 2.24674711361
6066.07 2.25433838815
6068.75 2.2573911071
6071.44 2.29953483768
6074.13 2.27749042476
6076.82 2.27176319983
6079.5 2.25668871159
6082.19 2.20711579774
6084.88 2.19485089153
6087.57 2.24010137148
6090.25 2.30075052221
6092.94 2.32614482141
6095.63 2.24726040263
6098.32 2.20897984736
6101.0 2.20060513167
6103.69 2.22934931714
6106.38 2.23975017372
6109.06 2.24642293106
6111.75 2.32428077179
6114.44 2.31104331795
6117.13 2.2535279318
6119.81 2.23067306252
6122.5 2.23388787274
6125.19 2.21884039971
6127.88 2.20425218527
6130.56 2.18082999655
6133.25 2.23375279668
6135.94 2.19979467531
6138.63 2.18977203169
6141.31 2.17567009108
6144.0 2.20257724214
6146.69 2.19890317332
6149.38 2.21403169199
6152.06 2.22273059022
6154.75 2.20168574014
6157.44 2.18309927435
6160.13 2.11404839271
6162.81 2.09054515835
6165.5 2.10167542566
6168.19 2.13703833805
6170.87 2.10896953287
6173.56 2.12850153108
6176.25 2.15956902478
6178.94 2.19368923742
6181.62 2.18655722147
6184.31 2.17264438734
6187.0 2.1373895358
6189.69 2.10286409498
6192.37 2.15178864375
6195.06 2.15408493676
6197.75 2.15829930982
6200.44 2.18280210702
6203.12 2.1321755999
6205.81 2.16305398711
6208.5 2.19268967458
6211.19 2.20700773689
6213.87 2.18407182198
6216.56 2.1360387752
6219.25 2.12339565603
6221.94 2.0979203112
6224.62 2.09824449374
6227.31 2.13390457346
6230.0 2.08211641223
6232.68 2.13349934529
6235.37 2.09856867629
6238.06 2.10362052091
6240.75 2.08860006309
6243.43 2.09529983565
6246.12 2.05999095368
6248.81 2.02427684354
6251.5 2.01863066425
6254.18 2.02138621586
6256.87 2.04145851831
6259.56 2.05874825393
6262.25 2.09529983565
6264.93 2.13428278643
6267.62 2.11858694831
6270.31 2.12496253832
6273.0 2.1435219889
6275.68 2.14360303454
6278.37 2.12153160641
6281.06 2.06642057412
6283.74 2.06485369183
6286.43 2.05750555419
6289.12 2.10910460893
6291.81 2.13374248219
6294.49 2.25817454824
6297.18 2.40057173022
6299.87 2.46656989291
6302.56 2.47181084402
6305.24 2.35985980587
6307.93 2.23151053409
6310.62 2.17575113671
6313.31 2.15435508888
6315.99 2.13509324279
6318.68 2.12215295628
6321.37 2.05537135245
6324.06 2.07655127858
6326.74 2.08527719203
6329.43 2.0541286527
6332.12 2.06288158136
6334.81 2.07063494717
6337.49 2.08597958754
6340.18 2.10432291642
6342.87 2.09821747853
6345.55 2.15573286469
6348.24 2.18828619504
6350.93 2.16791672526
6353.62 2.0935978773
6356.3 2.02708642558
6358.99 2.07258004243
6361.68 2.13730849016
6364.37 2.17748011027
6367.05 2.18720558656
6369.74 2.17488664993
6372.43 2.19784958005
6375.12 2.1401180722
6377.8 2.1099420805
6380.49 2.11837082662
6383.18 2.17213109832
6385.87 2.14311676072
6388.55 2.08371030974
6391.24 2.12674554231
6393.93 2.13360740613
6396.62 2.09921704137
6399.3 2.08081968206
6401.99 2.11828978098
6404.68 2.14300869988
6407.36 2.09889285883
6410.05 2.04667245421
6412.74 2.06763625865
6415.43 2.07490335066
6418.11 2.04880665595
6420.8 2.08338612719
6423.49 2.10829415257
6426.18 2.12091025654
6428.86 2.09276040573
6431.55 2.0409722445
6434.24 2.04575393701
6436.93 2.05529030681
6439.61 2.09508371395
6442.3 2.1364710186
6444.99 2.09078829526
6447.68 2.11337301241
6450.36 2.09540789649
6453.05 2.04275524848
6455.74 2.07176958607
6458.43 2.00501499745
6461.11 2.04372779611
6463.8 2.07898264765
6466.49 2.08530420724
6469.17 2.08897827606
6471.86 2.06117962301
6474.55 2.08335911198
6477.24 2.10751071143
6479.92 2.11418346877
6482.61 2.11537213809
6485.3 2.10075690845
6487.99 2.04378182654
6490.67 2.03046332707
6493.36 1.98821153564
6496.05 1.9833487975
6498.74 2.007635473
6501.42 2.01460539767
6504.11 2.08195432096
6506.8 2.10459306854
6509.49 2.0711482362
6512.17 2.05348028761
6514.86 2.05737047813
6517.55 2.13228366075
6520.23 2.09208502543
6522.92 2.06542101128
6525.61 2.0557225502
6528.3 2.07179660129
6530.98 2.07009464294
6533.67 2.05475000257
6536.36 2.08100878855
6539.05 2.17483261951
6541.73 2.3222816461
6544.42 2.46840692732
6547.11 2.56947083507
6549.8 2.57484686224
6552.48 2.56271703209
6555.17 2.78499819568
6557.86 3.4052674611
6560.55 4.01743216296
6563.23 4.13602894324
6565.92 3.72809924341
6568.61 3.02651419014
6571.3 2.45654724929
6573.98 2.33141278773
6576.67 2.65146200321
6579.36 3.21859234681
6582.04 3.75133232566
6584.73 3.81751959483
6587.42 3.3585311445
6591.7 2.07511947235
6606.89 2.11342704284
6622.13 2.11801962886
6637.39 2.08868110873
6652.69 2.0883839414
6668.03 2.06420532674
6683.4 2.0402968642
6698.81 2.09235517755
6714.25 2.07765890227
6729.73 2.06782536514
6745.24 2.03918924051
6760.79 2.03891908839
6776.38 2.0339482894
6792.0 2.0196572423
6807.65 2.06166589682
6823.35 2.06612340678
6839.08 2.07060793196
6854.84 2.07031076463
6870.64 1.9951544451
6886.48 2.04135045746
6902.36 2.03635264326
6918.27 2.0407561228
6934.22 2.01247119593
6950.2 2.06858179107
6966.22 2.04931994498
6982.28 2.02557357371
6998.38 2.05818093448
7014.51 2.02500625426
7030.68 1.99231784785
7046.89 2.04313346145
7063.13 2.01946813582
7079.41 2.02384460015
7095.74 1.95033620854
7112.09 1.97718932918
7128.49 1.94976888909
7144.92 1.94949873697
7161.39 1.94920156964
7177.9 1.93550485721
7194.45 1.80191463432
7211.03 1.89090274234
7227.66 1.9615745367
7244.32 1.93882772827
7261.02 1.91635107196
7277.75 1.97429870151
7294.53 1.92461772681
7311.35 1.96462725564
7328.2 2.00547425605
7345.09 2.05188639011
7362.03 1.95922421326
7379.0 2.05599270232
7396.01 1.9631684342
7413.06 2.04121538141
7430.15 1.95806255915
7447.28 2.00795965555
7464.44 2.05442582003
7481.65 2.02127815502
7498.9 2.01168775479
7516.18 2.03935133178
7533.51 2.0484554582
7550.88 2.06709595441
7568.28 2.03373216771
7585.73 2.03340798516
7603.22 2.0144433064
7620.74 1.97737843566
7638.31 1.97705425312
7655.92 1.97675708579
7673.57 1.86159123742
7691.26 1.94452793798
7708.99 1.83125315445
7726.76 1.91724257396
7744.57 1.94360942078
7762.43 1.91664823929
7780.32 1.83854726167
7798.25 1.89409053735
7816.23 1.89816983435
7834.25 1.94652706366
7852.31 1.95519894669
7870.41 1.95039023897
7888.56 1.91448702234
7906.74 1.88790405382
7924.97 1.84889408783
7943.24 1.86569754963
7961.55 1.88266310271
7979.9 1.8910378184
7998.3 1.91702645226
8016.73 1.89041646853
8035.21 1.8259311577
8053.73 1.87245135261
8072.3 1.92904822156
8090.91 1.86753458404
8109.56 1.9019249488
8128.26 1.90162778147
8146.99 1.9100835428
8165.77 1.9141628398
8184.6 1.83614290781
8203.47 1.76941533439
8222.38 1.86964177057
8241.33 1.74858660601
8260.33 1.93469440085
8279.37 1.93882772827
8298.46 1.80910068068
8317.59 1.85092022872
8336.76 1.84635465791
8355.98 1.84178908709
8375.25 1.87569317804
8394.55 1.82006885672
8413.9 1.88806614509
8433.3 1.84051937213
8452.74 1.80661528119
8472.22 1.83562961878
8491.75 1.83954682451
8511.33 1.72438097614
8530.95 1.85591804292
8550.62 1.1898309781
8570.33 1.83825009433
8590.09 1.82106841956
8609.89 1.75085588381
8629.74 1.83303615844
8649.63 1.85394593245
8669.57 1.32744646756
8689.55 1.73356614819
8709.59 1.78592162887
8729.66 1.87407226533
8749.78 1.78527326378
8769.96 1.82652549237
8790.17 1.86442783467
8810.44 1.87269448952
8830.75 1.83395467564
8851.1 1.82101438914
8871.51 1.56758468622
8891.96 1.73840187112
8912.46 1.79089242786
8933.0 1.78643491789
8953.59 1.749478108
8974.24 1.67043159796
8994.92 1.68945030714
9015.66 1.65832878302
9036.44 1.70444374975
9057.27 1.8815014486
9078.15 1.75558354589
9099.08 1.67240370843
9120.06 1.82079826744
9141.08 1.69112525028
9162.15 1.62215541428
9183.27 1.56680124507
9204.44 1.69406990838
9225.66 1.63623033968
9246.93 1.64347041647
9268.24 1.70090475699
9289.61 1.65041332593
9311.03 1.76403930722
9332.49 1.76776740646
9354.0 1.76336392692
9375.57 1.73883411451
9397.18 1.75863626484
9418.84 1.72221975919
9440.55 1.7660384329
9462.32 1.77384582914
9484.13 1.77349463139
9505.99 1.73278270704
9527.91 1.7165735799
9549.87 1.62393841826
9571.88 1.71192696345
9593.95 1.75955478204
9616.07 1.74304848757
9638.23 1.75074782296
9660.45 1.7383478407
9682.72 1.75004542745
9705.04 1.72967595767
9727.41 1.71346683053
9749.84 1.70525420611
9772.31 1.71276443502
9794.84 1.69671739914
9817.42 1.72392171754
9840.05 1.70776662081
9862.74 1.70349821733
9885.48 1.69922981385
9908.26 1.69496141037
9931.1 1.70244462407
9953.99 1.70601063204
9976.94 1.70565943429
9999.95 1.69747382508
10023.0 1.67383551466
10069.26 1.64257891448
10115.73 1.69569082109
10185.86 1.68680281637
10232.87 1.69388080189
10280.1 1.69704158169
10303.8 1.69277317821
10495.37 1.6405797888
10690.49 1.58122736823
10889.24 1.51006930007
11091.68 1.46552121563
11297.9 1.44542189797
11507.94 1.44542189797
11694.93 1.41251736986
11912.35 1.36772614852
12105.91 1.34895057624
12302.61 1.33349787503
12502.51 1.30016110353
12705.66 1.27349708938
12912.11 1.25023699193
13091.74 1.23308233237
13304.46 1.19947540875
13489.55 1.1775930871
13708.73 1.15608897843
13899.44 1.11942933586
14092.8 1.07398974943
14288.85 1.05923944373
14487.63 1.06412919709
14689.18 1.03276453606
14893.53 1.04710961359
15100.72 1.05194533652
15310.79 1.06658758137
15488.07 1.06169782802
15703.53 1.03992356722
15885.37 1.00229137703
16106.36 1.00691097826
16292.87 1.00691097826
16481.54 0.993106204979
16710.8 0.995402497992
16904.31 0.981732800766
17100.05 0.970494472612
17298.07 0.933240495389
17498.35 0.912006538829
17700.98 0.879020965088
17905.95 0.847224060672
18113.3 0.807214531835
18280.89 0.790681222147
18492.58 0.767367094269
18706.71 0.732814638238
18879.79 0.719442108343
19098.41 0.711202468711
19319.57 0.691832561772
19498.34 0.666789460333
19678.74 0.650121074585
19906.62 0.632399095573
20090.82 0.62372721255
20276.7 0.60532985324
20511.5 0.601169510606
20701.3 0.588850573976
20892.84 0.578098519636
21086.16 0.570156047335
21281.26 0.55975519075
21478.18 0.549543440649
21676.92 0.533334313504
21877.48 0.527228875612
22079.92 0.515234121525
22284.21 0.502347865444
22490.41 0.49281149564
22698.52 0.476602368495
22908.54 0.429082610747
23120.52 0.422490899042
23280.77 0.374295760996
23496.19 0.350198191974
23713.61 0.351008648331
23877.97 0.32396642121
24098.92 0.310701952163
24321.89 0.304110240457
24490.5 0.283146436016
24717.09 0.275744267953
24888.43 0.239500659656
24940.12 0.22526364298
25034.62 0.221651709148
25129.22 0.226514447292
25223.81 0.233943630567
25318.31 0.234845938644
25412.91 0.228497363846
25507.5 0.237682535895
25602.0 0.230893613142
25696.59 0.236545195473
25791.09 0.236993647991
25885.69 0.239805931551
25980.28 0.237820313476
26074.78 0.245527753433
26169.38 0.252924518454
26263.97 0.247921301208
26358.47 0.246322000663
26453.07 0.244206709571
26547.57 0.242102224563
26642.16 0.231609516258
26736.76 0.22492325131
26831.26 0.219177115737
26925.86 0.222772840442
27020.45 0.214727710336
27114.95 0.211118478025
27209.54 0.207652426337
27304.04 0.208500703991
27398.64 0.201617227997
27493.24 0.201036400941
27587.73 0.199723461642
27682.33 0.198991349399
27776.93 0.199169649798
27871.42 0.200366423685
27966.02 0.198097145885
28060.52 0.190089837075
28155.11 0.182447233626
28249.71 0.181193727794
28344.21 0.176001404065
28438.8 0.171741105147
28533.4 0.163758110028
28627.9 0.16285580195
28722.49 0.158722474528
28816.99 0.157444655004
28911.59 0.15514295895
29006.18 0.156482913461
29100.68 0.155423917154
29195.28 0.157609447797
29289.88 0.14906453627
29384.37 0.144001885559
29478.97 0.14280241015
29573.47 0.142567377806
29668.06 0.139606510581
29762.66 0.13588381438
29857.16 0.13554342271
29951.75 0.139725377513
30046.35 0.138623156868
30140.85 0.142016267483
30235.44 0.140252174146
30329.94 0.139336358462
30424.54 0.136083726948
30519.13 0.142653826484
30613.63 0.137388561683
30708.23 0.135694707897
30802.82 0.137137320213
30897.32 0.134316932089
30991.92 0.133563207677
31086.42 0.133973838898
31181.01 0.131058897533
31275.61 0.128295241355
31370.11 0.133890091741
31464.7 0.133079635384
31559.3 0.141281453719
31653.8 0.146492688097
31748.39 0.140862717935
31842.89 0.142467421522
31937.49 0.142399883492
32032.08 0.145503931341
32126.58 0.149693990708
32221.18 0.161802208685
32315.77 0.17764663047
32410.27 0.192729223279
32504.87 0.225733707668
32599.37 0.263382106984
32693.96 0.290872786622
32788.56 0.309081039449
32883.06 0.318320241921
32977.65 0.330287980797
33072.25 0.32466881672
33166.75 0.289413965179
33261.34 0.251092887086
33355.84 0.216375638262
33450.44 0.198329476707
33545.04 0.18506500766
33639.53 0.180250896898
33734.13 0.182185186071
33828.72 0.18023198625
33923.22 0.18163947879
34017.82 0.176925324312
34112.32 0.180934381759
34206.92 0.181361222107
34301.51 0.176992862342
34396.01 0.167307908872
34490.6 0.166775709198
34585.2 0.162974668882
34679.7 0.160381208539
34774.29 0.164538849652
34868.79 0.154764745983
34963.39 0.155567097777
35057.98 0.159162822482
35152.48 0.159916546894
35247.08 0.152368496687
35341.67 0.144650250644
35436.17 0.139776706416
35530.77 0.134071093661
35625.27 0.13656459772
35719.86 0.136532179466
35814.46 0.136561896199
35908.96 0.131431707457
36003.56 0.132023340598
36098.15 0.126617596695
36192.65 0.124542828421
36287.24 0.123597296004
36381.74 0.125037206799
36476.34 0.124024136352
36570.93 0.123624311216
36665.43 0.122649062066
36760.03 0.122070936531
36854.62 0.119661179629
36949.12 0.120223096037
37043.72 0.119328892522
37138.22 0.120849848953
37232.81 0.115519747643
37327.41 0.122495075358
37421.91 0.134527650742
37516.5 0.130672580003
37611.1 0.12245455254
37705.59 0.127120079637
37800.19 0.120920088504
37894.69 0.118005147139
37989.29 0.121222658877
38083.88 0.117300050108
38178.38 0.118218567313
38272.98 0.119442356412
38367.57 0.115125325549
38462.07 0.117589112875
38556.67 0.117308154672
38651.17 0.117675561554
38745.76 0.111761931667
38840.36 0.113885327323
38934.86 0.114228420514
39029.45 0.114892994727
39124.05 0.113971776001
39218.54 0.115238789439
39313.14 0.112204981142
39407.64 0.111810559048
39502.24 0.113663802585
39596.83 0.115144236198
39691.33 0.114936219066
39785.93 0.114857874951
39880.52 0.116041141233
39975.02 0.111251344162
40069.62 0.113453083932
40164.12 0.12206823501
40258.71 0.12651493889
40353.31 0.138952742453
40447.81 0.147281532284
40542.41 0.146144191863
40636.9 0.137075185225
40731.5 0.135251658421
40826.09 0.117005584298
40920.59 0.111810559048
41015.19 0.10568891203
41109.78 0.101588002862
41204.28 0.101244909671
41298.88 0.0998049988759
41393.47 0.100256152915
41487.97 0.104024774976
41582.57 0.108055444593
41677.07 0.108884811598
41771.66 0.107509737312
41866.26 0.109211695663
41960.75 0.106110349335
42055.36 0.0987838238657
42149.95 0.0979841735932
42244.45 0.0918544220111
42339.04 0.089814773512
42433.54 0.0826935636528
42528.14 0.0817777479691
42622.73 0.0833095104844
42717.23 0.0835175276161
42811.83 0.0831798374672
42906.33 0.0833878545989
43000.92 0.0903361671018
43095.52 0.0958526733736
43190.02 0.0996293999985
43284.61 0.0971629111512
43379.21 0.0952529356692
43473.7 0.0906819618143
43568.3 0.0971007761638
43662.9 0.095150277864
43757.4 0.096806310354
43851.99 0.0924379505883
43946.49 0.0894554711936
44041.09 0.0912627888703
44135.68 0.0918138991932
44230.18 0.0902362108178
44324.78 0.0906063192209
44419.28 0.08779133414
44513.87 0.0871159538423
44608.47 0.0789546583247
44702.97 0.0754561883825
44797.56 0.077444507979
44892.16 0.0767177987786
44986.65 0.0777200631404
45081.25 0.0780415441621
45175.85 0.0826638469197
45270.35 0.0787088198963
45364.94 0.0745835970378
45459.44 0.0755507416241
45554.03 0.0741729658168
45648.63 0.0721414218813
45743.13 0.0704718817853
45837.73 0.0674191628396
45932.23 0.0663034345878
46026.82 0.0653497976074
46121.42 0.0721873477415
46215.91 0.0750617662886
46310.51 0.0807781851285
46405.11 0.0805053314882
46499.61 0.0846251513043
46594.2 0.0852248890087
46688.8 0.0860299423236
46783.3 0.0873320755376
46877.89 0.093083614153
46972.39 0.0912033554041
47066.99 0.0899444465292
47161.58 0.0936671427302
47256.08 0.0890637506209
47350.68 0.0890313323666
47445.27 0.0861812275103
47539.77 0.0852492026994
47634.37 0.0767340079058
47728.86 0.0792869454311
47823.46 0.0802730006658
47918.06 0.0892744692738
48012.55 0.0834499895863
48107.15 0.0828718640514
48201.74 0.0744431179359
48296.25 0.0731788060186
48391.82 0.0685348910914
48875.74 0.0690860014144
49364.49 0.0696425147797
49858.14 0.0702071327086
50356.72 0.0707744521587
50860.29 0.0713471746511
50984.61 0.0714903552743
51280.12 0.0744512224995
51575.64 0.0821667670206
51871.15 0.0980246964111
52166.67 0.126047575724
52462.28 0.142191866361
52757.8 0.124437469094
53053.31 0.122176295858
53348.82 0.131364169428
53644.34 0.100569529373
53939.95 0.0872807466349
54235.47 0.0885207448616
54530.98 0.0885477600735
54826.5 0.0958931961915
55122.01 0.111100058975
55417.62 0.107244988236
55713.14 0.108506598632
56008.65 0.133393011842
56304.17 0.157109666377
56599.69 0.168242635204
56895.3 0.174583105439
57190.81 0.170925245747
57486.33 0.159060164677
57781.84 0.145393168972
58077.36 0.136402506449
58372.97 0.141073436588
58668.48 0.143812779075
58964.0 0.146619659593
59259.52 0.142737573641
59555.03 0.149877694149
59850.64 0.182522876219
60146.15 0.209505669874
60441.67 0.217761518633
60737.19 0.225017804552
61032.7 0.261239800679
61328.31 0.342552887004
61623.83 0.498565735777
61919.35 0.656118451629
62214.85 0.686186382483
62510.37 0.607788237524
62805.98 0.498727827048
63101.5 0.420032514758
63397.01 0.359410379235
63692.53 0.316834405266
63988.04 0.282714192626
64283.65 0.254642685931
64579.17 0.235872516697
64874.68 0.221865129322
65170.2 0.21584884163
65465.71 0.20958671551
65761.33 0.21069974224
66056.84 0.218377465465
66352.36 0.223323950765
66647.87 0.219860600599
66943.39 0.218209971151
67239.0 0.218031670752
67534.51 0.213825402258
67830.03 0.210432291642
68125.55 0.211472377301
68421.06 0.212866362235
68716.67 0.221767874559
69012.19 0.249363913524
69307.7 0.259559454499
69603.21 0.335258779788
69898.73 0.406416847956
70194.34 0.328937220202
70489.86 0.294627901077
70785.37 0.295546418282
71080.89 0.301894993081
71376.4 0.304677559907
71672.01 0.303894118762
71967.53 0.307865354913
72263.05 0.320157276331
72558.56 0.333556821438
72854.07 0.355331082236
73149.69 0.378510134054
73445.2 0.363408630597
73740.71 0.428731412993
74036.23 0.458177993973
74627.26 0.533928648165
75218.39 0.624240501577
75809.41 0.705313152515
76400.45 0.762261219219
76991.57 0.729518782385
77582.61 0.711634712102
78173.73 0.695938873983
78764.76 0.63985529406
79355.79 0.558080247612
79946.91 0.476629383707
80537.94 0.410766297073
81128.98 0.353277926131
81720.1 0.321913265105
82311.13 0.308297598303
82902.16 0.299976913035
83493.29 0.292385638489
84084.32 0.286199154962
84675.45 0.286550352717
85266.48 0.294033566415
85857.51 0.297059270149
86448.64 0.272772594643
87039.66 0.224526127695
87630.7 0.176963145609
88221.82 0.137294008442
88812.85 0.108811870526
89403.88 0.0945532416808
89995.0 0.0842280276893
90586.04 0.0699126668988
91177.16 0.0617324607328
91768.19 0.057361399446
92359.22 0.0529011879598
92950.34 0.0485652464484
93541.38 0.0453504362313
94132.41 0.0426218998285
94723.54 0.0408226867154
95314.56 0.0404201600579
95905.59 0.0432810709991
96496.72 0.0494621514838
97087.76 0.0418681754163
97678.88 0.0343876632387
98269.91 0.0329099311473
98860.94 0.03055690619
99452.07 0.0298464061168
100043.1 0.0308513719998
100634.13 0.0316348131452
101225.25 0.031164748458
101816.28 0.0316483207512
102407.31 0.0316672313995
102998.43 0.0334313247371
103589.47 0.033825746831
104180.6 0.0359950683473
104771.62 0.0411657799066
105362.66 0.0464040294957
105953.79 0.0496755716579
106544.82 0.0480006285196
107135.84 0.0482680791175
107726.97 0.0486895164232
108318.0 0.0492460297885
108909.04 0.0521501650687
109500.15 0.0608679739517
110091.19 0.0731247755947
110682.31 0.0837687690868
111273.34 0.122754421392
111864.38 0.207927981498
112455.5 0.252003299728
113046.53 0.231398797605
113637.56 0.192821074999
114228.68 0.165157498004
114819.71 0.144123454012
115410.74 0.131955802569
116001.87 0.120968715885
116592.9 0.115346850287
117184.03 0.113580055428
117775.06 0.113239663758
118366.09 0.119334295565
118957.22 0.127371321108
119548.25 0.13549749685
120139.28 0.140403459332
120730.4 0.140087381353
121321.43 0.138669082728
121912.47 0.142067596386
122503.59 0.155394200421
123094.62 0.164338937084
123685.75 0.166983726329
124276.77 0.172956789683
124867.81 0.183787188137
125458.93 0.198440239076
126049.96 0.212245012361
126640.99 0.224669308318
127232.13 0.270368240783
127823.15 0.398501390867
128414.17 0.391774603101
129005.31 0.199539758201
129596.33 0.149531899436
130187.36 0.138342198664
130778.49 0.134692443535
131369.52 0.134511441615
131960.65 0.134168348424
132551.68 0.132544734188
133142.7 0.130964344291
133733.84 0.12984861604
134324.86 0.129197549433
134915.89 0.130931926037
135507.02 0.130029617959
136098.05 0.126801300136
136689.08 0.124537425378
137280.21 0.120890371771
137871.24 0.118164536889
138462.37 0.117737696541
139053.4 0.116219441632
139644.42 0.113998791213
140235.56 0.111340494361
140826.58 0.109076619603
141417.61 0.109065813518
142455.03 0.120093423019
143282.57 0.119874599803
144110.08 0.116062753403
144937.6 0.107120718261
145765.02 0.104732573528
146592.54 0.104778499388
147420.06 0.103862683705
148247.48 0.103503381386
149075.0 0.101263820319
149902.52 0.0982732363606
150729.94 0.0946315857953
151557.46 0.0926756844531
152384.99 0.0935617834037
153212.41 0.094428971706
154039.93 0.0961282285351
154867.45 0.100142689025
155694.86 0.128270927664
156522.39 0.103441246399
157349.9 0.0942290591379
158177.42 0.0942074469684
159004.85 0.0952394280633
159832.38 0.0918328098416
160659.88 0.0899822678258
161487.32 0.0893825301215
162314.82 0.0917058383456
163142.34 0.100931533212
163969.78 0.110059973316
164797.28 0.116708416967
165624.81 0.10970607404
166452.22 0.105629478563
167279.75 0.107042374146
168107.27 0.108647077734
168934.68 0.11167818451
169762.21 0.131129137084
170589.73 0.138066643502
171417.24 0.115889856046
172244.67 0.109662849701
173072.2 0.109125246984
173899.7 0.10913875459
174727.14 0.1036708757
175554.66 0.0968954605533
176382.17 0.0945235249477
177209.6 0.0944694945239
178037.1 0.0920867528335
178864.63 0.0912222660524
179692.06 0.0897850567789
180519.57 0.0865783511253
181347.09 0.0854437122251
182174.5 0.0832933013572
183002.03 0.0825422784661
183829.56 0.0826773545257
184657.08 0.0845251950202
185484.49 0.0869484595285
186312.02 0.0898201765544
187139.52 0.11902902367
187966.96 0.102868523906
188794.48 0.088555864637
189622.0 0.0898606993722
190449.42 0.0898688039358
191276.95 0.09087647134
192104.46 0.0926513707624
192931.88 0.092348800389
193759.4 0.094202043926
194586.91 0.0956824775386
195414.35 0.0974330632703
196241.85 0.0986352402002
197069.39 0.100437154835
197896.9 0.101925693011
198724.31 0.103260244479
199551.84 0.10451104879
201206.79 0.105429565995
202861.82 0.108609256437
204516.78 0.112985720766
206171.7 0.116189724899
207826.74 0.116943449311
209481.68 0.119512595963
211136.73 0.121255077131
212791.67 0.122984050694
214446.61 0.125628839939
216101.66 0.127171408539
217756.6 0.129148922051
219411.52 0.131104823393
221066.56 0.133390310321
222721.51 0.133398414884
224376.55 0.135981069143
226031.49 0.137418278416
227686.43 0.138836577042
229341.48 0.14096537574
230996.42 0.141611039305
232651.36 0.143939750571
234306.38 0.146519703309
235961.34 0.148248676871
237616.37 0.151522920554
239271.31 0.156358643486
240926.25 0.159432974601
242581.3 0.161659028062
244236.24 0.16623540496
245891.18 0.170598361683
247546.23 0.174218400079
249201.17 0.178605670493
250856.19 0.183063180458
252511.13 0.185713372746
254166.08 0.187158686583
255821.12 0.187285658079
257476.07 0.195371311003
259131.01 0.208811378928
260786.04 0.207555171574
262440.98 0.204151254874
264096.01 0.202065680514
265750.96 0.205018443176
267405.93 0.210929371542
269060.96 0.214795248366
270715.87 0.214749322505
272370.81 0.216402653474
274025.88 0.218126223994
275680.82 0.223172665579
277335.85 0.224909743704
278990.79 0.228537886664
280645.74 0.233689687575
282300.77 0.237552862878
283955.71 0.238981967588
285610.65 0.240178741475
287265.68 0.2443633978
288920.63 0.245865443582
290575.66 0.250871362349
292230.63 0.254404952066
293885.57 0.255677368547
295540.61 0.258516667319
297195.55 0.261890867286
298850.49 0.261669342549
300505.52 0.267037265155
302160.46 0.269841444151
303815.5 0.27144884926
305470.44 0.273204838034
307125.38 0.275366054986
308780.41 0.283956892373
310435.38 0.284578242247
312090.33 0.282417025295
313745.36 0.284632272671
315400.27 0.290332482384
317055.33 0.294087596839
318710.28 0.294654916289
320365.22 0.294465809806
322020.25 0.296572996335
323675.19 0.305866229231
325330.13 0.312511971361
326985.2 0.323345071336
328640.14 0.313025260387
330295.14 0.326992124944
331950.08 0.333340699743
333605.05 0.348739370531
335260.06 0.34179646107
336915.0 0.326127638163
338569.94 0.326262714223
340225.0 0.338851802972
341879.91 0.3375550728
