100.1 1.40232092317e-05
101.96 1.85288115184e-05
104.1 2.24308674146e-05
106.03 2.7659931505e-05
108.01 3.48214303871e-05
110.01 4.89605857063e-05
113.88 6.89994122166e-05
117.88 9.18021427587e-05
120.91 0.000332545913668
124.87 0.000409112113793
126.9 0.000441409888799
128.07 0.00046650020431
131.05 0.000513860525097
131.96 0.000606533830351
134.11 0.000642466671883
136.91 0.000808823193465
140.1 0.000878725104957
143.04 0.00249942160518
147.04 0.00642466671883
151.16 0.00680530414483
155.04 0.00729206880047
159.02 0.00783147924719
161.97 0.00820062652037
166.13 0.00886851776676
170.0 0.00939393111823
173.16 0.00983661536944
177.19 0.0103716386669
180.07 0.0107608414795
182.16 0.0110877885551
185.97 0.0116372267716
191.18 0.0123552568666
193.84 0.0128779543638
197.9 0.0133920864743
202.04 0.0140555905714
204.85 0.0144826064324
210.11 0.0145494582306
216.0 0.0161008377726
220.01 0.0167820993786
223.07 0.0170156628486
227.22 0.0177765198768
229.85 0.0270916912203
234.12 0.0463282961522
240.13 0.0562140058109
245.72 0.0527042864055
252.03 0.0553156847726
256.71 0.0464348412056
260.28 0.0529487132926
263.9 0.055060812292
268.81 0.0545573346868
273.81 0.0538073410758
278.9 0.0531931401798
284.08 0.0527042864055
290.03 0.0496416384005
296.1 0.0498714414568
300.92 0.0489605857063
307.93 0.0486242375966
318.01 0.0485114251871
327.68 0.0472976472261
337.63 0.0459042050574
347.89 0.0443457225118
356.82 0.0431361227882
365.97 0.0421542370021
375.36 0.0409112113793
384.99 0.0384460513207
394.86 0.0382684762318
404.99 0.0372260060036
414.42 0.0360456539416
422.13 0.0348214303871
429.98 0.0338729705002
441.01 0.0327218660999
451.28 0.031466305765
459.67 0.0303987661125
470.38 0.0293667414778
480.23 0.0284997572199
490.28 0.0272170383419
500.55 0.0265986592086
506.34 0.0258737350219
512.21 0.0260533992295
520.53 0.0253430988737
530.21 0.0243695695624
540.06 0.0231662371948
550.1 0.0223285005986
560.33 0.021971261302
569.44 0.0215701505128
580.02 0.0206465511383
589.45 0.0201303299091
600.41 0.0191359094108
610.16 0.0167436595947
620.08 0.0183589661686
630.15 0.0176135686187
640.39 0.0172523599966
649.3 0.0166665711149
658.33 0.0161008377726
664.42 0.0159901144818
675.22 0.015590048252
684.61 0.014751893832
695.74 0.0146842063864
705.42 0.013862764916
715.23 0.013862764916
725.18 0.0134848433443
735.27 0.0131779518082
745.5 0.0127306714959
755.87 0.0123836688808
764.62 0.011164668123
775.26 0.0117178667531
784.23 0.0112162693548
795.14 0.011062301307
804.35 0.0108354230169
815.54 0.010588907011
824.98 0.0103478227138
834.54 0.00954664569475
844.2 0.00979149040565
855.94 0.00952470994846
865.86 0.0093293773506
875.88 0.00915911417706
883.99 0.00895062013142
894.22 0.00876698659825
904.58 0.00850835370396
915.05 0.00979149040565
925.65 0.0173319554188
934.21 0.0264754012057
945.03 0.0381807332466
955.97 0.0477363621518
964.82 0.0518623715719
975.99 0.0192685684479
985.02 0.0444480893278
994.13 0.0450664684612
1005.65 0.0594082682937
1014.95 0.0576575868283
1024.34 0.0295025341929
1033.82 0.0443457225118
1045.79 0.0717549597736
1055.47 0.0699604068157
1065.23 0.0568658108434
1075.09 0.0651408099893
1085.04 0.0517432918063
1095.08 0.0668121049442
1105.21 0.0638037740253
1115.44 0.061213266845
1125.76 0.0549354651704
1136.18 0.0671192053922
1144.05 0.0614952978687
1154.64 0.0640983397611
1165.32 0.0648399768974
1176.1 0.0461152060454
1184.26 0.0620656272721
1195.21 0.045797660004
1206.27 0.035224630295
1214.63 0.0243695695624
1225.87 0.0443457225118
1234.37 0.0616373579399
1245.79 0.0661979040483
1254.43 0.0630746716012
1266.03 0.0555705572533
1274.81 0.0686839552938
1283.65 0.070933936127
1295.52 0.0569974253211
1304.5 0.0562140058109
1313.55 0.0683664092524
1325.7 0.0651408099893
1334.89 0.0580566084988
1344.14 0.0674283949589
1353.46 0.0649903934433
1365.98 0.0583240156916
1375.45 0.0603734411302
1384.99 0.0605134120826
1394.59 0.0517432918063
1404.25 0.0528254552897
1413.99 0.0553156847726
1423.79 0.0560844804519
1433.66 0.0558275188526
1443.59 0.0581903120952
1446.92 0.0588630083146
1453.6 0.0569974253211
1463.68 0.0525831175212
1473.82 0.0522216999872
1484.04 0.0529487132926
1494.33 0.053314309064
1504.68 0.0503331366881
1511.63 0.0449620125265
1518.61 0.0477363621518
1525.62 0.0462217510988
1536.19 0.0401653960057
1543.28 0.0427412793551
1553.98 0.0405372591332
1564.75 0.0414815407827
1575.6 0.0439383443666
1586.52 0.0455887481346
1593.84 0.0463282961522
1604.89 0.0451688352772
1616.01 0.0449620125265
1623.47 0.0425449021978
1634.73 0.0449620125265
1646.06 0.0453777471465
1653.66 0.0420581375422
1665.12 0.0453777471465
1672.81 0.0405372591332
1676.66 0.0456932040693
1684.4 0.047189013054
1696.08 0.0442433556959
1703.9 0.0425449021978
1715.72 0.0403513275694
1723.64 0.0399815535606
1735.58 0.0424467136192
1743.59 0.0414815407827
1755.68 0.0441409888799
1763.78 0.0403513275694
1776.01 0.0411953315217
1784.21 0.0419620380823
1796.57 0.0450664684612
1804.87 0.0442433556959
1813.2 0.0406291803557
1825.77 0.0415776402427
1834.19 0.0398896323381
1846.91 0.0362106943185
1855.43 0.0371403521372
1864.0 0.0387113693949
1876.92 0.0412893418629
1885.58 0.0383583083356
1894.29 0.0379175042912
1903.03 0.0394321153442
1916.22 0.0383583083356
1925.06 0.0367162610423
1933.95 0.0357970488171
1942.88 0.0405372591332
1956.34 0.0383583083356
1965.37 0.0428394679337
1974.45 0.0425449021978
1983.56 0.0425449021978
1992.72 0.0419620380823
2006.53 0.0420581375422
2015.79 0.0413854413228
2025.09 0.0406291803557
2034.44 0.0420581375422
2043.83 0.0447551897758
2053.27 0.0423485250406
2062.74 0.0419620380823
2072.27 0.0456932040693
2077.04 0.0627842841027
2086.63 0.0741052183041
2096.26 0.0685251822731
2105.94 0.0665050044963
2115.66 0.0719200001504
2125.42 0.0663504097129
2135.23 0.0620656272721
2145.09 0.0744478337698
2154.99 0.0753085506716
2164.94 0.0671192053922
2174.93 0.0677396736443
2184.97 0.0799547506465
2195.06 0.0797709082015
2205.19 0.0772409854633
2215.37 0.0622076873433
2225.59 0.0691581852373
2235.86 0.0880667985343
2246.18 0.0834707374081
2256.55 0.0662605776091
2266.97 0.0630913845507
2277.43 0.069133115813
2282.68 0.0884177704748
2293.22 0.0745167746867
2303.8 0.0880981353147
2314.44 0.0747612015739
2325.12 0.0585308384423
2335.85 0.0548393657105
2346.63 0.0411911532843
2357.47 0.068314181285
2362.9 0.0441932168472
2373.81 0.0539598467404
2384.76 0.0370484309146
2395.77 0.0439007402301
2406.83 0.0432677372659
2412.38 0.0497753419969
2423.51 0.0786511405816
2434.7 0.0791420834746
2445.94 0.0933460014733
2457.23 0.0988069577387
2462.89 0.0850417546657
2474.26 0.0762632779147
2485.68 0.0511687841656
2497.15 0.0597989334894
2502.91 0.0902666405188
2514.46 0.0433721932006
2520.26 0.0373304619383
2526.07 0.0397099681305
2537.73 0.059508545991
2543.58 0.0628657597318
2555.32 0.110940559112
2567.11 0.0823676827378
2573.03 0.104376548176
2584.91 0.0921029758506
2596.84 0.0825933075567
2602.83 0.0715773846846
2614.84 0.0650802255471
2626.91 0.0879247384631
2632.97 0.152033523818
2645.12 0.206350609855
2657.33 0.285937675611
2663.45 0.17745809832
2675.75 0.204058846648
2681.92 0.235276547288
2694.3 0.172678194749
2706.73 0.214239122042
2712.97 0.1547807149
2725.49 0.124271225497
2738.08 0.157043230445
2744.39 0.0862659782203
2757.06 0.116810982641
2763.41 0.153571115176
2776.17 0.164798039036
2782.57 0.0983494407448
2795.41 0.0467106048731
2801.85 0.0557481323422
2814.79 0.144500161808
2827.78 0.217017649905
2834.3 0.208124271626
2847.38 0.154153979292
2853.94 0.0901099566167
2867.12 0.215471702071
2873.73 0.286564411219
2886.99 0.255185848439
2893.65 0.310923535188
2907.0 0.420017313375
2927.15 0.364509429682
2947.44 0.338165642954
2967.87 0.358555441405
2988.45 0.363047046597
3009.16 0.369314402678
3030.02 0.390665195728
3051.02 0.406626062548
3072.17 0.441159194555
3093.47 0.434494905922
3107.75 0.498401046764
3129.29 0.463408308644
3150.98 0.461674340128
3172.82 0.506653065604
3187.46 0.434808273726
3209.56 0.48601257291
3231.81 0.403659514003
3246.72 0.568302958256
3269.23 0.663650335438
3291.89 0.647564121496
3307.09 0.610712067739
3322.35 0.581297276531
3330.01 0.637055854467
3337.69 0.59972330341
3345.38 0.613386139667
3353.09 0.568198502321
3360.82 0.632814943518
3368.57 0.631039192629
3376.33 0.497544508099
3384.12 0.525538698595
3391.92 0.637348331084
3399.74 0.662438646595
3407.58 0.623622821266
3415.43 0.60074697157
3423.3 0.713601163405
3431.2 0.679569419884
3439.1 0.666804904665
3447.03 0.482795330121
3454.98 0.611693953525
3462.94 0.528818614944
3470.93 0.608226016493
3478.93 0.481771661961
3486.95 0.574904573328
3494.99 0.521632046638
3503.04 0.698434161688
3511.12 0.66663777517
3519.21 0.657132285113
3527.32 0.498213026081
3535.46 0.645913717728
3543.61 0.741198421349
3551.77 0.723921409752
3559.96 0.683058248103
3568.17 0.533602696753
3576.39 0.561011934015
3584.64 0.421437914087
3592.9 0.519375798449
3601.18 0.760752572322
3609.49 0.598407158633
3617.81 0.672591763447
3626.15 0.69262641172
3634.51 0.58512036374
3642.88 0.8279595207
3651.28 0.617668832989
3659.7 0.880041249735
3668.13 0.845779703157
3676.59 0.8892124808
3685.07 0.744311208203
3693.56 0.825076536902
3702.08 0.895876769433
3710.61 0.598407158633
3719.16 0.907283357501
3727.74 0.723566259574
3736.33 0.495706083649
3744.94 0.755049278289
3753.58 0.498547285072
3762.23 0.607369477829
3770.9 0.647438774374
3779.6 0.818349574709
3788.31 0.905048000498
3790.06 0.508157231063
3791.79 0.317713170943
3793.52 0.5671121606
3795.25 0.294085238517
3796.97 0.106647420196
3798.7 0.79630937249
3800.43 0.753712242325
3802.16 0.666951142974
3803.88 1.088493513
3805.61 1.43568414871
3807.34 1.01698298011
3809.07 0.800988998364
3810.8 0.815675502781
3812.52 0.974469414691
3814.25 0.926607705418
3815.98 0.759227515676
3817.71 0.469383188108
3819.43 0.508199013437
3821.16 0.569744450155
3822.89 0.524932854174
3824.62 0.615705061417
3826.35 0.650614234789
3828.07 0.418763842159
3829.8 0.467649219592
3831.53 0.344036066484
3833.26 0.266801348376
3834.99 0.106095892861
3836.71 0.534814385595
3838.44 0.405184570649
3840.17 0.765244177514
3841.9 1.00919056738
3843.62 0.740759706423
3845.35 0.632125534349
3847.08 0.715084437677
3848.81 0.778990578519
3850.54 0.666992925348
3852.26 0.533101308266
3853.99 0.608163342932
3855.72 0.626756499306
3857.45 0.447531006571
3859.18 0.688051241781
3860.9 0.377253053714
3862.63 0.205563012107
3864.36 0.560782130958
3866.09 0.635697927316
3867.81 0.786532297003
3869.54 0.675934353357
3871.27 0.576137153357
3873.0 0.818286901148
3874.73 0.936698148709
3876.45 0.682891118607
3878.18 0.492906664599
3879.91 0.846343765205
3881.64 0.799819091895
3883.37 0.661018045884
3885.09 0.724381015865
3886.82 0.593288817833
3888.55 0.713851857648
3890.28 0.777507304246
3892.0 0.633379005566
3893.73 0.689450951305
3895.46 1.09321492124
3897.19 0.924831954528
3898.92 0.693670971067
3900.64 0.797374823024
3902.37 0.841288097966
3904.1 0.607536607324
3905.83 0.750724802593
3907.55 0.97591090659
3909.28 1.10086109566
3911.01 0.900159462755
3912.74 0.888585745192
3914.47 1.10921757044
3916.19 0.745021508559
3917.92 0.807256354445
3919.65 0.71731979468
3921.38 0.813774404769
3923.11 0.840473341675
3924.83 0.644890049568
3926.56 0.440804044377
3928.29 0.478366398491
3930.02 0.592432279168
3931.74 0.183489383989
3933.47 0.315624052249
3935.2 0.81895541913
3936.93 0.32345824735
3938.66 0.623643712453
3940.38 0.71602454109
3942.11 0.633295440818
3943.84 1.11657126824
3945.57 0.795787092816
3947.29 0.692271261542
3949.02 1.02540212844
3950.75 1.15827007737
3952.48 1.06206616152
3954.21 1.07819415783
3955.93 0.791420834746
3957.66 0.677104259825
3959.39 0.809763296877
3961.12 0.678921793089
3962.85 0.864623553775
3964.57 0.762361193717
3966.3 0.499403823737
3968.03 0.382872783
3969.76 0.481688097214
3971.48 0.456869367132
3973.21 0.621178552394
3974.94 0.854512219297
3976.67 0.870201500687
3978.4 1.05935030722
3980.12 1.18342306644
3981.85 1.07163432514
3983.58 0.971878907511
3985.31 0.949232860871
3987.04 1.07842396089
3988.76 1.23280983236
3990.49 1.14105573933
3992.22 1.19422381008
3993.95 1.05431553117
3995.67 1.24826931069
3997.4 1.24141700138
3999.13 1.13905018538
4000.86 1.27501002997
4002.59 1.40695876667
4004.31 1.26032352555
4006.04 1.39525970198
4007.77 1.33657635788
4009.5 1.34276014921
4011.22 1.10635547783
4012.95 1.10251149943
4014.68 1.43278027372
4016.41 1.23262181168
4018.14 1.15225341553
4019.86 1.34342866719
4021.59 1.32830344785
4023.32 1.35479347289
4025.05 1.42490429625
4026.78 1.34950800259
4028.5 1.42177061821
4030.23 1.45749454787
4031.96 1.25601994105
4033.69 1.20333236759
4035.41 1.08197546267
4037.14 1.14387604957
4038.87 1.40733480803
4040.6 1.53027944316
4042.33 1.69015969679
4044.05 1.43135967301
4045.78 1.29326892735
4047.51 1.35600516173
4049.24 1.27945985279
4050.96 1.2954416108
4052.69 1.42126922972
4054.42 1.40123458145
4056.15 1.23688361381
4057.88 1.34468213841
4059.6 1.40840025857
4061.33 1.15490659627
4063.06 1.14872280494
4064.79 1.39851872714
4066.52 1.41178463085
4068.24 1.32542046405
4069.97 1.34883948461
4071.7 1.43280116491
4073.43 1.36906215356
4075.15 1.22823466242
4076.88 1.27158387531
4078.61 1.24020531253
4080.34 1.3026281791
4082.07 1.42266893924
4083.79 1.45642909734
4085.52 1.60799465857
4087.25 1.56965933054
4088.98 1.54360802042
4090.71 1.48323249018
4092.43 1.36147865271
4094.16 1.40629024869
4095.89 1.42312854536
4097.62 1.34606095675
4099.34 1.4612758527
4101.07 1.31785785438
4102.8 1.11617433569
4104.53 1.19428648365
4106.26 1.39515524605
4107.98 1.37911081448
4109.71 1.27709914867
4111.44 1.42899896889
4113.17 1.57308548519
4114.9 1.37144374887
4116.62 1.21310944308
4118.35 1.29964073937
4120.08 1.45843465128
4121.81 1.46633151994
4123.53 1.54575981268
4125.26 1.50228525266
4126.99 1.45513384375
4128.72 1.47009193359
4130.45 1.39103968222
4132.17 1.471032037
4133.9 1.433929289
4135.63 1.26076224048
4137.36 1.25633330885
4139.09 1.30283709097
4140.81 1.37720971647
4142.54 1.35920151333
4144.27 1.3336515917
4146.0 1.21367350512
4147.72 1.29425081314
4149.45 1.30576185714
4151.18 1.22100631174
4152.91 1.34242589022
4154.64 1.40092121364
4156.36 1.39678475863
4158.09 1.43021065773
4159.82 1.46557943721
4161.55 1.40768995821
4163.27 1.36459143956
4165.0 1.27828994632
4166.73 1.50615012225
4168.46 1.47462532116
4170.19 1.38343529018
4171.91 1.34196628411
4173.64 1.21239914272
4175.37 1.19334638023
4177.1 1.36538530466
4178.83 1.29761429424
4180.55 1.15369490743
4182.28 1.30691087242
4184.01 1.32199430939
4185.74 1.23552568666
4187.46 1.32316421586
4189.19 1.29097089679
4190.92 1.24444622348
4192.65 1.30971029147
4194.38 1.28069243282
4196.1 1.31349159631
4197.83 1.21292142239
4199.56 1.19497589281
4201.29 1.14932864936
4203.01 1.25819262449
4204.74 1.26554632229
4206.47 1.2716047665
4208.2 1.43075382859
4209.93 1.46075357303
4211.65 1.54206207259
4213.38 1.57187379635
4215.11 1.54020275695
4216.84 1.49018925543
4218.57 1.46386635988
4220.29 1.39388088364
4222.02 1.21033091521
4223.75 1.24369414075
4225.48 1.08882777199
4227.2 1.17886878769
4228.93 1.23763569654
4230.66 1.26414661276
4232.39 1.27053931597
4234.12 1.29264219175
4235.84 1.66373234531
4237.57 1.60323146794
4239.3 1.5378838352
4241.03 1.44629687167
4242.75 1.55470124069
4244.48 1.52474327862
4246.21 1.52217366263
4247.94 1.4575990038
4249.67 1.35984914012
4251.39 1.43273849135
4253.12 1.37641585137
4254.85 1.28894445166
4256.58 1.3448492679
4258.31 1.39388088364
4260.03 1.28946673133
4261.76 1.35255811588
4263.49 1.45047510906
4265.22 1.47498047134
4266.94 1.5131068875
4268.67 1.39051740255
4270.4 1.35915973095
4272.13 1.24333899057
4273.86 1.2645644365
4275.58 1.32715443257
4277.31 1.44186794004
4279.04 1.51605254485
4280.77 1.37039918953
4282.5 1.31037880946
4284.22 1.32857503328
4285.95 1.33358891814
4287.68 1.35821962754
4289.41 1.42573994372
4291.13 1.23122210215
4292.86 1.3458102625
4294.59 1.29483576637
4296.32 1.25096427381
4298.05 1.15116707381
4299.77 1.18599268243
4301.5 1.20255939367
4303.23 1.06937807695
4304.96 1.00093854854
4306.68 1.03327810592
4308.41 0.933919620846
4310.14 1.01409999631
4311.87 1.27344319095
4313.6 1.26621484027
4315.32 1.5078214172
4317.05 1.63853757387
4318.78 1.75350177558
4320.51 1.76992224852
4322.24 1.52346891622
4323.96 1.42009932325
4325.69 1.34238410784
4327.42 1.51014033895
4329.15 1.60949882402
4330.87 1.70436570391
4332.6 1.67135762855
4334.33 1.50688131379
4336.06 1.52848280108
4337.79 1.50489665103
4339.51 1.28800434825
4341.24 1.46447220431
4342.97 1.41884585203
4344.7 1.63605152262
4346.43 1.62443602269
4348.15 1.67394813573
4349.88 1.57362865605
4351.61 1.69559140539
4353.34 1.75446277018
4355.06 1.43484850123
4356.79 1.55127508603
4358.52 1.62848891295
4360.25 1.69481843148
4361.98 1.77913526196
4363.7 1.92213543654
4365.43 1.6376810352
4367.16 1.61524390043
4368.89 1.7112597956
4370.61 1.51352471123
4372.34 1.62100986803
4374.07 1.72076528565
4375.8 1.66492314297
4377.53 1.64300828787
4379.25 1.51741047201
4380.98 1.44126209562
4382.71 1.34221697835
4384.44 1.33179227607
4386.16 1.38485589089
4387.89 1.63064070521
4389.62 1.56048809947
4391.35 1.45778702449
4393.08 1.46743875285
4394.8 1.53851057081
4396.53 1.6747837832
4398.26 1.68844661946
4399.99 1.81295809361
4401.72 1.5631621714
4403.44 1.48162386878
4405.17 1.5481205168
4406.9 1.6412116458
4408.63 1.55177647452
4410.35 1.608266244
4412.08 1.63346101544
4413.81 1.6015392818
4415.54 1.58158819828
4417.27 1.66580057282
4418.99 1.81452493263
4420.72 1.80359884186
4422.45 1.71963716156
4424.18 1.85369590814
4425.91 1.8743781832
4427.63 1.87828483516
4429.36 1.80923946233
4431.09 1.72765937734
4432.82 1.62717276817
4434.54 1.64215174921
4436.27 1.74240855532
4438.0 1.82837578957
4439.73 1.79751950646
4441.46 1.86514427858
4443.18 1.88325693765
4444.91 1.92744179802
4446.64 1.85595215632
4448.37 1.83270026526
4450.1 1.9829705729
4451.82 1.8489536087
4453.55 1.77065344006
4455.28 1.90072196993
4457.01 1.74219964345
4458.73 1.62178284194
4460.46 1.61064783931
4462.19 1.73183761473
4463.92 1.79415602536
4465.65 1.79085521783
4467.37 1.72540312915
4469.1 1.75195582775
4470.83 1.85444799086
4472.56 1.94158513158
4474.28 1.89896711023
4476.01 1.96542197588
4477.74 1.93264370357
4479.47 2.00810267079
4481.2 1.96214205953
4482.92 1.96853476273
4484.65 1.9673021827
4486.38 1.95244854879
4488.11 2.04409818588
4489.84 1.90594476667
4491.56 2.05780280451
4493.29 1.94461435369
4495.02 1.92549891764
4496.75 2.01604132183
4498.47 1.9954426115
4500.2 2.05308139626
4501.93 2.13006542013
4503.66 2.16558043792
4505.39 2.03649379384
4507.11 2.02222511316
4508.84 2.13424365752
4510.57 2.13967536612
4512.3 2.1275584777
4514.03 2.03053980556
4515.75 1.97317260623
4517.48 1.99281032195
4519.21 2.01769172559
4520.94 2.04144500514
4522.66 1.98790089302
4524.39 1.94801961716
4526.12 1.73248524152
4527.85 1.76532618739
4529.58 1.85996326422
4531.3 1.79116858563
4533.03 1.86660666166
4534.76 1.85127253045
4536.49 1.84026287493
4538.21 1.86205238291
4539.94 2.03014287301
4541.67 2.06452976671
4543.4 1.96792891831
4545.13 1.96512949926
4546.85 1.87847285584
4548.58 1.8916551948
4550.31 1.84744944324
4552.04 1.91862571714
4553.77 2.05316496101
4555.49 2.03202307983
4557.22 2.02813731906
4558.95 2.04608284864
4560.68 2.1329901863
4562.4 2.12150003348
4564.13 2.11063661628
4565.86 2.08794878726
4567.59 2.18145773999
4569.32 2.02243402503
4571.04 2.02329056369
4572.77 2.12170894535
4574.5 2.17957753317
4576.23 2.06722472982
4577.96 1.97363221234
4579.68 2.0693347397
4581.41 2.08776076658
4583.14 1.90335425949
4584.87 1.93914086271
4586.59 1.97966976537
4588.32 2.02914009603
4590.05 2.08686244554
4591.78 2.00570018429
4593.51 2.08391678818
4595.23 2.11502376553
4596.96 2.07129851127
4598.69 2.04716919036
4600.42 2.02076273007
4602.15 2.03475982532
4603.87 2.06260777751
4605.6 2.05552566514
4607.33 2.08431372074
4609.06 2.07403525676
4610.78 2.07340852115
4612.51 2.11168117562
4614.24 2.15492593258
4615.97 2.22386684948
4617.7 2.19545483524
4619.42 2.21112322545
4621.15 2.14928531211
4622.88 2.11105444002
4624.61 2.05439754104
4626.33 2.10917423319
4628.06 2.14239122042
4629.79 2.27108093196
4631.52 2.21509255096
4633.25 2.12860303704
4634.97 2.13883971864
4636.7 2.17080323466
4638.43 1.90375119204
4640.16 1.8697403397
4641.89 2.15492593258
4643.61 2.13863080677
4645.34 1.95491370885
4647.07 1.94262969093
4648.8 1.94916863244
4650.52 1.96329107481
4652.25 2.0712567289
4653.98 2.02648691529
4655.71 2.08450174142
4657.44 2.14928531211
4659.16 2.10207122963
4660.89 2.02078362126
4662.62 2.03747567962
4664.35 2.06521917588
4666.07 2.06442531077
4667.8 1.85269313116
4669.53 1.94440544182
4671.26 1.99423092266
4672.99 1.96337463956
4674.71 2.10123558216
4676.44 2.07810903822
4678.17 2.03854113016
4679.9 2.072050594
4681.63 1.95673124211
4683.35 1.94565891303
4685.08 2.00751771755
4686.81 2.00741326162
4688.54 2.11481485366
4690.26 2.03315120393
4691.99 1.92355603725
4693.72 1.98890366999
4695.45 2.02326967251
4697.18 1.99671697391
4698.9 1.93533866669
4700.63 1.93897373321
4702.36 1.94944021787
4704.09 1.99644538848
4705.81 1.95779669264
4707.54 1.85237976336
4709.27 1.86696181184
4711.0 1.92953091672
4712.73 2.03498962838
4714.45 2.0447040303
4716.18 1.9709790316
4717.91 2.17080323466
4719.64 2.15868634623
4721.37 2.01673073099
4723.09 2.08044885115
4724.82 2.12776738957
4726.55 2.12338024031
4728.28 2.01472517705
4730.0 1.90575674598
4731.73 1.97958620062
4733.46 1.93769937081
4735.19 1.94022720443
4736.92 2.17268344148
4738.64 2.16244675988
4740.37 2.12400697592
4742.1 2.17832406195
4743.83 2.14071992547
4745.56 2.13194562695
4747.28 2.08410480887
4749.01 2.06204371546
4750.74 2.03693250876
4752.47 2.1480318409
4754.19 2.13319909817
4755.92 2.05322763457
4757.65 2.07211326756
4759.38 2.06239886564
4761.11 2.01332546752
4762.83 1.96128552086
4764.56 1.96103482662
4766.29 2.0243977966
4768.02 2.02310254301
4769.74 1.89198945379
4771.47 2.03664003215
4773.2 2.11272573497
4774.93 2.01691875168
4776.66 2.05249644303
4778.38 2.08799056964
4780.11 2.15993981745
4781.84 2.13340801004
4783.57 2.05251733422
4785.3 2.10374252459
4787.02 2.05410506442
4788.75 2.00106234079
4790.48 2.08811591676
4792.21 2.13967536612
4793.93 2.13800407117
4795.66 2.1384218949
4797.39 2.1739369127
4799.12 2.15429919698
4800.85 2.15262790202
4802.57 2.20569151684
4804.3 2.21237669666
4806.03 2.18333794682
4807.76 2.14489816285
4809.48 2.06801859493
4811.21 2.11961982666
4812.94 2.15095660707
4814.67 2.07907003281
4816.4 2.10457817207
4818.12 2.15409028511
4819.85 2.20861628301
4821.58 2.12338024031
4823.31 2.06488491688
4825.04 2.08491956516
4826.76 2.17456364831
4828.49 2.1739369127
4830.22 2.10938314506
4831.95 2.22616488004
4833.67 2.26794725392
4835.4 2.0995642872
4837.13 2.06753809763
4838.86 2.0690213719
4840.59 2.00227402963
4842.31 1.97486479237
4844.04 2.00891742708
4845.77 2.1357060406
4847.5 2.15179225454
4849.23 2.16662499727
4850.95 2.14531598659
4852.68 2.09768408038
4854.41 2.02333234607
4856.14 1.93189162084
4857.86 1.83079916725
4859.59 1.80702499652
4861.32 1.82357081657
4863.05 1.75281236641
4864.78 1.80880074741
4866.5 1.96753198576
4868.23 1.9663411881
4869.96 1.91814521984
4871.69 1.9621838419
4873.42 1.94645277814
4875.14 1.95119507757
4876.87 2.09099890056
4878.6 2.08151430169
4880.33 2.10269796524
4882.05 2.16850520409
4883.78 2.12421588779
4885.51 2.02579750612
4887.24 2.04888226769
4888.97 2.0066402877
4890.69 1.97866698839
4892.42 2.03991994849
4894.15 2.13069215574
4895.88 2.20172219132
4897.61 2.14824075276
4899.33 2.26502248774
4901.06 2.2612620741
4902.79 2.18709836047
4904.52 2.1896053029
4906.24 2.16892302783
4907.97 2.19900633702
4909.7 2.08707135741
4911.43 2.12881194891
4913.16 2.15388137324
4914.88 2.1227535047
4916.61 2.07075534041
4918.34 2.00845782097
4920.07 2.01846469951
4921.79 2.01328368515
4923.52 2.16474479044
4925.25 2.21154104918
4926.98 2.23723720912
4928.71 2.18229338747
4930.43 2.1070851145
4932.16 2.11544158927
4933.89 2.13654168808
4935.62 2.13988427799
4937.35 2.13319909817
4939.07 2.07380545371
4940.8 2.2386995922
4942.53 2.2850780272
4944.26 2.18730727234
4945.98 2.29113647142
4947.71 2.27254331504
4949.44 2.21676384592
4951.17 2.3853557245
4952.9 2.26460466401
4954.62 2.27087202009
4956.35 2.1950370115
4958.08 2.21530146283
4959.81 2.1227535047
4961.53 2.14928531211
4963.26 2.16182002427
4964.99 2.19879742515
4966.72 2.130274332
4968.45 2.14406251538
4970.17 2.13382583378
4971.9 2.2666937827
4973.63 2.34608029306
4975.36 2.21028757797
4977.09 2.31202765835
4978.81 2.24872736193
4980.54 2.02905653129
4982.27 2.02047025346
4984.0 2.03839489185
4985.72 2.02316521657
4987.45 1.9687436746
4989.18 2.0616676741
4990.91 2.11084552815
4992.64 2.19963307263
4994.36 2.00118768791
4996.09 2.11126335189
4997.82 2.0869251191
4999.55 2.04196728481
5001.28 2.07480823068
5003.0 2.04466224793
5004.73 2.05640309499
5006.46 2.06703670914
5008.19 2.08562986551
5009.91 1.98246918442
5011.64 2.07562298697
5013.37 1.90521357512
5015.1 1.9353177755
5016.83 1.99055407376
5018.55 1.90458683951
5020.28 2.06313005718
5022.01 2.0068074172
5023.74 1.98923792898
5025.46 2.04196728481
5027.19 2.19524592337
5028.92 2.04800483784
5030.65 2.05197416336
5032.38 2.17331017709
5034.1 2.18124882813
5035.83 2.09496822607
5037.56 2.07023306074
5039.29 2.028241775
5041.02 2.04267758517
5042.74 1.88868864626
5044.47 1.8671916149
5046.2 2.00315145948
5047.93 2.16746064475
5049.65 2.17163888213
5051.38 2.17853297382
5053.11 2.21174996105
5054.84 2.218226229
5056.57 2.23222332425
5058.29 2.24183327024
5060.02 2.37407448356
5061.75 2.25687492484
5063.48 2.2510253925
5065.2 2.18312903495
5066.93 2.08086667489
5068.66 2.07071355804
5070.39 2.04349234146
5072.12 2.0947593142
5073.84 2.15492593258
5075.57 2.02038668871
5077.3 2.05207861929
5079.03 2.01280318785
5080.76 2.00998287761
5082.48 2.0328796185
5084.21 2.02260115452
5085.94 2.08625660112
5087.67 2.17686167887
5089.39 2.17080323466
5091.12 2.07424416863
5092.85 2.09559496168
5094.58 2.12358915218
5096.31 2.14301795603
5098.03 2.13654168808
5099.76 2.14030210173
5101.49 2.09747516851
5103.22 2.07422327745
5104.94 2.17080323466
5106.67 1.94960734736
5108.4 1.97265032656
5110.13 1.99859718073
5111.86 2.05891003742
5113.58 2.11147226375
5115.31 2.1098009688
5117.04 2.1405110136
5118.77 2.0736592154
5120.5 2.12484262339
5122.22 2.1329901863
5123.95 2.01622934251
5125.68 2.05498249428
5127.41 1.96107660899
5129.13 1.96402226635
5130.86 1.99057496495
5132.59 1.98829782557
5134.32 2.09267019551
5136.05 2.0595785554
5137.77 2.02573483256
5139.5 2.02995485233
5141.23 2.01798420221
5142.96 1.96657099116
5144.69 2.00384086865
5146.41 1.99057496495
5148.14 1.87147430822
5149.87 1.92882061636
5151.6 1.99771975088
5153.32 2.02533790001
5155.05 2.04808840259
5156.78 2.06306738362
5158.51 1.99408468435
5160.24 2.0159159747
5161.96 2.02431423185
5163.69 1.97906392095
5165.42 1.87354253573
5167.15 1.64956812057
5168.87 1.53890750336
5170.6 1.5316582615
5172.33 1.60327325032
5174.06 1.67697735783
5175.79 1.59869808038
5177.51 1.70515956901
5179.24 1.826412018
5180.97 1.71318178479
5182.7 1.65723518618
5184.43 1.71650348352
5186.15 1.79708079154
5187.88 1.81101521322
5189.61 1.83130055574
5191.34 1.95493460003
5193.06 2.06110361205
5194.79 1.99970441364
5196.52 1.99086744157
5198.25 2.09225237177
5199.98 2.06712027389
5201.7 1.99331171044
5203.43 1.94996249754
5205.16 1.92750447158
5206.89 1.932915289
5208.62 1.96621584098
5210.34 2.07823438534
5212.07 2.13173671508
5213.8 2.12170894535
5215.53 2.09078998869
5217.25 2.0995642872
5218.98 2.10478708393
5220.71 2.1152326774
5222.44 2.15576158006
5224.17 2.21446581536
5225.89 2.14928531211
5227.62 2.0995642872
5229.35 2.06576234674
5231.08 2.05796993401
5232.8 2.11021879254
5234.53 2.20214001506
5236.26 2.16704282101
5237.99 2.21676384592
5239.72 2.25311451119
5241.44 2.32289107556
5243.17 2.38786266694
5244.9 2.29761273937
5246.63 2.1459427222
5248.36 2.1507476952
5250.08 2.22449358509
5251.81 2.19587265898
5253.54 2.20297566254
5255.27 2.18897856729
5256.99 2.20025980824
5258.72 2.24037088716
5260.45 2.20109545572
5262.18 2.06404926941
5263.91 2.04182104651
5265.63 1.99441894334
5267.36 1.90646704634
5269.09 1.90379297441
5270.82 1.9639387016
5272.54 2.02015688565
5274.27 2.1227535047
5276.0 2.21258560853
5277.73 2.20443804563
5279.46 2.23285005986
5281.18 2.29134538329
5282.91 2.23786394473
5284.64 2.22992529369
5286.37 2.33835055389
5288.1 2.27567699308
5289.82 2.34420008624
5291.55 2.45095405149
5293.28 2.32456237052
5295.01 2.33417231651
5296.73 2.32289107556
5298.46 2.25123430437
5300.19 2.27108093196
5301.92 2.36843386308
5303.65 2.4263024509
5305.37 2.48605124554
5307.1 2.35986847644
5308.83 2.31704154322
5310.56 2.45325208205
5312.28 2.37679033786
5314.01 2.4365391325
5315.74 2.62017266568
5317.47 2.45116296336
5319.2 2.30471574292
5320.92 2.3308297266
5322.65 2.20193110319
5324.38 2.24183327024
5326.11 2.26606704709
5327.84 2.15805961062
5329.56 2.26982746074
5331.29 2.21801731714
5333.02 2.29238994263
5334.75 2.4365391325
5336.48 2.41815488799
5338.2 2.34524464558
5339.93 2.28110870169
5341.66 2.42692918651
5343.39 2.28361564412
5345.11 2.27254331504
5346.84 2.30617812601
5348.57 2.33020299099
5350.3 2.49085621854
5352.03 2.42484006781
5353.75 2.41982618295
5355.48 2.5115384936
5357.21 2.5238642939
5358.94 2.43821042745
5360.66 2.46557788234
5362.39 2.53598118232
5364.12 2.45826596691
5365.85 2.40729147079
5367.58 2.38284878207
5369.3 2.30388009545
5371.03 2.2305520293
5372.76 2.30805833283
5374.49 2.36404671383
5376.22 2.35965956457
5377.94 2.42964504081
5379.67 2.3519298254
5381.4 2.45638576009
5383.13 2.45241643457
5384.85 2.36007738831
5386.58 2.41439447435
5388.31 2.39224981619
5390.04 2.27839284738
5391.77 2.35234764914
5393.49 2.38681810759
5395.22 2.25269668745
5396.95 2.20819845927
5398.68 2.269409637
5400.4 2.25791948419
5402.13 2.30889398031
5403.86 2.24120653464
5405.59 2.22428467322
5407.32 2.21739058153
5409.04 2.2769304643
5410.77 2.18897856729
5412.5 2.27421461
5414.23 2.43695695624
5415.96 2.34440899811
5417.68 2.25812839605
5419.41 2.27254331504
5421.14 2.29970185806
5422.87 2.32393563491
5424.59 2.34858723549
5426.32 2.37428339543
5428.05 2.37031406991
5429.78 2.26063533849
5431.51 2.26606704709
5433.23 2.40248649779
5434.96 2.38598246011
5436.69 2.36655365626
5438.42 2.45283425831
5440.15 2.38932505002
5441.87 2.37177645299
5443.6 2.35736153401
5445.33 2.34252879128
5447.06 2.47936606572
5448.78 2.44823819718
5450.51 2.34357335063
5452.24 2.27003637261
5453.97 2.34127532007
5455.7 2.34190205567
5457.42 2.36571800878
5459.15 2.42254203725
5460.88 2.40332214527
5462.61 2.3901606975
5464.34 2.39642805358
5466.06 2.39705478919
5467.79 2.37010515804
5469.52 2.30910289218
5471.25 2.28695823403
5472.97 2.27943740673
5474.7 2.31390786518
5476.43 2.35840609335
5478.16 2.29782165124
5479.89 2.27128984383
5481.61 2.34566246932
5483.34 2.35652588653
5485.07 2.34984070671
5486.8 2.37470121916
5488.52 2.40018846723
5490.25 2.37867054468
5491.98 2.41961727108
5493.71 2.43821042745
5495.44 2.4187816236
5497.16 2.46223529243
5498.89 2.44050845802
5500.62 2.40478452835
5502.35 2.38138639898
5504.08 2.34879614736
5505.8 2.36007738831
5507.53 2.34252879128
5509.26 2.26439575214
5510.99 2.22888073434
5512.71 2.27442352187
5514.44 2.37302992421
5516.17 2.48626015741
5517.9 2.37532795477
5519.63 2.31349004144
5521.35 2.40729147079
5523.08 2.36028630018
5524.81 2.46871156038
5526.54 2.50527113752
5528.26 2.32184651621
5529.99 2.23765503286
5531.72 2.35025853045
5533.45 2.33918620137
5535.18 2.31766827883
5536.9 2.32581584173
5538.63 2.28925626459
5540.36 2.39475675862
5542.09 2.43821042745
5543.82 2.49712357462
5545.54 2.51216522921
5547.27 2.36801603934
5549.0 2.50234637135
5550.73 2.53535444671
5552.45 2.45638576009
5554.18 2.43089851203
5555.91 2.45199861083
5557.64 2.47685912329
5559.37 2.42504897968
5561.09 2.41940835921
5562.82 2.45931052626
5564.55 2.4699650316
5566.28 2.36947842243
5568.0 2.34858723549
5569.73 2.42504897968
5571.46 2.28549585094
5573.19 2.32163760434
5574.92 2.50506222565
5576.64 2.42400442034
5578.37 2.4651600586
5580.1 2.39580131797
5581.83 2.35297438475
5583.56 2.35297438475
5585.28 2.26042642662
5587.01 2.30032859367
5588.74 2.30408900732
5590.47 2.31432568892
5592.19 2.30325335984
5593.92 2.33730599455
5595.65 2.30137315301
5597.38 2.33709708268
5599.11 2.32769604856
5600.83 2.2721254913
5602.56 2.25541254175
5604.29 2.23013420556
5606.02 2.26544031148
5607.75 2.62894696419
5609.47 2.58256852919
5611.2 2.48521559806
5612.93 2.30262662423
5614.66 2.33772381829
5616.38 2.25624818923
5618.11 2.31913066191
5619.84 2.36759821561
5621.57 2.33751490642
5623.3 2.25415907054
5625.02 2.30910289218
5626.75 2.48479777432
5628.48 2.48584233367
5630.21 2.51676129034
5631.93 2.48166409628
5633.66 2.45158078709
5635.39 2.32184651621
5637.12 2.38619137198
5638.85 2.37908836842
5640.57 2.43006286455
5642.3 2.44447778354
5644.03 2.34148423193
5645.76 2.37846163281
5647.49 2.44029954615
5649.21 2.4338232782
5650.94 2.45680358383
5652.67 2.46014617374
5654.4 2.37114971739
5656.12 2.29218103076
5657.85 2.31369895331
5659.58 2.43131633577
5661.31 2.46265311617
5663.04 2.33730599455
5664.76 2.37365665982
5666.49 2.39956173162
5668.22 2.42609353903
5669.95 2.35276547288
5671.68 2.40958950135
5673.4 2.5136276123
5675.13 2.50464440192
5676.86 2.45575902448
5678.59 2.49503445592
5680.31 2.53430988737
5682.04 2.40123302658
5683.77 2.55144066065
5685.5 2.48688689302
5687.23 2.39809934853
5688.95 2.35652588653
5690.68 2.59113391584
5692.41 2.55854366421
5694.14 2.41690141678
5695.86 2.4774858589
5697.59 2.40562017583
5699.32 2.51697020221
5701.05 2.46098182122
5702.78 2.3519298254
5704.5 2.42818265772
5706.23 2.49294533723
5707.96 2.36321106635
5709.69 2.47309870964
5711.42 2.37679033786
5713.14 2.38055075151
5714.87 2.31662371948
5716.6 2.42818265772
5718.33 2.44698472597
5720.05 2.4494916684
5721.78 2.64022820514
5723.51 2.61244292651
5725.24 2.51446325978
5726.97 2.46745808917
5728.69 2.66279068703
5730.42 2.65443421226
5732.15 2.64921141552
5733.88 2.6678045719
5735.6 2.56585557964
5737.33 2.52449102951
5739.06 2.48396212685
5740.79 2.48041062507
5742.52 2.603668628
5744.24 2.60575774669
5745.97 2.48960274732
5747.7 2.56125951852
5749.43 2.50046616453
5751.16 2.52908709063
5752.88 2.57379423068
5754.61 2.50359984257
5756.34 2.46432441113
5758.07 2.49210968975
5759.79 2.55958822356
5761.52 2.60575774669
5763.25 2.50568896126
5764.98 2.50924046304
5766.71 2.5217751752
5768.43 2.54538221644
5770.16 2.56355754908
5771.89 2.55645454552
5773.62 2.58403091228
5775.35 2.60596665856
5777.07 2.5136276123
5778.8 2.46390658739
5780.53 2.47080067908
5782.26 2.40624691144
5783.98 2.38786266694
5785.71 2.37114971739
5787.44 2.38514681263
5789.17 2.42045291856
5790.9 2.39538349423
5792.62 2.50234637135
5794.35 2.57442096629
5796.08 2.50568896126
5797.81 2.53869703662
5799.54 2.61871028259
5801.26 2.64377970692
5802.99 2.67574322293
5804.72 2.63416976093
5806.45 2.6111894553
5808.17 2.5449643927
5809.9 2.49670575088
5811.63 2.53786138915
5813.36 2.57985267489
5815.09 2.6678045719
5816.81 2.598863655
5818.54 2.56397537282
5820.27 2.56982490516
5822.0 2.61871028259
5823.72 2.70499088464
5825.45 2.65673224282
5827.18 2.65882136151
5828.91 2.65694115469
5830.64 2.63521432027
5832.36 2.67699669415
5834.09 2.70352850156
5835.82 2.6166211639
5837.55 2.6527629173
5839.28 2.6241419912
5841.0 2.57651008498
5842.73 2.6813838434
5844.46 2.69245617248
5846.19 2.61160727903
5847.91 2.42525789155
5849.64 2.53305641615
5851.37 2.64524209
5853.1 2.49628792714
5854.83 2.47309870964
5856.55 2.40562017583
5858.28 2.51885040903
5860.01 2.53660791793
5861.74 2.32184651621
5863.47 2.47288979777
5865.19 2.5783902918
5866.92 2.5033909307
5868.65 2.53514553484
5870.38 2.45743031944
5872.1 2.53995050784
5873.83 2.61411422147
5875.56 2.48542450993
5877.29 2.5217751752
5879.02 2.55582780991
5880.74 2.41230535565
5882.47 2.37908836842
5884.2 2.42713809838
5885.93 2.20193110319
5887.65 2.15743287502
5889.38 2.12526044713
5891.11 2.05199505454
5892.84 1.96832585086
5894.57 2.02243402503
5896.29 2.13633277621
5898.02 2.23096985304
5899.75 2.28277999664
5901.48 2.34273770315
5903.21 2.42024400669
5904.93 2.48082844881
5906.66 2.47351653338
5908.39 2.51947714464
5910.12 2.60345971613
5911.84 2.57442096629
5913.57 2.49378098471
5915.3 2.51571673099
5917.03 2.40206867405
5918.76 2.37595469038
5920.48 2.47288979777
5922.21 2.46871156038
5923.94 2.49461663219
5925.67 2.51446325978
5927.39 2.39078743311
5929.12 2.45972835
5930.85 2.46557788234
5932.58 2.36550909691
5934.31 2.41418556248
5936.03 2.54350200962
5937.76 2.70102155913
5939.49 2.59593888883
5941.22 2.45972835
5942.95 2.43716586811
5944.67 2.50443549005
5946.4 2.61620334016
5948.13 2.45178969896
5949.86 2.48751362863
5951.58 2.54015941971
5953.31 2.62727566924
5955.04 2.51132958173
5956.77 2.47163632655
5958.5 2.44238866484
5960.22 2.55478325056
5961.95 2.53138512119
5963.68 2.50861372743
5965.41 2.60325080426
5967.13 2.53451879924
5968.86 2.57128728825
5970.59 2.49921269331
5972.32 2.58152396984
5974.05 2.53869703662
5975.77 2.52553558885
5977.5 2.43089851203
5979.23 2.45617684822
5980.96 2.52281973455
5982.69 2.40478452835
5984.41 2.48667798115
5986.14 2.45325208205
5987.87 2.48521559806
5989.6 2.49440772032
5991.32 2.49357207284
5993.05 2.52887817876
5994.78 2.56501993216
5996.51 2.51300087669
5998.24 2.57880811554
5999.96 2.57045164077
6001.69 2.49921269331
6003.42 2.44301540045
6005.15 2.44176192923
6006.88 2.39747261293
6008.6 2.43236089511
6010.33 2.39621914171
6012.06 2.49607901527
6013.79 2.41752815239
6015.51 2.42734701025
6017.24 2.50840481556
6018.97 2.46599570608
6020.7 2.51049393426
6022.43 2.62435090307
6024.15 2.56334863721
6025.88 2.55896148795
6027.61 2.56293081347
6029.34 2.54517330457
6031.06 2.58925370901
6032.79 2.67072933807
6034.52 2.5497693657
6036.25 2.5831952648
6037.98 2.65610550721
6039.7 2.67135607367
6041.43 2.71919689176
6043.16 2.63040934728
6044.89 2.60492209921
6046.62 2.64022820514
6048.34 2.66634218881
6050.07 2.7018572066
6051.8 2.64774903244
6053.53 2.48249974376
6055.25 2.52595341259
6056.98 2.51174740547
6058.71 2.51989496838
6060.44 2.59510324135
6062.17 2.56564666777
6063.89 2.70519979651
6065.62 2.68284622649
6067.35 2.67616104667
6069.08 2.59572997696
6070.81 2.62873805232
6072.53 2.62455981494
6074.26 2.58883588527
6075.99 2.51112066987
6077.72 2.49085621854
6079.44 2.55436542683
6081.17 2.53807030101
6082.9 2.56042387104
6084.63 2.58361308854
6086.36 2.54475548083
6088.08 2.52616232446
6089.81 2.53034056185
6091.54 2.55164957252
6093.27 2.48375321498
6095.0 2.55687236926
6096.72 2.39997955536
6098.45 2.25541254175
6100.18 2.27337896252
6101.91 2.34482682184
6103.63 2.43340545446
6105.36 2.37302992421
6107.09 2.45032731588
6108.82 2.58194179358
6110.55 2.56021495917
6112.27 2.45805705504
6114.0 2.47706803516
6115.73 2.46286202804
6117.46 2.4624442043
6119.18 2.46954720786
6120.91 2.47518782833
6122.64 2.48124627255
6124.37 2.48688689302
6126.1 2.49461663219
6127.82 2.49294533723
6129.55 2.4522075227
6131.28 2.53430988737
6133.01 2.4774858589
6134.73 2.33584361146
6136.46 2.37846163281
6138.19 2.3772081616
6139.92 2.37386557169
6141.65 2.38619137198
6143.37 2.47560565207
6145.1 2.58006158676
6146.83 2.50944937491
6148.56 2.39914390788
6150.29 2.43319654259
6152.01 2.46683135356
6153.74 2.40896276574
6155.47 2.31620589574
6157.2 2.30032859367
6158.92 2.25206995184
6160.65 2.21195887292
6162.38 2.22888073434
6164.11 2.24705606698
6165.84 2.36843386308
6167.56 2.34545355745
6169.29 2.23305897173
6171.02 2.33709708268
6172.75 2.31265439396
6174.47 2.35527241531
6176.2 2.41627468117
6177.93 2.36759821561
6179.66 2.35422785597
6181.39 2.36404671383
6183.11 2.44071736989
6184.84 2.44552234288
6186.57 2.37428339543
6188.3 2.46557788234
6190.03 2.42316877286
6191.75 2.30095532928
6193.48 2.33542578772
6195.21 2.3567347984
6196.94 2.32309998743
6198.66 2.41919944734
6200.39 2.37302992421
6202.12 2.41376773874
6203.85 2.40269540966
6205.58 2.35109417793
6207.3 2.34461790998
6209.03 2.41585685743
6210.76 2.39204090432
6212.49 2.33814164202
6214.22 2.32811387229
6215.94 2.31829501443
6217.67 2.36153977139
6219.4 2.35172091353
6221.13 2.29510579693
6222.85 2.27108093196
6224.58 2.19461918777
6226.31 2.24371347707
6228.04 2.25938186727
6229.77 2.27546808121
6231.49 2.24287782959
6233.22 2.31411677705
6234.95 2.23765503286
6236.68 2.1971261302
6238.41 2.32142869247
6240.13 2.32435345865
6241.86 2.23514809042
6243.59 2.24601150763
6245.32 2.10896532132
6247.04 2.22094208331
6248.77 2.31140092274
6250.5 2.22115099518
6252.23 2.17707059074
6253.96 2.14698728155
6255.68 2.23535700229
6257.41 2.29134538329
6259.14 2.19858851328
6260.87 2.23473026668
6262.59 2.32393563491
6264.32 2.32414454678
6266.05 2.33333666903
6267.78 2.38953396189
6269.51 2.33208319781
6271.23 2.46787591291
6272.96 2.35777935775
6274.69 2.3055513904
6276.42 2.39726370106
6278.15 2.36237541887
6279.87 2.40603799957
6281.6 2.38723593133
6283.33 2.23723720912
6285.06 2.38786266694
6286.78 2.48082844881
6288.51 2.40290432153
6290.24 2.34294661502
6291.97 2.37470121916
6293.7 2.3880715788
6295.42 2.34942288297
6297.15 2.36300215448
6298.88 2.32372672304
6300.61 2.36592692065
6302.34 2.36509127317
6304.06 2.37135862925
6305.79 2.38326660581
6307.52 2.40666473518
6309.25 2.36007738831
6310.97 2.35234764914
6312.7 2.33563469959
6314.43 2.41230535565
6316.16 2.46035508561
6317.89 2.41105188444
6319.61 2.42045291856
6321.34 2.40666473518
6323.07 2.49837704583
6324.8 2.54517330457
6326.53 2.51425434791
6328.25 2.43298763072
6329.98 2.33563469959
6331.71 2.33166537407
6333.44 2.43256980698
6335.16 2.3955924061
6336.89 2.37407448356
6338.62 2.45972835
6340.35 2.4392549868
6342.08 2.3233088993
6343.8 2.41711032865
6345.53 2.46641352982
6347.26 2.47685912329
6348.99 2.53577227045
6350.71 2.50694243248
6352.44 2.56606449151
6354.17 2.4829175675
6355.9 2.35109417793
6357.63 2.36321106635
6359.35 2.33981293698
6361.08 2.27024528448
6362.81 2.38890722628
6364.54 2.39621914171
6366.27 2.30889398031
6367.99 2.28194434916
6369.72 2.42818265772
6371.45 2.57170511198
6373.18 2.4985859577
6374.9 2.45346099392
6376.63 2.46160855682
6378.36 2.54203962653
6380.09 2.51947714464
6381.82 2.48187300815
6383.54 2.45513228887
6385.27 2.47790368264
6387.0 2.51300087669
6388.73 2.44552234288
6390.45 2.60617557043
6392.18 2.58006158676
6393.91 2.37887945655
6395.64 2.42651136277
6397.37 2.52971382624
6399.09 2.42713809838
6400.82 2.44531343101
6402.55 2.41230535565
6404.28 2.48187300815
6406.01 2.50088398827
6407.73 2.5341009755
6409.46 2.4365391325
6411.19 2.47518782833
6412.92 2.48208192002
6414.64 2.36091303579
6416.37 2.49754139836
6418.1 2.46850264851
6419.83 2.45931052626
6421.56 2.51843258529
6423.28 2.47351653338
6425.01 2.44113519363
6426.74 2.52825144315
6428.47 2.51174740547
6430.19 2.47832150637
6431.92 2.40603799957
6433.65 2.4494916684
6435.38 2.4624442043
6437.11 2.48061953694
6438.83 2.4542966414
6440.56 2.44155301736
6442.29 2.49983942892
6444.02 2.48187300815
6445.75 2.54726242327
6447.47 2.47121850282
6449.2 2.41961727108
6450.93 2.39371219928
6452.66 2.48709580489
6454.38 2.45513228887
6456.11 2.39496567049
6457.84 2.46850264851
6459.57 2.48939383545
6461.3 2.45011840401
6463.02 2.45868379065
6464.75 2.49963051705
6466.48 2.48605124554
6468.21 2.49482554405
6469.94 2.63020043541
6471.66 2.64357079505
6473.39 2.46056399748
6475.12 2.46829373664
6476.85 2.51237414108
6478.57 2.48688689302
6480.3 2.55269413187
6482.03 2.48061953694
6483.76 2.46912938412
6485.49 2.56961599329
6487.21 2.48333539124
6488.94 2.46223529243
6490.67 2.50589787313
6492.4 2.45555011261
6494.12 2.28591367468
6495.85 2.29656818002
6497.58 2.33939511324
6499.31 2.41314100313
6501.04 2.47518782833
6502.76 2.41836379986
6504.49 2.59698344818
6506.22 2.53848812475
6507.95 2.55687236926
6509.68 2.58549329536
6511.4 2.57274967133
6513.13 2.54663568766
6514.86 2.54350200962
6516.59 2.53848812475
6518.31 2.50485331378
6520.04 2.59155173957
6521.77 2.65526985973
6523.5 2.53493662297
6525.23 2.58068832237
6526.95 2.59280521079
6528.68 2.62288851998
6530.41 2.65882136151
6532.14 2.57421205442
6533.87 2.58737350219
6535.59 2.6193370182
6537.32 2.56313972534
6539.05 2.51843258529
6540.78 2.5886269734
6542.5 2.62059048942
6544.23 2.64503317813
6545.96 2.53368315176
6547.69 2.54997827757
6549.42 2.63604996775
6551.14 2.61369639773
6552.87 2.61745681138
6554.6 2.48876709984
6556.33 2.39454784676
6558.05 2.35589915092
6559.78 2.41021623696
6561.51 2.36592692065
6563.24 2.2796463186
6564.97 2.25332342306
6566.69 2.35213873727
6568.42 2.48041062507
6570.15 2.49837704583
6571.88 2.49357207284
6573.61 2.4419708411
6575.33 2.45638576009
6577.06 2.57985267489
6578.79 2.60513101108
6580.52 2.60074386183
6582.24 2.52699797194
6583.97 2.57630117311
6585.7 2.54287527401
6587.43 2.52908709063
6589.16 2.52469994137
6590.88 2.52031279212
6592.61 2.45743031944
6594.34 2.59572997696
6596.07 2.56063278291
6597.79 2.52532667698
6599.52 2.58486655975
6601.25 2.59468541761
6602.98 2.53890594849
6604.71 2.52219299894
6606.43 2.55603672178
6608.16 2.59802800752
6609.89 2.50819590369
6611.62 2.44740254971
6613.35 2.47414326899
6615.07 2.56146843038
6616.8 2.46432441113
6618.53 2.46202638056
6620.26 2.5756744375
6621.98 2.54015941971
6623.71 2.49837704583
6625.44 2.40018846723
6627.17 2.45513228887
6628.9 2.49190077788
6630.62 2.45784814318
6632.35 2.51132958173
6634.08 2.52511776511
6635.81 2.52699797194
6637.53 2.45638576009
6639.26 2.51780584969
6640.99 2.41523012182
6642.72 2.35109417793
6644.45 2.44635799036
6646.17 2.4446866954
6647.9 2.40958950135
6649.63 2.51320978856
6651.36 2.49294533723
6653.09 2.38159531085
6654.81 2.45137187522
6656.54 2.43946389867
6658.27 2.42275094912
6660.0 2.40938058948
6661.72 2.38326660581
6663.45 2.37825272094
6665.18 2.40562017583
6666.91 2.35965956457
6668.64 2.30429791919
6670.36 2.32957625538
6672.09 2.08310203189
6673.82 1.78600846246
6675.55 1.63197774117
6677.28 1.55465945831
6679.0 1.59911590412
6680.73 1.68253441356
6682.46 1.88212881356
6684.19 2.10290687711
6685.91 2.07368010659
6687.64 2.07489179543
6689.37 2.13257236256
6691.1 2.09998211094
6692.83 2.10478708393
6694.55 0.0394342044629
6705.72 2.38138639898
6721.18 2.29970185806
6736.67 2.38514681263
6752.2 2.32999407912
6767.77 2.39433893489
6783.37 2.40457561649
6799.01 2.33835055389
6814.68 2.35903282896
6830.39 2.41314100313
6846.13 2.28779388151
6861.92 2.3028355361
6877.73 2.30743159723
6893.59 2.25395015867
6909.48 2.30032859367
6925.41 2.29427014946
6941.37 2.36321106635
6957.37 2.41167862004
6973.41 2.41084297257
6989.49 2.41000732509
7005.6 2.33793273016
7021.75 2.29447906133
7037.94 2.39621914171
7054.16 2.50255528322
7070.42 2.28674932216
7086.72 2.36613583252
7103.06 2.2073628118
7119.43 2.19127659786
7135.84 2.1357060406
7152.3 2.17456364831
7168.78 2.19900633702
7185.31 2.16808738035
7201.87 2.1275584777
7218.47 2.24246000585
7235.11 2.25206995184
7251.79 2.1998419845
7268.51 2.1739369127
7285.27 2.23389461921
7302.06 2.27985523047
7318.89 2.26836507765
7335.76 2.33647034707
7352.67 2.33563469959
7369.63 2.27108093196
7386.61 2.44928275653
7403.64 2.43152524763
7420.71 2.33730599455
7437.82 2.3853557245
7454.96 2.39538349423
7472.14 2.42212421351
7489.37 2.40457561649
7506.64 2.44259757671
7523.94 2.48709580489
7541.29 2.4802017132
7558.67 2.43967281054
7576.09 2.40520235209
7593.56 2.37114971739
7611.06 2.3540189441
7628.61 2.29949294619
7646.19 2.32518910612
7663.82 2.28173543729
7681.49 2.25478580614
7699.19 2.25896404353
7716.95 2.25290559932
7734.73 2.19064986225
7752.56 2.17957753317
7770.44 2.23452135482
7788.35 2.16286458362
7806.3 2.16683390914
7824.3 2.28382455599
7842.34 2.14030210173
7860.41 2.22470249695
7878.53 2.23932632781
7896.7 2.26418684027
7914.9 2.21174996105
7933.14 2.17038541092
7951.43 2.07186257332
7969.76 2.17351908896
7988.13 2.16766955662
8006.55 2.13695951182
8025.01 2.26272445718
8043.5 2.28779388151
8062.05 2.26585813522
8080.63 2.17790623822
8099.26 2.15701505128
8117.93 2.23180550051
8136.65 2.25666601297
8155.4 2.17915970943
8174.2 2.15325463763
8193.05 2.11794853171
8211.93 2.23201441238
8230.86 2.17038541092
8249.84 2.25081648063
8268.86 2.29155429515
8287.92 2.20778063554
8307.02 2.17142997026
8326.17 2.19044095038
8345.37 2.1200376504
8364.6 2.17853297382
8383.89 2.14761401716
8403.21 2.19670830646
8422.58 2.12108220975
8442.0 2.07186257332
8461.46 2.09977319907
8480.97 2.07472466593
8500.52 2.12212676909
8520.11 2.07280267673
8539.75 2.05757300146
8559.44 1.99136883005
8579.17 2.07466199237
8598.95 2.07370099777
8618.77 2.04900761481
8638.64 2.09580387355
8658.56 1.99586043524
8678.51 1.98574910077
8698.52 1.87809681448
8718.57 2.06780968306
8738.67 2.06208549783
8758.81 2.06584591148
8779.01 2.10812967384
8799.24 2.0590980581
8819.53 2.07714804362
8839.86 2.11481485366
8860.24 2.11857526731
8880.66 1.95811006045
8901.13 1.96166156223
8921.66 1.96974645157
8942.22 1.96425206941
8962.83 1.92301286639
8983.5 1.87832661753
9004.21 1.98405691462
9024.96 1.78377310546
9045.77 2.07071355804
9066.62 2.11794853171
9087.52 1.92169672162
9108.47 1.96095126187
9129.47 1.82075050634
9150.51 1.93655035553
9171.6 1.96703059727
9192.75 1.93458658396
9213.94 1.96051254695
9235.18 1.86272090089
9256.47 1.85747721297
9277.81 2.04503828929
9299.19 1.86842419493
9320.63 1.99182843616
9342.12 1.990804768
9363.65 1.95345132576
9385.24 1.98414047937
9406.88 1.94691238425
9428.56 1.99581865287
9450.29 1.96738574745
9472.08 2.01215556105
9493.92 2.01109011052
9515.8 1.96880634816
9537.74 1.98140373388
9559.72 1.94419652995
9581.76 2.00221135607
9603.85 1.97367399472
9625.99 1.98171710169
9648.18 1.94448900656
9670.42 1.94791516122
9692.71 1.96941219258
9715.06 1.93686372333
9737.45 1.91365361465
9759.9 1.90820101485
9782.39 1.88967053204
9804.95 1.93709352639
9827.55 1.91827056696
9850.21 1.92606297969
9872.91 1.91173162545
9895.67 1.90627902566
9918.48 1.88340317596
9941.36 1.89539471726
9964.27 1.90308267405
9987.24 1.89326381619
10033.33 1.8954991732
10079.64 1.86735874439
10126.18 1.88682933062
10172.91 1.86307605107
10219.87 1.86520695214
10267.05 1.86733785321
10290.71 1.85340343152
10506.19 1.79411424299
10701.51 1.72126667414
10900.48 1.66665711149
11103.13 1.59165775038
11309.55 1.5590048252
11493.32 1.54471525333
11706.99 1.50261951165
11897.21 1.44826064324
12090.52 1.4185742666
12286.99 1.3926691948
12486.64 1.35470990814
12689.53 1.32084529411
12895.72 1.29076198492
13105.26 1.26429285107
13287.57 1.22700208239
13503.47 1.20460672999
13691.33 1.18262920133
13913.79 1.13723265212
14107.35 1.08855618656
14303.61 1.07115382784
14502.58 1.07608414795
14704.33 1.03716386669
14908.89 1.04677381268
15116.29 1.05159967686
15291.34 1.06622350772
15504.06 1.05402305455
15683.59 1.03716386669
15901.77 1.0019622167
16085.9 1.0019622167
16309.67 0.992770094448
16498.54 0.979149040565
16689.58 0.965716007364
16882.83 0.948083845589
17117.69 0.924372348416
17315.91 0.888899112996
17516.42 0.858711347872
17719.26 0.823843956873
17883.2 0.794053124301
18090.28 0.756574334935
18299.76 0.735954733428
18511.67 0.70933936127
18682.94 0.678963575463
18899.29 0.65742476173
19118.13 0.645433220428
19295.02 0.622076873433
19518.45 0.596819428425
19699.06 0.576575868283
19881.32 0.557000826123
20111.54 0.546826818084
20297.64 0.525831175212
20485.44 0.517432918063
20722.65 0.503331366881
20914.41 0.489605857063
21107.91 0.479557196146
21303.23 0.468651996565
21500.33 0.456932040693
21699.28 0.441409888799
21900.07 0.432364004855
22102.69 0.419620380823
22307.22 0.407231906969
22513.61 0.397057898931
22721.94 0.385337943059
22879.45 0.34501795227
23091.14 0.341069517939
23304.81 0.297072678249
23520.43 0.279795666651
23683.48 0.283702318609
23902.6 0.259928147874
24123.78 0.2510911758
24290.98 0.248229083189
24515.76 0.231119201088
24685.71 0.227421461
24914.11 0.190479575138
25086.82 0.187866087653
25318.93 0.189167608599
25494.44 0.187866087653
25671.15 0.190918290064
25908.69 0.187433640083
26088.27 0.187003281632
26329.67 0.181905832019
26512.17 0.1798250698
26695.96 0.176135686187
26880.99 0.173319554188
27129.73 0.1705493828
27317.77 0.166665711149
27507.15 0.164380215298
27697.8 0.160268829708
27889.81 0.158068987724
28083.12 0.154826675511
28277.8 0.152002187037
28473.8 0.148885221946
28671.15 0.145830930416
28869.91 0.1431693932
29070.01 0.140232092317
29271.53 0.137039918953
29474.42 0.134539243876
29678.74 0.132084529411
29884.45 0.129374942465
30091.62 0.127012149223
30300.19 0.124695316591
30510.24 0.122984328381
30721.71 0.12101846769
30934.65 0.118808180113
31077.46 0.11690917122
31292.86 0.115304728063
31509.79 0.113200985539
31728.19 0.111389719631
31874.63 0.109609790504
32095.59 0.10785701992
32318.05 0.106133496998
32467.25 0.1044350435
32692.29 0.102765837663
32918.92 0.101121701251
33070.86 0.0995068125011
33300.07 0.0972401187184
33530.92 0.0954664569475
33685.68 0.0937241319569
33919.2 0.0918021427587
34075.75 0.0901266695663
34311.94 0.0884804440356
34470.34 0.0868655552854
34709.26 0.0852799141968
34869.46 0.0835313218502
35111.18 0.0820062652037
35273.24 0.0803245246553
35517.76 0.0788579633323
35681.69 0.0774185605523
35929.01 0.0758308303451
36094.88 0.0746191415027
36261.47 0.0730878175002
36512.8 0.0715899193968
36681.37 0.0702821310945
36935.61 0.0686839552938
37106.08 0.0672738001756
37277.39 0.0661979040483
37535.76 0.0646916494701
37709.05 0.0638037740253
37883.1 0.062495985723
38057.94 0.0613553269162
38321.77 0.0603734411302
38498.64 0.0592724755786
38676.33 0.0579229049024
38944.45 0.0568658108434
39124.19 0.0559570442116
39304.77 0.0549354651704
39486.22 0.0536840830728
39668.47 0.0527042864055
39943.42 0.0515051322753
40127.82 0.0507990101568
40313.03 0.0499863429849
40499.09 0.0488477732968
40686.06 0.0480664429054
40873.84 0.0472976472261
41062.49 0.0464348412056
41347.15 0.0456932040693
41537.98 0.0448596457105
41729.7 0.0441409888799
41922.35 0.0433366781828
42115.84 0.0425449021978
42310.22 0.0419620380823
42505.5 0.0411953315217
42701.73 0.0406291803557
42898.82 0.0388910336025
43096.82 0.0371403521372
43295.78 0.0370546982707
43495.61 0.0355505328112
43696.36 0.0347420438768
43898.09 0.0340296544022
44100.69 0.0329495800375
44304.24 0.0323479138537
44508.72 0.0318319015364
44714.2 0.0309628281598
44920.58 0.0306787080175
45127.91 0.0301188242075
45336.24 0.0295025341929
45545.49 0.0292309487627
45650.47 0.0288298379735
45861.17 0.0279795666651
46072.89 0.0279148039856
46285.54 0.0274698217039
46499.17 0.0270916912203
46713.84 0.0269057596566
46929.44 0.0264148167635
47146.04 0.0259928147874
47254.72 0.0259322303453
47472.87 0.0253430988737
47691.98 0.02510911758
47912.1 0.0248229083189
48133.29 0.0242024400669
48355.45 0.0242567571529
48466.91 0.0237595469038
48690.61 0.0233270993342
48915.39 0.0230074641741
49141.15 0.0226899181326
49254.43 0.0224830953819
49481.76 0.0220715389993
49710.2 0.0219211224533
49939.63 0.0215200116641
50054.75 0.0212254459283
50285.83 0.0209831081598
50517.92 0.0205991281439
50751.08 0.0203632666434
50868.07 0.0202230867791
50985.32 0.0200377819509
51102.9 0.0198539395059
51220.7 0.0197173111433
51338.77 0.0195817273401
51457.1 0.0194020631324
51575.72 0.0192242791316
51694.6 0.0191799898153
51813.82 0.0190479575138
51933.25 0.0188298535222
52052.96 0.0187003281632
52172.95 0.0185716384517
52293.21 0.0184013752781
52413.75 0.0182745657734
52534.57 0.018156948391
52655.72 0.0180368240661
52777.1 0.0179162819174
52898.75 0.0177955308569
53020.69 0.0176745708846
53142.9 0.0175531930885
53265.4 0.0174318152924
53388.18 0.0173098107607
53511.31 0.0171878062289
53634.65 0.0170749938195
53758.29 0.0169619724981
53882.2 0.0168485333531
54006.4 0.0167348852961
54130.89 0.0166210283273
54255.73 0.0165069624467
54380.79 0.0163924787422
54506.14 0.016277786126
54631.78 0.0161666450114
54757.71 0.0160605177818
54883.93 0.0159539727284
55010.45 0.015847427675
55137.31 0.0157404647979
55264.4 0.0156332930089
55391.79 0.0155259123081
55519.47 0.0154183226953
55647.45 0.0153103152589
55775.72 0.0152089930022
55904.35 0.0151091331287
56033.21 0.0150088554314
56162.37 0.0149085777341
56291.83 0.014807882213
56421.59 0.0147069777801
56551.64 0.0146058644354
56682.0 0.0145047510906
56812.72 0.0144046823052
56943.67 0.0143108808758
57074.93 0.0142166616227
57206.5 0.0141224423696
57338.36 0.0140280142047
57470.53 0.013933168216
57603.0 0.0138383222273
57735.85 0.0137430584148
57868.93 0.0136477946024
58002.32 0.0135567090274
58136.02 0.0134683393066
58270.03 0.013379760674
58404.35 0.0132909731295
58539.04 0.0132019766732
58673.98 0.0131127713049
58809.22 0.0130233570249
58944.78 0.0129337338329
59080.65 0.0128439017291
59216.84 0.0127609637169
59353.34 0.012677607881
59490.21 0.0125942520452
59627.34 0.0125106872974
59764.79 0.0124269136378
59902.55 0.0123429310663
60040.63 0.0122587395829
60179.03 0.0121743391877
60317.81 0.0120922368231
60456.85 0.0120141037839
60596.21 0.0119357618329
60735.89 0.01185721097
60875.89 0.0117784511953
61016.21 0.0116994825086
61156.86 0.011620513822
61297.89 0.0115411273117
61439.19 0.0114615318894
61580.81 0.0113869503521
61722.76 0.0113132044622
61865.04 0.0112394585723
62007.64 0.0111652948586
62150.64 0.011091131145
62293.9 0.0110167585195
62437.49 0.010942385894
62581.42 0.0108675954448
62725.67 0.0107938495549
62870.26 0.0107246997261
63015.18 0.0106553409855
63160.5 0.0105855644211
63306.09 0.0105159967686
63452.01 0.0104460112924
63598.28 0.0103760258162
63744.88 0.010305831428
63891.81 0.0102354281281
64039.09 0.0101681585061
64186.77 0.010102769091
64334.73 0.0100373796759
64483.03 0.00997178134892
64631.67 0.00990618302194
64780.64 0.00984016687122
64929.96 0.00977415072049
65079.7 0.00970813456977
65229.72 0.00964170059531
65380.08 0.00958028050572
65530.79 0.00951886041612
65681.84 0.00945723141465
65833.24 0.00939539350132
65984.99 0.00933355558799
66137.16 0.00927129985091
66289.62 0.00920904411384
66442.42 0.00914678837677
66595.57 0.00908620393465
66749.08 0.00902833534683
66902.94 0.00897025784715
67057.23 0.00891218034746
67211.8 0.0088538939359
67366.73 0.00879560752435
67522.01 0.00873711220093
67677.66 0.00867840796563
67833.66 0.00861949481847
67990.02 0.00856434208495
68146.82 0.00850960717518
68303.9 0.00845508117727
68461.34 0.00840013735563
68619.15 0.00834540244585
68777.32 0.00829024971234
68935.86 0.00823509697882
69094.84 0.00817973533344
69254.11 0.00812520933553
69413.74 0.00807381701567
69573.75 0.0080224246958
69734.12 0.00797082346406
69894.86 0.00791922223233
70055.98 0.00786741208872
70217.54 0.00781539303325
70379.39 0.00776337397778
70541.62 0.00771114601043
70704.22 0.00766142498552
70867.2 0.00761295743183
71030.56 0.00756448987813
71194.29 0.00751581341257
71358.47 0.00746713694701
71522.96 0.00741825156957
71687.83 0.00736915728027
71853.07 0.00732006299097
72018.7 0.00727096870166
72184.71 0.00722542591414
72351.17 0.00717967421475
72517.95 0.00713392251536
72685.11 0.00708817081596
72852.65 0.0070422102047
73020.58 0.00699604068157
73188.9 0.00694987115844
73357.61 0.00690349272344
73526.78 0.00685857667152
73696.27 0.00681554082643
73866.14 0.00677250498134
74036.41 0.00672926022438
74207.07 0.00668601546742
74378.12 0.00664256179859
74549.65 0.00659910812976
74721.49 0.00655544554906
74893.73 0.00651178296836
75066.37 0.00647083624196
75239.4 0.00643009842744
75412.83 0.00638956952478
75586.66 0.00634883171025
75760.98 0.00630788498385
75935.61 0.00626693825746
76110.65 0.00622599153106
76286.09 0.00618483589279
76461.93 0.00614430699013
76638.19 0.00610607611804
76814.84 0.00606763633407
76991.99 0.00602940546198
77169.46 0.00599096567801
77347.34 0.00595231698218
77525.63 0.00591366828635
77704.34 0.00587501959051
77883.45 0.00583616198281
78063.06 0.00579897567006
78243.0 0.00576304282853
78423.36 0.00572690107513
78604.13 0.00569055040986
78785.32 0.00565419974459
78966.92 0.00561784907931
79148.94 0.00558149841404
79331.48 0.00554472992503
79514.34 0.00550817034789
79697.63 0.00547432662505
79881.34 0.00544027399035
80065.47 0.00540601244377
80250.02 0.00537195980906
80435.1 0.00533748935062
80620.5 0.00530322780404
80806.34 0.00526875734559
80992.6 0.00523428688715
81179.3 0.00520065207618
81366.42 0.00516868856016
81553.98 0.00513651613228
81742.06 0.00510434370439
81930.48 0.00507196236464
82119.33 0.00503958102489
82308.62 0.00500719968514
82498.35 0.00497460943351
82688.52 0.00494201918189
82879.21 0.00491130913709
83070.25 0.00488101691603
83261.74 0.00485072469498
83453.66 0.00482022356205
83646.03 0.00478972242912
83838.84 0.00475922129619
84032.09 0.00472851125139
84225.88 0.00469780120659
84420.03 0.00466750898554
84614.62 0.00463888805943
84809.67 0.00461026713333
85005.16 0.00458164620722
85201.1 0.00455281636925
85397.49 0.00452398653128
85594.44 0.0044951566933
85791.74 0.00446611794346
85989.5 0.00443707919362
86187.71 0.00440950282686
86386.37 0.00438234428384
86585.5 0.00435539465269
86785.18 0.00432823610967
86985.23 0.00430107756666
87185.73 0.00427391902364
87386.71 0.00424655156875
87588.14 0.00421918411386
87790.03 0.00419181665897
87992.39 0.00416632941091
88195.32 0.00414084216285
88398.62 0.00411535491478
88602.39 0.00408986766672
88806.62 0.00406417150679
89011.32 0.00403847534685
89216.5 0.00401257027505
89422.25 0.00398666520325
89628.37 0.00396159577892
89834.98 0.00393757091395
90042.05 0.00391354604897
90249.6 0.00388931227212
90457.64 0.00386507849527
90666.14 0.00384084471843
90875.24 0.00381661094158
91084.71 0.00379216825286
91294.67 0.00376772556415
91505.11 0.00374474525851
91716.04 0.00372197386475
91927.45 0.00369920247099
92139.45 0.00367643107723
92351.84 0.0036534507716
92564.71 0.00363067937784
92778.08 0.00360769907221
92991.94 0.00358450985471
93206.3 0.00356173846094
93421.15 0.00354042945027
93636.58 0.00351891152772
93852.43 0.00349739360518
94068.76 0.00347587568263
94285.6 0.00345414884822
94502.93 0.0034324220138
94720.77 0.00341069517939
94939.11 0.00338896834497
95158.05 0.00336807715803
95377.4 0.00334781270671
95597.25 0.00332754825538
95817.61 0.00330707489218
96038.47 0.00328681044085
96259.85 0.00326633707765
96481.84 0.00324586371445
96704.24 0.00322518143938
96927.15 0.00320470807618
97150.57 0.0031854881842
97374.51 0.00316626829222
97598.97 0.00314725731211
97823.94 0.00312782850826
98049.54 0.00310860861627
98275.55 0.00308917981242
98502.08 0.00306995992044
98729.13 0.00305053111659
98956.72 0.00303152013647
99184.82 0.00301334480384
99413.55 0.00299537838307
99642.71 0.00297720305044
99872.39 0.00295881880593
100102.61 0.0029406434733
100333.35 0.00292225922879
100564.63 0.00290408389616
100796.43 0.00288569965165
101028.89 0.00286835996649
101261.77 0.00285122919321
101495.18 0.00283409841992
101729.14 0.00281675873476
101963.63 0.00279962796147
102198.66 0.00278228827631
102434.24 0.00276494859115
102670.46 0.002747608906
102907.13 0.00273047813271
103144.34 0.00271439191877
103382.09 0.00269809679295
103620.4 0.00268201057901
103859.25 0.0026657154532
104098.77 0.00264942032739
104338.72 0.00263291628971
104579.23 0.0026166211639
104820.29 0.00260011712622
105061.91 0.00258444873602
105304.09 0.00256919816955
105546.82 0.00255394760309
105790.23 0.00253848812475
106034.08 0.00252302864642
106278.5 0.00250756916809
106523.48 0.00249210968975
106769.02 0.00247665021142
107015.13 0.00246119073309
107261.93 0.0024467758141
107509.17 0.00243215198324
107756.99 0.00241773706426
108005.37 0.0024031132334
108254.34 0.00238869831441
108503.87 0.00237407448356
108753.98 0.0023594506527
109004.79 0.00234461790998
109256.05 0.00233041190286
109507.89 0.00231662371948
109760.32 0.00230304444797
110013.32 0.00228925626459
110266.91 0.00227546808121
110521.2 0.00226167989783
110775.96 0.00224789171446
111031.31 0.00223410353108
111287.24 0.00222010643583
111543.77 0.00220694498806
111800.89 0.00219399245216
112058.59 0.00218103991626
112317.02 0.00216808738035
112575.92 0.00215513484445
112835.41 0.00214197339668
113095.51 0.00212881194891
113356.2 0.00211585941301
113617.5 0.00210269796524
113879.39 0.00209058107682
114142.02 0.0020782970589
114405.12 0.00206601304098
114668.83 0.00205368724069
114933.15 0.00204134054921
115198.08 0.00202897296654
115463.62 0.0020165636015
115729.9 0.00200413334527
115996.67 0.00199222536872
116264.05 0.00198063075997
116532.04 0.00196901526003
116800.66 0.00195737886891
117069.89 0.00194570069541
117339.75 0.00193402252191
117610.36 0.00192228167485
117881.45 0.00191054082779
118153.18 0.00189877908955
118425.53 0.0018878112164
118698.51 0.00187684334326
118972.12 0.00186583368775
119246.48 0.00185480314104
119521.36 0.00184375170315
119796.87 0.00183267937408
120073.0 0.00182156526263
120349.78 0.00181045115117
120627.2 0.00179960862515
120905.25 0.00178922570525
121184.08 0.00177882189415
121463.42 0.00176839719187
121743.4 0.0017579515984
122024.03 0.00174748511375
122305.3 0.00173697684672
122587.22 0.00172646857969
122869.93 0.00171591853028
123153.15 0.00170595343411
123437.03 0.00169611368507
123721.56 0.00168625304483
124006.75 0.00167637151341
124292.59 0.0016664690908
124579.1 0.00165654577701
124866.4 0.00164660157203
125154.22 0.00163663647586
125442.71 0.00162677583562
125731.86 0.00161747925743
126021.68 0.00160816178806
126312.18 0.00159880253631
126603.33 0.00158944328457
126895.3 0.00158006314163
127187.81 0.00157064121632
127480.98 0.00156121929101
127774.83 0.00155177647452
128069.37 0.00154270969939
128364.57 0.0015338936185
128660.6 0.00152503575524
128957.17 0.00151617789198
129254.44 0.00150729913753
129552.37 0.00149839949189
129851.0 0.00148949984626
130150.32 0.00148055841825
130450.31 0.00147159609905
130751.16 0.00146323962428
131052.56 0.0014548831495
131354.63 0.00144650578354
131657.43 0.00143810752639
131960.9 0.00142968837806
132265.07 0.00142124833853
132570.11 0.00141278740782
132875.69 0.00140432647711
133181.98 0.00139605356709
133488.97 0.00138815669842
133796.67 0.00138021804739
134105.09 0.00137227939635
134414.21 0.00136431985413
134724.18 0.00135631852953
135034.73 0.00134833809612
135346.0 0.00134031588034
135657.98 0.00133227277337
135970.68 0.00132466838132
136284.1 0.00131716844521
136598.25 0.00130964761791
136913.27 0.00130210589943
137228.86 0.00129454328976
137545.19 0.00128698068009
137862.24 0.00127939717923
138180.02 0.00127179278718
138498.54 0.00126427195989
138817.94 0.00125716895633
139137.91 0.00125004506158
139458.65 0.00124292116684
139780.11 0.00123575548972
140102.31 0.0012285898126
140425.25 0.00122140324429
140748.94 0.00121421667598
141073.53 0.0012069883253
141398.71 0.00120007334243
141724.65 0.00119332548905
142051.34 0.00118657763567
142378.78 0.0011798088911
142706.97 0.00117301925534
143036.08 0.00116622961959
143365.78 0.00115939820146
143696.25 0.00115256678333
144027.49 0.0011457353652
144359.48 0.001139342662
144692.24 0.0011329499588
145025.77 0.00112653636441
145360.21 0.00112012277002
145695.29 0.00111368828444
146031.13 0.00110723290768
146367.74 0.00110075663973
146705.12 0.00109428037178
147043.28 0.00108795034213
147382.4 0.00108191278911
147722.12 0.00107583345371
148062.64 0.00106975411831
148403.92 0.00106365389173
148746.0 0.00105755366514
149088.88 0.00105141165618
149432.53 0.00104529053841
149777.15 0.00103912763826
150122.39 0.00103329899711
150468.45 0.0010275539207
150815.29 0.0010217879531
151162.92 0.00101602198551
151511.36 0.00101023512673
151860.62 0.00100442737676
152210.83 0.000998619626791
152561.68 0.000992790985635
152913.35 0.000987025018041
153265.82 0.00098157241825
153619.12 0.000976119818459
153973.22 0.000970646327482
154328.3 0.000965172836504
154684.04 0.00095967845434
155040.6 0.000954163180988
155397.97 0.000948647907637
155756.19 0.000943111743098
156115.2 0.000937805381616
156475.07 0.000932624367256
156835.92 0.000927443352895
157197.45 0.000922241447348
157559.8 0.000917039541801
157922.98 0.000911816745066
158287.0 0.000906593948332
158651.87 0.000901350260411
159017.74 0.000896085681302
159384.29 0.000891197143559
159751.69 0.000886287714629
160119.92 0.000881357394512
160489.01 0.000876427074394
160858.94 0.00087147586309
161229.74 0.000866524651786
161601.57 0.000861552549295
161974.07 0.000856580446804
162347.43 0.000851733691434
162721.66 0.000847074956747
163096.73 0.00084241622206
163472.69 0.000837736596186
163849.68 0.000833036079126
164227.37 0.000828335562065
164605.92 0.000823635045004
164985.35 0.000818913636756
165365.65 0.000814192228508
165746.83 0.000809700623317
166128.89 0.000805292582873
166512.02 0.000800842760055
166895.84 0.000796413828424
167280.54 0.000791964005607
167666.13 0.000787493291602
168052.63 0.000783022577598
168440.0 0.000778530972406
168828.25 0.000774102040775
169217.6 0.000769902912201
169607.66 0.000765703783627
169998.63 0.000761504655052
170390.48 0.000757284635291
170783.24 0.000753043724343
171176.91 0.000748802813394
171571.68 0.000744541011259
171967.16 0.000740279209124
172363.56 0.000736184536484
172760.86 0.000732215210966
173159.09 0.000728224994261
173558.24 0.000724213886369
173958.3 0.000720202778477
174359.47 0.000716170779398
174761.39 0.000712138780319
175164.23 0.00070810678124
175568.0 0.000704053890975
175972.69 0.000700272586139
176378.32 0.000696491281303
176785.08 0.000692689085281
177192.58 0.000688886889258
177601.02 0.000685063802049
178010.41 0.000681240714839
178420.73 0.000677417627629
178832.0 0.000673573649233
179244.22 0.000669834126771
179657.6 0.000666240842618
180071.72 0.000662647558465
180486.79 0.000659033383125
180902.82 0.000655419207784
181319.83 0.000651784141257
181737.77 0.00064814907473
182156.69 0.000644514008203
182576.77 0.000640858050489
182997.63 0.000637390113458
183419.45 0.000633984849987
183842.25 0.000630558695329
184266.01 0.000627111649484
184690.77 0.000623685494827
185116.68 0.000620238448982
185543.4 0.00061677051195
185971.09 0.000613302574919
186399.77 0.000609876420261
186829.43 0.000606638286286
187260.08 0.000603400152311
187691.74 0.000600141127148
188124.59 0.000596882101986
188558.23 0.000593602185637
188992.87 0.000590322269288
189428.5 0.000587042352939
189865.15 0.000583741545403
190302.81 0.000580566084988
190741.67 0.000577495080508
191181.35 0.000574403184842
191622.04 0.000571290397988
192063.74 0.000568198502321
192506.46 0.000565085715468
192950.19 0.000561952037427
193394.96 0.000558839250573
193840.96 0.000555705572533
194287.77 0.000552780806361
194735.62 0.000549835149003
195184.5 0.000546889491645
195634.42 0.000543943834287
196085.38 0.000540998176929
196537.58 0.000538031628384
196990.61 0.000535065079839
197444.68 0.000532098531293
197899.82 0.000529194656309
198355.98 0.00052639523726
198813.21 0.000523616709397
199271.49 0.000520817290347
199731.04 0.000518017871298
200191.43 0.000515197561061
200652.9 0.000512377250825
201115.41 0.000509556940588
201579.0 0.000506736630352
202043.65 0.000504041667237
202509.38 0.000501388486496
202976.41 0.000498735305755
203444.28 0.000496082125014
203913.23 0.000493408053086
204383.27 0.000490733981158
204854.37 0.000488039018043
205326.58 0.000485364946115
205800.1 0.000482690874187
206274.48 0.000480183931754
206749.96 0.000477656098135
207226.53 0.000475128264515
207704.21 0.000472600430896
208182.98 0.00047005170609
208662.86 0.000467502981283
209144.07 0.000464954256477
209626.16 0.000462405531671
210109.37 0.000459940371612
210593.68 0.000457537885114
211079.11 0.000455135398616
211565.67 0.000452732912119
212053.58 0.000450309534434
212542.37 0.000447907047936
213032.29 0.000445483670251
213523.34 0.00044303940138
214015.53 0.000440616023695
214508.86 0.000438338884319
215003.31 0.000436040853756
215499.14 0.00043376371438
215995.89 0.000431465683816
216493.78 0.000429167653253
216992.8 0.00042686962269
217492.99 0.00042455070094
217994.34 0.000422252670377
218497.06 0.000419996422188
219000.71 0.000417823738746
219505.53 0.000415651055305
220011.5 0.000413478371863
220518.64 0.000411284797235
221026.95 0.000409091222607
221536.45 0.000406897647978
222047.34 0.00040470407335
222559.17 0.000402510498721
223072.18 0.000400421380028
223586.38 0.000398353152521
224101.77 0.000396284925014
224618.33 0.00039419580632
225136.1 0.000392127578813
225655.31 0.00039003846012
226175.46 0.000387949341426
226696.81 0.000385860222732
227219.36 0.000383791995225
227743.11 0.000381828223653
228268.08 0.000379843560894
228794.5 0.000377879789322
229321.9 0.000375895126563
229850.5 0.000373931354991
230380.32 0.000371946692232
230911.35 0.000369941138286
231443.63 0.000367956475527
231977.13 0.000366034486329
232512.09 0.000364154279504
233048.06 0.000362294963867
233585.24 0.000360414757043
234123.68 0.000358534550218
234663.36 0.000356633452207
235204.27 0.000354753245383
235746.69 0.000352852147371
236290.1 0.00035095104936
236834.76 0.00034917529847
237380.69 0.000347378656394
237927.87 0.000345602905504
238476.3 0.000343806263427
239026.01 0.000342009621351
239577.25 0.000340212979274
240129.49 0.000338416337198
240683.0 0.000336598803934
241237.79 0.000334843944231
241793.86 0.000333151758089
242351.21 0.000331459571947
242909.86 0.000329746494619
243470.04 0.00032803341729
244031.27 0.000326320339961
244593.77 0.000324607262632
245157.58 0.000322894185303
245722.69 0.000321181107974
246289.09 0.000319530704206
246857.07 0.000317922082812
247426.1 0.000316313461418
247996.44 0.000314683948837
248568.08 0.000313054436256
249141.05 0.000311424923675
249715.33 0.000309795411093
256121.12 0.000292622855431
262087.08 0.000278019915762
268191.72 0.000264189950009
274438.83 0.000251070284613
280831.19 0.000238660919572
287372.73 0.000226899181326
294066.35 0.000215764178689
300916.19 0.000205299783152
307925.24 0.000195370202
315097.9 0.000185954544048
322437.29 0.000177021472513
329948.0 0.000168545917973
337633.28 0.00043737788972
