102.08 6.33344505406e-07
103.98 7.72054696172e-07
105.91 9.63037446514e-07
107.88 1.22079393127e-06
109.88 1.80568097677e-06
114.01 2.61002166562e-06
118.01 3.55335725417e-06
121.04 1.22643116809e-05
125.01 1.59089655987e-05
127.04 1.76458798785e-05
127.92 1.88644340995e-05
130.9 2.16587573459e-05
132.11 2.54472841764e-05
133.95 2.77097711413e-05
137.07 3.55335725417e-05
139.94 4.02388621272e-05
142.87 9.83194838768e-05
146.87 0.000223173840043
150.98 0.000252138228537
154.86 0.000286834756824
158.83 0.000326314395137
162.16 0.000356987037211
165.93 0.000405178768787
170.19 0.00045044748868
172.96 0.000489376689729
176.98 0.000540301627034
179.86 0.000581622383096
181.94 0.000610434926827
186.18 0.000669331714176
190.96 0.000747550747585
194.06 0.000802860202414
198.12 0.000868248353371
201.81 0.000943278646762
205.08 0.00100147315208
209.86 0.00105351794451
216.24 0.00122079393127
219.75 0.00131112258451
222.81 0.00136347106647
226.95 0.00146771249609
230.11 0.00226286657679
233.85 0.003851542407
239.85 0.00496190723457
246.0 0.00487136979478
251.73 0.00531665456153
257.0 0.00454623219656
259.98 0.00536581430347
264.2 0.00573650533052
269.11 0.00585665249904
274.12 0.00595174528171
279.21 0.0060345006774
283.75 0.00616091144239
289.69 0.0059929331736
295.76 0.00620361778191
301.25 0.00614667599588
308.27 0.00634806011247
317.64 0.00664719429508
328.05 0.00677075797076
338.01 0.00683358374135
348.28 0.00686509152962
357.22 0.0069446202241
366.38 0.00712265820842
374.92 0.00713917132637
385.42 0.00692848671806
395.31 0.00730544134157
405.45 0.00752732450113
413.94 0.00761444543376
421.63 0.00761444543376
430.46 0.00766740129476
441.5 0.00810300595789
450.75 0.00836835468078
460.19 0.00842643530253
469.82 0.00882350935711
479.66 0.00963037446514
489.7 0.00965258176169
499.96 0.0111338274223
505.75 0.0113407159115
511.6 0.0173237791755
519.92 0.0181820816969
529.58 0.0191267459272
539.43 0.018605538779
549.46 0.0217100049533
559.67 0.0280305432026
570.08 0.0331628961833
579.34 0.0348844361809
590.11 0.0404248719616
599.7 0.0398706385775
609.44 0.0434162137876
619.35 0.0564463924906
629.41 0.0597926714496
639.64 0.0680207595308
650.03 0.0735611953114
657.56 0.0749277981761
665.17 0.0856328539495
674.43 0.0945461415226
685.38 0.0907082651443
694.92 0.113147124959
704.59 0.103191802701
716.03 0.13478500365
726.0 0.144757408443
734.4 0.153689676611
744.62 0.163170483985
754.98 0.173237791755
765.48 0.170861421218
774.34 0.197531055735
785.12 0.199353192888
794.21 0.220611459672
805.26 0.235852877732
814.58 0.249253178044
825.91 0.267702316718
835.48 0.228374523167
845.15 0.288827719335
854.94 0.298299036411
864.84 0.321834974636
874.85 0.340132268547
884.98 0.358619368411
895.23 0.375531078862
905.59 0.382515937948
913.97 0.435149128834
924.56 1.65822073155
935.26 3.25574151919
943.92 5.63173244423
954.85 7.45842494004
965.9 8.40707509528
974.84 1.93032654638
986.13 7.05736496044
995.25 7.27184568782
1004.46 10.0610441735
1016.09 9.90008872496
1025.5 5.05415292794
1034.98 7.63209738743
1044.56 12.8128508863
1054.23 12.377815641
1063.98 10.0842004998
1073.83 11.7123559683
1083.76 9.65258176169
1093.79 12.2643116809
1103.91 11.5515903258
1114.12 11.159451226
1124.43 9.85472510209
1134.84 12.292592768
1145.34 11.3669091331
1155.94 11.8207351677
1163.95 11.9575852601
1174.72 8.12160694132
1185.59 11.7123559683
1193.81 9.34642475881
1204.85 7.13917132637
1216.0 5.2316214944
1224.43 9.13365228501
1235.76 12.0128187926
1244.32 12.5790099517
1255.84 12.1238552754
1264.54 11.2887090803
1276.24 13.0510573579
1285.09 13.3241881248
1294.0 10.9557894379
1305.97 11.1852648356
1315.02 13.1717739442
1324.14 12.492268631
1336.39 11.5250174923
1345.66 12.8718805378
1354.98 12.5790099517
1364.38 11.5250174923
1373.83 11.6854035229
1386.54 11.7123559683
1396.16 9.47644183691
1405.83 9.74198036576
1415.58 10.9810336297
1425.39 10.9305452461
1435.27 11.1852648356
1441.9 11.5250174923
1448.55 11.5250174923
1455.24 11.2108886394
1465.32 10.5108842831
1475.48 10.6327397052
1485.71 10.6817096412
1496.01 10.6817096412
1506.38 10.0842004998
1513.33 9.15472074584
1516.82 9.58614967799
1523.82 9.56413218739
1534.38 8.34918427949
1545.02 8.2916730756
1555.73 8.08440497445
1566.51 8.6625539086
1573.74 9.21811593429
1584.65 9.45461415226
1595.64 9.54211469679
1606.7 9.43278646762
1614.11 9.36787283154
1625.3 9.11258382418
1636.57 9.60816716859
1644.12 9.65258176169
1655.52 9.32478688012
1663.16 9.78677457077
1670.84 9.13365228501
1678.55 9.99176500047
1686.3 10.0610441735
1694.08 9.58614967799
1705.82 9.32478688012
1713.7 8.86431763709
1725.58 8.78308068903
1733.54 9.26063246786
1745.56 9.04994785955
1753.61 9.36787283154
1765.77 8.94631380898
1773.92 8.84381859412
1786.21 9.02906920467
1794.46 9.34642475881
1806.9 9.36787283154
1815.24 8.64262428349
1823.62 8.86431763709
1836.26 8.62269465838
1844.73 8.01019084666
1853.25 8.01019084666
1866.1 8.17797930949
1874.71 8.6625539086
1883.36 7.95514712016
1896.42 7.59698328604
1905.17 8.12160694132
1913.96 7.73819891539
1922.8 7.49277981761
1936.13 7.88207182809
1945.06 8.08440497445
1954.04 7.47550747585
1967.59 8.08440497445
1976.67 8.33001387819
1985.79 7.88207182809
1994.96 7.72054696172
2004.17 7.95514712016
2013.42 7.80994556579
2022.71 8.08440497445
2036.73 7.57952113833
2046.13 7.75604067502
2055.58 7.17200775631
2065.06 7.37301226099
2074.6 7.97336849169
2079.38 7.45842494004
2084.17 7.73819891539
2093.79 7.37301226099
2103.46 7.51005215937
2113.17 7.57952113833
2122.92 7.63209738743
2132.72 7.37301226099
2142.56 7.27184568782
2157.42 7.51005215937
2167.37 7.37301226099
2177.38 7.33903699533
2187.43 7.17200775631
2197.53 7.37301226099
2202.59 7.25514276391
2212.76 7.0412314544
2222.97 6.88084542375
2233.23 7.05736496044
2243.54 6.92848671806
2253.9 6.72425551217
2264.3 6.83358374135
2274.75 6.86509152962
2285.25 6.91254301797
2295.8 6.55665685529
2306.4 6.63333846048
2317.04 6.45340241663
2322.38 5.53113528891
2333.1 6.1641381436
2343.87 6.10833519329
2354.69 6.26587413464
2365.56 6.04000505005
2376.48 6.05462010847
2387.45 5.82305684528
2392.95 5.98647977119
2404.0 5.8376719037
2415.09 5.87885979559
2426.24 6.00280308318
2437.44 5.81299712975
2443.06 5.96256422105
2454.33 5.90865933028
2465.66 5.84184763467
2477.04 5.72283930187
2482.75 5.74960194131
2494.21 5.16063406781
2505.73 5.75112038893
2511.5 5.39238713695
2517.29 5.5694760915
2523.1 5.45559251944
2534.74 5.45635174326
2546.44 5.35746284152
2552.31 5.50797896259
2564.09 5.43319541694
2575.93 5.54764840686
2587.82 5.4977294411
2593.78 5.4476206694
2605.76 5.33658418664
2617.78 5.27622589345
2623.82 5.33772302236
2635.93 5.38802160002
2642.01 5.53929694491
2654.2 5.57839697131
2666.45 5.29141036973
2672.6 5.37777207854
2684.94 5.3787211083
2697.33 5.19688700492
2703.55 5.22118216696
2716.03 5.10312286392
2722.29 5.06838837445
2734.85 5.13956560698
2747.48 4.85276881135
2753.81 4.87554552576
2766.52 4.92147856649
2772.9 5.01334464795
2785.7 4.88864213655
2792.12 4.45892145798
2805.01 4.59501232659
2817.95 4.90173874733
2824.45 4.94748198211
2837.49 4.79127168244
2844.03 4.7478061191
2857.15 4.6618240222
2863.74 4.82600617191
2876.96 4.80455809918
2883.59 4.78292022049
2896.9 4.7506532084
2910.27 4.87326785432
2930.45 4.75255126794
2950.76 4.65612984359
2971.21 4.65726867932
2991.81 4.60507204212
3012.55 4.56407395618
3033.43 4.54414433107
3047.43 4.50314624513
3068.55 4.48359623193
3089.82 4.42323793874
3111.24 4.41412725297
3132.81 4.32472864891
3147.27 4.30555824761
3169.08 4.26721744502
3191.05 4.12334453232
3213.17 4.15314406701
3228.0 4.04058913662
3250.38 4.13568191929
3272.91 4.16548145398
3288.02 4.10910908581
3310.81 4.06317604508
3318.44 4.16775912542
3326.09 4.17781884095
3333.76 4.18768875053
3341.44 3.99959105068
3349.14 4.20780818159
3356.87 4.01876145198
3364.6 3.85590794393
3372.36 3.81225257464
3380.13 3.9921886185
3387.93 4.09506344526
3395.73 4.02065951151
3403.56 4.0117386317
3411.41 3.89386913462
3419.27 3.94834344325
3427.15 3.99446628994
3435.06 4.02255757105
3442.97 3.8152894699
3450.91 3.91360895378
3458.87 3.83370064738
3466.84 3.81642830562
3474.83 3.88779534411
3482.84 3.77334235419
3490.87 3.89747544773
3498.92 3.77410157801
3506.98 3.84470939268
3515.07 3.68887870491
3523.17 3.81016470916
3531.29 3.76688895177
3539.43 3.86387979398
3547.59 3.92708517647
3555.77 3.8735598976
3563.97 3.83844579622
3572.18 3.68280491441
3580.42 3.5911286389
3588.67 3.41403968435
3596.95 3.60840098066
3605.24 3.66743063218
3613.55 3.58429562457
3614.78 3.54291792673
3617.52 3.55601453751
3620.26 4.01420610909
3622.99 3.72038649318
3625.73 4.20913682327
3628.47 3.651866544
3631.2 3.72911756704
3633.94 3.82686763306
3636.68 3.95878277069
3639.41 3.82458996162
3642.15 3.63516362009
3644.89 3.9950357078
3647.62 3.79801712814
3650.36 3.74695932666
3653.1 3.4501028155
3655.84 3.57746261025
3658.57 3.55639414942
3661.31 3.54652423984
3664.05 3.5413994791
3666.78 3.80845645558
3669.52 3.55639414942
3672.26 3.36867606148
3674.99 3.58258737099
3677.73 3.60991942829
3680.47 3.67616170604
3683.2 3.41366007244
3685.94 3.38765665682
3688.68 3.80731761986
3691.42 3.79270256144
3694.15 3.59302669843
3696.89 3.63174711293
3699.63 3.45181106908
3702.36 3.25858860849
3705.1 3.31363233498
3707.84 3.32957603507
3710.57 3.77106468275
3713.31 4.36420828722
3716.05 6.42284365812
3718.79 9.12909694213
3721.52 15.0778053286
3724.26 23.2797001882
3727.0 25.2954394136
3729.73 18.8038860004
3732.47 10.5953479324
3735.21 5.70404851248
3737.94 4.29246163682
3740.68 3.85951425705
3743.42 3.86103270468
3746.15 3.50210964674
3748.89 3.57955047574
3751.63 3.7460102969
3754.37 3.91854390857
3757.1 4.15580135035
3759.84 4.06887022368
3762.58 4.05805128434
3765.31 4.00585464714
3768.05 3.99370706612
3770.79 3.92309925145
3773.52 3.93012207172
3776.26 4.31011359049
3779.0 4.44297775789
3781.73 4.33725584183
3784.47 4.20420186848
3787.21 4.58172590985
3789.95 4.15921785751
3792.68 4.02122892937
3795.42 3.67274519887
3798.16 3.86615746542
3800.89 3.97567550055
3803.63 4.23172373173
3806.37 4.22356207573
3809.1 4.23703829842
3811.84 4.47030981519
3814.58 4.42115007325
3817.32 4.13947803836
3820.05 4.26474996762
3822.79 4.22318246382
3825.53 4.02426582463
3828.26 3.90905361089
3831.0 3.88969340364
3833.74 3.80124382935
3836.47 3.94473713014
3839.21 3.83673754264
3841.95 4.1005678179
3844.68 4.19224409341
3847.42 4.29625775589
3850.16 4.45455592105
3852.9 4.53712151079
3855.63 4.71667794274
3858.37 4.94615334044
3861.11 5.11185393778
3863.84 5.31133999484
3866.58 5.4557823254
3869.32 5.41895997043
3872.05 4.99891939549
3874.79 4.38755441949
3877.53 4.36477770508
3880.27 4.38015198731
3883.0 4.66372208173
3885.74 4.92736255105
3888.48 4.60791913142
3891.21 4.40691462674
3893.95 4.11632171204
3896.69 4.22242324001
3899.42 4.27253201171
3902.16 4.48169817239
3904.9 4.60602107189
3907.63 4.75160223817
3910.37 4.55230598707
3913.11 4.60981719096
3915.85 4.51908994522
3918.58 4.59178562538
3921.32 4.4987807082
3924.06 4.25620869972
3926.79 3.98061045534
3929.53 3.83654773668
3932.27 3.78017536851
3935.0 3.89045262746
3937.74 4.26190287832
3940.48 4.33459855848
3943.21 4.35870391457
3945.95 4.5318069441
3948.69 4.34427866211
3951.43 4.52687198931
3954.16 4.30271115831
3956.9 4.09961878814
3959.64 4.10037801195
3962.37 4.24937568539
3965.11 4.24671840205
3967.85 4.58248513366
3970.58 4.25658831162
3973.32 4.0867119833
3976.06 4.26380093785
3978.8 4.28866551775
3981.53 4.23646888056
3984.27 4.52914966075
3987.01 4.67131431987
3989.74 4.61133563859
3992.48 4.64644973997
3995.22 4.73527892618
3997.95 4.86472658641
4000.69 4.78311002644
4003.43 4.70965512246
4006.16 4.74837553696
4008.9 4.63069584584
4011.64 4.79620663723
4014.38 5.0270106766
4017.11 4.74742650719
4019.85 5.01865921465
4022.59 5.07692964235
4025.32 4.94881062378
4028.06 4.92527468556
4030.8 4.61228466835
4033.53 4.88199892818
4036.27 4.98164705373
4039.01 4.76185175966
4041.74 4.6895356914
4044.48 4.97006889057
4047.22 4.95754169764
4049.96 5.03194563139
4052.69 4.75520855129
4055.43 4.81120130755
4058.17 4.98923929186
4060.9 4.79146148839
4063.64 4.92166837244
4066.38 5.04921797315
4069.11 4.90667370212
4071.85 4.75843525249
4074.59 4.79127168244
4077.33 4.77058283351
4080.06 4.61570117551
4082.8 4.62576089105
4085.54 4.51187731899
4088.27 4.3051786357
4091.01 4.57830940269
4093.75 4.80152120392
4096.48 5.44040804317
4099.22 5.71221016848
4101.96 5.43414444671
4104.69 4.64417206853
4107.43 4.33991312518
4110.17 4.31808544054
4112.91 4.57755017887
4115.64 4.54129724177
4118.38 4.66580994722
4121.12 4.6895356914
4123.85 4.47657341165
4126.59 4.48606370932
4129.33 4.55439385256
4132.06 4.64493129234
4134.8 4.65461139597
4137.54 4.58248513366
4140.28 4.52326567619
4143.01 4.55515307637
4145.75 4.44373698171
4148.49 4.61076622073
4151.22 4.67643908061
4153.96 4.60089631115
4156.7 4.76526826682
4159.43 4.86833289953
4162.17 4.60943757905
4164.91 4.56426376213
4167.64 4.57887882055
4170.38 4.53142733219
4173.12 4.38869325521
4175.86 4.4462044591
4178.59 4.4657544723
4181.33 4.4820777843
4184.07 4.51662246782
4186.8 4.60810893738
4189.54 4.59747980399
4192.28 4.50637294634
4195.01 4.44506562338
4197.75 4.47885108309
4200.49 4.44715348887
4203.22 4.48701273909
4205.96 4.54547297275
4208.7 4.66827742461
4211.44 4.62670992081
4214.17 4.53617248103
4216.91 4.49384575341
4219.65 4.47315690449
4222.38 4.42836269948
4225.12 4.41014132795
4227.86 4.3907811207
4230.59 4.46936078542
4233.33 4.55401424065
4236.07 4.57356425385
4238.81 4.78273041453
4241.54 4.77248089305
4244.28 4.61532156361
4247.02 4.46594427826
4249.75 4.47239768067
4252.49 4.43652435548
4255.23 4.3435194383
4257.96 4.49384575341
4260.7 4.60697010166
4263.44 4.56654143358
4266.17 4.61684001123
4268.91 4.46214815919
4271.65 4.5318069441
4274.39 4.42399716255
4277.12 4.45968068179
4279.86 4.51700207973
4282.6 4.50523411062
4285.33 4.29018396538
4288.07 4.29360047254
4290.81 4.3797723754
4293.54 4.31941408221
4296.28 4.15788921584
4299.02 4.18370282551
4301.75 4.23665868651
4304.49 4.17288388616
4307.23 4.09012849047
4309.97 4.08044838684
4312.7 4.40577579102
4315.44 4.57261522409
4318.18 4.29720678566
4320.91 4.16263436468
4323.65 4.21046546494
4326.39 4.16908776709
4329.12 4.24083441749
4331.86 5.07503158282
4334.6 6.49496992043
4337.34 7.53662499285
4340.07 6.85920754506
4342.81 5.56890667364
4345.55 4.57679095506
4348.28 4.15257464914
4351.02 4.13226541213
4353.76 4.28392036892
4356.49 4.36686557057
4359.23 4.44392678766
4361.97 4.4877719629
4364.7 4.44259814599
4367.44 4.27499948911
4370.18 4.29227183087
4372.92 4.37559664443
4375.65 4.32358981319
4378.39 4.05975953792
4381.13 4.19604021248
4383.86 4.32852476797
4386.6 4.15599115631
4389.34 4.13966784431
4392.07 4.50352585704
4394.81 4.2522227747
4397.55 4.38186024089
4400.29 4.22185382215
4403.02 4.37388839084
4405.76 4.23419120912
4408.5 4.4046369553
4411.23 4.38337868852
4413.97 4.3467461395
4416.71 4.25146355088
4419.44 4.16699990161
4422.18 4.58172590985
4424.92 4.37749470396
4427.65 4.38299907661
4430.39 4.49669284271
4433.13 4.55040792753
4435.87 4.48568409741
4438.6 4.33991312518
4441.34 4.40027141837
4444.08 4.30726650119
4446.81 4.44601465315
4449.55 4.48891079862
4452.29 4.45607436868
4455.02 4.44145931027
4457.76 4.42456658041
4460.5 4.28581842845
4463.23 4.32207136556
4465.97 4.67871675205
4468.71 4.77210128114
4471.45 4.68270267708
4474.18 4.55989822521
4476.92 4.40387773149
4479.66 4.34978303476
4482.39 4.56730065739
4485.13 4.27101356409
4487.87 4.43272823641
4490.6 4.30498882975
4493.34 4.60089631115
4496.08 4.41488647679
4498.82 4.53958898819
4501.55 4.56616182167
4504.29 4.63885750183
4507.03 4.49821129034
4509.76 4.49688264867
4512.5 4.43595493762
4515.24 4.46803214375
4517.97 4.36572673485
4520.71 4.37388839084
4523.45 4.22982567219
4526.18 4.31599757505
4528.92 4.28619804036
4531.66 4.27348104148
4534.4 4.34864419904
4537.13 4.43120978878
4539.87 4.46062971156
4542.61 4.31637718695
4545.34 4.26437035572
4548.08 4.45265786152
4550.82 4.26209268427
4553.55 4.26683783311
4556.29 4.31125242621
4559.03 4.46518505444
4561.76 4.4380428031
4564.5 4.49536420104
4567.24 4.41507628274
4569.98 4.37085149559
4572.71 4.48188797835
4575.45 4.41431705892
4578.19 4.34617672164
4580.92 4.48606370932
4583.66 4.3716107194
4586.4 4.34560730378
4589.13 4.36268983959
4591.87 4.34788497522
4594.61 4.27974463794
4597.35 4.35680585504
4600.08 4.42627483399
4602.82 4.46860156161
4605.56 4.54433413702
4608.29 4.49004963434
4611.03 4.42361755064
4613.77 4.43956125073
4616.5 4.35168109429
4619.24 4.56559240381
4621.98 4.40976171604
4624.71 4.4653748604
4627.45 4.49745206653
4630.19 4.56787007525
4632.93 4.48644332123
4635.66 4.37483742061
4638.4 4.33345972276
4641.14 4.47524476998
4643.87 4.35794469076
4646.61 4.34750536332
4649.35 4.33156166323
4652.08 4.56426376213
4654.82 4.73129300115
4657.56 4.74875514887
4660.3 4.40786365651
4663.03 4.37104130154
4665.77 4.26399074381
4668.51 4.34162137876
4671.24 4.48511467955
4673.98 4.34295002044
4676.72 4.53161713814
4679.45 4.46841175565
4682.19 4.43253843045
4684.93 4.52288606429
4687.66 4.43747338524
4690.4 4.32548787272
4693.14 4.35889372052
4695.88 4.32472864891
4698.61 4.39970200051
4701.35 4.35870391457
4704.09 4.32264078342
4706.82 4.28828590585
4709.56 4.29929465115
4712.3 4.34864419904
4715.03 4.36174080982
4717.77 4.36895343606
4720.51 4.48283700811
4723.24 4.34238060257
4725.98 4.31447912742
4728.72 4.1527644551
4731.46 4.18958681006
4734.19 4.25715772948
4736.93 4.32643690249
4739.67 4.37104130154
4742.4 4.27784657841
4745.14 4.30100290473
4747.88 4.40311850767
4750.61 4.28752668203
4753.35 4.27879560818
4756.09 4.23855674605
4758.83 4.19053583983
4761.56 4.24349170084
4764.3 4.27120337004
4767.04 4.23570965675
4769.77 4.2415936413
4772.51 4.31315048575
4775.25 4.41735395418
4777.98 4.33877428946
4780.72 4.32909418583
4783.46 4.37749470396
4786.19 4.43026075901
4788.93 4.385466554
4791.67 4.25734753544
4794.41 4.35187090025
4797.14 4.32890437988
4799.88 4.23419120912
4802.62 4.30935436668
4805.35 4.22546013526
4808.09 4.23988538772
4810.83 4.34902381094
4813.56 4.33725584183
4816.3 4.27063395218
4819.04 4.25089413302
4821.77 4.27139317599
4824.51 4.23779752223
4827.25 4.24064461154
4829.99 4.27196259385
4832.72 4.20913682327
4835.46 4.28012424985
4838.2 4.09335519167
4840.93 4.11442365251
4843.67 4.06488429866
4846.41 4.01211824361
4849.14 4.22109459833
4851.88 5.58826688089
4854.62 8.63313398582
4857.36 12.1384703338
4860.09 12.6249429924
4862.83 9.62942543537
4865.57 6.15237017448
4868.3 4.40539617911
4871.04 3.89424874653
4873.78 4.006424065
4876.51 4.01724300435
4879.25 3.93828372772
4881.99 3.92765459433
4884.72 3.92556672884
4887.46 4.02464543653
4890.2 4.00528522928
4892.94 3.94701480158
4895.67 4.01629397458
4898.41 4.08595275949
4901.15 3.9783327839
4903.88 3.93448760865
4906.62 3.94796383135
4909.36 3.96333811357
4912.09 4.01344688528
4914.83 4.09658189288
4917.57 3.92499731098
4920.31 3.98193909701
4923.04 4.01572455672
4925.78 3.90734535731
4928.52 4.04457506164
4931.25 4.00813231858
4933.99 3.87374970356
4936.73 4.05064885215
4939.46 4.05748186648
4942.2 4.19736885415
4944.94 4.28411017487
4947.67 4.67397160322
4950.41 5.76193932828
4953.15 7.92306991403
4955.89 9.72603666567
4958.62 9.13687898622
4961.36 7.07691497364
4964.1 5.18530884176
4966.83 4.44677387696
4969.57 4.31409951551
4972.31 4.21084507685
4975.04 4.06887022368
4977.78 3.98877211133
4980.52 3.9730182172
4983.25 4.0394503009
4985.99 4.05102846406
4988.73 4.03033961514
4991.47 4.07684207373
4994.2 4.68611918424
4996.94 6.68933121674
4999.68 11.9475255446
5002.41 18.4445833305
5005.15 20.7742616029
5007.89 16.3495052166
5010.62 9.59298269231
5013.36 5.67861451472
5016.1 4.27424026529
5018.84 3.91607643117
5021.57 4.006424065
5024.31 3.9566949052
5027.05 3.84755648198
5029.78 3.91949293833
5032.52 3.88817495602
5035.26 3.79023508405
5037.99 3.8707128083
5040.73 3.90867399899
5043.47 3.93657547414
5046.2 3.89994292513
5048.94 3.81832636515
5051.68 3.99161920064
5054.42 4.09031829642
5057.15 4.04172797234
5059.89 4.00794251263
5062.63 3.95213956232
5065.36 3.89064243341
5068.1 3.85856522728
5070.84 3.87678659881
5073.57 3.89140165722
5076.31 3.93050168363
5079.05 3.86862494281
5081.78 3.83654773668
5084.52 3.89937350727
5087.26 3.91588662522
5090.0 3.89443855248
5092.73 3.89690602987
5095.47 3.86957397258
5098.21 3.76669914582
5100.94 3.85078318319
5103.68 3.90525749183
5106.42 3.88039291193
5109.15 3.86179192849
5111.89 3.92196041573
5114.63 3.98212890296
5117.37 3.91968274429
5120.1 3.78719818879
5122.84 3.89918370132
5125.58 3.87678659881
5128.31 3.84907492961
5131.05 3.72076610509
5133.79 3.71374328481
5136.52 3.76612972796
5139.26 3.77391177205
5142.0 3.78643896498
5144.73 3.76897681726
5147.47 3.73557096946
5150.21 3.74582049094
5152.95 3.76518069819
5155.68 3.82952491641
5158.42 3.8650186297
5161.16 3.72740931346
5163.89 3.54937132914
5166.63 3.39088335803
5169.37 3.40929453551
5172.1 3.55051016486
5174.84 3.63421459033
5177.58 3.5996699068
5180.32 3.5691111483
5183.05 3.67730054176
5185.79 3.77201371252
5188.53 3.79877635195
5191.26 3.8262982152
5194.0 3.82477976757
5196.74 3.84376036291
5199.47 3.8152894699
5202.21 3.74620010285
5204.95 3.65433402139
5207.68 3.70064667403
5210.42 3.66553257264
5213.16 3.66951849767
5215.9 3.7182986277
5218.63 3.71070638956
5221.37 3.69267482398
5224.11 3.65167673804
5226.84 3.6604078119
5229.58 3.73917728257
5232.32 3.75815787792
5235.05 3.76366225057
5237.79 3.80048460553
5240.53 3.71222483719
5243.26 3.71621076221
5246.0 3.79365159121
5248.74 3.74449184927
5251.48 3.82458996162
5254.21 3.87223125593
5256.95 3.7463899088
5259.69 3.72038649318
5262.42 3.62377526289
5265.16 3.51596548134
5267.9 3.55867182086
5270.63 3.6326961427
5273.37 3.74297340164
5276.11 3.78245303996
5278.85 3.67881898938
5281.58 3.72228455272
5284.32 3.72797873132
5287.06 3.76916662322
5289.79 3.88342980718
5292.53 3.79251275549
5295.27 3.76518069819
5298.0 3.76195399699
5300.74 3.79099430786
5303.48 3.87223125593
5306.21 3.8653982416
5308.95 3.87128222616
5311.69 3.84072346766
5314.43 3.85799580942
5317.16 3.78416129354
5319.9 3.70861852407
5322.64 3.54557521008
5325.37 3.48806400619
5328.11 3.6852723918
5330.85 3.6881194811
5333.58 3.72342338844
5336.32 3.85173221296
5339.06 3.79630887456
5341.79 3.74050592425
5344.53 3.76537050415
5347.27 3.77163410061
5350.01 3.85590794393
5352.74 3.83464967715
5355.48 3.82326131994
5358.22 3.82193267827
5360.95 3.76233360889
5363.69 3.65699130474
5366.43 3.66951849767
5369.16 3.69210540612
5371.9 3.7602457434
5374.64 3.83427006524
5377.38 3.79915596386
5380.11 3.79460062098
5382.85 3.74999622192
5385.59 3.78605935307
5388.32 3.66420393097
5391.06 3.58885096746
5393.8 3.53209898738
5396.53 3.67293500483
5399.27 3.61997914382
5402.01 3.59530436987
5404.74 3.60536408541
5407.48 3.59416553415
5410.22 3.66496315478
5412.96 3.65262576781
5415.69 3.67407384055
5418.43 3.84110307957
5421.17 3.68432336203
5423.9 3.66762043813
5426.64 3.68413355608
5429.38 3.66211606548
5432.11 3.76119477317
5434.85 3.73044620872
5437.59 3.77884672684
5440.33 3.76935642917
5443.06 3.63933935107
5445.8 3.61751166643
5448.54 3.55658395537
5451.27 3.63952915702
5454.01 3.68489277989
5456.75 3.68071704892
5459.48 3.66534276669
5462.22 3.7325340742
5464.96 3.63079808317
5467.69 3.68147627273
5470.43 3.68660103347
5473.17 3.51349800395
5475.91 3.66458354288
5478.64 3.67369422864
5481.38 3.60327621992
5484.12 3.67843937748
5486.85 3.61997914382
5489.59 3.64996848446
5492.33 3.68868889896
5495.06 3.68944812278
5497.8 3.67786995962
5500.54 3.61371554736
5503.27 3.57708299834
5506.01 3.51482664562
5508.75 3.56398638756
5511.49 3.57556455072
5514.22 3.70672046454
5516.96 3.70064667403
5519.7 3.71564134435
5522.43 3.61675244261
5525.17 3.54481598626
5527.91 3.66743063218
5530.64 3.66135684167
5533.38 3.6991282264
5536.12 3.66667140836
5538.86 3.52583539092
5541.59 3.55069997082
5544.33 3.72627047774
5547.07 3.75720884815
5549.8 3.50571595985
5552.54 3.58239756504
5555.28 3.63933935107
5558.01 3.65831994641
5560.75 3.78605935307
5563.49 3.56797231258
5566.22 3.65395440948
5568.96 3.6135257414
5571.7 3.49394799074
5574.44 3.78966566619
5577.17 3.69609133115
5579.91 3.61428496522
5582.65 3.54101986719
5585.38 3.47117127633
5588.12 3.52488636115
5590.86 3.62871021768
5593.59 3.63174711293
5596.33 3.49129070739
5599.07 3.52109024208
5601.81 3.403220745
5604.54 3.45257029289
5607.28 3.54291792673
5610.02 3.61580341284
5612.75 3.64579275349
5615.49 3.56455580542
5618.23 3.50514654199
5620.96 3.55051016486
5623.7 3.46851399298
5626.44 3.47610623112
5629.17 3.54652423984
5631.91 3.59720242941
5634.65 3.42466881774
5637.39 3.42201153439
5640.12 3.51463683967
5642.86 3.55145919463
5645.6 3.56778250663
5648.33 3.56683347686
5651.07 3.58125872932
5653.81 3.60042913062
5656.54 3.60612330922
5659.28 3.45731544173
5662.02 3.52697422664
5664.75 3.58885096746
5667.49 3.37645810557
5670.23 3.48977225977
5672.97 3.50761401939
5675.7 3.68109666082
5678.44 3.36506974836
5681.18 3.63307575461
5683.91 3.36658819599
5686.65 3.50040139316
5689.39 3.65661169283
5692.12 3.66648160241
5694.86 3.48958245381
5697.6 3.53171937547
5700.34 3.44915378573
5703.07 3.54045044933
5705.81 3.41214162481
5708.55 3.41574793793
5711.28 3.38993432826
5714.02 3.41195181886
5716.76 3.61409515926
5719.49 3.56550483519
5722.23 3.64446411181
5724.97 3.59435534011
5727.7 3.47287952991
5730.44 3.57176843165
5733.18 3.57974028169
5735.92 3.58068931146
5738.65 3.66306509525
5741.39 3.61694224856
5744.13 3.42011347486
5746.86 3.47117127633
5749.6 3.50324848246
5752.34 3.57366649118
5755.07 3.63383497842
5757.81 3.62586312838
5760.55 3.64541314158
5763.28 3.61808108429
5766.02 3.51729412301
5768.76 3.49318876693
5771.5 3.50040139316
5774.23 3.62890002363
5776.97 3.33356196009
5779.71 3.4056882224
5782.44 3.4668057394
5785.18 3.59530436987
5787.92 3.49945236339
5790.65 3.51444703371
5793.39 3.41176201291
5796.13 3.45238048694
5798.87 3.55183880654
5801.6 3.50210964674
5804.34 3.39695714854
5807.08 3.44839456192
5809.81 3.53798297194
5812.55 3.48673536451
5815.29 3.54253831482
5818.02 3.40075326761
5820.76 3.47914312637
5823.5 3.58353640076
5826.23 3.58638349006
5828.97 3.6905869585
5831.71 3.60403544373
5834.45 3.64541314158
5837.18 3.55335725417
5839.92 3.51425722776
5842.66 3.39866540212
5845.39 3.47629603707
5848.13 3.56797231258
5850.87 3.39866540212
5853.6 3.41176201291
5856.34 3.53589510645
5859.08 3.3975265664
5861.82 3.64996848446
5864.55 3.38803626873
5867.29 3.49318876693
5870.03 3.48958245381
5872.76 3.5193819885
5875.5 3.50078100507
5878.24 3.42182172844
5880.97 3.28819833722
5883.71 3.49755430386
5886.45 3.36374110669
5889.18 3.11604433746
5891.92 3.07219916222
5894.66 3.28838814318
5897.4 3.37285179245
5900.13 3.35519983878
5902.87 3.45105184527
5905.61 3.42656687727
5908.34 3.31211388736
5911.08 3.25972744421
5913.82 3.36393091264
5916.55 3.49318876693
5919.29 3.40151249142
5922.03 3.33375176605
5924.76 3.32407166242
5927.5 3.40246152119
5930.24 3.3673474198
5932.98 3.29711921704
5935.71 3.3645003305
5938.45 3.47477758945
5941.19 3.44706592024
5943.92 3.31894690168
5946.66 3.46946302275
5949.4 3.26618084663
5952.13 3.26864832402
5954.87 3.33451098986
5957.61 3.45181106908
5960.35 3.32976584103
5963.08 3.34400128753
5965.82 3.37873577701
5968.56 3.5470936577
5971.29 3.3889852985
5974.03 3.39638773068
5976.77 3.39505908901
5979.5 3.34400128753
5982.24 3.36943528529
5984.98 3.36127362929
5987.71 3.25327404179
5990.45 3.25460268347
5993.19 3.36260227097
5995.93 3.35482022688
5998.66 3.3534915852
6001.4 3.19272594265
6004.14 3.39828579021
6006.87 3.21360459753
6009.61 3.40492899858
6012.35 3.41479890816
6015.08 3.26409298114
6017.82 3.27718959192
6020.56 3.35178333162
6023.29 3.33849691488
6026.03 3.41441929625
6028.77 3.36487994241
6031.51 3.42334017607
6034.24 3.39278141756
6036.98 3.22442353687
6039.72 3.37645810557
6042.45 3.37493965794
6045.19 3.38499937347
6047.93 3.25384345965
6050.66 3.37095373292
6053.4 3.48180040972
6056.14 3.45674602387
6058.88 3.27054638355
6061.61 3.35937556976
6064.35 3.24663083342
6067.09 3.34855663041
6069.82 3.43662659281
6072.56 3.35444061497
6075.3 3.31116485759
6078.03 3.26143569779
6080.77 3.26694007044
6083.51 3.31515078261
6086.24 3.30167455992
6088.98 3.33299254223
6091.72 3.2621949216
6094.46 3.35197313758
6097.19 3.20885944869
6099.93 3.32312263266
6102.67 3.21170653799
6105.4 3.32634933386
6108.14 3.24606141556
6110.88 3.39050374612
6113.61 3.09649432426
6116.35 3.16672252703
6119.09 3.2952211575
6121.83 3.38632801515
6124.56 3.25877841444
6127.3 3.41802560937
6130.04 3.39050374612
6132.77 3.31078524568
6135.51 3.18304583902
6138.25 3.22670120831
6140.98 3.22784004403
6143.72 3.26845851807
6146.46 3.2149332392
6149.19 3.21872935827
6151.93 3.14963999122
6154.67 3.1815273914
6157.41 3.19690167362
6160.14 3.05094089544
6162.88 3.04885302995
6165.62 3.04410788111
6168.35 3.03480738939
6171.09 3.10351714454
6173.83 3.109780741
6176.56 3.20297546413
6179.3 3.14166814118
6182.04 3.19690167362
6184.77 3.19917934507
6187.51 3.15267688647
6190.25 3.07447683366
6192.99 3.22784004403
6195.72 3.14888076741
6198.46 3.26200511565
6201.2 3.22765023808
6203.93 3.28364299434
6206.67 3.22195605948
6209.41 3.01297970475
6212.14 3.10522539812
6214.88 3.16197737819
6217.62 3.21891916422
6220.36 3.14014969355
6223.09 3.23600170003
6225.83 3.28838814318
6228.57 3.15096863289
6231.3 3.07257877413
6234.04 3.04600594065
6236.78 3.11016035291
6239.51 3.17564340684
6242.25 3.16026912461
6244.99 3.1289511423
6247.72 3.1207894863
6250.46 2.92054420543
6253.2 2.91731750422
6255.94 3.09820257784
6258.67 3.13578415662
6261.41 3.15856087103
6264.15 3.15894048294
6266.88 3.17260651158
6269.62 3.21056770227
6272.36 2.9850782296
6275.09 3.21853955232
6277.83 3.07219916222
6280.57 3.31591000642
6283.3 3.11414627793
6286.04 3.22385411901
6288.78 3.25270462393
6291.52 3.25763957872
6294.25 3.5748053269
6296.99 3.83085355808
6299.73 3.63725148558
6302.46 3.56683347686
6305.2 3.3779765532
6307.94 3.25251481798
6310.67 3.26940754783
6313.41 3.05340837283
6316.15 3.27680998002
6318.89 3.10256811477
6321.62 3.18665215214
6324.36 3.1183220089
6327.1 3.27263424904
6329.83 3.23030752143
6332.57 3.13882105187
6335.31 3.11035015886
6338.04 3.18228661521
6340.78 3.10484578621
6343.52 3.12553463513
6346.25 3.08434674324
6348.99 3.05739429785
6351.73 3.22404392496
6354.47 3.09516568259
6357.2 3.04258943349
6359.94 3.17165748182
6362.68 3.32881681126
6365.41 3.3783561651
6368.15 3.32084496121
6370.89 3.29161484439
6373.62 3.24074684887
6376.36 3.23315461073
6379.1 3.10503559216
6381.84 3.08036081822
6384.57 3.27510172644
6387.31 3.24340413221
6390.05 3.19974876293
6392.78 3.2369507298
6395.52 3.28250415862
6398.26 3.10807248742
6400.99 3.15742203531
6403.73 3.12686327681
6406.47 3.11319724816
6409.2 3.11490550174
6411.94 3.16330601987
6414.68 3.09478607068
6417.42 3.06783362529
6420.15 3.179059914
6422.89 3.22271528329
6425.63 3.19766089744
6428.36 3.03708506084
6431.1 3.07542586343
6433.84 3.12667347085
6436.57 3.0653661479
6439.31 3.04847341804
6442.05 3.10503559216
6444.78 3.15533416982
6447.52 3.17450457112
6450.26 3.12857153039
6453.0 3.01905349526
6455.73 3.01905349526
6458.47 3.15438514006
6461.21 3.11490550174
6463.94 3.20050798674
6466.68 3.2092390606
6469.42 3.11035015886
6472.15 3.12800211253
6474.89 3.22746043213
6477.63 3.1676715568
6480.37 3.12325696369
6483.1 3.16140796033
6485.84 3.03727486679
6488.58 3.05606565618
6491.31 3.06403750622
6494.05 2.92946508524
6496.79 3.11110938267
6499.52 3.179059914
6502.26 3.25782938468
6505.0 3.1321778435
6507.73 3.21189634394
6510.47 3.23372402859
6513.21 3.13426570899
6515.95 2.98299036411
6518.68 3.21967838804
6521.42 3.17355554135
6524.16 3.195383226
6526.89 3.24587160961
6529.63 3.34381148158
6532.37 3.12230793393
6535.1 3.08909189208
6537.84 3.33356196009
6540.58 4.00016046854
6543.31 4.97234656201
6546.05 5.83292675486
6548.79 5.30184969716
6551.53 6.01665891778
6554.26 11.2674508135
6557.0 24.0085550494
6559.74 36.4161702251
6562.47 35.2241888376
6565.21 21.8049079301
6567.95 9.90844018691
6570.68 5.04485243622
6573.42 4.35338934787
6576.16 5.75055097107
6578.9 8.30704735782
6581.63 9.54420256228
6584.37 8.09294624235
6587.11 5.52335324482
6589.84 3.75493117671
6592.58 3.03139088223
6595.32 3.04145059776
6598.05 3.14869096145
6600.79 3.07599528129
6603.53 3.0266457334
6606.26 3.04448749302
6609.0 3.14774193169
6611.74 2.97805540932
6614.48 3.03271952391
6617.21 3.14090891736
6619.95 3.11984045653
6622.69 3.11718317318
6625.42 3.12914094825
6628.16 3.0877632504
6630.9 3.12781230658
6633.63 3.12743269467
6636.37 3.01373892856
6639.11 3.04296904539
6641.85 3.00918358568
6644.58 3.1236365756
6647.32 3.14584387215
6650.06 3.07941178845
6652.79 3.12230793393
6655.53 2.90915584822
6658.27 3.03044185247
6661.0 3.00235057136
6663.74 3.24112646077
6666.48 3.25460268347
6669.21 3.21910897018
6671.95 3.31325272308
6674.69 3.42390959393
6677.43 3.48274943949
6680.16 3.27054638355
6682.9 3.13673318639
6685.64 3.05492682046
6688.37 3.11072977077
6691.11 3.13350648518
6693.85 3.08377732538
6696.58 3.0849161611
6699.32 3.10256811477
6702.06 2.95812578421
6704.79 3.28933717294
6707.53 3.79687829242
6710.27 4.96038878694
6713.01 6.1531293983
6715.74 7.23027818401
6718.48 5.80958062259
6721.22 4.36117139196
6723.95 4.71496968916
6726.69 5.91852923986
6729.43 6.46953592267
6732.16 5.49943769469
6734.9 3.93695508605
6737.64 3.34969546614
6740.38 3.13901085783
6743.11 2.94408014366
6745.85 3.05929235739
6748.59 3.02190058456
6751.32 2.93667771147
6754.06 3.12591424704
6756.8 3.04486710493
6759.53 2.869296598
6762.27 3.04220982158
6765.01 3.03404816558
6767.74 2.97767579741
6770.48 2.94863548654
6773.22 2.83646016806
6775.96 2.9161786685
6778.69 2.95945442588
6781.43 2.92946508524
6784.17 2.94654762105
6786.9 2.79792955951
6789.64 2.90782720655
6792.38 2.93781654719
6795.11 2.8831524326
6806.66 3.00026270587
6822.35 2.98583745341
6838.07 3.0131695107
6853.84 3.00576707852
6869.64 2.88979564097
6885.47 2.93629809956
6901.35 2.93591848766
6917.25 2.94901509844
6933.2 2.90820681846
6949.19 2.98223114029
6965.2 2.96135248542
6981.26 2.96078306756
6997.35 2.946737427
7013.48 2.89909613269
7029.65 2.89871652079
7045.85 2.89833690888
7062.1 2.87783786591
7078.38 2.89738787911
7094.69 2.80495237979
7111.05 2.80457276788
7127.44 2.78483294873
7143.87 2.7779999344
7160.34 2.78388391896
7176.85 2.738899908
7193.39 2.53808520927
7209.97 2.65728334802
7226.6 2.79489266426
7243.25 2.72466446149
7259.95 2.68062948029
7276.69 2.83247424304
7293.46 2.77382420343
7310.27 2.7669911891
7327.13 2.81804899058
7344.02 2.89643884934
7360.95 2.81064655839
7377.92 2.88884661121
7394.93 2.77116692008
7411.97 2.90118399818
7429.06 2.78293488919
7446.19 2.86056552415
7463.35 2.89321214814
7480.55 2.83987667522
7497.8 2.83285385494
7515.08 2.85866746461
7532.41 2.84500143596
7549.77 2.89738787911
7567.18 2.8440524062
7584.62 2.85012619671
7602.1 2.79754994761
7619.63 2.74611253423
7637.19 2.77097711413
7654.8 2.75769069739
7672.45 2.57927310116
7690.13 2.68176831601
7707.86 2.5783240714
7725.63 2.62577555975
7743.44 2.67417607788
7761.29 2.6309003205
7779.18 2.5705420273
7797.11 2.58193038451
7815.09 2.62349788831
7833.1 2.67170860048
7851.16 2.66506539211
7869.26 2.67702316718
7887.4 2.62767361929
7905.58 2.57927310116
7923.81 2.53163180685
7942.07 2.52536821039
7960.38 2.57187066898
7978.73 2.57737504163
7997.12 2.55326968554
8015.56 2.58230999642
8034.04 2.51151237579
8052.56 2.56370901298
8071.12 2.61078088943
8089.73 2.53334006043
8108.37 2.54472841764
8127.06 2.55592696889
8145.8 2.57908329521
8164.58 2.54320997001
8183.4 2.59009204051
8202.26 2.45589923143
8221.17 2.52422937467
8240.12 2.30709136394
8259.12 2.61799351566
8278.16 2.61761390376
8297.24 2.41452153358
8316.37 2.43065503963
8335.54 2.43577980037
8354.76 2.45798709692
8374.01 2.45191330641
8393.32 2.40104531089
8412.67 2.49063372091
8432.06 2.45608903739
8451.5 2.41641959312
8470.98 2.44944582902
8490.51 2.41547056335
8510.08 2.22794228136
8529.7 2.40332298233
8549.36 1.70506484085
8569.07 2.41357250382
8588.83 2.44109436707
8608.63 2.29873990199
8628.47 2.40104531089
8648.36 2.42287299554
8668.3 1.97341249781
8688.28 2.27577338163
8708.31 2.30709136394
8728.38 2.39307346085
8748.5 2.35435304635
8768.67 2.36479237379
8788.89 2.37523170122
8809.15 2.40237395257
8829.45 2.36877829881
8849.8 2.32512292952
8870.21 2.09583733778
8890.66 2.25052918982
8911.15 2.29722145437
8931.69 2.2966520365
8952.28 2.24901074219
8972.92 2.13265969274
8993.61 2.23781219094
9014.34 2.14651552734
9035.12 2.07799557815
9055.95 2.39098559536
9076.82 2.2881107686
9097.74 2.04345089463
9118.72 2.26096851726
9139.74 2.10969317238
9160.81 2.1140587093
9181.92 2.02769700049
9203.09 2.17232913701
9224.31 2.10304996401
9245.57 2.11709560456
9266.89 2.14613591543
9288.25 2.05389022207
9309.66 1.97455133353
9331.12 2.22528499802
9352.63 2.21446605867
9374.19 2.18371749421
9395.8 2.20858207411
9417.46 2.16264903338
9439.17 2.20744323839
9460.93 2.21218838723
9482.74 2.20649420863
9504.6 2.16587573459
9526.51 2.15543640715
9548.47 2.07230139955
9570.48 2.14461746781
9592.54 2.18390730017
9614.65 2.15847330241
9636.82 2.16302864529
9659.04 2.13778445348
9681.3 2.15201989999
9703.62 2.12696551414
9725.99 2.10703588903
9748.41 2.09678636754
9770.88 2.10115190447
9793.41 2.07666693648
9815.98 2.10988297833
9838.61 2.09488830801
9861.29 2.0945086961
9884.02 2.07476887694
9906.81 2.06015381853
9929.65 2.06907469834
9952.54 2.06869508644
9975.48 2.06812566857
9998.47 2.05351061016
10021.52 2.02940525408
10067.78 1.99599940627
10114.25 2.02750719454
10184.37 2.00757756943
10231.37 2.00662853966
10278.59 2.00112416701
10302.29 1.98688872051
10493.82 1.91571148797
10688.92 1.830811285
10887.64 1.74841652062
11090.05 1.68130113548
11296.23 1.63546299773
11506.25 1.61674813072
11693.22 1.56906887522
11910.61 1.51231689515
12104.14 1.47448856863
12300.81 1.44425248025
12500.68 1.4016600243
12703.8 1.3666028647
12910.22 1.32936293663
13089.82 1.30208782113
13302.51 1.26369007675
13487.57 1.2377815641
13706.73 1.20959538002
13897.41 1.16854035229
14090.74 1.1236892055
14286.76 1.10062778216
14485.51 1.09810336297
14687.03 1.06327397052
14891.35 1.06817096412
15098.51 1.06572246732
15308.53 1.07310591891
15485.8 1.06327397052
15701.23 1.04146526647
15883.05 1.00378878472
16104.0 1.00378878472
16290.48 0.99687984801
16517.09 0.976437746826
16708.35 0.965258176169
16901.83 0.943278646762
17097.55 0.921811593429
17295.52 0.884381859412
17495.79 0.860295483922
17698.39 0.827269248025
17903.33 0.799177966918
18110.65 0.763209738743
18320.35 0.742407006247
18489.87 0.718852087426
18703.98 0.686509152962
18920.54 0.667794285953
19095.62 0.655608743743
19316.74 0.633344505406
19495.46 0.609030362771
19721.22 0.589708116712
19903.7 0.572321891378
20087.86 0.561882563939
20320.47 0.541554346327
20508.5 0.53289919485
20698.25 0.518379039413
20889.78 0.505415292794
21083.08 0.495051887737
21278.14 0.483777414103
21524.54 0.472768668804
21723.71 0.4556671524
21924.7 0.448378603788
22076.69 0.435149128834
22280.95 0.423286256745
22487.12 0.412714065139
22695.18 0.4014585721
22905.18 0.361732186047
23117.13 0.356227813398
23277.36 0.31183220089
23492.75 0.291826653399
23710.11 0.292585877213
23874.48 0.26810090922
24095.37 0.257225028089
24318.33 0.253087258304
24486.89 0.235055692728
24713.47 0.230120737939
24884.76 0.198043531809
25115.03 0.194285373931
25289.14 0.194133529168
25523.12 0.19037537129
25526.56 0.178227790271
25622.8 0.179264130777
25719.15 0.187270145892
25815.38 0.183396206383
25911.73 0.182933079856
26008.07 0.183105803274
26104.31 0.202883583621
26200.65 0.189189084082
26296.99 0.18964272031
26393.23 0.172831607015
26489.57 0.183565133681
26585.81 0.180666796772
26682.15 0.190185565337
26778.49 0.168071273703
26874.73 0.167615739415
26971.07 0.157383300465
27067.42 0.173006228492
27163.66 0.153547322146
27260.0 0.164296033289
27356.24 0.143320577376
27452.58 0.144776389038
27548.92 0.146911706014
27645.16 0.14212100375
27741.5 0.149550008767
27837.84 0.147240070314
27934.08 0.160158263504
28030.42 0.160317700505
28126.66 0.153021559655
28223.01 0.149487372803
28319.34 0.153302472466
28415.59 0.156483620246
28511.93 0.155115119322
28608.27 0.147750648329
28704.51 0.137140495532
28800.85 0.13555941194
28897.09 0.140482978372
28993.43 0.142191231953
29089.77 0.137277155818
29186.01 0.140887265053
29282.35 0.139495987414
29378.69 0.140769585361
29474.93 0.141690144236
29571.28 0.148980590907
29667.52 0.140300764656
29763.86 0.13205369598
29860.2 0.124212812044
29956.44 0.12439122964
30052.78 0.113513450449
30149.12 0.117594278448
30245.36 0.118004259307
30341.7 0.118176982725
30437.94 0.11187732313
30534.28 0.106481139874
30630.62 0.10971922944
30726.86 0.108035650633
30823.2 0.115544374151
30919.54 0.1064564651
31015.78 0.120388222082
31112.13 0.126864401213
31208.37 0.133251371546
31304.71 0.122643116809
31401.05 0.118232026451
31497.29 0.123341602718
31593.63 0.119909911079
31689.97 0.120221192843
31786.21 0.11986625571
31882.55 0.116440258251
31978.79 0.116916671194
32075.13 0.123947083709
32171.47 0.131795559883
32267.72 0.135269008831
32364.06 0.127885557243
32460.4 0.115502616841
32556.64 0.110271564764
32652.98 0.134764124995
32749.22 0.164303625527
32845.56 0.183331672359
32941.9 0.210248054615
33038.14 0.220061022407
33134.48 0.212734512605
33230.82 0.16999970219
33327.06 0.147748750269
33423.4 0.127485066681
33519.64 0.117317161756
33615.99 0.0973097162046
33712.33 0.0953850838368
33808.57 0.10266604021
33904.91 0.103375914476
34001.25 0.119080459063
34097.49 0.126536036914
34193.83 0.13396883805
34290.07 0.122982869466
34386.41 0.113961392499
34482.75 0.11224364862
34578.99 0.12092537293
34675.33 0.110520210563
34771.67 0.114897135849
34867.91 0.112628954706
34964.26 0.113856999225
35060.5 0.115305218649
35156.84 0.0919761689132
35253.18 0.0848470573023
35349.42 0.0760628377776
35445.76 0.0861130630117
35542.1 0.0876732679489
35638.34 0.0863351359772
35734.68 0.0922475914266
35830.92 0.0876068358652
35927.26 0.089861730592
36023.6 0.0881022294037
36119.85 0.0864091602991
36216.18 0.0888576570983
36312.52 0.0768733091987
36408.77 0.0817722008568
36505.11 0.0687970658803
36601.35 0.0658057240542
36697.69 0.0630763144439
36794.03 0.0746544776031
36890.27 0.08416375587
36986.61 0.0850900089227
37082.95 0.0682371383177
37179.19 0.0658987289714
37275.53 0.0622734352609
37371.77 0.0745880455194
37468.12 0.0736466079904
37564.45 0.0736579963476
37660.7 0.0637691061739
37757.04 0.0699074307079
37853.38 0.0689432164644
37949.62 0.072739335533
38045.96 0.0711658441791
38142.2 0.0666256857731
38238.54 0.0704635621514
38334.88 0.0685825851529
38431.12 0.0731436222138
38527.46 0.0682428324963
38623.8 0.0624765276311
38720.04 0.0620399739382
38816.38 0.0486320813879
38912.62 0.063328756362
39008.97 0.0593447293995
39105.31 0.0587126755745
39201.55 0.0623170906302
39297.89 0.0612408908742
39394.23 0.0615616629355
39490.47 0.0580426605589
39586.81 0.0688236387138
39683.05 0.0682978762228
39779.39 0.0703458824603
39875.73 0.0662650544615
39971.98 0.0708963197252
40068.31 0.0746582737222
40164.66 0.067286210491
40260.89 0.0618634544015
40357.24 0.0612636675886
40453.48 0.0874227240904
40549.82 0.123542797028
40646.16 0.12019462001
40742.4 0.0963455019611
40838.74 0.0652097333605
40935.08 0.0554954646639
41031.33 0.0626815180608
41127.66 0.0687173473799
41223.9 0.0666617489042
41320.24 0.0633515330764
41416.58 0.0624290761427
41512.83 0.0588360494443
41609.16 0.0641430239022
41705.51 0.0699226151841
41801.75 0.0711753344768
41898.09 0.0490667370212
41994.33 0.0491426594026
42090.67 0.0448093894858
42187.01 0.0475463913343
42283.25 0.0466448130555
42379.59 0.0436724518247
42475.93 0.0360232719015
42572.18 0.0479430857769
42668.51 0.0512305248903
42764.76 0.0498069802396
42861.1 0.0499436405261
42957.43 0.0477096244542
43053.68 0.0569076209574
43150.01 0.0611573762547
43246.36 0.0594643071501
43342.6 0.0645283299876
43438.94 0.067893589542
43535.18 0.0609941431348
43631.52 0.0520106273589
43727.86 0.063772902293
43824.1 0.0615293959235
43920.45 0.0658341949472
44016.78 0.063911460639
44113.03 0.0648680826443
44209.36 0.0560421058098
44305.61 0.0543357502884
44401.95 0.0529444726498
44498.28 0.0579515537013
44594.53 0.0545787019088
44690.87 0.0522782537533
44787.21 0.0454528316679
44883.45 0.0563059360851
44979.79 0.0433687622993
45076.03 0.0491502516407
45172.37 0.0403033961514
45268.72 0.0466637936508
45364.95 0.0437901315159
45461.3 0.0542104783592
45557.63 0.0511052529611
45653.88 0.0492660332723
45750.22 0.0495868053336
45846.46 0.0493514459514
45942.8 0.0530203950312
46039.14 0.0481290956113
46135.38 0.0410208626553
46231.72 0.0430897475477
46328.06 0.0410151684767
46424.3 0.0557384162843
46520.64 0.0601931620113
46616.88 0.0594965741622
46713.22 0.0526920307317
46809.57 0.0463676963635
46905.81 0.041222056966
47002.15 0.0441583550655
47098.48 0.048223998588
47194.73 0.0437996218135
47291.07 0.0242856717414
47387.31 0.0324397355007
47483.65 0.027527557426
47579.99 0.0445094960794
47676.23 0.0485751396018
47772.57 0.0500442376814
47868.91 0.0394511674205
47965.15 0.042827815332
48061.49 0.0435699566099
48157.73 0.0506098594226
48254.08 0.0420211400299
48350.42 0.048280940374
48446.66 0.0507389274709
48543.0 0.0548178574102
48639.34 0.0480778480039
48735.58 0.0590220592786
48831.92 0.0463240409942
48928.16 0.0542427453713
49024.5 0.0519081321441
49120.84 0.0579686362371
49218.08 0.0458343416343
49710.26 0.0458874873013
50207.36 0.0459387349087
50709.44 0.0459918805757
51216.53 0.0460469243022
51728.7 0.0461019680286
52245.98 0.0461570117551
52768.44 0.0462120554816
53296.13 0.0462670992081
53829.09 0.0463240409942
54367.38 0.0463809827802
54911.05 0.0464398226258
55263.15 0.0464777838164
55571.54 0.0466903664843
55879.92 0.0490572467236
56188.31 0.0357062959593
56496.68 0.0356683347686
56805.08 0.0344649650238
57113.46 0.0560762708814
57421.83 0.0601514047015
57730.21 0.0802461609912
58038.6 0.0581413596547
58346.99 0.0530355795075
58655.37 0.0494064896779
58963.75 0.049634256822
59272.14 0.0498278588945
59580.52 0.0696056392419
59888.9 0.0746734581985
60197.29 0.0809996906263
60505.67 0.0834652699614
60814.05 0.0857220627477
61122.44 0.1020567631
61430.82 0.156050862672
61739.19 0.221218838723
62047.58 0.253390947829
62355.96 0.242306280149
62664.35 0.19420945155
62972.73 0.167655598665
63281.11 0.132848982925
63589.5 0.105143007903
63897.88 0.105158192379
64206.26 0.102130787422
64514.65 0.083197643567
64823.03 0.075669939454
65131.41 0.0767803042816
65439.8 0.0720161748505
65748.17 0.0768486344248
66056.55 0.0768125712936
66364.95 0.0743375016609
66673.32 0.0504807913743
66981.7 0.0673279678007
67290.09 0.0780861692412
67598.47 0.0896396576265
67906.86 0.0953205498126
68215.24 0.10825202942
68523.62 0.0784278199573
68832.01 0.0805346660404
69140.39 0.0662232971518
69448.78 0.0755522597629
69757.16 0.11379626132
70065.54 0.124742370654
70373.93 0.083613318605
70682.31 0.0838202070943
70990.69 0.0810205692812
71299.08 0.102647059615
71607.45 0.0993292515491
71915.85 0.109984957775
72224.22 0.117968196176
72532.6 0.126963100309
72841.0 0.12251594682
73149.37 0.143882402998
73457.75 0.13971616232
73766.14 0.145850690735
74074.52 0.171933824855
74382.9 0.189938817598
74691.28 0.215828349645
74979.49 0.201042465873
74999.67 0.19922032872
75308.06 0.229418455911
75597.47 0.261059108348
75616.43 0.271080862689
76215.47 0.236422295593
76833.46 0.236631082141
77451.45 0.220763304435
78069.44 0.210893394856
78687.45 0.17440130225
79305.44 0.162080997813
79923.43 0.147765832805
80541.44 0.136840602125
81159.43 0.106760154626
81777.42 0.0970705607032
82395.42 0.092217222474
83013.41 0.0964631816523
83631.41 0.10168853955
84249.4 0.107777514536
84867.4 0.113137634661
85485.39 0.125262438966
86103.4 0.130736442663
86721.38 0.116174529916
87339.38 0.103301890154
87957.38 0.0781146401342
88575.37 0.0573346843526
89193.36 0.0556511055457
89811.35 0.0690058524291
90429.34 0.0552297363291
91047.35 0.0472787649399
91665.34 0.0451453460234
92283.34 0.0440843307437
92901.34 0.0332274302075
93519.33 0.0406943964154
94137.32 0.0383673754264
94755.31 0.0373481174565
95373.31 0.0387469873332
95991.3 0.0406811099987
96609.29 0.0396751384455
97227.3 0.0372551125393
97845.3 0.0332521049814
98463.29 0.0330528087303
99081.29 0.0338765665682
99699.24 0.0331761826001
100317.28 0.0378605935307
100935.23 0.0376043554936
101553.29 0.0348825381214
102171.25 0.0387773562858
102789.29 0.0353665433026
103407.26 0.0370387337524
104025.21 0.0430916456072
104643.25 0.0538707257025
105261.2 0.0630421493723
105879.26 0.0478329983239
106497.22 0.048142382028
107115.17 0.0488712368892
107733.22 0.0469124394498
108351.18 0.0496038878694
108969.22 0.0515626853088
109587.18 0.0635375429107
110205.23 0.0748917350449
110823.19 0.0807206758748
111441.14 0.114695941539
112059.19 0.162536532101
112677.14 0.16751134614
113295.2 0.137484044308
113913.15 0.109529423486
114531.2 0.088479943251
115149.15 0.0788548833526
115767.1 0.0706305913904
116385.16 0.0638032712455
117003.11 0.0609675703013
117621.16 0.0620096049856
118239.11 0.0636172614112
118857.17 0.0653008402181
119475.12 0.0679903905782
120093.07 0.070717902129
120711.13 0.066760448
121329.08 0.0596142538533
121947.13 0.0630098823602
122565.08 0.0680112692331
123183.05 0.0703990281272
123801.09 0.0688672940831
124419.04 0.07442291434
125037.1 0.077524343619
125655.06 0.0800089035494
126273.1 0.0841960228821
126891.06 0.089335968101
127509.01 0.107798393191
128127.06 0.150914713572
128745.02 0.106000930812
129363.07 0.0640955724138
129981.02 0.0587715154201
130598.97 0.0561711738581
131217.02 0.0567235091826
131834.98 0.0564520866692
132453.03 0.0534873176766
133070.98 0.0539884053937
133689.03 0.0560440038693
134306.99 0.0528324871373
134924.95 0.0547685078623
135543.0 0.056497640098
136160.95 0.0543395464075
136779.0 0.0549222506845
137396.96 0.0556055521169
138015.01 0.0557858677727
138632.95 0.0538764198811
139250.91 0.0537321673565
139868.96 0.0540586335964
140486.92 0.0572359852569
141104.96 0.0534455603669
141722.92 0.0566058294915
142340.97 0.0561863583344
142958.93 0.0497671209894
143576.88 0.0525591665643
144194.94 0.0514241269628
144726.7 0.0534493564859
145639.24 0.054806469053
146551.89 0.052898919221
147464.45 0.0531779339725
148376.98 0.053701798404
149289.54 0.0541763132876
150202.19 0.0531323805437
151114.74 0.0542370511927
152027.28 0.0557915619513
152939.93 0.0565147226338
153852.48 0.0588816028731
154765.02 0.0853842081506
155677.57 0.107652242607
156590.22 0.0772244502126
157502.78 0.0613775511607
158415.31 0.0623379692851
159327.96 0.06297002311
160240.52 0.0645454125235
161153.05 0.0634730088866
162065.7 0.0667585499405
162978.26 0.0710937179168
163890.8 0.0800411705615
164803.35 0.0816355405703
165716.01 0.0773952755707
166628.54 0.0771978773791
167541.09 0.0771485278312
168453.64 0.0779533050738
169366.29 0.0803144911344
170278.85 0.0862857864293
171191.4 0.0845623483722
172104.05 0.0823492109552
173016.59 0.084355459883
173929.14 0.084053668417
174841.79 0.0790522815441
175754.33 0.0795211022491
176666.88 0.0801189910024
177579.42 0.0809009915305
178492.07 0.0825466091468
179404.62 0.0815539240103
180317.16 0.0798304859532
181229.81 0.0795780440351
182142.36 0.0807434525892
183054.9 0.081812060107
183967.55 0.0825769780993
184880.1 0.0838391876896
185792.66 0.0917389114714
186705.2 0.138960734625
187617.84 0.143781805842
188530.4 0.0959810745306
189442.94 0.0873297191732
190355.6 0.0877036369015
191268.15 0.0875366076624
192180.68 0.0875707727341
193093.23 0.0863711991084
194005.9 0.0862725000126
194918.43 0.0873392094709
195830.99 0.0880870449274
196743.64 0.088561559811
197656.17 0.0863332379177
198568.73 0.0863047670247
199481.28 0.0886526666686
200393.93 0.0874473988643
201306.47 0.0877776612233
202219.02 0.0883148120715
203131.67 0.0865135535735
204226.54 0.0817703027972
205983.48 0.0889810309681
207741.48 0.086238334941
209500.39 0.0834330029493
211260.39 0.0879276079265
213021.4 0.0865249419307
214783.49 0.0823188420027
216546.48 0.0857372472239
218310.56 0.0860902862973
220075.66 0.0849002029693
221841.83 0.0822732885738
223609.01 0.0866483158004
225377.18 0.0885425792156
227146.43 0.0878516855451
228916.69 0.0875366076624
230687.94 0.0895561430069
232460.29 0.0886090112993
234233.64 0.0898826092468
236008.07 0.0871456073984
237783.6 0.0862630097149
239560.13 0.0874796658764
241337.65 0.0881060255227
243116.28 0.0883869383338
244895.89 0.0891651427429
246676.71 0.088700118157
248458.41 0.0862060679289
250241.19 0.0877814573424
252025.09 0.0860940824164
253810.08 0.0852247711497
255596.06 0.0869899665166
257383.13 0.0824574003487
259171.31 0.0895675313642
260960.57 0.0881420886539
262750.85 0.0857619219979
264542.18 0.0863844855251
266334.66 0.0870772772551
268128.08 0.0868969615994
269922.74 0.0875479960197
271718.36 0.0877643748066
273515.11 0.0872158356012
275312.94 0.0870203354691
277111.86 0.0870601947193
278911.87 0.088011122546
280712.97 0.0886982200974
282515.19 0.0885995210017
284318.49 0.0874094376737
286122.89 0.0866274371455
287928.37 0.0869520053259
289734.94 0.089282822434
291542.63 0.087734005854
293351.41 0.0865951701334
295161.28 0.087481563936
296972.33 0.0873600881258
298784.5 0.0869482092068
300597.64 0.0867527090748
302411.98 0.087982651653
304227.42 0.0884704529533
306044.07 0.0898674247706
307861.71 0.0868798790636
309680.54 0.088703914276
311500.55 0.0869690878617
313321.58 0.0870601947193
315143.8 0.0879238118074
316967.16 0.0887988172528
318791.56 0.0888538609793
320617.16 0.0881136177609
322443.98 0.0876296125796
324271.83 0.0881003313441
326100.79 0.0896719246385
327931.0 0.0901540317603
329762.36 0.0907803914066
331594.81 0.0942671267711
333428.38 0.11073658935
335263.13 0.134545848148
337099.09 0.103104491963
338936.21 0.0941228742465
340774.44 0.085463926651
342613.79 0.0889506620155
344454.39 0.0939311702335
346296.14 0.0992647175249
348139.04 0.118884958931
