102.09 2.7844950619e-06
103.98 3.45737629826e-06
105.92 4.38271948884e-06
107.89 5.68540313603e-06
109.89 8.31271057643e-06
114.02 1.22108433698e-05
118.02 1.68558427777e-05
121.05 6.7258068641e-05
125.02 8.64481826622e-05
127.05 9.43526462293e-05
127.93 0.000100634140091
130.91 0.000113172081984
132.12 0.000135127255504
133.96 0.000144459331313
137.08 0.000186957093609
139.95 0.000206893573328
142.88 0.000580412036451
146.88 0.00144128726373
151.0 0.00158394830453
154.87 0.00175691479818
158.84 0.00196219041097
162.17 0.00210740612631
165.94 0.00234824681598
169.81 0.00255121821252
172.97 0.00272739057225
177.0 0.00294949698199
179.87 0.00311705357661
181.95 0.00324148125406
186.19 0.00348132011058
190.97 0.00379093664612
194.07 0.00401554763874
198.14 0.00425348301227
201.82 0.00453675133592
205.1 0.0047505425305
209.88 0.00487241553341
215.76 0.00551759608312
219.77 0.00584469460715
222.82 0.00599446866334
226.97 0.00634961851562
230.12 0.00992516103412
233.86 0.0167396301321
239.86 0.022529223916
246.02 0.0212689178111
251.75 0.023374771096
257.02 0.0190433454645
259.99 0.0232134759586
264.22 0.0247598054283
269.13 0.0249887243034
274.13 0.0250463297097
279.23 0.0252201477615
283.77 0.0253949676465
289.71 0.0243635804168
295.78 0.0248169099179
301.28 0.0243079786768
308.29 0.0249887243034
317.66 0.0259865501226
328.07 0.0261062691842
338.04 0.0259264401335
348.31 0.0256298975205
357.24 0.0256298975205
366.41 0.0261663791733
374.94 0.0258072219884
384.56 0.0245328902194
395.33 0.0256298975205
404.54 0.0261062691842
413.96 0.0256298975205
421.66 0.0248740144076
430.49 0.0244201839898
440.52 0.0245328902194
450.78 0.0240294690607
460.22 0.0231603788015
469.85 0.0228427976924
479.69 0.0230010873304
489.74 0.021714232647
499.99 0.0223228462867
505.78 0.0212198279867
511.64 0.0232670740322
519.95 0.022790201452
529.62 0.021915100194
539.46 0.0204053376343
549.49 0.0198037368267
559.71 0.0207369444075
570.12 0.02136709746
579.38 0.0206893573328
590.15 0.0204995099506
599.74 0.0187823679285
609.49 0.0161710898185
619.39 0.0194871575507
629.45 0.0186526305354
639.68 0.0190433454645
650.07 0.0183545851727
657.6 0.0174078528443
665.22 0.0181026241351
674.47 0.0181862772032
685.43 0.0165477790836
694.97 0.0174479261704
704.63 0.0155148891042
716.08 0.0170506993258
726.04 0.0168167712848
734.45 0.0165863496599
744.67 0.0159862516021
755.03 0.0156581512449
765.53 0.0136690115221
774.4 0.0151266787579
785.17 0.0141168309409
794.26 0.0144789936253
805.31 0.0144459331313
814.64 0.0142150105898
824.07 0.0141168309409
835.53 0.0120986380568
845.21 0.0134816687227
854.99 0.0131144968726
864.89 0.0131445518672
874.91 0.0130238309724
885.04 0.0128455046714
895.29 0.0126401288753
905.66 0.0122669460263
914.04 0.0121827920415
924.62 0.0225813192398
935.33 0.0345737629826
943.98 0.0479452300586
954.91 0.059123183449
965.97 0.0599446866334
974.91 0.0223228462867
983.93 0.0443346233798
995.32 0.047505425305
1004.53 0.0669475003639
1016.16 0.0681947826378
1025.57 0.0396956349707
1035.05 0.0511385732297
1044.63 0.085456367842
1054.3 0.0827464091666
1064.05 0.0637867167702
1073.9 0.0747718172789
1083.83 0.0575102320747
1093.86 0.0782982699729
1103.98 0.0744311940073
1114.2 0.0701032747918
1124.51 0.0609164647905
1134.91 0.0795705980756
1145.42 0.0727330868151
1156.01 0.0766903277644
1164.03 0.076865648566
1174.8 0.0500891530033
1185.67 0.0735796358283
1193.89 0.0513740040204
1204.93 0.0377350474928
1216.08 0.0316769624243
1224.51 0.0549204933775
1235.84 0.0786589299076
1244.41 0.0842842230545
1255.92 0.0790195898422
1264.63 0.0689812216619
1276.33 0.0884618672972
1285.18 0.0926294932084
1294.09 0.0693018082705
1306.06 0.0686656442191
1315.11 0.0886622339275
1324.23 0.0838985172911
1336.48 0.0719015652992
1345.75 0.0888676097236
1355.07 0.0856517253066
1364.47 0.0747718172789
1373.93 0.0784785999403
1383.45 0.0784785999403
1396.25 0.0648236140823
1405.93 0.0663363821414
1415.67 0.0714056578891
1425.49 0.0735796358283
1435.37 0.0735796358283
1441.99 0.0775769501037
1448.65 0.0792049289753
1455.34 0.0759890445582
1465.42 0.0693018082705
1475.58 0.0699429814876
1485.81 0.0720668677692
1496.11 0.073068700921
1506.48 0.0683500667763
1513.43 0.0600799341089
1516.92 0.064973889055
1523.92 0.0627698561212
1534.49 0.0530570837153
1545.12 0.0568540313603
1555.83 0.0545448059456
1566.62 0.0572447462895
1573.85 0.0616227571625
1584.76 0.0655749889461
1595.74 0.0667972253912
1606.8 0.0661810980029
1614.22 0.0666419412526
1625.41 0.0636414509632
1636.68 0.0688259375234
1644.23 0.0702635680961
1655.63 0.0660308230301
1663.27 0.0720668677692
1670.95 0.0636414509632
1678.66 0.0744311940073
1686.41 0.077757280071
1694.19 0.0737449382984
1705.94 0.0717362628292
1713.81 0.067879205195
1725.69 0.0680344893335
1733.66 0.07408556157
1745.67 0.0735796358283
1753.73 0.0790195898422
1765.89 0.0744311940073
1774.04 0.0754630821536
1786.34 0.0788392598749
1794.58 0.0846749379837
1807.02 0.0860474494015
1815.36 0.0797509280429
1823.74 0.0833174540631
1836.38 0.0821753642701
1844.86 0.0772212993348
1853.37 0.0788392598749
1866.22 0.0827464091666
1874.84 0.0907310193858
1883.49 0.0848702954483
1896.55 0.0833174540631
1905.3 0.0911467801438
1914.09 0.0886622339275
1922.93 0.0878507490746
1936.26 0.0950038377779
1945.19 0.100173296841
1954.17 0.0941322429359
1967.72 0.106595047343
1976.8 0.112135184672
1985.93 0.108578676984
1995.09 0.108829135272
2004.3 0.116077398124
2013.55 0.11634288391
2022.85 0.12380654089
2036.87 0.119052842585
2046.27 0.125529693911
2055.72 0.113698044389
2065.2 0.12126689385
2074.74 0.139555358035
2079.52 0.13235718684
2084.31 0.140522127026
2093.93 0.137005692664
2103.6 0.143136911552
2113.31 0.149533616226
2123.06 0.153726287966
2132.86 0.153019995594
2142.71 0.155865201745
2152.6 0.165097094238
2162.53 0.165477790836
2172.52 0.170506993258
2182.54 0.170902717353
2192.62 0.181447011274
2202.74 0.183971630817
2212.91 0.18270431188
2223.12 0.185243958919
2233.38 0.193529119084
2243.69 0.195738161184
2254.05 0.194155264804
2264.45 0.202585690776
2274.9 0.208967367952
2285.4 0.214552587773
2295.95 0.205115319484
2306.55 0.216997060663
2317.2 0.216225649136
2322.54 0.195267299602
2333.26 0.219822230151
2344.03 0.224656075108
2354.85 0.232249970398
2365.72 0.231418448882
2376.64 0.235415763158
2387.61 0.232415272868
2393.11 0.244332078208
2404.16 0.246831651922
2415.26 0.253994758956
2426.4 0.264999896128
2437.6 0.264639236194
2443.22 0.276290555748
2454.5 0.281044254053
2465.83 0.283909496867
2477.21 0.285487384081
2482.92 0.285943218165
2494.38 0.235876606408
2505.9 0.294493864115
2511.67 0.284951403345
2517.46 0.299548112365
2523.27 0.303500344149
2534.91 0.312997722427
2546.61 0.313273226544
2552.48 0.328561200439
2564.27 0.330359490947
2576.1 0.342261268789
2582.04 0.345973060616
2593.96 0.348667991794
2605.93 0.35299591101
2617.96 0.354102936642
2624.0 0.365433669588
2636.11 0.379454324547
2642.18 0.392493183016
2654.38 0.410375904775
2666.63 0.390409370061
2672.78 0.401043828966
2685.12 0.413551715866
2697.51 0.403513347685
2703.73 0.4135467067
2716.21 0.411953791989
2722.47 0.417363691008
2735.04 0.425433457045
2747.66 0.419898328882
2753.99 0.429340606337
2766.71 0.439654478634
2773.08 0.454742085899
2785.89 0.449848130953
2792.31 0.430247265339
2805.2 0.447724244671
2818.14 0.473481375002
2824.64 0.485232877872
2837.68 0.476687241087
2844.22 0.479592557227
2857.35 0.477699092571
2863.93 0.498642414607
2877.15 0.512938573682
2883.79 0.518448656017
2897.1 0.529619095659
2910.47 0.558772440374
2930.64 0.562479223035
2950.96 0.563581239502
2971.41 0.576554978817
2992.01 0.5843692774
3012.75 0.585471293867
3026.66 0.606359515081
3047.64 0.620234904232
3068.76 0.641724225336
3090.03 0.644379083189
3111.45 0.675986919125
3133.02 0.672530594752
3147.48 0.690062674907
3169.3 0.704088339031
3191.27 0.695622848899
3213.39 0.709748696338
3228.22 0.706743196883
3250.6 0.751525138765
3273.13 0.773815926391
3288.24 0.78483609106
3311.03 0.780628391823
3318.66 0.8184475933
3326.31 0.825159875417
3333.98 0.835779306825
3341.67 0.802869087791
3349.37 0.855465328257
3357.09 0.814239894063
3364.83 0.782131141551
3372.59 0.774166567994
3380.36 0.824859325472
3388.15 0.858821469315
3395.96 0.848101854592
3403.79 0.853060928693
3411.64 0.830870324382
3419.5 0.843443330436
3427.39 0.872145850233
3435.29 0.87925886561
3443.21 0.829167208024
3451.14 0.871344383711
3459.1 0.860424402358
3467.08 0.861476327167
3475.07 0.870492825533
3483.08 0.863530085128
3491.11 0.894937554435
3499.16 0.877655932567
3507.22 0.899145253672
3515.31 0.861676693797
3523.41 0.903352952909
3531.53 0.896139754217
3539.67 0.9330072142
3547.83 0.953644977126
3556.01 0.937315096752
3564.21 0.942775087429
3572.42 0.903453136224
3580.66 0.88797481403
3586.66 0.639971017321
3589.34 1.02242082299
3592.02 0.971377423911
3594.71 1.2057061981
3597.39 0.712303370875
3600.07 0.858220369424
3602.75 0.804171470888
3605.43 0.940671237811
3608.11 0.899345620302
3610.79 0.905456802528
3613.47 0.822054192647
3616.15 0.870192275587
3618.83 0.679042510238
3621.52 1.06915633952
3624.2 1.14729932535
3626.88 1.2479835571
3629.56 0.732490308883
3632.24 0.799763405021
3634.92 0.999579027132
3637.6 0.895188012723
3640.28 1.03288997943
3642.96 0.661510430083
3645.64 0.55822143214
3648.33 0.906358452364
3651.01 1.20355225682
3653.69 1.1297672452
3656.37 1.05818626651
3659.05 1.02918319677
3661.73 0.859071927603
3664.41 0.787290582282
3667.09 1.11649295594
3669.77 1.18451742694
3672.45 1.06519909857
3675.14 0.821653459386
3677.82 0.771261251854
3680.5 0.850155612553
3683.18 0.777873350656
3685.86 0.973080540269
3688.54 0.918330358527
3691.22 1.04421069404
3693.9 0.911117159835
3696.58 1.11173424847
3699.26 1.01165111661
3701.95 1.28575266692
3704.63 1.08538603658
3707.31 1.04526261885
3709.99 1.01195166656
3712.67 0.969473940923
3715.35 0.93716482178
3718.03 1.08839153603
3720.71 1.29421815705
3723.39 1.64716397641
3726.07 1.75240654899
3728.76 1.63378950383
3731.44 1.21537388801
3734.12 1.04375986912
3736.8 0.951290669219
3739.48 0.976737231273
3742.16 0.762144570174
3744.84 1.0019834267
3747.52 1.18101101091
3750.2 1.12555954596
3752.88 0.916476967197
3755.57 0.979041447522
3758.25 1.05057233455
3760.93 1.37611801721
3763.61 1.26296096272
3766.29 1.02637806394
3768.97 1.08633777807
3771.65 1.06109158265
3774.33 1.20400308174
3777.01 1.43828176427
3779.69 1.48341434776
3782.38 1.504152294
3785.06 1.23536045939
3787.74 1.19102934243
3790.42 1.28219615923
3793.1 1.21898048736
3795.78 1.2489352986
3798.46 1.21532379636
3801.14 1.14028649329
3803.82 0.999679210447
3806.5 1.44123717207
3809.19 1.4919800212
3811.87 1.29046128274
3814.55 1.3641962027
3817.23 1.27548387712
3819.91 1.33799826578
3822.59 1.31260179539
3825.27 1.33328964997
3827.95 1.21387113829
3830.63 0.934560055585
3833.31 0.952442777344
3836.0 0.965266241686
3838.68 1.02322228951
3841.36 1.09991261728
3844.04 1.38803983171
3846.72 1.35838557042
3849.4 1.28099395945
3852.08 1.63434051206
3854.76 1.60754147526
3857.44 1.61881209821
3860.12 1.56265935006
3862.81 1.51061411783
3865.49 1.54417552841
3868.17 1.56491347465
3870.85 1.48952552998
3873.53 1.42155115064
3876.21 1.33739716589
3878.89 1.36234281137
3881.57 1.2691222366
3884.25 1.12866522873
3886.93 1.05693397507
3889.62 1.10822783244
3892.3 1.02257109796
3894.98 1.09971225065
3897.66 1.27954130138
3900.34 1.30994693754
3903.02 1.32627681791
3905.7 1.48156095643
3908.38 1.3675022521
3911.06 1.46392869296
3913.74 1.57979069695
3916.43 1.53165261401
3919.11 1.48276315621
3921.79 1.46052246024
3924.47 1.32883149245
3927.15 1.31134950395
3929.83 1.21477278812
3932.51 0.97388200679
3935.19 1.16763653833
3937.87 0.994068944798
3940.55 1.23946797531
3943.24 1.32161829375
3945.92 1.20760968109
3948.6 1.27282901926
3951.28 1.55264101854
3953.96 1.47369656619
3956.64 1.28630367516
3959.32 1.28059322619
3962.0 1.18351559379
3964.68 1.01089974175
3967.36 0.850105520895
3970.04 0.984852079802
3972.73 0.976186223039
3975.41 1.28900862467
3978.09 1.38643689867
3980.77 1.5754828144
3983.45 1.64696360978
3986.13 1.71799358023
3988.81 1.63479133698
3991.49 1.72180054621
3994.17 1.76933752926
3996.85 1.70967836507
3999.54 1.67581640455
4002.22 1.9855331234
4004.9 1.80530333941
4007.58 1.83004861825
4010.26 1.72946456982
4012.94 1.85699793003
4015.62 1.64881700111
4018.3 1.80981158859
4020.98 1.8237370694
4023.66 1.81492093766
4026.35 1.82133266983
4029.03 1.77650063629
4031.71 1.72485613732
4034.39 1.68618537767
4037.07 1.88484889165
4039.75 1.798340599
4042.43 1.78306264344
4045.11 1.96579701031
4047.79 1.8286961435
4050.47 1.77730210282
4053.16 1.90448482143
4055.84 1.92527285932
4058.52 1.51978089116
4061.2 1.83405595086
4063.88 1.86952084443
4066.56 1.71303450613
4069.24 1.65072048409
4071.92 1.61485485726
4074.6 1.63669481997
4077.28 1.76818542113
4079.97 1.64651278486
4082.65 1.84106878292
4085.33 1.77459715331
4088.01 1.78586777626
4090.69 1.78171016868
4093.37 1.74694655832
4096.05 1.38503433226
4098.73 1.28940935793
4101.41 1.31510637827
4104.09 1.41564033504
4106.78 1.32973314228
4109.46 1.46237585157
4112.14 1.70336681622
4114.82 1.69089399348
4117.5 1.66770155602
4120.18 1.65287442537
4122.86 1.82674256885
4125.54 1.73437355226
4128.22 1.84973463968
4130.9 1.89787272262
4133.59 1.76573092991
4136.27 1.89236264029
4138.95 1.85058619786
4141.63 1.81592277081
4144.31 1.73627703525
4146.99 1.85033573958
4149.67 1.83716163363
4152.35 1.78040778559
4155.03 1.83510787567
4157.71 1.91735837743
4160.4 1.75195572408
4163.08 1.77599971972
4165.76 1.61435394069
4168.44 1.726659437
4171.12 1.79488427463
4173.8 1.76908707097
4176.48 1.75125444087
4179.16 1.82493926918
4181.84 1.81442002109
4184.52 1.79854096563
4187.21 1.71323487276
4189.89 1.74148656764
4192.57 1.89121053217
4195.25 1.91685746085
4197.93 1.70386773279
4200.61 1.69976021687
4203.29 1.69580297592
4205.97 1.74414142549
4208.65 1.91986296031
4211.33 1.72836255335
4214.02 1.82118239486
4216.7 1.96895278474
4219.38 1.9182099356
4222.06 1.80254829824
4224.74 1.8336552176
4227.42 1.7702391791
4230.1 1.76217442222
4232.78 1.93969925671
4235.46 1.81457029606
4238.14 1.8465287736
4240.83 1.92402056788
4243.51 1.85764912158
4246.19 1.81522148761
4248.87 1.80570407267
4251.55 1.90328262164
4254.23 1.73041631131
4256.91 1.79408280811
4259.59 1.89291364852
4262.27 1.94330585606
4264.95 2.11121309228
4267.64 2.00201327875
4270.32 1.89116044051
4273.0 1.65162213393
4275.68 1.78606814289
4278.36 1.75446030696
4281.04 1.8544432555
4283.72 1.82223431967
4286.4 1.75856782288
4289.08 1.82959779333
4291.76 1.71799358023
4294.45 1.72620861208
4297.13 1.69935948361
4299.81 1.64521040176
4302.49 1.56746814919
4305.17 1.4315193905
4307.85 1.59206315306
4310.53 1.52373813211
4313.21 1.61685852357
4315.89 1.68984206867
4318.57 1.94485869744
4321.26 1.84923372311
4323.94 1.81066314677
4326.62 1.7131847811
4329.3 1.72290256268
4331.98 1.66669972286
4334.66 1.64551095171
4337.34 1.51827814144
4340.02 1.48401544765
4342.7 1.56987254875
4345.38 1.56381145818
4348.07 1.64240526894
4350.75 1.71859468012
4353.43 1.69986040019
4356.11 1.83901502496
4358.79 1.82919706007
4361.47 1.87493074345
4364.15 1.91640663593
4366.83 1.83676090037
4369.51 1.79899179055
4372.19 1.8485324399
4374.88 1.82483908586
4377.56 1.94601080557
4380.24 1.79698812425
4382.92 1.74113592604
4385.6 1.68292941992
4388.28 1.73642731022
4390.96 1.78797162588
4393.64 1.84943408974
4396.32 1.85684765506
4399.0 1.98593385666
4401.69 1.89556850638
4404.37 1.94921667165
4407.05 1.92522276767
4409.73 1.78777125925
4412.41 1.87653367649
4415.09 1.90643839607
4417.77 1.87928871766
4420.45 1.85258986417
4423.13 1.91154774515
4425.81 1.93894788185
4428.49 2.0046681366
4431.18 1.93233578304
4433.86 1.90979453713
4436.54 2.02395342477
4439.22 1.99279641375
4441.9 2.0142356432
4444.58 2.01273289347
4447.26 1.98362964041
4449.94 1.98413055699
4452.62 1.90403399651
4455.3 1.91360150311
4457.99 1.93869742356
4460.67 1.93549155747
4463.35 2.12674150614
4466.03 2.13736093754
4468.71 2.03487340612
4471.39 1.96163940273
4474.07 1.9303822084
4476.75 2.08311167238
4479.43 1.91345122813
4482.11 1.94335594771
4484.8 1.86721662818
4487.48 1.89516777312
4490.16 1.95828326167
4492.84 1.89476703985
4495.52 1.88449825005
4498.2 1.97862047465
4500.88 2.10094430248
4503.56 2.08326194735
4506.24 2.14171891175
4508.92 2.03842991381
4511.61 2.20072688439
4514.29 1.98367973207
4516.97 2.03191799833
4519.65 2.16746602375
4522.33 2.04043358012
4525.01 1.96845186816
4527.69 1.97481350868
4530.37 1.90067785545
4533.05 2.0188440757
4535.73 1.98357954875
4538.42 2.01283307679
4541.1 2.10860832609
4543.78 1.96389352732
4546.46 1.89807308926
4549.14 1.93924843179
4551.82 1.93834678195
4554.5 2.06858509168
4557.18 2.04409027112
4559.86 1.99835658774
4562.54 2.04243724642
4565.23 2.16791684867
4567.91 2.20578614181
4570.59 2.20723879988
4573.27 2.11241529207
4575.95 1.9726595674
4578.63 2.07359425744
4581.31 1.83886474999
4583.99 2.04759668715
4586.67 2.00982757733
4589.35 2.01503710972
4592.04 1.98232725732
4594.72 1.99540117995
4597.4 2.02014645879
4600.08 2.01453619314
4602.76 1.92923010027
4605.44 2.04684531229
4608.12 2.26900181368
4610.8 2.1387134123
4613.48 2.01313362673
4616.16 2.05255576125
4618.85 2.02846167395
4621.53 2.06031996818
4624.21 2.0752973738
4626.89 1.92958074188
4629.57 2.06768344184
4632.25 2.02275122499
4634.93 1.96599737694
4637.61 1.98362964041
4640.29 2.07093939959
4642.97 2.05611226894
4645.66 2.04238715476
4648.34 2.03382148131
4651.02 2.03467303949
4653.7 2.0690359166
4656.38 2.03647633917
4659.06 2.05390823601
4661.74 2.03477322281
4664.42 2.12699196442
4667.1 1.84282199094
4669.78 1.91355141145
4672.47 1.87473037682
4675.15 1.95162107121
4677.83 2.04038348846
4680.51 2.05435906092
4683.19 2.05941831834
4685.87 2.14933284371
4688.55 2.11246538372
4691.23 2.12689178111
4693.91 2.08296139741
4696.59 1.93854714858
4699.28 2.10730594299
4701.96 2.03191799833
4704.64 2.00677198622
4707.32 2.10981052587
4710.0 2.11607198307
4712.68 1.95803280339
4715.36 2.05911776839
4718.04 2.06422711747
4720.72 2.25793155735
4723.4 2.10264741884
4726.09 1.94070108986
4728.77 2.06893573328
4731.45 2.00391676173
4734.13 1.95783243676
4736.81 2.21074521591
4739.49 2.20849109132
4742.17 2.17442876416
4744.85 2.15268898477
4747.53 2.08782028819
4750.21 2.16746602375
4752.9 2.09413183705
4755.58 2.14397303635
4758.26 2.10830777614
4760.94 1.9746632337
4763.62 2.04604384576
4766.3 2.07700049015
4768.98 2.11667308296
4771.66 2.05475979418
4774.34 2.0406840384
4777.02 2.02991433202
4779.71 2.09528394517
4782.39 2.15594494251
4785.07 2.04138532161
4787.75 2.21244833227
4790.43 2.11276593367
4793.11 2.12739269768
4795.79 2.22582280484
4798.47 2.17117280642
4801.15 2.07745131507
4803.83 2.01618921784
4806.52 1.96148912776
4809.2 2.05075246158
4811.88 2.05170420307
4814.56 2.05310676948
4817.24 2.02390333311
4819.92 2.08621735515
4822.6 1.95086969635
4825.28 1.97922157454
4827.96 2.02435415803
4830.64 1.86952084443
4833.33 2.0030151119
4836.01 2.00782391103
4838.69 1.93794604869
4841.37 1.96750012667
4844.05 1.94190328964
4846.73 1.85193867262
4849.41 1.90859233735
4852.09 1.87763569296
4854.77 1.73352199408
4857.45 2.01198151861
4860.13 2.11241529207
4862.82 1.86561369514
4865.5 1.87212561063
4868.18 1.98738651473
4870.86 1.81657396236
4873.54 1.79889160723
4876.22 1.8531408724
4878.9 1.98478174854
4881.58 1.87518120174
4884.26 2.0092765691
4886.94 2.01744150928
4889.63 1.93984953168
4892.31 1.92918000862
4894.99 2.03001451534
4897.67 2.01403527657
4900.35 2.1565460424
4903.03 2.10004265264
4905.71 2.06668160869
4908.39 1.98458138191
4911.07 2.07614893197
4913.75 2.05856676016
4916.44 1.95703097023
4919.12 1.85649701346
4921.8 1.87743532633
4924.48 1.95362473752
4927.16 1.96424416893
4929.84 2.02019655045
4932.52 2.07885388148
4935.2 2.11371767516
4937.88 1.98638468158
4940.56 2.14798036895
4943.25 1.94576034728
4945.93 1.98908963109
4948.61 2.18529865385
4951.29 2.03938165531
4953.97 1.99990942913
4956.65 1.98443110693
4959.33 2.06743298355
4962.01 2.14131817849
4964.69 2.16380933275
4967.37 2.08366268061
4970.06 1.9746632337
4972.74 2.03166754004
4975.42 2.10259732718
4978.1 2.05526071076
4980.78 1.9617896777
4983.46 1.88580063315
4986.14 1.96534618539
4988.82 1.9129002199
4991.5 1.96249096091
4994.18 2.10214650226
4996.87 2.08807074648
4999.55 1.99815622111
5002.23 2.04970053677
5004.91 2.15890035031
5007.59 2.15574457588
5010.27 2.08857166306
5012.95 2.01929490061
5015.63 1.90563692955
5018.31 1.91069618697
5020.99 1.92266809313
5023.68 1.9026314301
5026.36 1.88139256728
5029.04 1.91650681925
5031.72 2.03817945552
5034.4 1.95257281271
5037.08 2.02295159162
5039.76 2.08301148906
5042.44 1.93684403223
5045.12 1.97756854984
5047.8 1.97721790824
5050.49 2.03772863061
5053.17 1.99500044668
5055.85 2.050251545
5058.53 2.03286973982
5061.21 1.99404870519
5063.89 2.0017127288
5066.57 2.03883064707
5069.25 2.03527413938
5071.93 1.87578230163
5074.61 1.93794604869
5077.3 1.95046896309
5079.98 1.88580063315
5082.66 1.7834633767
5085.34 1.86516287022
5088.02 2.08751973825
5090.7 2.10900905935
5093.38 2.12373600668
5096.06 2.10890887604
5098.74 2.00717271948
5101.42 2.04378972117
5104.11 2.01343417668
5106.79 2.04138532161
5109.47 2.04794732875
5112.15 1.97972249112
5114.83 2.0132839017
5117.51 1.95502730393
5120.19 2.07249224097
5122.87 2.05455942755
5125.55 1.93509082421
5128.23 2.00827473594
5130.92 2.1370603876
5133.6 2.10069384419
5136.28 2.07815259828
5138.96 2.00807436931
5141.64 1.91760883571
5144.32 1.88920686586
5147.0 1.92226735987
5149.68 1.96594728528
5152.36 1.99905787095
5155.04 2.06888564162
5157.73 2.07905424811
5160.41 1.99164430563
5163.09 1.89521786477
5165.77 1.87022212764
5168.45 1.77860448591
5171.13 1.69074371851
5173.81 1.71353542271
5176.49 1.87347808538
5179.17 1.91054591199
5181.85 1.88079146739
5184.54 1.87968945092
5187.22 1.83280365942
5189.9 1.91024536205
5192.58 1.9544762957
5195.26 1.98403037367
5197.94 2.15409155118
5200.62 2.14918256873
5203.3 2.12037986562
5205.98 2.06026987652
5208.66 2.0059705197
5211.35 1.93458990764
5214.03 2.01183124363
5216.71 1.99625273812
5219.39 2.11051180908
5222.07 2.14868165216
5224.75 2.03842991381
5227.43 1.98578358169
5230.11 2.11146355057
5232.79 2.16220639971
5235.47 2.08857166306
5238.16 2.05225521131
5240.84 2.16330841617
5243.52 2.12538903138
5246.2 2.09503348688
5248.88 2.08917276295
5251.56 1.98748669805
5254.24 2.00261437864
5256.92 2.06237372614
5259.6 2.07935479806
5262.28 2.01153069369
5264.97 1.96940360966
5267.65 1.91174811178
5270.33 1.85414270555
5273.01 1.99780557951
5275.69 1.96469499384
5278.37 2.01143051037
5281.05 2.06011960155
5283.73 2.09037496273
5286.41 2.18259370434
5289.09 2.26599631423
5291.77 2.25001707546
5294.46 2.19211111929
5297.14 2.09929127778
5299.82 2.08170910597
5302.5 2.08446414713
5305.18 2.13300296333
5307.86 2.1093096093
5310.54 2.04804751207
5313.22 2.12814407255
5315.9 2.23153325381
5318.58 2.18399627076
5321.27 2.17077207315
5323.95 2.09418192871
5326.63 2.10580319327
5329.31 2.04373962952
5331.99 1.99500044668
5334.67 2.08867184637
5337.35 2.09132670422
5340.03 2.06963701649
5342.71 2.10239696055
5345.39 2.08241038917
5348.08 2.17828582179
5350.76 2.25868293222
5353.44 2.16911904845
5356.12 2.2657959476
5358.8 2.28703481041
5361.48 2.19631881852
5364.16 2.10399989359
5366.84 2.11351730853
5369.52 1.99520081331
5372.2 2.11707381622
5374.89 2.14672807751
5377.57 2.15915080859
5380.25 2.30226267432
5382.93 2.25146973353
5385.61 2.22572262153
5388.29 2.11667308296
5390.97 2.13766148749
5393.65 2.0581660269
5396.33 2.08531570531
5399.01 2.12343545674
5401.7 2.14667798586
5404.38 2.09423202036
5407.06 2.09783861971
5409.74 2.06207317619
5412.42 2.08140855602
5415.1 2.13004755554
5417.78 2.0578153853
5420.46 2.16956987337
5423.14 2.21525346509
5425.82 2.13615873776
5428.51 2.0145862848
5431.19 2.11572134147
5433.87 2.24009892725
5436.55 2.07154049948
5439.23 2.23133288718
5441.91 2.1070554847
5444.59 2.08877202969
5447.27 2.17688325538
5449.95 2.01889416735
5452.63 2.08005608127
5455.32 2.03983248022
5458.0 2.11471950832
5460.68 2.17167372299
5463.36 2.05541098573
5466.04 2.28633352721
5468.72 2.208390908
5471.4 2.06282455106
5474.08 2.13260223007
5476.76 2.08726927996
5479.44 2.09588504506
5482.13 2.00211346206
5484.81 2.21089549088
5487.49 2.07579829037
5490.17 2.27045447175
5492.85 2.21445199857
5495.53 2.10204631895
5498.21 2.15329008466
5500.89 2.11867674926
5503.57 2.14542569442
5506.25 2.13986552042
5508.94 2.16881849851
5511.62 2.18529865385
5514.3 2.05661318552
5516.98 2.12629068122
5519.66 2.17938783826
5522.34 2.28212582797
5525.02 2.15714714229
5527.7 2.17548068897
5530.38 2.1710726231
5533.06 2.15394127621
5535.75 2.02350259985
5538.43 2.26459374781
5541.11 2.09473293694
5543.79 2.13841286235
5546.47 2.17327665603
5549.15 2.00346593682
5551.83 2.1205301406
5554.51 2.20433348374
5557.19 2.27821867868
5559.87 2.22066336411
5562.56 2.17553078063
5565.24 2.11376776682
5567.92 2.25141964187
5570.6 2.26794988887
5573.28 2.14998403526
5575.96 2.1162723497
5578.64 2.22592298816
5581.32 2.18870488657
5584.0 2.16380933275
5586.68 2.1199290407
5589.37 2.0769503985
5592.05 2.16275740794
5594.73 2.09758816142
5597.41 2.14417340298
5600.09 2.19060836956
5602.77 2.18299443761
5605.45 2.17452894747
5608.13 2.2291789459
5610.81 2.16881849851
5613.49 2.13395470483
5616.18 2.12348554839
5618.86 2.05951850166
5621.54 2.10805731786
5624.22 2.19145992774
5626.9 2.24315451837
5629.58 2.09202798743
5632.26 2.17347702266
5634.94 2.2859828856
5637.62 2.22907876258
5640.3 2.23594131967
5642.99 2.12533893972
5645.67 2.17903719666
5648.35 2.20819054137
5651.03 2.21405126531
5653.71 2.08827111311
5656.39 2.09132670422
5659.07 2.19176047768
5661.75 2.12799379758
5664.43 2.14221982833
5667.11 2.24130112704
5669.8 2.20899200789
5672.48 2.1083578678
5675.16 2.20448375871
5677.84 2.22051308914
5680.52 2.14552587773
5683.2 2.16325832452
5685.88 2.15038476852
5688.56 2.19266212752
5691.24 2.2070885249
5693.92 2.14582642768
5696.61 2.07214159937
5699.29 2.20383256716
5701.97 2.14247028662
5704.65 2.0964360533
5707.33 2.12498829812
5710.01 2.06422711747
5712.69 2.17252528117
5715.37 2.10690520973
5718.05 2.15930108357
5720.73 2.08180928928
5723.42 2.08200965591
5726.1 2.23238481199
5728.78 2.13300296333
5731.46 2.21420154028
5734.14 2.19010745298
5736.82 2.12553930635
5739.5 2.16946969006
5742.18 2.31889310464
5744.86 2.20082706771
5747.54 2.21810868957
5750.22 2.18795351171
5752.91 2.18955644475
5755.59 2.09673660324
5758.27 2.33988150917
5760.95 2.1664641906
5763.63 2.26314108974
5766.31 2.31678925502
5768.99 2.15183742659
5771.67 2.1740280309
5774.35 2.1489822021
5777.03 2.10369934365
5779.72 2.09192780411
5782.4 2.12573967298
5785.08 1.99164430563
5787.76 2.09343055384
5790.44 2.1334036966
5793.12 2.09137679588
5795.8 2.06863518334
5798.48 2.05951850166
5801.16 2.1258398563
5803.84 2.24861450904
5806.53 2.1648111659
5809.21 2.23944773571
5811.89 2.2823261946
5814.57 2.17502986405
5817.25 2.27661574563
5819.93 2.23899691079
5822.61 2.27636528735
5825.29 2.25006716711
5827.97 2.11972867407
5830.65 2.16621373231
5833.34 2.28297738615
5836.02 2.10745621797
5838.7 2.11366758351
5841.38 2.11141345891
5844.06 2.14682826083
5846.74 2.16160529982
5849.42 2.06267427608
5852.1 2.15093577675
5854.78 2.15925099191
5857.46 2.14462422789
5860.15 2.17763463024
5862.83 2.05135356147
5865.51 2.17883683003
5868.19 2.04754659549
5870.87 2.07705058181
5873.55 2.03106644015
5876.23 1.94375668097
5878.91 1.59346571947
5881.59 1.57573327269
5884.27 1.51592383353
5886.96 1.51712603331
5889.64 1.57237713163
5892.32 1.53250417219
5895.0 1.59907598512
5897.68 1.90072794711
5900.36 2.01062904385
5903.04 2.03251909822
5905.72 2.16606345734
5908.4 2.20588632512
5911.08 2.13165048858
5913.77 2.02280131664
5916.45 2.14407321966
5919.13 1.99960887918
5921.81 2.12508848144
5924.49 2.18780323673
5927.17 2.35095176549
5929.85 2.07204141605
5932.53 1.95237244608
5935.21 2.01648976779
5937.89 2.23809526095
5940.58 2.15414164284
5943.26 2.26088696515
5945.94 2.23764443603
5948.62 2.2839792193
5951.3 2.07179095776
5953.98 2.16771648204
5956.66 2.15594494251
5959.34 2.29149296794
5962.02 2.18885516154
5964.7 2.15574457588
5967.39 2.13119966366
5970.07 2.24110076041
5972.75 2.16726565712
5975.43 2.18008912147
5978.11 2.02129856692
5980.79 2.18564929546
5983.47 2.13806222075
5986.15 2.15048495183
5988.83 2.23739397774
5991.51 2.2143017236
5994.2 2.1938643273
5996.88 2.07534746545
5999.56 2.12413673994
6002.24 2.14737926906
6004.92 2.10971034256
6007.6 2.14342202811
6010.28 2.16075374164
6012.96 2.21700667311
6015.64 2.22892848761
6018.32 2.06031996818
6021.01 2.11351730853
6023.69 2.07820268994
6026.37 2.01999618382
6029.05 2.14111781186
6031.73 2.08366268061
6034.41 2.2255222549
6037.09 1.97646653338
6039.77 2.16666455723
6042.45 2.2146523652
6045.13 2.13200113018
6047.82 2.32264997896
6050.5 2.17518013902
6053.18 2.27255832137
6055.86 2.2037824755
6058.54 2.15749778389
6061.22 2.20994374939
6063.9 2.0997421027
6066.58 2.0406840384
6069.26 2.03437248955
6071.94 2.13014773885
6074.63 2.28888820174
6077.31 2.24105066875
6079.99 2.2063872417
6082.67 2.06628087543
6085.35 2.21445199857
6088.03 2.10775676791
6090.71 2.14883192713
6093.39 2.07018802472
6096.07 2.1876028701
6098.75 2.19110928613
6101.44 2.0859168052
6104.12 1.99204503889
6106.8 2.13240186344
6109.48 2.21139640746
6112.16 2.1618557581
6114.84 2.17713371367
6117.52 2.06778362516
6120.2 2.15990218346
6122.88 2.19226139426
6125.56 2.13515690461
6128.25 2.17843609677
6130.93 2.20824063303
6133.61 2.14727908575
6136.29 2.17998893815
6138.97 2.17382766427
6141.65 2.00436758665
6144.33 2.09703715319
6147.01 2.10585328492
6149.69 2.1047011768
6152.37 2.02570663278
6155.06 2.14903229376
6157.74 2.07339389081
6160.42 2.19772138494
6163.1 2.18053994638
6165.78 2.02991433202
6168.46 2.19767129328
6171.14 1.9416027397
6173.82 2.09884045286
6176.5 2.26233962322
6179.18 2.06487830902
6181.86 1.99154412231
6184.55 2.09328027887
6187.23 2.09162725417
6189.91 2.11532060821
6192.59 2.08506524702
6195.27 2.13089911372
6197.95 2.06167244293
6200.63 2.14772991066
6203.31 2.0872191883
6205.99 2.11101272565
6208.67 2.20157844257
6211.36 2.1473291774
6214.04 2.10720575968
6216.72 2.03071579854
6219.4 2.17963829655
6222.08 1.97476341702
6224.76 1.9680511349
6227.44 2.00967730236
6230.12 2.07519719048
6232.8 1.96865223479
6235.48 2.09222835406
6238.17 2.02645800765
6240.85 2.08676836338
6243.53 1.91826002726
6246.21 2.01112996043
6248.89 2.07955516469
6251.57 1.9423040229
6254.25 1.99615255481
6256.93 2.00526923649
6259.61 2.08626744681
6262.29 2.12859489747
6264.98 2.06457775907
6267.66 2.10179586066
6270.34 2.06432730078
6273.02 2.02901268219
6275.7 2.11547088318
6278.38 2.04308843797
6281.06 2.04253742973
6283.74 1.99304687204
6286.42 2.0327695565
6289.1 2.06913609991
6291.79 2.10455090183
6294.47 2.18274397932
6297.15 2.17883683003
6299.83 2.30096029122
6302.51 2.24646056777
6305.19 2.19942450129
6307.87 2.17793518019
6310.55 2.08596689686
6313.23 2.05375796103
6315.91 2.09082578765
6318.6 1.99024173921
6321.28 1.99995952079
6323.96 2.06252400111
6326.64 2.04754659549
6329.32 2.05220511965
6332.0 2.12258389856
6334.68 2.05806584359
6337.36 1.9697041596
6340.04 1.95101997132
6342.72 1.97481350868
6345.41 1.98287826555
6348.09 2.10570300995
6350.77 2.14602679431
6353.45 2.19541716869
6356.13 2.11031144245
6358.81 1.91340113648
6361.49 2.05245557794
6364.17 2.11456923334
6366.85 2.25392422475
6369.53 2.03131689843
6372.22 2.03231873159
6374.9 2.14091744523
6377.58 2.1723750062
6380.26 2.2985058
6382.94 2.20558577518
6385.62 2.17608178886
6388.3 2.16796694033
6390.98 2.15559430091
6393.66 2.09102615428
6396.34 2.13170058024
6399.03 2.09493330357
6401.71 2.03286973982
6404.39 2.10094430248
6407.07 1.90122886368
6409.75 2.02996442368
6412.43 2.10314833541
6415.11 2.2981551584
6417.79 2.07584838203
6420.47 2.01974572553
6423.15 2.14537560276
6425.84 2.23964810234
6428.52 2.18364562915
6431.2 2.21034448265
6433.88 2.21860960615
6436.56 2.17518013902
6439.24 2.27035428844
6441.92 1.96409389395
6444.6 2.05916786005
6447.28 2.10445071851
6449.96 2.19962486792
6452.65 2.06783371681
6455.33 2.04474146267
6458.01 2.07299315755
6460.69 2.00000961244
6463.37 2.09237862903
6466.05 2.1199290407
6468.73 2.16365905778
6471.41 2.14602679431
6474.09 2.13590827947
6476.77 2.06137189299
6479.46 2.05180438639
6482.14 1.96329242743
6484.82 2.08185938094
6487.5 2.10314833541
6490.18 2.01774205923
6492.86 2.01774205923
6495.54 1.96724966838
6498.22 2.09443238699
6500.9 2.10319842707
6503.58 2.15539393428
6506.27 2.21044466596
6508.95 2.2288283043
6511.63 2.0545093359
6514.31 2.07960525635
6516.99 2.12594003961
6519.67 2.20278064235
6522.35 2.15694677566
6525.03 2.19486616045
6527.71 2.26088696515
6530.39 2.15318990134
6533.08 2.20052651776
6535.76 2.27185703816
6538.44 2.29585094215
6541.12 2.49256088149
6543.8 2.69277723686
6546.48 3.04647443108
6549.16 3.26747882435
6551.84 3.076329059
6554.52 3.05504010452
6557.2 3.57308802728
6559.89 4.78144908323
6562.57 5.8997954305
6565.25 5.82165244467
6567.93 4.6709468866
6570.61 3.2133297425
6573.29 2.75819694167
6575.97 2.95701073063
6578.65 3.60830246256
6581.33 4.76852543557
6584.01 5.15443156562
6586.7 4.56355037273
6589.38 3.55465429729
6592.06 2.69227632028
6594.74 2.20633715004
6597.42 2.28037261995
6600.1 2.08120818939
6602.78 2.20854118297
6605.46 2.18615021203
6608.14 2.11852647429
6610.82 1.95938527814
6613.5 2.01488683475
6616.19 2.12093087386
6618.87 2.22261693876
6621.55 2.15769815052
6624.23 2.04924971185
6626.91 2.1278435226
6629.59 1.95738161184
6632.27 2.1113132756
6634.95 2.13350387991
6637.63 2.01904444233
6640.31 2.08010617292
6643.0 2.1407170786
6645.68 2.08631753846
6648.36 2.02385324145
6651.04 2.11917766584
6653.72 2.03086607352
6656.4 2.20092725102
6667.5 2.10354906867
6682.87 1.99940851255
6698.28 2.09338046218
6713.72 2.10279769381
6729.2 2.06417702581
6744.71 2.06868527499
6760.26 2.03066570689
6775.84 2.05866694348
6791.46 2.0254561745
6807.12 2.07239205766
6822.81 2.06262418443
6838.54 2.08145864768
6854.3 2.08120818939
6870.1 2.0195453589
6885.94 2.06633096709
6901.81 2.06132180133
6917.72 2.08491497205
6933.67 2.07028820804
6949.65 2.118276016
6965.68 2.1228844485
6981.73 2.13731084589
6997.82 2.12233344027
7013.96 2.11231510875
7030.13 2.12178243204
7046.33 2.16591318237
7062.57 2.08731937162
7078.86 2.0822601142
7095.18 2.0112802354
7111.53 2.00181291212
7127.93 2.03873046376
7144.36 1.95572858714
7160.83 1.9917945806
7177.34 1.95071942138
7193.88 1.87127405245
7210.46 1.93674384891
7227.08 2.03712753071
7243.75 1.99965897084
7260.44 2.00862537755
7277.18 2.09338046218
7293.96 2.07389480738
7310.77 2.08316176404
7327.62 2.14126808684
7344.52 2.19085882785
7361.45 2.15053504349
7378.42 2.19526689371
7395.43 2.15494310936
7412.47 2.20989365773
7429.56 2.14442386126
7446.69 2.178987105
7463.86 2.20899200789
7481.06 2.19852285146
7498.3 2.18815387834
7515.59 2.20298100898
7532.92 2.2179584146
7550.28 2.23819544427
7567.69 2.20207935915
7585.13 2.20683806662
7602.62 2.13165048858
7620.14 2.11181419218
7637.71 2.11151364223
7655.32 2.08221002254
7672.96 1.9340388994
7690.65 2.02024664211
7708.38 1.89381529836
7726.15 2.00577015307
7743.96 2.03807927221
7761.81 1.97766873316
7779.7 1.94576034728
7797.64 1.95898454488
7815.62 2.0228514083
7833.63 2.04599375411
7851.69 2.03632606419
7869.79 2.05956859331
7887.93 2.04980072008
7906.11 2.02605727439
7924.34 1.99795585448
7942.61 2.02079765034
7960.92 2.02986424036
7979.27 2.04829797036
7997.66 2.0432888046
8016.1 2.05245557794
8034.58 1.99620264647
8053.1 2.06127170967
8071.66 2.09929127778
8090.27 2.05596199397
8108.92 2.06512876731
8127.61 2.07910433977
8146.35 2.08842138808
8165.13 2.05470970253
8183.95 2.09257899566
8202.82 1.92582386756
8221.73 2.03963211359
8240.68 1.92522276767
8259.68 2.13019783051
8278.72 2.12007931568
8297.8 1.97371149221
8316.93 1.98252762395
8336.1 1.99134375568
8355.32 2.02806094069
8374.58 1.99535108829
8393.89 1.95858381162
8413.24 2.03647633917
8432.63 2.00361621179
8452.07 1.96219041097
8471.55 1.9663981102
8491.08 1.9706559011
8510.66 1.80109564017
8530.28 1.96549646037
8549.94 1.51146567601
8569.65 1.98302854052
8589.4 1.99184467226
8609.21 1.88449825005
8629.05 1.99124357237
8648.94 2.00471822826
8668.88 1.75380911541
8688.87 1.90067785545
8708.9 1.94020017329
8728.97 1.97591552514
8749.1 1.93063266669
8769.26 1.9752643336
8789.48 1.99324723867
8809.74 2.02064737537
8830.05 1.99259604712
8850.4 1.9739619505
8870.81 1.74689646666
8891.26 1.91074627862
8911.75 1.95041887143
8932.29 1.96359297738
8952.89 1.9009784054
8973.53 1.81512130429
8994.21 1.91795947732
9014.95 1.78140961874
9035.73 1.80174683172
9056.56 2.04464127935
9077.44 1.96128876113
9098.36 1.80084518188
9119.33 1.93819650698
9140.35 1.81687451231
9161.43 1.82073156994
9182.55 1.75055315766
9203.71 1.86250801237
9224.93 1.81562222087
9246.2 1.8194792785
9267.51 1.88745365785
9288.88 1.78155989371
9310.29 1.70892699021
9331.75 1.84778106504
9353.27 1.84317263254
9374.83 1.82599119399
9396.43 1.84252144099
9418.09 1.8211323032
9439.81 1.85038583123
9461.57 1.86290874563
9483.38 1.86255810403
9505.24 1.82824531858
9527.15 1.83215246787
9549.11 1.75741571475
9571.13 1.8399166748
9593.19 1.86516287022
9615.31 1.84773097338
9637.47 1.86020379612
9659.69 1.8386142917
9681.96 1.85529481368
9704.27 1.83370530926
9726.65 1.82493926918
9749.07 1.82458862758
9771.54 1.82849577687
9794.06 1.81136442997
9816.64 1.84472547393
9839.28 1.83590934219
9861.96 1.83981649148
9884.69 1.83520805898
9907.48 1.81386901285
9930.31 1.83455686744
9953.21 1.84267171596
9976.16 1.84232107436
9999.16 1.83771264186
10022.2 1.83315430102
10068.46 1.80730700571
10114.93 1.85724838832
10185.05 1.84768088172
10232.06 1.8597529712
10279.28 1.86761736144
10302.99 1.86726671984
10494.53 1.81026241351
10689.64 1.73677795183
10888.37 1.64340710209
11090.81 1.52669353991
11297.0 1.53370637197
11507.03 1.54793240273
11694.0 1.53019995594
11911.41 1.46808630054
12104.95 1.46808630054
12301.64 1.45125550359
12501.52 1.40522127026
12704.66 1.38273011601
12911.1 1.35753401224
13090.7 1.33579423285
13303.42 1.29341669053
13488.48 1.26401288753
13707.65 1.24092063338
13898.34 1.19052842585
14091.69 1.11108305692
14287.72 1.07581852998
14486.49 1.07832311286
14688.01 1.04651491029
14892.35 1.06109158265
15099.52 1.07336403876
15309.58 1.08578676984
15486.86 1.0907959356
15702.29 1.05863709143
15884.11 1.01330414131
16105.09 0.99712453591
16291.58 0.994820319661
16518.22 0.985703637981
16709.5 0.992516103412
16902.97 0.992516103412
17098.7 0.985703637981
17296.7 0.956650476581
17496.99 0.930552722978
17699.58 0.894837371119
17904.54 0.862478160319
18111.87 0.823657125689
18279.44 0.804922845752
18491.11 0.77757280071
18705.23 0.746015056431
18878.32 0.729033984509
19096.9 0.719015652992
19318.04 0.699429814876
19496.8 0.674133527795
19722.56 0.652744390005
19905.04 0.632056535422
20089.23 0.62339067866
20321.83 0.605007040326
20509.88 0.596691825166
20699.66 0.584469460715
20891.18 0.575102320747
21084.49 0.565885455751
21279.6 0.556868957385
21476.48 0.547952642335
21675.21 0.531773036935
21875.75 0.524509746585
22078.17 0.511385732297
22282.47 0.499739421908
22488.63 0.489175091324
22696.73 0.477067937685
22906.72 0.434194487957
23118.68 0.427346958365
23278.93 0.381147422573
23494.33 0.359067019909
23711.73 0.361606666949
23876.08 0.337702927949
24097.01 0.325520636824
24319.97 0.320346168595
24488.56 0.30330999585
24715.13 0.296417383766
24836.92 0.275238630939
24931.29 0.26927271452
25025.57 0.271617004095
25119.94 0.249932325526
25214.31 0.259865501226
25308.58 0.241712284516
25402.95 0.24322004341
25497.32 0.270479923468
25591.6 0.264594153702
25685.97 0.247432751813
25780.24 0.24652609281
25874.61 0.26508004278
25968.98 0.266377416712
26063.26 0.263637403042
26157.63 0.284144927658
26251.9 0.274011385328
26346.27 0.258823594748
26440.65 0.251570322729
26534.92 0.240635313878
26629.29 0.244327069042
26723.66 0.243475510863
26817.93 0.224811359247
26912.3 0.238811977542
27006.58 0.229069150142
27100.95 0.24956164726
27195.32 0.256123654404
27289.59 0.22595344904
27383.96 0.231924374624
27478.33 0.2307722665
27572.61 0.255216995402
27666.98 0.231653879673
27761.25 0.236262312171
27855.62 0.234489067492
27950.0 0.236081982204
28044.27 0.226128769841
28138.64 0.225918384879
28233.01 0.209072560433
28327.28 0.213736093754
28421.65 0.207419535733
28515.93 0.206322528432
28610.3 0.207474636556
28704.67 0.202610736605
28798.95 0.204173596321
28893.31 0.195838344499
28987.69 0.19155049861
29081.96 0.201218188524
29176.33 0.178722025102
29270.6 0.181672423734
29364.97 0.179874133226
29459.35 0.173282071088
29553.62 0.181817689541
29647.99 0.182288551122
29742.36 0.168157694517
29836.64 0.170436864937
29931.0 0.169399967625
30025.28 0.172195082118
30119.65 0.164060196926
30214.02 0.163679500329
30308.3 0.166765146436
30402.67 0.158294647138
30497.04 0.163929958617
30591.31 0.156341072492
30685.68 0.160699046702
30780.05 0.16398505944
30874.33 0.152133373255
30968.7 0.151081448446
31062.97 0.135953767855
31157.34 0.168954151872
31251.71 0.167210962188
31345.99 0.158750481222
31440.36 0.149723964525
31534.73 0.155249074357
31629.0 0.152829647295
31723.37 0.166830265591
31817.65 0.14513556869
31912.02 0.169024280193
32006.39 0.180931067201
32100.66 0.183275356776
32195.03 0.17194462383
32289.4 0.191866076052
32383.68 0.228327793609
32478.05 0.25827759568
32572.32 0.288006994457
32666.69 0.322850751474
32761.06 0.33473750182
32855.34 0.331080810816
32949.71 0.308409326592
33044.08 0.241201349609
33138.35 0.213881359561
33232.72 0.212799379758
33327.0 0.187167478571
33421.37 0.168328006153
33515.74 0.174719701661
33610.01 0.181376882954
33704.38 0.165357570858
33798.75 0.172756108683
33893.03 0.193494054924
33987.4 0.19934476053
34081.67 0.185168821433
34176.04 0.154903441919
34270.41 0.170411819108
34364.69 0.170772479043
34459.06 0.179328134159
34553.43 0.167150852199
34647.7 0.162181759767
34742.07 0.150204844438
34836.35 0.149879248664
34930.72 0.150365137742
35025.09 0.145646503598
35119.36 0.155108817716
35213.74 0.153956709591
35308.1 0.136369528613
35402.38 0.143722983946
35496.75 0.154257259537
35591.02 0.141053098597
35685.39 0.153856526276
35779.76 0.130839409615
35874.04 0.130298419713
35968.41 0.134200559839
36062.78 0.134190541508
36157.05 0.127653580193
36251.42 0.125940445503
36345.7 0.125068850661
36440.07 0.133779789915
36534.44 0.128650404179
36628.71 0.127413140236
36723.09 0.132507461813
36817.36 0.125113933153
36911.73 0.132747901769
37006.1 0.130984675422
37100.37 0.127197746109
37194.75 0.120916252247
37289.11 0.131630857805
37383.39 0.128044295122
37477.76 0.124898539025
37572.03 0.123370743469
37666.4 0.118812402629
37760.77 0.125018759004
37855.05 0.124417659113
37949.42 0.129201412412
38043.79 0.122449056969
38138.06 0.132111737718
38232.44 0.122824744401
38326.71 0.124753273218
38421.08 0.110221683353
38515.45 0.116062370627
38609.72 0.121958158725
38798.47 0.13182621527
38892.74 0.125750097204
38987.11 0.124783328213
39081.48 0.118256385229
39175.76 0.115947159815
39270.12 0.111168415681
39364.4 0.108177943723
39458.77 0.111544103113
39553.14 0.111348745648
39647.42 0.114028649329
39741.79 0.116032315633
39836.06 0.102262118962
39930.43 0.106179286585
40024.81 0.117389799553
40119.07 0.109229868532
40213.44 0.110857847404
40307.82 0.118040991102
40402.09 0.124132136664
40496.46 0.123951806697
40590.74 0.110877884067
40685.11 0.095459671862
40779.48 0.09056070775
40873.75 0.109375134339
40968.12 0.0982447680238
41062.49 0.0999729302105
41156.77 0.104841839328
41251.14 0.104140556122
41345.41 0.0940571054496
41439.78 0.0948134894791
41534.16 0.0966268074837
41628.42 0.098986124556
41722.8 0.104200666111
41817.17 0.0969674307553
41911.44 0.0850606437471
42005.81 0.0931654739445
42100.18 0.0932205747679
42194.46 0.0925994382138
42288.83 0.0944327928815
42383.1 0.0919632741625
42477.47 0.081969988474
42571.84 0.0716661345085
42666.12 0.0771862351745
42760.49 0.0816894751915
42854.76 0.0920334024831
42949.13 0.0862377977004
43043.51 0.0875401807976
43137.77 0.086493265154
43232.15 0.0758237420882
43326.52 0.0867236867789
43420.79 0.0868739617517
43515.16 0.076429851145
43609.53 0.0868489159229
43703.81 0.0876904557704
43798.18 0.0820851992865
43892.46 0.0797108547169
43986.82 0.0764849519683
44081.19 0.0787390765597
44175.47 0.0746966797925
44269.84 0.0775819592695
44364.11 0.0891731688349
44458.48 0.0668974087063
44552.86 0.0747768264446
44647.13 0.0699179356588
44741.5 0.0741757265536
44835.87 0.0727030318206
44930.14 0.074977193075
45024.51 0.0711602087669
45118.88 0.0750773763902
45213.16 0.0606459698396
45307.53 0.0617980779641
45401.81 0.0602552549104
45496.17 0.0549956308639
45590.54 0.0630002777461
45684.82 0.0575002137432
45779.19 0.072507674356
45873.46 0.0591081559517
45967.83 0.0553212266382
46062.21 0.0720167761116
46156.48 0.0659256305492
46250.85 0.0664866571141
46345.22 0.0732690675513
46439.49 0.081990025137
46533.87 0.0714106670548
46628.23 0.079189901478
46722.51 0.0606459698396
46816.88 0.0610567214318
46911.16 0.0624793245072
47005.52 0.064062220887
47099.9 0.0695873307187
47194.17 0.0779826925302
47288.54 0.0681046176542
47382.91 0.0641323492076
47477.18 0.0722872710626
47571.56 0.0782381599838
47665.83 0.0701032747918
47760.2 0.070018118974
47854.57 0.0804722479122
47948.84 0.0885620506124
48043.22 0.0853361478638
48138.47 0.0735896541598
48619.85 0.0713505570657
49106.05 0.0690914233086
49597.11 0.0668072437227
50093.08 0.0645030274737
50594.01 0.0621687562302
50863.33 0.0609164647905
51158.14 0.0627898927843
51452.95 0.0690864141429
51747.76 0.073379269198
52042.58 0.0927547223523
52337.49 0.109805922595
52632.3 0.101831330707
52927.11 0.092574392385
53221.92 0.0940821512784
53516.73 0.0894486729516
53811.64 0.0738050482875
54106.46 0.0678241043717
54401.27 0.0682448742954
54696.08 0.0706292371965
54990.89 0.0776771334189
55285.8 0.0847200204755
55580.61 0.0808579536756
55875.42 0.0898844703726
56170.23 0.108022659585
56465.05 0.123531036773
56759.96 0.131726031954
57054.77 0.134150468182
57349.58 0.129847594795
57644.39 0.119709043299
57939.2 0.11093298489
58234.11 0.106665175664
58528.92 0.116197618103
58823.74 0.117219487917
59118.55 0.112245386319
59413.36 0.1132722653
59708.27 0.126892186997
60003.08 0.150014496139
60297.89 0.162276933916
60592.71 0.169179564332
60887.52 0.181341818793
61182.43 0.219757110996
61477.24 0.296893254513
61772.05 0.439153562058
62066.86 0.511936740531
62361.67 0.482232387582
62656.58 0.405336684022
62951.39 0.336761204786
63246.21 0.282672232925
63541.02 0.253649126519
63835.83 0.22644935645
64130.74 0.200642134461
64425.55 0.185629664683
64720.36 0.172144990461
65015.18 0.168894041883
65309.99 0.156601549112
65604.9 0.156636613272
65899.71 0.162146695606
66194.52 0.165072048409
66489.33 0.16609892739
66784.14 0.162101613115
67079.05 0.164210471899
67373.86 0.160188111795
67668.67 0.16220179643
67963.49 0.159652131059
68258.3 0.164781516795
68553.21 0.170236498307
68848.02 0.177494779491
69142.83 0.196349279406
69437.64 0.206197299288
69732.45 0.299723433167
70027.36 0.298320866754
70322.18 0.229840561668
70616.99 0.219476597714
70911.8 0.223904700244
71206.61 0.219336341073
71501.52 0.218805369502
71796.33 0.220753934982
72091.15 0.225537688282
72385.96 0.235155286538
72680.77 0.249731958896
72975.68 0.261308140964
73270.49 0.274898007667
73565.3 0.291899116252
73860.11 0.311900715126
74449.74 0.343438422742
75039.46 0.408412311797
75629.08 0.477754193394
76218.71 0.511636190585
76808.43 0.496202950883
77398.05 0.470355655568
77987.77 0.463913868403
78577.39 0.444523387751
79167.02 0.403368081878
79756.74 0.348948505077
80346.36 0.302914271755
80935.99 0.26375762302
81525.7 0.242894447635
82115.33 0.230106047454
82704.95 0.229379718419
83294.68 0.230702138179
83884.3 0.230121074951
84474.03 0.231027733953
85063.65 0.241827495329
85653.28 0.255232022899
86243.0 0.249536601431
86832.62 0.220743916651
87422.25 0.183956603319
88011.96 0.148857378849
88601.59 0.124447714107
89191.21 0.108678860299
89780.93 0.0987356662681
90370.55 0.0916426875539
90960.27 0.0837231964895
91549.89 0.0812536777705
92139.52 0.0774517209597
92729.23 0.0763396861613
93318.86 0.074521358991
93908.49 0.0710500071202
94498.21 0.0677539760511
95087.83 0.0661610613398
95677.45 0.0671729128231
96267.18 0.0726829951575
96856.81 0.0740705340727
97446.53 0.0676537927359
98036.15 0.0632507360341
98625.78 0.0627698561212
99215.5 0.0626346086458
99805.12 0.0623641136948
100394.74 0.0632457268683
100984.46 0.063646460129
101574.08 0.0625644803251
102163.71 0.0630203144092
102753.42 0.0641373583733
103343.05 0.0658404747313
103932.78 0.0680845809911
104522.39 0.0718414553101
105112.02 0.075723558773
105701.75 0.0801115879776
106291.37 0.0824558775526
106880.99 0.0830269224491
107470.71 0.0845046263479
108060.34 0.0842441497284
108649.97 0.0852059095541
109239.68 0.0931003547897
109829.31 0.107326385544
110419.03 0.119583814155
111008.65 0.135192374659
111598.28 0.20357249643
112187.99 0.3002744414
112777.62 0.30400626989
113367.24 0.255717911977
113956.96 0.211652280799
114546.58 0.180685618079
115136.2 0.158725435393
115725.92 0.144133735538
116315.55 0.13572334623
116905.28 0.130032933928
117494.9 0.127873983486
118084.52 0.129301595727
118674.25 0.134370871475
119263.87 0.143487553156
119853.5 0.147003987518
120443.21 0.144314065506
121032.84 0.142255298379
121622.47 0.140381870385
122212.18 0.143207039873
122801.81 0.151978089116
123391.53 0.156346081658
123981.15 0.158665325404
124570.77 0.165127149233
125160.49 0.173302107751
125750.11 0.183585925053
126339.74 0.192056424351
126929.47 0.203096625683
127519.08 0.248925483209
128108.7 0.346338729717
128698.43 0.274316944439
129288.05 0.149112846303
129877.67 0.133649551606
130467.4 0.128124441774
131057.02 0.125950463835
131646.75 0.124698172395
132236.37 0.122965001043
132825.99 0.122924927716
133415.72 0.121111609712
134005.34 0.122844781064
134594.96 0.12334569764
135184.68 0.122308800328
135774.31 0.1226494236
136363.93 0.119643924145
136953.65 0.118076055262
137543.27 0.115275931603
138133.0 0.112951678691
138722.62 0.111519057284
139312.24 0.108769025283
139901.97 0.106344589055
140491.59 0.103073603815
141081.21 0.100153260178
142116.17 0.11591710482
142941.73 0.114058704324
143767.28 0.113693035223
144592.83 0.108809098609
145418.28 0.109790895097
146243.83 0.10828814537
147069.38 0.107221193063
147894.83 0.108488512
148720.38 0.10861875031
149545.93 0.10832320953
150371.39 0.10865381447
151196.94 0.1097758676
152022.5 0.111188452344
152847.96 0.110597370785
153673.5 0.110902929896
154499.05 0.114399327595
155324.49 0.124072026675
156150.06 0.123045147695
156975.6 0.116989066293
157801.15 0.120250033201
158626.61 0.122378928649
159452.17 0.120710876451
160277.71 0.12426738414
161103.18 0.125469583922
161928.71 0.126957306152
162754.26 0.132988341726
163579.73 0.144774908756
164405.26 0.154187131216
165230.83 0.147404720779
166056.27 0.142480710838
166881.83 0.14410868971
167707.38 0.143562690642
168532.82 0.145967090206
169358.38 0.153976746254
170183.93 0.165122140067
171009.48 0.158259582978
171834.94 0.151236732584
172660.5 0.148922498004
173486.03 0.148737158871
174311.51 0.147920664852
175137.05 0.144339111335
175962.6 0.141168309409
176788.06 0.140251632076
177613.59 0.141528969344
178439.15 0.142646013308
179264.61 0.141829519289
180090.16 0.139690605511
180915.71 0.138283029932
181741.15 0.138318094093
182566.71 0.137957434158
183392.28 0.138172828286
184217.82 0.138683763193
185043.27 0.138182846617
185868.83 0.143793112267
186694.36 0.157928978038
187519.83 0.170832589032
188345.38 0.147134225828
189170.93 0.14797075651
189996.39 0.143712965615
190821.95 0.144384193826
191647.48 0.14800582067
192472.94 0.144644670446
193298.49 0.144469349644
194124.04 0.144880101236
194949.51 0.146327750141
195775.04 0.148677048882
196600.6 0.149673872867
197426.15 0.149568680387
198251.59 0.148692076379
199077.16 0.150089633625
200728.16 0.152178455747
202379.26 0.151948034122
204030.28 0.160834294178
205681.27 0.159396663605
207332.36 0.158269601309
208983.37 0.163679500329
210634.48 0.164145352744
212285.48 0.16415036191
213936.49 0.167180907194
215587.6 0.169971012521
217238.6 0.170066186671
218889.59 0.169565270095
220540.69 0.171253358956
222191.71 0.171654092216
223842.81 0.17580669063
225493.81 0.175856782288
227144.82 0.17742465117
228795.93 0.181021232185
230446.93 0.182328624448
232097.94 0.181447011274
233749.02 0.182604128565
235400.04 0.185188858096
237051.13 0.186025388778
238702.14 0.184207061607
240353.14 0.186135590424
242004.26 0.185870104639
243655.26 0.186937056946
245306.27 0.187608285157
246957.38 0.186831864465
248608.38 0.18729771688
250259.46 0.189697107279
251910.47 0.191375177808
253561.47 0.192657524242
255212.58 0.190723986259
256863.59 0.191099673691
258514.59 0.195056914641
260165.69 0.197000470955
261816.69 0.197326066729
263467.79 0.197190819254
265118.79 0.197877074963
266769.83 0.198803770628
268420.93 0.199850686272
270071.9 0.200772372771
271722.91 0.203071579854
273374.03 0.202806094069
275025.04 0.205130346981
276676.13 0.203767853895
278327.14 0.20495502618
279978.14 0.206537922559
281629.24 0.207935479806
283280.24 0.208581662189
284931.25 0.207619902363
286582.34 0.209122652091
288233.35 0.208661808841
289884.45 0.210399989359
291535.48 0.212153197375
293186.49 0.212208298198
294837.58 0.21294965473
296488.59 0.213450571306
298139.59 0.214031634534
299790.69 0.217362729764
301441.69 0.21859498454
303092.79 0.21796883882
304743.79 0.217758453859
306394.8 0.218409645407
308045.89 0.223183380375
309696.93 0.219616854355
311347.93 0.220127789262
312999.03 0.220703843325
314650.0 0.223889672747
316301.13 0.226399264792
317952.14 0.228407940261
319603.14 0.225838238227
321254.24 0.22744117127
322905.24 0.234388884177
324556.25 0.239267811626
326207.37 0.2469518719
327858.38 0.235691267274
329509.44 0.247462806807
331160.45 0.247016991055
332811.48 0.244196830733
334462.55 0.254340391394
336113.55 0.244993288088
337764.56 0.240900799663
339415.69 0.246716441109
341066.66 0.244662683148
