100.1 1.92820140923e-06
101.97 2.53614099029e-06
104.1 3.04203134792e-06
106.04 3.74253081914e-06
108.01 4.67917468239e-06
110.02 6.74784933668e-06
113.88 9.44422005279e-06
117.88 1.2449849696e-05
120.91 4.35669291383e-05
124.87 5.45963345368e-05
126.9 5.93145554922e-05
128.07 6.28287200613e-05
131.06 7.01712861376e-05
131.96 8.22554075954e-05
134.11 8.77327752129e-05
136.92 0.000110449616826
140.11 0.000121664142004
143.04 0.000300718527163
147.05 0.000696890413317
151.17 0.000762366812926
155.04 0.000843648397139
159.02 0.000940081802026
161.98 0.00100963394806
166.13 0.00111986577691
170.0 0.00121384128891
173.16 0.00129767410371
177.2 0.00140334794133
180.08 0.00148307389714
182.16 0.00153873428151
185.97 0.00165254405569
191.19 0.00179955094005
193.84 0.00190175572633
197.9 0.00202371699336
202.05 0.00215858997616
204.86 0.00226032807391
210.11 0.00232893128661
216.0 0.00264347935031
220.02 0.00280650920725
223.08 0.0028917576439
227.22 0.00307018822207
229.86 0.00472242115208
234.13 0.00753639737568
240.13 0.00953149080637
245.73 0.00922923220708
252.03 0.0100731606173
256.72 0.00873298674557
260.29 0.0102131671739
263.91 0.0113282416153
268.82 0.0117804627929
273.81 0.0122225723859
278.9 0.0122225723859
284.09 0.0133402913956
290.04 0.0138408926167
296.11 0.0143934518265
300.92 0.0141958870189
307.93 0.0160385288658
318.02 0.0184139734418
327.68 0.0211425456659
337.64 0.0230761917745
347.9 0.025185623893
356.82 0.0342891613249
365.98 0.0523795640582
375.37 0.0586363015071
384.99 0.0557397214152
394.87 0.086729394891
405.0 0.117263269244
414.43 0.129767410371
422.14 0.131270147411
429.99 0.137455325954
441.02 0.176672718069
451.29 0.198684860014
459.68 0.193722405398
470.39 0.215361196526
480.24 0.259509930688
490.29 0.243875865208
500.56 0.316352592643
506.35 0.292520365463
512.22 0.465755144755
520.54 0.470064235439
530.22 0.467917468239
540.07 0.417032863079
550.12 0.432682484843
560.34 0.586363015071
569.45 0.684165372956
580.03 0.703330714918
589.46 0.751912990037
600.42 0.674784933668
610.17 0.679451818886
620.09 0.88748600562
630.16 0.873298674557
640.4 0.988928533975
649.31 0.991199751447
658.35 0.944422005279
664.44 1.07686820777
675.23 1.16188330015
684.63 1.04270660797
695.75 1.2307354134
705.43 1.045117832
715.24 1.34326957229
725.19 1.39048289441
735.28 1.42613789748
745.51 1.41958870189
754.14 1.44265867115
764.63 1.33402913956
775.27 1.51065518878
784.25 1.4294358297
795.16 1.55656178304
804.37 1.61863135644
815.56 1.6564331267
825.0 1.71072455807
834.55 1.4098193555
844.22 1.73452567268
855.96 1.73452567268
865.87 1.816196164
875.9 1.84995330041
884.0 1.87997692864
894.24 1.91062280824
904.59 1.89739996679
915.07 1.89304420725
925.67 4.68990851839
934.23 7.78327560371
945.05 11.3543761725
955.99 13.9368748893
964.84 15.4228111427
976.01 5.26222420896
985.04 12.8872924038
994.16 12.8281785244
1005.67 16.6794477691
1014.97 16.6405570589
1024.36 10.0268028908
1033.84 13.7455325954
1045.81 20.7085253406
1055.49 20.1453878576
1065.26 16.7945642711
1075.11 18.8868844772
1085.06 16.0385288658
1095.1 19.5060245828
1105.23 18.7577673195
1115.46 18.2459655739
1125.78 16.299874438
1136.2 19.5962510303
1144.07 18.2879675409
1154.66 18.7577673195
1165.34 18.8433268818
1176.13 13.2178634401
1184.28 18.0375113675
1195.24 14.3934518265
1206.3 11.7804627929
1214.66 8.91592864612
1225.9 13.9048289441
1234.39 18.0375113675
1245.82 19.1062280824
1254.45 18.4575310371
1266.06 16.9890178219
1274.84 20.0053813011
1283.67 20.5669631557
1295.55 17.3048103883
1304.53 17.185027001
1313.57 20.1453878576
1325.73 19.2820140923
1334.92 17.748164484
1344.17 19.7767039254
1353.49 19.1933432732
1366.01 17.6268254683
1375.48 17.9535074336
1385.01 17.9535074336
1394.61 14.6947770487
1404.28 14.6947770487
1414.01 16.7167828508
1423.82 16.6405570589
1433.69 16.8723456914
1443.62 17.3452567268
1446.95 17.4650401141
1453.63 16.9501271117
1463.71 15.8907441672
1473.85 15.928079249
1484.07 16.0758639475
1494.36 16.1131990293
1504.71 15.3165617226
1511.66 14.0011223425
1518.64 14.6610199123
1525.65 14.3273376192
1536.22 12.5072523842
1543.31 12.449849696
1554.01 12.0827213922
1564.78 12.8281785244
1575.63 13.5882585635
1586.55 14.0011223425
1593.87 14.1632188224
1604.92 13.8090022343
1616.05 13.6823740821
1623.51 13.1875286861
1634.76 13.8408926167
1646.09 13.9048289441
1653.69 13.2483537568
1665.15 13.9689208345
1672.84 12.7105730169
1676.7 14.2287107783
1684.43 14.4265867115
1696.11 13.6823740821
1703.94 13.2483537568
1715.75 12.5940564492
1723.67 12.449849696
1735.62 13.0966799872
1743.63 12.8281785244
1755.72 13.3094899532
1763.82 12.5072523842
1776.05 12.5361870725
1784.24 12.7105730169
1796.61 13.1875286861
1804.9 13.1268591783
1813.23 12.2225723859
1825.8 12.3926025707
1834.23 12.0271854581
1846.94 11.1728343375
1855.47 11.1986577691
1864.04 11.4330909699
1876.96 11.9994952725
1885.62 11.1214986001
1894.32 10.6946341655
1903.07 11.2503046322
1916.26 10.8184621866
1925.1 10.4994028006
1933.99 10.8433522411
1942.92 11.1986577691
1956.38 10.4270660797
1965.41 11.1986577691
1974.49 11.4593810899
1983.6 10.8934434758
1992.76 10.5964740131
2006.57 10.8433522411
2015.83 10.57220621
2025.14 10.8934434758
2034.48 10.307749381
2043.87 10.547782844
2053.31 9.6864313956
2062.79 9.91199751447
2072.31 10.743947586
2077.08 10.2131671739
2086.67 10.4994028006
2096.3 9.98075629002
2105.98 10.0499817541
2115.7 10.1196739067
2125.47 10.1896771849
2135.28 9.6641859094
2145.13 9.70867688181
2155.03 9.98075629002
2164.98 9.6864313956
2174.97 9.61969493699
2185.01 9.42244125511
2195.1 9.73107793086
2205.23 9.50955644584
2215.41 9.12360503832
2225.64 8.89539435116
2235.91 9.22923220708
2246.23 8.93646294107
2256.6 8.63295983907
2267.01 8.75320991485
2277.48 8.85448132408
2282.73 8.93646294107
2293.26 8.45655157783
2303.85 8.50042029887
2314.48 8.23534121849
2325.17 6.96501506216
2335.9 7.80132089322
2346.68 7.62802388879
2357.51 7.95532810541
2362.95 7.51259626107
2373.85 7.6039116485
2384.81 7.18264747616
2395.82 7.49081746338
2406.88 7.25747320249
2412.43 7.32669866655
2423.56 7.57124345197
2434.75 7.318453836
2445.99 7.56268749574
2457.28 7.44601536529
2462.94 7.38005672088
2474.31 7.18311416468
2485.73 7.25389525715
2497.2 6.54390645266
2502.96 7.34443283038
2514.51 6.76433899778
2520.31 6.9559924174
2526.12 6.76838363164
2537.78 6.7881401124
2543.63 6.66617884537
2555.37 6.92067965259
2567.17 6.79840725988
2573.08 7.02335112738
2584.96 6.94728089833
2596.89 6.85612107374
2602.88 6.67131241911
2614.89 6.58388610269
2626.96 6.74147126022
2633.02 6.82174168597
2645.17 7.13131173876
2657.38 7.1686468205
2663.51 6.72327040787
2675.8 6.88412238505
2681.97 6.85472100817
2694.35 6.59586444142
2706.79 6.67644599285
2713.03 6.45181325102
2725.55 6.44123497786
2738.13 6.59539775289
2744.44 6.04486086001
2757.11 6.09075189799
2763.47 6.20602396287
2776.22 6.3693649455
2782.62 6.1409986955
2795.46 5.33985006642
2801.91 5.58050578082
2814.84 6.23666984247
2827.84 6.37154282527
2834.35 6.15733279377
2847.44 6.06290614952
2854.0 5.91325469687
2867.17 6.21037972241
2873.78 6.15546603968
2887.05 6.13135379939
2893.7 6.0632172752
2907.06 6.32409615889
2927.21 6.14395438947
2947.5 6.02417100221
2967.93 6.03039351584
2988.51 5.99523631386
3009.22 5.9739242047
3030.08 5.9390781284
3051.08 5.89085364782
3072.23 5.85662982289
3093.53 5.8225615608
3107.81 5.77324814033
3129.35 5.67415461086
3151.04 5.65424256727
3172.88 5.60850709213
3187.53 5.3972527546
3209.62 5.46570040446
3231.87 5.29831478798
3246.79 5.42572075443
3269.29 5.48219006556
3291.96 5.42556519159
3307.15 5.3922747437
3322.42 5.44625504939
3330.07 5.48607913658
3337.75 5.4129646015
3345.45 5.30391505024
3353.16 5.22115561904
3360.89 5.24729017626
3368.64 5.27358029632
3376.4 4.99201155484
3384.18 5.11023931369
3391.99 5.34078344346
3399.81 5.44221041553
3407.64 5.12797347752
3415.5 5.21337747701
3423.37 5.41109784741
3431.26 5.40083069993
3439.17 5.35338403355
3447.1 5.02110180603
3455.05 5.0811490625
3463.01 4.89929610184
3471.0 5.10868368529
3479.0 4.86942803644
3487.02 4.99636731437
3495.06 5.03308014475
3503.11 5.06994853798
3511.19 4.99092261495
3519.28 5.01596823229
3527.39 4.89245133685
3535.53 5.06637059264
3543.68 5.18646510558
3551.85 5.18864298535
3560.03 5.09592753236
3568.24 4.91360788317
3576.47 4.72693247445
3584.71 4.61057146969
3592.97 4.60185995061
3601.26 4.98998923791
3609.56 4.83380414595
3617.88 4.85807194908
3626.22 5.07741555432
3634.58 4.8957181565
3636.1 4.48160987483
3638.84 4.95887666979
3641.58 5.53041454615
3644.32 5.93052217217
3647.06 4.94487601413
3649.8 4.12677103542
3652.55 4.50556655228
3655.29 4.11681501362
3658.03 4.85807194908
3660.77 5.17433120402
3663.51 5.97407976754
3666.25 5.61815198825
3668.99 5.72097902588
3671.73 5.73124617336
3674.47 5.29038108311
3677.21 4.99434499744
3679.95 5.23406733481
3682.69 5.09094952146
3685.43 5.16157505109
3688.17 4.94114250596
3690.91 4.5922150545
3693.65 4.66906309775
3696.39 4.24484323144
3699.13 4.79460231011
3701.87 4.9470538939
3704.61 4.79102436478
3707.35 5.04863642881
3710.09 4.7129318188
3712.83 4.28980089237
3715.57 5.14135188181
3718.31 5.21508866826
3721.05 6.6325772718
3723.79 11.7726846509
3726.53 21.1721026056
3729.27 29.802729002
3732.01 30.8574450613
3734.75 21.8114658804
3737.49 11.7202599736
3740.23 6.69526909656
3742.97 6.36796487994
3745.71 5.72782379087
3748.45 5.18164265753
3751.19 4.85496069227
3753.93 4.31235750426
3756.67 5.17604239526
3759.41 5.55592685201
3762.15 5.11583957595
3764.89 5.16841981608
3767.63 5.26082414339
3770.37 5.40534202231
3773.12 4.88576213471
3775.86 5.44003253576
3778.6 5.78351528781
3781.34 5.97687989867
3784.08 6.1129973842
3786.82 6.32969642115
3789.56 6.11564195249
3792.3 5.94592289339
3795.04 5.33316086427
3797.78 5.16421961938
3800.52 5.19190980501
3803.26 5.67104335405
3806.0 5.78460422769
3808.74 5.93798918852
3811.48 5.79518250085
3814.22 5.79253793256
3816.96 5.61006272054
3819.7 5.70651168171
3822.44 5.98216903525
3825.18 5.57132757323
3827.92 5.26533546577
3830.66 5.54145950783
3833.4 5.03090226499
3836.14 5.13964069056
3838.88 4.54461282527
3841.62 5.45667775971
3844.36 5.92741091536
3847.1 5.91527701379
3849.84 5.90205417234
3852.58 6.40125532783
3855.32 6.07986249915
3858.06 6.16293305603
3860.8 6.3429192626
3863.54 6.59990907527
3866.28 6.94914765242
3869.02 8.17342720793
3871.76 8.57104582851
3874.5 8.107001875
3877.24 6.6532671296
3879.98 5.91932164765
3882.72 6.28769445419
3885.46 6.13088711086
3888.2 6.1517325315
3890.94 7.12260021969
3893.69 6.39021036614
3896.43 6.29329471645
3899.17 6.12917591962
3901.91 5.916054828
3904.65 6.02650444482
3907.39 6.49397078082
3910.13 6.62386575272
3912.87 6.404988836
3915.61 6.02292649949
3918.35 6.10755268477
3921.09 6.10241911103
3923.83 6.1409986955
3926.57 6.20337939458
3929.31 5.80467183413
3932.05 5.62406337619
3934.79 4.68166368784
3937.53 4.99045592643
3940.27 5.37422945419
3943.01 5.97174632493
3945.75 5.89396490463
3948.49 6.34463045385
3951.23 5.67602136495
3953.97 5.77231476328
3956.71 5.75784741911
3959.45 5.72735710235
3962.19 5.5941953108
3964.93 5.54612639305
3967.67 5.69748903695
3970.41 5.96599049983
3973.15 5.74244669789
3975.89 5.95883460916
3978.63 5.05252549983
3981.37 5.19564331318
3984.11 5.63121926686
3986.85 5.65408700443
3989.59 6.28987233396
3992.33 5.97999115548
3995.07 6.27447161274
3997.81 6.3156957655
4000.55 6.26622678219
4003.29 6.66166752299
4006.03 6.90932356522
4008.77 7.10595499574
4011.52 7.10066585916
4014.26 6.52368328338
4017.0 6.62215456148
4019.74 6.48728157868
4022.48 6.12419790872
4025.22 6.78798454956
4027.96 6.73804887772
4030.7 6.48183687926
4033.44 6.60177582936
4036.18 6.45430225647
4038.92 6.6433111078
4041.66 6.36983163402
4044.4 6.62402131556
4047.14 6.45570232204
4049.88 6.31118444312
4052.62 6.48059237653
4055.36 6.22173580977
4058.1 6.24304791894
4060.84 6.36749819142
4063.58 6.28131637772
4066.32 6.52523891178
4069.06 6.67520149012
4071.8 6.39269937159
4074.54 6.27291598433
4077.28 6.47545880279
4080.02 6.50983819056
4082.76 6.67753493273
4085.5 6.2245359409
4088.24 6.19404562415
4090.98 6.00783690395
4093.72 6.13197605075
4096.46 5.81104991059
4099.2 6.17133344942
4101.94 7.18715879853
4104.68 7.28438557391
4107.42 6.77600621083
4110.16 6.0310157672
4112.9 5.86596359332
4115.64 5.72393471986
4118.38 5.76687006386
4121.12 5.88789795385
4123.86 6.04890549387
4126.6 5.94918971304
4129.34 5.95432328678
4132.08 5.95463441246
4134.83 6.09448540616
4137.57 6.01639286018
4140.31 5.95307878406
4143.05 5.8804309375
4145.79 6.0153039203
4148.53 6.11470857544
4151.27 6.198090258
4154.01 6.06290614952
4156.75 6.00363670725
4159.49 5.96910175664
4162.23 6.39861075954
4164.97 6.67349029887
4167.71 6.17802265157
4170.45 6.01545948314
4173.19 6.00099213896
4175.93 5.81229441332
4178.67 5.97252413913
4181.41 6.0268155705
4184.15 5.9524565327
4186.89 6.16433312159
4189.63 6.18860092473
4192.37 5.84574042405
4195.11 5.73435743018
4197.85 5.92414409571
4200.59 5.89334265327
4203.33 5.90516542915
4206.07 6.01779292575
4208.81 6.13882081573
4211.55 5.87716411785
4214.29 5.80467183413
4217.03 6.0103259094
4219.77 6.00332558157
4222.51 5.91061012858
4225.25 5.8440292328
4227.99 5.88105318886
4230.73 5.67259898246
4233.47 5.54052613079
4236.21 5.72082346304
4238.95 5.8390512219
4241.69 5.82940632578
4244.43 5.77635939714
4247.17 5.80560521117
4249.91 5.7034004249
4252.65 5.59886219601
4255.4 5.65346475306
4258.14 5.77760389986
4260.88 5.68146606437
4263.62 5.71320088385
4266.36 5.7398021296
4269.1 6.01001478372
4271.84 5.67913262176
4274.58 5.41809817524
4277.32 5.4401880986
4280.06 5.72191240293
4282.8 5.62048543086
4285.54 5.49541290702
4288.28 5.76811456659
4291.02 5.48872370487
4293.76 5.47550086342
4296.5 5.54721533293
4299.24 5.39320812074
4301.98 5.29255896287
4304.72 5.33798331233
4307.46 5.388074547
4310.2 5.24620123638
4312.94 5.15613035167
4315.68 5.28866989186
4318.42 5.491523836
4321.16 5.4352100877
4323.9 5.72860160507
4326.64 5.42120943205
4329.38 5.48390125681
4332.12 5.59061736546
4334.86 5.96023467473
4337.6 6.53223923961
4340.34 8.58473535848
4343.08 9.46490991059
4345.82 8.33365693375
4348.56 6.17833377725
4351.3 5.39336368358
4354.04 5.31324882067
4356.78 5.33082742166
4359.52 5.18910967388
4362.26 5.75613622786
4365.0 5.55530460065
4367.74 5.72035677452
4370.48 5.7984493205
4373.22 5.84714048961
4375.97 5.90454317779
4378.71 5.61426291723
4381.45 5.35711754172
4384.19 5.47285629513
4386.93 5.49012377043
4389.67 5.38636335576
4392.41 5.42167612057
4395.15 5.63884184605
4397.89 5.47752318035
4400.63 5.67493242507
4403.37 5.55203778099
4406.11 5.45745557391
4408.85 5.47690092898
4411.59 5.90672105756
4414.33 5.31993802282
4417.07 5.49961310371
4419.81 5.71304532101
4422.55 5.45185531165
4425.29 5.44921074336
4428.03 5.72720153951
4430.77 5.58470597752
4433.51 5.38620779291
4436.25 5.78507091621
4438.99 5.30547067864
4441.73 5.6371306548
4444.47 5.59403974796
4447.21 5.79829375766
4449.95 5.48981264475
4452.69 5.94654514475
4455.43 5.87218610695
4458.17 5.42276506046
4460.91 5.69826685116
4463.65 5.90967675153
4466.39 5.67648805347
4469.13 5.43832134452
4471.87 5.73544637006
4474.61 5.85258518903
4477.35 6.04937218239
4480.09 5.89412046747
4482.83 5.46927834979
4485.57 5.50941356267
4488.31 5.80280508004
4491.05 5.40394195674
4493.79 5.33907225221
4496.54 5.71460094942
4499.28 5.58703942013
4502.02 5.44625504939
4504.76 5.75862523331
4507.5 5.61457404291
4510.24 5.51345819652
4512.98 5.6214188079
4515.72 5.72813491655
4518.46 5.79658256642
4521.2 5.50085760644
4523.94 5.57583889561
4526.68 5.741357758
4529.42 5.17728689799
4532.16 5.36147330126
4534.9 5.3765628968
4537.64 5.7720036376
4540.38 5.70137810797
4543.12 5.12190652674
4545.86 5.45698888539
4548.6 5.18164265753
4551.34 5.33533874404
4554.08 5.48950151907
4556.82 5.43069876533
4559.56 5.56308274268
4562.3 5.75286940821
4565.04 5.57521664424
4567.78 5.27793605586
4570.52 5.57599445845
4573.26 5.69873353968
4576.0 5.54612639305
4578.74 5.65315362738
4581.48 5.3980305688
4584.22 5.41747592388
4586.96 5.43100989101
4589.7 5.50614674302
4592.44 5.51268038232
4595.18 5.68784414084
4597.92 5.53165904888
4600.66 5.49883528951
4603.4 5.64490879683
4606.14 5.6363528406
4608.88 5.43583233907
4611.62 5.61286285167
4614.36 5.60959603202
4617.11 5.69702234843
4619.85 5.50536892881
4622.59 5.93410011751
4625.33 5.79658256642
4628.07 5.6585983268
4630.81 5.62266331063
4633.55 5.61255172599
4636.29 5.61519629428
4639.03 5.35198396798
4641.77 5.59668431625
4644.51 5.71786776907
4647.25 5.72191240293
4649.99 5.39180805518
4652.73 5.44485498382
4655.47 5.54161507067
4658.21 5.68162162721
4660.95 5.75380278525
4663.69 5.66108733225
4666.43 5.55841585746
4669.17 5.67384348518
4671.91 5.53741487398
4674.65 5.65253137602
4677.39 5.34576145436
4680.13 5.75333609673
4682.87 5.62110768222
4685.61 5.50692455722
4688.35 5.51345819652
4691.09 5.55141552963
4693.83 5.58377260048
4696.57 5.62888582425
4699.31 5.59979557306
4702.05 5.41778704956
4704.79 5.60057338726
4707.53 5.4022307655
4710.27 5.29738141093
4713.01 5.51019137687
4715.75 5.64506435967
4718.49 5.55063771543
4721.23 5.6478644908
4723.97 5.68224387858
4726.71 5.64693111376
4729.45 5.47114510388
4732.19 5.44718842643
4734.94 5.25771288658
4737.68 5.40269745402
4740.42 5.30251498467
4743.16 5.59248411955
4745.9 5.54145950783
4748.64 5.72113458873
4751.38 5.39616381471
4754.12 5.48483463385
4756.86 5.19999907272
4759.6 5.60104007578
4762.34 5.40425308242
4765.08 5.44672173791
4767.82 5.48747920214
4770.56 5.35291734503
4773.3 5.3624066783
4776.04 5.38900792405
4778.78 5.45201087449
4781.52 5.57988352946
4784.26 5.48592357374
4787.0 5.3658290608
4789.74 5.4401880986
4792.48 5.38107421917
4795.22 5.43396558498
4797.96 5.5221697156
4800.7 5.72206796577
4803.44 5.68131050153
4806.18 5.40596427367
4808.92 5.44298822973
4811.66 5.31200431795
4814.4 5.5336813658
4817.14 5.54410407612
4819.88 5.55966036018
4822.62 5.30655961853
4825.36 5.40207520266
4828.1 5.29489240548
4830.84 5.35960654717
4833.58 5.51314707084
4836.32 5.30967087534
4839.06 5.22660031846
4841.8 5.26720221986
4844.54 5.2995592907
4847.28 5.14415201294
4850.02 5.10215004598
4852.76 5.18942079956
4855.51 5.6677765344
4858.25 8.03948760218
4860.99 12.4521831386
4863.73 15.8176296321
4866.47 14.2391334886
4869.21 9.75736805092
4871.95 5.91325469687
4874.69 5.1738645155
4877.43 4.99807850562
4880.17 4.98376672428
4882.91 5.05921470197
4885.65 5.08410475647
4888.39 4.99636731437
4891.13 5.00538995913
4893.87 5.02623537977
4896.61 5.07803780569
4899.35 5.16344180518
4902.09 5.31636007749
4904.83 5.38589666723
4907.57 5.22582250426
4910.31 5.17028657016
4913.05 5.20139913828
4915.79 5.19657669022
4918.53 5.35789535593
4921.27 5.03012445078
4924.01 4.98656685541
4926.75 4.84593804751
4929.49 5.15348578338
4932.23 5.04194722667
4934.97 5.22955601243
4937.71 5.13092917149
4940.45 4.94145363164
4943.19 5.08954945589
4945.93 5.2010880126
4948.67 5.21711098518
4951.41 5.43552121338
4954.15 6.07706236802
4956.89 8.90768381556
4959.63 12.9274276167
4962.37 14.3942296407
4965.11 11.71403746
4967.85 8.4338394031
4970.59 6.48121462789
4973.33 5.18413166298
4976.08 5.32787172769
4978.82 5.34031675494
4981.56 5.17946477776
4984.3 5.22660031846
4987.04 5.13964069056
4989.78 5.32429378236
4992.52 5.21726654802
4995.26 5.20124357544
4998.0 5.60741815225
5000.74 6.57501902078
5003.48 11.6191441272
5006.22 22.0572551686
5008.96 31.6057023246
5011.7 30.0142944653
5014.44 18.9646658975
5017.18 9.41761880705
5019.92 6.10024123127
5022.66 5.42587631727
5025.4 5.08954945589
5028.14 5.21384416553
5030.88 5.07554880024
5033.62 5.01705717217
5036.36 4.88218418937
5039.1 4.80082482374
5041.84 4.81404766519
5044.58 4.86709459383
5047.32 4.81186978542
5050.06 4.78915761069
5052.8 5.02187962023
5055.54 4.99932300834
5058.28 5.0719708549
5061.02 5.01472372956
5063.76 5.01130134707
5066.5 4.96572143477
5069.24 4.91189669193
5071.98 5.00850121594
5074.72 5.02421306284
5077.46 5.0711930407
5080.2 4.89742934775
5082.94 5.07352648331
5085.68 4.99030036359
5088.42 4.9140745717
5091.16 5.02623537977
5093.9 4.95016515071
5096.65 4.92511953338
5099.39 4.99901188266
5102.13 4.88685107459
5104.87 4.83753765412
5107.61 4.8328707689
5110.35 4.89789603627
5113.09 4.9006961674
5115.83 5.02467975136
5118.57 5.1589304828
5121.31 5.18833185967
5124.05 5.02856882238
5126.79 4.86507227691
5129.53 4.77282351243
5132.27 4.75555603712
5135.01 4.69581990633
5137.75 4.73719962193
5140.49 4.69862003747
5143.23 4.69193083532
5145.97 4.71915433242
5148.71 4.73393280228
5151.45 4.84967155569
5154.19 4.76940112994
5156.93 4.82104799302
5159.67 4.89151795981
5162.41 4.91469682306
5165.15 4.81435879087
5167.89 4.62037192864
5170.63 4.45096399523
5173.37 4.48518782016
5176.11 4.42047367847
5178.85 4.38158296832
5181.59 4.67061872616
5184.33 4.81591441928
5187.07 4.7343994908
5189.81 4.54290163403
5192.55 4.53279004939
5195.29 4.74762233225
5198.03 4.82851500937
5200.77 4.85760526056
5203.51 4.98221109588
5206.25 4.85916088896
5208.99 4.68975295555
5211.73 4.60466008174
5214.48 4.61601616911
5217.22 4.74560001533
5219.96 4.69177527248
5222.7 4.71666532697
5225.44 4.83224851754
5228.18 4.72506572037
5230.92 4.50867780909
5233.66 4.65864038743
5236.4 4.67870799387
5239.14 4.69177527248
5241.88 4.75151140327
5244.62 4.66377396117
5247.36 4.68337487909
5250.1 4.65879595027
5252.84 4.70888718494
5255.58 4.65739588471
5258.32 4.75213365463
5261.06 4.83007063777
5263.8 4.79522456148
5266.54 4.68166368784
5269.28 4.46263120828
5272.02 4.39465024693
5274.76 4.65926263879
5277.5 4.7857352282
5280.24 4.6930197752
5282.98 4.61694954615
5285.72 4.80300270351
5288.46 4.77640145776
5291.2 4.65117337108
5293.94 4.73797743614
5296.68 4.67170766604
5299.42 4.7799794031
5302.16 4.75882285678
5304.9 4.95452091025
5307.64 4.85884976328
5310.38 4.8328707689
5313.12 4.54647957936
5315.86 4.93398661529
5318.6 4.8569830092
5321.34 4.59517074847
5324.08 4.61119372105
5326.82 4.78060165446
5329.56 4.55550222411
5332.3 4.30644611631
5335.05 4.48892132834
5337.79 4.38842773331
5340.53 4.48363219176
5343.27 4.69628659486
5346.01 4.55534666127
5348.75 4.67668567694
5351.49 4.78744641945
5354.23 4.86989472497
5356.97 4.7021979828
5359.71 4.89509590514
5362.45 4.74077756727
5365.19 4.60761577571
5367.93 4.60217107629
5370.67 4.46154226839
5373.41 4.71308738164
5376.15 4.57494757919
5378.89 4.50587767796
5381.63 4.5209672735
5384.37 4.80331382919
5387.11 4.75057802623
5389.85 4.58272572122
5392.59 4.431674203
5395.33 4.44085241059
5398.07 4.49094364526
5400.81 4.59812644244
5403.55 4.78293509707
5406.29 4.66952978627
5409.03 4.53310117507
5411.77 4.55379103287
5414.51 4.64308410337
5417.25 4.74171094431
5419.99 4.63623933838
5422.73 4.61383828934
5425.47 4.69628659486
5428.21 4.57339195078
5430.95 4.53901256301
5433.69 4.47025378747
5436.43 4.43696333958
5439.17 4.49078808242
5441.91 4.52345627895
5444.65 4.6979977861
5447.39 4.62239424557
5450.13 4.54290163403
5452.87 4.40538408294
5455.62 4.50821112057
5458.36 4.43727446526
5461.1 4.6558402563
5463.84 4.61399385218
5466.58 4.57276969942
5469.32 4.7757792064
5472.06 4.52563415872
5474.8 4.66392952401
5477.54 4.62581662806
5480.28 4.79429118443
5483.02 4.62612775375
5485.76 4.70390917405
5488.5 4.72117664935
5491.24 4.6872639501
5493.98 4.59672637687
5496.72 4.53621243188
5499.46 4.50914449761
5502.2 4.68617501022
5504.94 4.60994921832
5507.68 4.56219142626
5510.42 4.58568141519
5513.16 4.61461610354
5515.9 4.66564071526
5518.64 4.74995577486
5521.38 4.55114646458
5524.12 4.58505916383
5526.86 4.61352716366
5529.6 4.49623278185
5532.34 4.49887735014
5535.08 4.63981728372
5537.82 4.67466336001
5540.56 4.29151208362
5543.3 4.44365254172
5546.04 4.4481638641
5548.78 4.50618880364
5551.52 4.57836996168
5554.26 4.61477166638
5557.0 4.34798139475
5559.74 4.54492395095
5562.48 4.55565778695
5565.22 4.63421702146
5567.96 4.42482943801
5570.7 4.59159280313
5573.44 4.45376412636
5576.19 4.45547531761
5578.93 4.46823147054
5581.67 4.47740967813
5584.41 4.3638488045
5587.15 4.58023671577
5589.89 4.35358165702
5592.63 4.39278349285
5595.37 4.19117405143
5598.11 4.46667584213
5600.85 4.37489376618
5603.59 4.44660823569
5606.33 4.38749435627
5609.07 4.55472440991
5611.81 4.4431858532
5614.55 4.35171490293
5617.29 4.28855638965
5620.03 4.57448089067
5622.77 4.25339918767
5625.51 4.5366791204
5628.25 4.67419667149
5630.99 4.58599254087
5633.73 4.65926263879
5636.47 4.40429514305
5639.21 4.51365581999
5641.95 4.54119044278
5644.69 4.51132237738
5647.43 4.67341885729
5650.17 4.50914449761
5652.91 4.37396038913
5655.65 4.25231024779
5658.39 4.37567158038
5661.13 4.13361580041
5663.87 4.44163022479
5666.61 4.31858001788
5669.35 4.44940836682
5672.09 4.29213433498
5674.83 4.34564795215
5677.57 4.57945890157
5680.31 4.52641197292
5683.05 4.56499155739
5685.79 4.28217831318
5688.53 4.19599649949
5691.27 4.14014943971
5694.01 4.0948806531
5696.76 4.31858001788
5699.5 4.33522524182
5702.24 4.38656097922
5704.98 4.27066666298
5707.72 4.38018290276
5710.46 4.26133289254
5713.2 4.24173197462
5715.94 4.29555671747
5718.68 4.33444742762
5721.42 4.42685175494
5724.16 4.31624657527
5726.9 4.35482615974
5729.64 4.4060063343
5732.38 4.30022360269
5735.12 4.26568865208
5737.86 4.267710969
5740.6 4.37209363505
5743.34 4.41642904462
5746.08 4.45765319738
5748.82 4.32791378832
5751.56 4.43291870572
5754.3 4.42700731778
5757.04 4.38344972241
5759.78 4.31111300153
5762.52 4.35187046577
5765.26 4.31111300153
5768.0 4.26584421492
5770.74 4.32355802878
5773.48 4.267710969
5776.22 4.26491083787
5778.96 4.31733551516
5781.7 4.15757247786
5784.44 4.21279728627
5787.18 4.25215468494
5789.92 4.37473820334
5792.66 4.40507295725
5795.4 4.453141875
5798.14 4.39247236717
5800.88 4.28575625851
5803.62 4.2148196032
5806.36 4.22866469601
5809.1 4.31189081573
5811.84 4.2776669908
5814.59 4.31733551516
5817.33 4.29104539509
5820.07 4.31593544959
5822.81 4.41471785337
5825.55 4.28295612738
5828.29 4.26553308924
5831.03 4.35793741655
5833.77 4.37333813777
5836.51 4.51287800579
5839.25 4.48052093494
5841.99 4.67357442013
5844.73 4.38858329615
5847.47 4.37847171151
5850.21 4.32651372275
5852.95 4.29213433498
5855.69 4.38018290276
5858.43 4.35669291383
5861.17 4.30613499063
5863.91 4.14543857629
5866.65 4.2512213079
5869.39 4.58599254087
5872.13 4.7179098297
5874.87 4.91609688862
5877.61 5.24106766264
5880.35 5.17402007834
5883.09 4.55861348093
5885.83 4.34378119806
5888.57 4.11354819397
5891.31 4.04821180092
5894.05 3.93636211853
5896.79 4.10281435797
5899.53 4.11245925409
5902.27 4.1949075596
5905.01 4.09876972411
5907.75 4.27315566843
5910.49 4.18012908975
5913.23 4.12832666383
5915.97 4.23815402929
5918.71 4.05287868614
5921.45 4.12894891519
5924.19 4.14450519925
5926.93 4.13999387687
5929.67 4.21544185456
5932.41 4.43945234503
5935.16 4.2197976141
5937.9 4.06781271883
5940.64 4.15057215003
5943.38 4.19661875085
5946.12 4.25075461938
5948.86 4.06190133089
5951.6 3.9757195172
5954.34 3.97774183413
5957.08 4.15477234673
5959.82 4.10934799727
5962.56 4.11121475136
5965.3 4.07014616144
5968.04 4.12194858736
5970.78 4.14357182221
5973.52 4.06174576805
5976.26 4.02472181199
5979.0 4.14294957084
5981.74 4.15150552708
5984.48 4.10748124319
5987.22 4.1370381829
5989.96 4.14668307902
5992.7 4.27813367932
5995.44 4.20470801856
5998.18 4.18401816076
6000.92 3.96529680688
6003.66 4.15072771287
6006.4 4.20750814969
6009.14 4.01398797599
6011.88 4.12505984418
6014.62 4.14248288232
6017.36 3.96825250085
6020.1 3.96856362653
6022.84 4.0079210252
6025.58 4.01258791042
6028.32 4.1328379862
6031.06 4.33289179922
6033.8 4.22290887091
6036.54 4.30784618188
6039.28 4.09394727606
6042.02 4.04665617251
6044.76 4.07621311223
6047.5 4.07279072973
6050.24 4.32138014901
6052.98 4.22244218239
6055.73 4.24390985439
6058.47 4.12101521032
6061.21 4.0377890906
6063.95 4.25013236802
6066.69 4.14154950528
6069.43 4.21326397479
6072.17 4.03296664254
6074.91 4.08803588811
6077.65 4.08087999744
6080.39 4.03545564799
6083.13 4.03078876277
6085.87 4.06765715599
6088.61 3.88782651226
6091.35 3.97323051175
6094.09 4.121326336
6096.83 3.9228281514
6099.57 3.91069424983
6102.31 4.20781927537
6105.05 4.07605754939
6107.79 4.08850257663
6110.53 4.12894891519
6113.27 4.10841462023
6116.01 4.1899295487
6118.75 4.1527500298
6121.49 4.13392692609
6124.23 4.14232731948
6126.97 4.13797155994
6129.71 4.03421114526
6132.45 4.04976742932
6135.19 4.08896926516
6137.93 4.21077496935
6140.67 4.14886095879
6143.41 3.93449536444
6146.15 4.02752194312
6148.89 4.09596959298
6151.63 3.96249667575
6154.37 3.96514124404
6157.11 4.0477451124
6159.85 3.99827612909
6162.59 3.95036277418
6165.33 3.92625053389
6168.07 3.80304476413
6170.81 3.83369064373
6173.55 3.90540511325
6176.3 3.78997748552
6179.04 3.96545236972
6181.78 4.0270552546
6184.52 3.90416061052
6187.26 3.87942611887
6190.0 3.9343398016
6192.74 3.89233783464
6195.48 3.80475595538
6198.22 3.88922657783
6200.96 4.05007855501
6203.7 3.92485046832
6206.44 3.90338279632
6209.18 3.98614222752
6211.92 4.02892200868
6214.66 3.95456297088
6217.4 3.93885112398
6220.14 3.78437722326
6222.88 3.90727186734
6225.62 3.95020721134
6228.36 3.97945302537
6231.1 3.8052226439
6233.84 3.83804640327
6236.58 3.98194203082
6239.32 4.17172869635
6242.06 4.31391313266
6244.8 4.23535389816
6247.54 4.07714648927
6250.28 3.74081962789
6253.02 3.80320032697
6255.76 3.83213501533
6258.5 3.80382257834
6261.24 3.94087344091
6263.98 3.68746157357
6266.72 3.85406937585
6269.46 3.91800570334
6272.2 3.72215208702
6274.94 3.86184751788
6277.68 3.84271328849
6280.42 3.80008907016
6283.16 3.76897650204
6285.9 3.91427219516
6288.64 3.9799197139
6291.38 3.62928107118
6294.12 3.47356266774
6296.87 4.19350749404
6299.61 4.56172473774
6302.35 4.84453798195
6305.09 4.45205293512
6307.83 4.46216451975
6310.57 4.13937162551
6313.31 3.74953114697
6316.05 4.01865486121
6318.79 4.04198928729
6321.53 3.97556395436
6324.27 3.87071459979
6327.01 3.96467455552
6329.75 3.87818161614
6332.49 3.86464764901
6335.23 3.76275398842
6337.97 3.8971602827
6340.71 3.99360924387
6343.45 3.90384948484
6346.19 3.8665144031
6348.93 3.9351176158
6351.67 3.99500930943
6354.41 3.90089379087
6357.15 4.00014288317
6359.89 3.85344712449
6362.63 3.89358233736
6365.37 3.71997420725
6368.11 3.8052226439
6370.85 4.0542787517
6373.59 3.88735982374
6376.33 4.00683208532
6379.07 4.00947665361
6381.81 3.93200635899
6384.55 3.93713993273
6387.29 3.89498240293
6390.03 3.996409375
6392.77 4.00418751703
6395.51 4.06625709043
6398.25 4.01336572462
6400.99 3.76586524523
6403.73 3.84271328849
6406.47 3.90913862142
6409.21 3.94787376873
6411.95 3.94958495998
6414.7 3.86029188947
6417.44 3.88455969261
6420.18 3.8557805671
6422.92 3.85904738675
6425.66 3.91473888368
6428.4 3.96809693801
6431.14 3.80413370402
6433.88 3.94258463215
6436.62 3.84380222837
6439.36 3.84349110269
6442.1 4.12194858736
6444.84 4.1205485218
6447.58 4.05396762602
6450.32 3.83026826124
6453.06 3.90773855586
6455.8 3.61014684179
6458.54 3.58665685286
6461.28 3.70644024012
6464.02 3.84924692779
6466.76 3.66739396713
6469.5 3.50343073314
6472.24 3.59303492932
6474.98 3.59490168341
6477.72 3.75093121253
6480.46 3.81688985695
6483.2 3.70052885218
6485.94 3.69819540957
6488.68 3.65354887432
6491.42 3.53018754172
6494.16 3.57125613164
6496.9 3.53360992422
6499.64 3.42922725817
6502.38 3.65759350817
6505.12 3.67268310371
6507.86 3.79044417405
6510.6 3.64421510388
6513.34 3.67626104905
6516.08 3.97214157187
6518.82 3.62383637176
6521.56 3.85858069823
6524.3 3.71157381386
6527.04 3.56332242677
6529.78 3.86278089492
6532.52 3.64063715855
6535.27 4.0841468171
6538.01 3.70581798876
6540.75 3.7944888079
6543.49 3.73428598859
6546.23 4.23286489271
6548.97 4.85402731522
6551.71 5.09032727009
6554.45 5.26751334554
6557.19 6.49334852946
6559.93 14.2688459911
6562.67 30.323864518
6565.41 40.7030172428
6568.15 34.2082686478
6570.89 18.119959673
6573.63 7.94832777759
6576.37 4.92605291042
6579.11 4.57588095623
6581.85 5.95027865293
6584.59 7.46763860013
6587.33 7.86494609503
6590.07 6.30869543767
6592.81 4.72553240889
6595.55 4.02518850051
6598.29 3.88751538658
6601.03 3.77395451294
6603.77 3.94740708021
6606.51 3.90493842473
6609.25 3.98489772479
6611.99 3.85484719005
6614.73 3.92998404206
6617.47 3.8044448297
6620.21 3.71919639305
6622.95 3.74610876447
6625.69 3.89078220623
6628.43 3.91084981267
6631.17 3.8887598893
6633.91 3.79666668767
6636.65 3.67330535507
6639.39 3.84255772565
6642.13 3.56394467813
6644.87 3.86480321185
6647.61 3.62881438266
6650.35 3.66319377044
6653.09 3.93107298195
6655.84 3.91147206403
6658.58 3.85671394414
6661.32 3.98956461001
6664.06 3.70892924557
6666.8 3.68543925664
6669.54 3.6289699455
6672.28 3.77006544193
6675.02 3.86122526652
6677.76 4.28497844431
6680.5 4.12257083873
6683.24 4.30286817098
6685.98 3.8144008515
6688.72 4.03234439118
6691.46 3.87335916809
6694.2 3.768043125
6696.94 3.87538148501
6699.68 3.62943663403
6702.42 3.95829647905
6705.16 3.77971033804
6707.9 3.66817178133
6710.64 3.81346747445
6713.38 4.98283334724
6716.12 7.57451027163
6718.86 9.30079111376
6721.6 8.88030475562
6724.34 6.12544241144
6727.08 5.12237321526
6729.82 6.03910503491
6732.56 7.56813219516
6735.3 7.36496712534
6738.04 5.67897705892
6740.78 4.28000043341
6743.52 3.73101916894
6746.26 3.82326793341
6749.0 3.76555411955
6751.74 3.76322067694
6754.48 3.66319377044
6757.22 3.67003853542
6759.96 3.60454657953
6762.7 3.53718786955
6765.44 3.62725875426
6768.18 3.71468507067
6770.92 3.7002177265
6773.66 3.74377532187
6776.41 3.67563879768
6779.15 3.6530821858
6781.89 3.76866537636
6784.63 3.65292662296
6787.37 3.57390069993
6790.11 3.63519245913
6792.85 3.67361648076
6795.59 3.73024135473
6798.33 3.69632865548
6801.07 3.75715372616
6803.81 3.72604115804
6814.82 3.63783702742
6830.52 3.6795278687
6846.27 3.54605495146
6862.05 3.55383309349
6877.87 3.54527713726
6893.73 3.49611927963
6909.62 3.51992039424
6925.55 3.51152000085
6941.51 3.55990004428
6957.52 3.58416784741
6973.55 3.58370115889
6989.63 3.57498963982
7005.74 3.48522988079
7021.89 3.44493910507
7038.08 3.53283211001
7054.3 3.61465816417
7070.57 3.41211534571
7086.86 3.49923053644
7103.2 3.37213569567
7119.58 3.31022168512
7135.99 3.27942024268
7152.44 3.30944387091
7168.93 3.32422234077
7185.45 3.23321807902
7202.01 3.18110452742
7218.62 3.33837855926
7235.26 3.31504413317
7251.94 3.23166245061
7268.65 3.23119576209
7285.41 3.2607527018
7302.21 3.30571036274
7319.04 3.26744190395
7335.91 3.34304544448
7352.82 3.32733359758
7369.77 3.26619740123
7386.76 3.41180422003
7403.79 3.38006940054
7420.86 3.27241991485
7437.96 3.31753313862
7455.11 3.30944387091
7472.3 3.3320004828
7489.52 3.30104347752
7506.79 3.33884524779
7524.09 3.36933556454
7541.44 3.36109073399
7558.82 3.31457744465
7576.25 3.28377600221
7593.71 3.25313012262
7611.21 3.20070544533
7628.76 3.16368148927
7646.35 3.17783770777
7663.97 3.12665753321
7681.64 3.09756728202
7699.35 3.09710059349
7717.1 3.08963357715
7734.89 3.03285314033
7752.72 3.01854135899
7770.59 3.06707696526
7788.5 2.97622826635
7806.46 2.98276190565
7824.45 3.09430046236
7842.49 2.97513932646
7860.57 3.05089842984
7878.69 3.04358697633
7896.85 3.06427683413
7915.06 3.00780752299
7933.3 2.93904874744
7951.59 2.82579899949
7969.92 2.91789220112
7988.29 2.93095947973
8006.71 2.88382393903
8025.16 2.99162898757
8043.67 3.01185215685
8062.21 2.98385084554
8080.79 2.88880194993
8099.42 2.7967087483
8118.09 2.93484855075
8136.81 2.95476059435
8155.57 2.86064507578
8174.37 2.82097655143
8193.21 2.80122007067
8212.09 2.89922466025
8231.03 2.81988761155
8250.0 2.91851445249
8269.02 2.94511569823
8288.08 2.85784494465
8307.19 2.83777733821
8326.34 2.843844289
8345.53 2.77228538232
8364.77 2.83653283549
8384.05 2.78426372105
8403.38 2.83559945845
8422.75 2.78986398331
8442.17 2.73230573229
8461.63 2.77633001618
8481.14 2.73775043171
8500.69 2.7883083549
8520.28 2.73697261751
8539.93 2.72406090174
8559.61 2.60101069482
8579.34 2.74210619125
8599.12 2.67303629002
8618.94 2.63601233396
8638.81 2.73448361206
8658.73 2.59307698995
8678.69 2.48169399608
8698.69 2.48698313266
8718.74 2.68921482544
8738.85 2.6518797437
8758.99 2.48013836768
8779.18 2.66323583106
8799.42 2.65063524097
8819.71 2.66868053048
8840.04 2.68050330637
8860.41 2.60707764561
8880.84 2.4664488377
8901.31 2.54687482629
8921.83 2.54656370061
8942.4 2.56974256386
8963.01 2.49927259707
8983.67 2.45322599625
9004.39 2.59821056369
9025.14 2.12623290531
9045.95 2.63959027929
9066.8 2.6882814484
9087.7 2.46255976669
9108.65 2.4284915046
9129.65 2.47313803985
9150.7 2.48993882663
9171.79 2.51265100136
9192.93 2.4549371875
9214.13 2.48309406165
9235.37 2.24866086086
9256.65 2.38151152674
9278.0 2.5748761376
9299.38 2.419313297
9320.82 2.46956009452
9342.3 2.46349314373
9363.84 2.4292693188
9385.43 2.4457589799
9407.06 2.39520105671
9428.75 2.4449811657
9450.48 2.41651316587
9472.27 2.44980361376
9494.11 2.43813640071
9515.99 2.38773404036
9537.93 2.36004385473
9559.92 2.23279345112
9581.95 2.40297919874
9604.04 2.38057814969
9626.18 2.38026702401
9648.37 2.36346623723
9670.61 2.35211014986
9692.91 2.37357782187
9715.25 2.34588763624
9737.65 2.32410883856
9760.09 2.30761917745
9782.6 2.28615150545
9805.15 2.31757519925
9827.75 2.29579640157
9850.4 2.29548527589
9873.11 2.27930674046
9895.87 2.27355091536
9918.68 2.26281707936
9941.55 2.26763952742
9964.47 2.26203926516
9987.44 2.24601629257
10033.53 2.20930346219
10079.85 2.16325686138
10126.38 2.21801498127
10173.11 2.19172486121
10220.08 2.190947047
10267.25 2.1901692328
10290.91 2.17476851158
10506.4 2.08298643563
10701.74 1.98233727776
10900.69 1.87142097241
11103.35 1.80779577061
11309.77 1.75459327912
11493.54 1.72643640497
11707.23 1.67167828508
11897.46 1.60385288658
12090.78 1.56371767371
12287.23 1.52462473186
12486.88 1.47626024472
12689.78 1.43273376192
12895.97 1.39048289441
13105.51 1.35882585635
13287.83 1.31268591783
13503.74 1.27986215846
13691.6 1.24784732587
13914.07 1.20271854581
14107.63 1.14858267728
14303.89 1.12503046322
14502.88 1.11986577691
14704.63 1.08184621866
14909.2 1.08433522411
15116.61 1.07935721322
15291.64 1.08683978585
15504.36 1.07192130943
15683.9 1.045117832
15902.09 1.00268028908
16086.23 1.00268028908
16310.01 0.995773298961
16498.86 0.975363454274
16689.91 0.96641859094
16883.18 0.946599885048
17118.05 0.927185642541
17316.25 0.88748600562
17516.77 0.861320335831
17719.61 0.826349809264
17883.57 0.794630546066
18090.64 0.753639737568
18300.12 0.734785521287
18512.03 0.709848797939
18683.31 0.676340562074
18899.66 0.659415325017
19118.51 0.647390317439
19295.42 0.625409288062
19518.83 0.598636923195
19699.45 0.580980540787
19881.73 0.562546344176
20111.94 0.551019137687
20298.04 0.532304927963
20485.86 0.525009030739
20723.06 0.510697249404
20914.82 0.497925540191
21108.35 0.4888406703
21303.65 0.476613431029
21500.78 0.465755144755
21699.71 0.448907689118
21900.5 0.441736242166
22103.15 0.428715632408
22307.66 0.417032863079
22514.08 0.405661219431
22722.38 0.394600701465
22879.9 0.356581143222
23091.59 0.353314323569
23305.26 0.311281244039
23520.92 0.293204841962
23683.94 0.296596111887
23903.1 0.272997228968
24124.25 0.263725683668
24291.49 0.260116625766
24516.24 0.242195786529
24686.19 0.237777801856
24914.59 0.205187386751
25087.31 0.202371699336
25319.45 0.202371699336
25494.94 0.200053813011
25671.65 0.201905010814
25909.2 0.197315907016
26088.81 0.195962510303
26330.19 0.190611148586
26512.72 0.188868844772
26696.48 0.184575310371
26881.55 0.182039636069
27130.26 0.179535074336
27318.34 0.175459327912
27507.68 0.172254733396
27698.34 0.168334549813
27890.36 0.166405570589
28083.67 0.162983188096
28278.35 0.160385288658
28474.36 0.157102912721
28671.75 0.153165617226
28870.48 0.151412424012
29070.62 0.148307389714
29272.11 0.14526613618
29475.03 0.142613789748
29679.33 0.140334794133
29885.07 0.137455325954
30092.21 0.134947652963
30300.78 0.132178634401
30510.84 0.13066656359
30722.31 0.128577354641
30935.29 0.126520813888
31078.07 0.124784732587
31293.51 0.12279041697
31510.41 0.120827213922
31728.81 0.119168914041
31875.29 0.117533948586
32096.22 0.116188330015
32318.72 0.115122724557
32467.89 0.115388737015
32692.93 0.119168914041
32919.57 0.131270147411
33071.5 0.129767410371
33300.77 0.113282416153
33531.58 0.106454763079
33686.34 0.102368127256
33919.87 0.0995773298961
34076.42 0.0973107793086
34312.65 0.0953149080637
34471.02 0.0935757155058
34709.94 0.0916560700528
34870.18 0.0899837695163
35111.87 0.0883410259196
35273.93 0.0865287188266
35518.46 0.0849497559945
35682.39 0.0833987944738
35929.75 0.0818773898927
36095.58 0.0803824309945
36262.18 0.0789154734077
36513.56 0.0772976198654
36682.09 0.0758866649012
36936.34 0.0743294808668
37106.86 0.0729729728968
37278.12 0.0716413549813
37536.54 0.0700110564118
37709.79 0.0692083521543
37883.84 0.0679451818886
38058.69 0.066705346049
38322.52 0.0656397405909
38499.4 0.0645896914169
38677.14 0.063264296015
38855.65 0.0621100197377
39124.96 0.0611175288147
39305.58 0.0601405941757
39487.0 0.0589069808498
39669.25 0.0579642700358
39944.25 0.0566450971475
40128.61 0.0558672829445
40313.82 0.0549743522394
40499.93 0.0538465216451
40686.86 0.0531091537806
40874.64 0.052259780671
41063.3 0.0515426359758
41252.87 0.0507181529206
41538.8 0.0499076705211
41730.57 0.0489960722752
41923.17 0.0483240408038
42116.67 0.0474419994976
42311.05 0.0468990851839
42506.39 0.0461492722922
42702.57 0.045516131531
42899.66 0.0438702766774
43097.71 0.0423799846645
43296.63 0.0422835357033
43496.46 0.0407527973518
43697.27 0.0399174248978
43898.95 0.0393698436989
44101.56 0.0381206740889
44305.11 0.0376850981352
44509.65 0.0370815143137
44715.08 0.0361543597837
44921.46 0.0360719114782
45128.84 0.0353314323569
45337.13 0.0346065095197
45546.39 0.0344478354223
45651.37 0.0340542614356
45862.12 0.0332017770691
46073.8 0.0331255512772
46286.45 0.0325966376192
46500.13 0.0321486166383
46714.76 0.0319277174046
46930.37 0.0315621447292
47147.02 0.0311281244039
47255.7 0.0310565654973
47473.81 0.0305603200358
47692.92 0.0302803069227
47913.1 0.0299334017881
48134.24 0.029522715889
48245.19 0.0294558238675
48467.86 0.0290513604819
48691.62 0.02865311961
48916.35 0.0283902184094
49142.12 0.0280650920725
49255.4 0.0278721941502
49482.79 0.0274895095623
49711.18 0.0273635036614
49940.61 0.02718927328
50055.79 0.0271363819142
50286.81 0.0271566050834
50518.91 0.0270492667234
50752.08 0.0271270481437
50869.12 0.0271348262858
50986.38 0.0271426044278
51103.91 0.0270881574336
51221.7 0.027032154811
51339.77 0.0270383773246
51458.12 0.0270445998382
51576.79 0.0271114918597
51695.68 0.0271799395095
51814.84 0.0272483871594
51934.28 0.02718927328
52053.98 0.0271317150289
52173.97 0.0271986070504
52294.24 0.027139493171
52414.84 0.027204829564
52535.66 0.0272717215855
52656.76 0.0273370579785
52778.13 0.0274023943716
52899.79 0.0273417248638
53021.73 0.0272810553559
53144.01 0.0273448361206
53266.51 0.0274101725136
53389.29 0.0274739532783
53512.36 0.0274739532783
53635.71 0.0275377340429
53759.34 0.0276015148076
53883.26 0.0276652955722
54007.52 0.0277290763368
54132.02 0.0277275207084
54256.79 0.0277275207084
54381.86 0.0277897458447
54507.21 0.0279157517456
54632.86 0.0279779768818
54758.79 0.0279764212534
54885.07 0.0281039827827
55011.59 0.0281646522905
55138.39 0.0282268774268
55265.49 0.0284197753491
55392.88 0.0285473368784
55520.56 0.0285426699932
55648.6 0.0286702315225
55776.88 0.0288646850732
55905.45 0.0289269102095
56034.31 0.0290544717388
56163.48 0.0292504809179
56292.94 0.0293127060542
56422.7 0.0295102708617
56552.82 0.0297078356693
56683.18 0.0299069561052
56813.84 0.0300391845197
56944.79 0.0302398605841
57076.06 0.0305120955552
57207.62 0.0307858861546
57339.55 0.0310627880109
57471.72 0.0312696865889
57604.2 0.0316228142371
57736.98 0.0319059386069
57870.07 0.0322652887687
58003.46 0.0326293058157
58137.17 0.0330726599114
58271.24 0.0334444551005
58405.56 0.033898698595
58540.19 0.0344369460235
58675.13 0.0349845272224
58810.38 0.0357047831744
58945.94 0.0362710319142
59034.44 0.0296829456148
59343.19 0.0397167488334
59651.94 0.0453356786359
59960.69 0.0570293373638
60269.45 0.0693701375085
60578.2 0.0493336436393
60886.95 0.0544858849199
61195.71 0.0754744233736
61504.46 0.108907989075
61813.2 0.158985223093
62121.96 0.165876656931
62430.71 0.160680858055
62739.46 0.114864490242
63048.22 0.0841221616825
63356.97 0.0968627583276
63665.73 0.0756548762687
63974.48 0.0672591497616
64283.22 0.0555312672088
64591.99 0.0389669359418
64900.73 0.0493103092132
65209.48 0.029331373595
65518.24 0.0408430237994
65826.99 0.0544718842643
66135.74 0.0437473820334
66444.5 0.0521477754257
66753.25 0.054451661095
67062.0 0.0555141552963
67370.76 0.0384706904802
67679.51 0.0302258599285
67988.26 0.0365261549727
68297.02 0.0408399125426
68605.77 0.0231415281676
68914.52 0.0388844876362
69223.27 0.0281942092302
69532.03 0.0396062992166
69840.78 0.0427051110014
70149.53 0.0342844944397
70458.28 0.0279001954615
70767.04 0.0234962114441
71075.79 0.0249522796321
71384.54 0.0497225507408
71693.29 0.024606930126
72002.05 0.0357094500596
72310.8 0.0190191128917
72619.55 0.033584461657
72928.31 0.0168256768392
73237.06 0.0379262205381
73545.81 0.0309710059349
73854.56 0.0490598530398
74163.31 0.0539818613164
74472.07 0.0651559401567
74780.82 0.05366606875
75069.37 0.0844612886751
75089.57 0.078280777018
75398.33 0.0781329923195
75688.09 0.118050417217
75707.08 0.0808304519755
76306.83 0.11742349897
76925.56 0.11681835952
77544.3 0.0975363454274
78163.03 0.100790720053
78781.78 0.0879396737909
79400.51 0.071736248314
80019.24 0.073556333549
80637.98 0.0628022743784
81256.72 0.0436307099029
81875.45 0.0500943459298
82494.19 0.0479242443035
83112.92 0.047186876439
83731.66 0.0441891805007
84350.39 0.0546258914765
84969.13 0.0569935579104
85587.86 0.0542976538828
86206.61 0.0601934855415
86825.33 0.0516126392541
87444.07 0.0410374773501
88062.81 0.035959906233
88681.54 0.0215905666468
89300.27 0.0296424992762
89919.01 0.0363845927878
90537.74 0.0271068249745
91156.49 0.0151193080407
91775.22 0.0159965268988
92393.96 0.0217632413999
93012.7 0.0232488665276
93631.43 0.0236891093665
94250.16 0.022108590906
94868.89 0.021273218452
95487.64 0.0174401500596
96106.37 0.0157662938948
96725.1 0.0186286501618
97343.85 0.0180375113675
97962.59 0.017656382408
98581.32 0.0159638587023
99200.06 0.0188651056795
99818.75 0.0152950940506
100437.54 0.0151497983575
101056.23 0.0161489784826
101675.03 0.0162469830722
102293.72 0.0164103240548
102912.51 0.0161972029632
103531.21 0.0152572922803
104149.91 0.0188293262262
104768.69 0.0310923449506
105387.38 0.0346951803389
106006.19 0.0209123126618
106624.88 0.0200831627214
107243.57 0.0210398741911
107862.36 0.0201796116826
108481.06 0.0206587452316
109099.85 0.01941113125
109718.54 0.0221863723263
110337.33 0.0278037465003
110956.03 0.030680103423
111574.73 0.0489042901992
112193.52 0.0648043681369
112812.21 0.0616884444397
113431.01 0.0469317533804
114049.7 0.0345349506131
114668.49 0.0276248492336
115287.18 0.02365644117
115905.87 0.0225161655484
116524.68 0.0193551286274
117143.37 0.0192337896117
117762.15 0.0207925292745
118380.85 0.0185710919108
118999.65 0.0206789684009
119618.34 0.0217710195419
120237.03 0.019576027861
120855.83 0.0188604387943
121474.52 0.0187064315821
122093.31 0.0180437338811
122712.0 0.0210865430433
123330.71 0.020825197471
123949.5 0.0216092341877
124568.19 0.0209838715685
125186.98 0.020388065889
125805.68 0.0227417316672
126424.47 0.0243486958106
127043.17 0.0278861948059
127661.86 0.0424453210576
128280.65 0.045152114484
128899.34 0.0250393948229
129518.14 0.017276809077
130136.83 0.0154148774378
130755.52 0.0146952437372
131374.32 0.0125139415863
131993.02 0.0149929910141
132611.81 0.015532794071
133230.49 0.0146493526992
133849.29 0.0139791879819
134467.99 0.0133362467617
135086.69 0.0140005000911
135705.48 0.0139701653372
136324.16 0.0153657195802
136942.96 0.0134829425204
137561.66 0.0143111590838
138180.45 0.0130319658455
138799.14 0.0127149287764
139417.84 0.0125548546134
140036.63 0.0131631053202
140655.33 0.0149360550145
141274.11 0.0127967548305
141892.81 0.0128155779343
142511.6 0.0148714964356
143130.3 0.0130655674191
143748.98 0.0153982322139
144367.79 0.014177219478
144900.19 0.0118100197326
145813.82 0.0104924024728
146727.57 0.0143666950179
147641.21 0.0108705757382
148554.85 0.012832378721
149468.5 0.0118363098527
150382.24 0.0115352957561
151295.89 0.0116412340506
152209.52 0.0131008801839
153123.26 0.0124739619363
154036.91 0.0165612200102
154950.54 0.0441362891349
155864.19 0.0530515955296
156777.93 0.0203896215174
157691.58 0.0132396422377
158605.21 0.0123969583302
159518.95 0.0135054991323
160432.6 0.0139104292064
161346.23 0.0132821108932
162259.97 0.0150337484784
163173.62 0.0165938882067
164087.26 0.0184108621849
165000.9 0.0176579380364
165914.66 0.0164725491911
166828.28 0.0159529693035
167741.93 0.0160649745487
168655.57 0.0171974720283
169569.32 0.0182786337704
170482.96 0.0182786337704
171396.61 0.0179690637176
172310.35 0.0174961526822
173223.99 0.018004843171
174137.63 0.0187095428389
175051.38 0.0165627756386
175965.01 0.0169890178219
176878.66 0.0161069765157
177792.29 0.01712746875
178706.03 0.0168303437245
179619.68 0.014786247999
180533.31 0.0158658541127
181447.05 0.0135182552852
182360.7 0.0169672390242
183274.33 0.0166467795725
184188.08 0.0157569601243
185101.72 0.0169594608821
186015.37 0.0231384169108
186929.0 0.0515924160848
187842.75 0.034982971594
188756.39 0.0180935139901
189670.03 0.0179643968324
190583.78 0.0182241867762
191497.43 0.0173654798961
192411.05 0.0169936847071
193324.7 0.0175303765071
194238.46 0.0188557719091
195152.09 0.0167152272224
196065.74 0.0154209443886
196979.48 0.0159343017626
197893.11 0.0153174950996
198806.76 0.015122885986
199720.41 0.0139768545393
200634.15 0.0163761002299
201547.78 0.01691279203
202461.43 0.0170714661274
203375.17 0.0189926672088
204822.01 0.0183377476499
206570.76 0.0183641933328
208320.52 0.0191948989016
210071.29 0.0179037273246
211822.94 0.0192026770436
213575.48 0.0184979773757
215329.03 0.0184497528951
217083.49 0.0185462018563
218838.92 0.0198995985695
220595.36 0.0204891817354
222352.68 0.0204596247956
224111.02 0.019940044908
225870.25 0.0205062936478
227630.46 0.0195231364952
229391.68 0.0209652040276
231153.8 0.0210989880705
232916.92 0.0208889782357
234681.03 0.0205638518988
236446.04 0.0206898577997
238212.14 0.0210118728798
239979.05 0.0219779181199
241747.02 0.0220199200868
243516.03 0.0205296280739
245285.92 0.0213650005279
247056.79 0.0216139010729
248828.68 0.0218814691587
250601.45 0.0229797428133
252375.33 0.0233702055433
254150.11 0.0230466348348
255925.98 0.0231181937415
257702.72 0.0234526538488
259480.51 0.0250238385388
261259.26 0.0240577932987
263039.0 0.0231648625937
264819.75 0.0234619876192
266601.52 0.0231835301345
268384.25 0.0232333102435
270167.99 0.0236968875085
271952.72 0.0236688861972
273738.44 0.0240515707851
275525.29 0.0238726735184
277313.01 0.0239846787636
279101.72 0.0243113607289
280891.53 0.0254189681539
282682.36 0.0253971893563
284474.07 0.0243269170129
286266.86 0.0245384824762
288060.68 0.0249476127469
289855.59 0.025062729249
291651.47 0.0255216396287
293448.28 0.0256367561308
295246.25 0.0259198805007
297045.14 0.0261330015923
298845.1 0.0258280984247
300646.08 0.0256009766774
302448.06 0.0264145703338
304251.13 0.0254578588641
306055.2 0.0260007731778
307860.26 0.0256787580977
309666.42 0.0261423353627
311473.69 0.0256523124148
313281.93 0.0257394276056
315091.2 0.0269917084724
316901.43 0.0267116953593
318712.88 0.027097491204
320525.23 0.0272452759026
322338.73 0.0275875141519
324153.16 0.0268812588556
325968.78 0.0275268446441
327785.43 0.0276668512006
329603.01 0.0282657681369
331421.74 0.029066916766
333241.57 0.0399609824932
335062.45 0.0522504469005
336884.39 0.0330913274523
338707.36 0.0303316426601
340531.35 0.0283855515242
342356.47 0.0278799722922
344182.77 0.0281537628917
346009.94 0.0354434376022
347838.33 0.0523951203423
