100.08 1.20646293113e-06
101.94 1.65008849211e-06
104.07 2.06784319664e-06
106.01 2.63332706263e-06
107.98 3.41590221696e-06
109.99 4.9603655755e-06
114.11 7.38779664044e-06
118.12 1.03636752595e-05
120.88 3.9039925519e-05
125.12 5.05260503546e-05
126.86 5.56564139849e-05
128.04 5.949931919e-05
131.02 6.76877008001e-05
131.93 8.08190466101e-05
134.07 8.73999305079e-05
136.88 0.000113374221706
140.07 0.000126628472337
143.0 0.000371123885194
147.01 0.000998875471052
151.13 0.00109525232103
155.0 0.00121202407008
158.98 0.00134440838207
161.94 0.00144382743059
166.09 0.0016088362798
169.96 0.00174792559739
173.12 0.00186864003575
177.15 0.00202074996312
180.03 0.00214049089795
182.11 0.00222591583316
185.93 0.00239615726387
191.14 0.00261519555928
193.79 0.00277022599726
197.85 0.00294789039243
202.0 0.00315147431922
204.81 0.00329993360833
210.06 0.00339241644417
215.94 0.00385933307723
219.96 0.00409747637952
223.02 0.00420249307337
227.16 0.00446181007755
229.8 0.00692647765271
234.07 0.0118716322355
240.07 0.0147400604018
246.23 0.0141425726071
251.97 0.0151537994043
257.24 0.0129573320531
260.22 0.0148763508968
263.84 0.0156855757104
268.75 0.0157585884755
273.74 0.0157950948581
278.83 0.0158681076232
284.01 0.0159046140058
289.96 0.0152231615312
296.03 0.0155419839389
300.84 0.0154701880532
307.85 0.0156502862072
317.94 0.0159411203884
328.35 0.0159411203884
338.33 0.0157585884755
347.81 0.0155419839389
356.73 0.0153996090469
365.88 0.0153290300406
375.27 0.0150844372774
384.89 0.0144054185616
394.77 0.0146049867863
404.89 0.0144382743059
414.32 0.0141425726071
422.03 0.013851738426
429.87 0.0135986275069
440.9 0.0133503841054
451.17 0.0129865371591
459.56 0.0126920523397
470.26 0.012402435038
480.11 0.0122040836927
490.16 0.0117628432154
500.43 0.0116281346637
506.22 0.0113634633901
512.08 0.0115481856859
520.4 0.0113634633901
530.08 0.0110030237062
539.93 0.0105563072715
549.97 0.0102922444376
560.2 0.0102450295162
570.61 0.0101744505099
579.88 0.00982910013075
590.66 0.0097165387845
600.26 0.00932202647687
610.02 0.00827015590713
619.93 0.00913085472015
630.0 0.00886155930474
640.24 0.00876019324914
650.64 0.00858046015896
658.17 0.0083659243174
664.26 0.0083659243174
675.06 0.00821320595032
684.45 0.00784351798284
695.57 0.00798930013723
705.25 0.0075947878296
716.71 0.00775371228172
726.68 0.00761218920529
735.09 0.0075250606389
745.32 0.00743902726398
755.68 0.00735384570465
764.43 0.00680004388108
775.07 0.00721962390474
785.85 0.00705522349524
794.95 0.00707152967945
804.16 0.00703903899896
815.34 0.00697442270182
824.78 0.00702285450269
834.34 0.00633154530478
845.94 0.00686295654704
855.74 0.00678446782452
865.65 0.0068471371146
875.67 0.00692647765271
885.81 0.00702285450269
894.01 0.00707152967945
904.36 0.0069424187731
914.83 0.0089642639277
925.42 0.034715136064
933.99 0.0703903899896
944.8 0.129269100676
955.74 0.183444572408
964.59 0.198838097058
975.75 0.0357689536409
984.78 0.156855757104
993.9 0.172395307284
1005.4 0.261519555928
1014.71 0.256165286485
1024.1 0.113374221706
1035.95 0.172784708698
1045.54 0.342381193318
1055.21 0.334593165037
1064.98 0.254984913449
1074.83 0.30939159227
1084.78 0.235782556217
1094.81 0.325466569395
1104.94 0.312251258905
1115.17 0.295470491717
1125.49 0.262127995638
1135.9 0.343963136563
1143.78 0.310109551127
1154.36 0.332281094141
1165.04 0.341590221696
1175.82 0.227775489641
1183.97 0.329993360833
1194.92 0.218527206057
1205.98 0.153290300406
1214.34 0.112075811365
1225.58 0.225171367684
1234.07 0.346348220224
1245.49 0.38063988225
1254.12 0.359344492418
1265.73 0.305850473161
1274.5 0.403188657883
1286.3 0.424143321478
1295.21 0.323969807709
1304.19 0.31952819783
1316.26 0.410684635104
1325.38 0.39129974596
1334.57 0.340020447245
1343.82 0.415442633632
1356.25 0.400414172808
1365.65 0.353600821561
1375.12 0.37282751638
1384.65 0.37628345393
1394.25 0.321000621927
1403.91 0.332281094141
1413.65 0.345545079807
1423.45 0.356874227198
1436.62 0.355231439982
1443.25 0.375419469543
1446.57 0.382392188613
1456.6 0.369408085213
1463.32 0.338462841589
1473.47 0.340020447245
1483.68 0.347942332263
1493.97 0.354416130772
1504.32 0.333047728175
1511.26 0.294789039243
1518.24 0.317325646082
1525.25 0.306556263224
1535.82 0.263332706263
1546.47 0.286100520191
1553.6 0.271960381343
1564.37 0.280880107484
1575.22 0.300958617897
1586.14 0.317325646082
1593.46 0.323227511264
1604.5 0.318067942527
1615.63 0.318798070179
1626.82 0.302345860434
1634.33 0.323227511264
1645.66 0.328484430354
1653.26 0.305144683098
1664.72 0.333047728175
1672.4 0.294789039243
1676.26 0.337684038761
1683.99 0.35197020314
1695.67 0.330759994867
1703.49 0.318067942527
1715.3 0.300958617897
1723.22 0.299583544153
1735.16 0.321742918373
1743.17 0.315147431922
1755.26 0.336905235933
1763.36 0.310109551127
1775.58 0.315877559573
1783.78 0.323969807709
1796.14 0.34715136064
1804.43 0.344754108185
1816.94 0.317325646082
1825.33 0.325466569395
1833.75 0.313699345413
1846.46 0.288084033644
1854.99 0.292087566933
1863.55 0.303051650497
1876.47 0.326975499874
1885.13 0.301652239166
1893.83 0.292756850613
1906.96 0.310827509985
1915.76 0.299583544153
1924.6 0.291418283252
1933.48 0.29820847041
1946.89 0.318067942527
1955.87 0.29820847041
1964.9 0.329238895593
1973.97 0.336905235933
1983.08 0.323227511264
1996.83 0.31659551843
2006.05 0.324724272949
2015.3 0.315877559573
2024.61 0.326975499874
2033.95 0.315147431922
2043.34 0.329238895593
2052.77 0.305850473161
2067.0 0.310109551127
2071.77 0.340811418868
2076.54 0.347942332263
2086.13 0.371975700787
2095.76 0.351167062723
2105.43 0.350363922307
2115.15 0.360171970423
2124.91 0.356874227198
2134.72 0.334593165037
2144.57 0.354416130772
2154.47 0.366864807228
2164.42 0.348745472679
2174.41 0.349548613096
2184.44 0.358517014414
2194.53 0.371123885194
2204.65 0.361839095227
2214.83 0.332281094141
2225.05 0.333047728175
2235.32 0.368568438414
2245.64 0.354416130772
2256.01 0.325466569395
2266.42 0.329238895593
2276.88 0.34317216494
2287.39 0.367716622821
2292.66 0.338462841589
2303.25 0.356083255576
2313.88 0.332524470025
2324.56 0.268601794147
2335.29 0.294703857683
2346.07 0.27395606359
2356.9 0.319856755273
2362.33 0.276122108956
2373.23 0.293353121528
2384.19 0.258623382911
2395.19 0.279225151474
2406.25 0.272422795522
2417.36 0.285455574099
2422.93 0.329360583535
2434.11 0.323568237501
2445.35 0.349353912389
2456.64 0.352822018733
2462.3 0.337830064291
2473.66 0.322107982198
2485.08 0.299425349829
2496.55 0.282875789731
2502.31 0.351349594636
2513.86 0.27230110758
2519.65 0.271132903338
2525.46 0.269368428181
2537.12 0.294204937122
2542.97 0.296346644899
2554.7 0.357348810171
2566.5 0.323154498499
2572.41 0.355267946365
2584.29 0.34107913234
2596.22 0.327462251642
2602.2 0.309975694391
2614.21 0.299668725713
2626.28 0.33492172248
2632.33 0.405598079133
2644.48 0.481300147786
2656.69 0.560689361079
2662.81 0.431408091609
2675.1 0.470104857132
2687.45 0.497180424204
2693.65 0.431201222108
2706.08 0.478623013065
2712.32 0.408457745768
2724.84 0.384120157388
2737.42 0.423437531415
2743.73 0.317654203525
2756.39 0.353406120854
2762.74 0.397591012556
2775.5 0.421466186756
2781.89 0.340349004688
2794.74 0.248462439763
2807.63 0.269514453711
2814.11 0.399720551539
2827.1 0.490998676756
2833.61 0.480010255602
2846.69 0.431103871754
2853.25 0.34813703297
2866.43 0.508254026916
2873.03 0.570485240402
2886.29 0.534051870598
2892.95 0.575109382194
2913.0 0.700265430434
2933.19 0.639397121898
2946.73 0.615339415785
2967.16 0.651066995525
2987.72 0.656372589792
3008.43 0.674017341367
3029.29 0.688960620632
3050.29 0.707493694182
3071.43 0.736625787472
3092.72 0.742649340596
3107.0 0.789121965606
3128.53 0.761523140384
3150.22 0.760719999968
3172.05 0.799404596696
3186.7 0.719662488372
3208.79 0.782855036599
3231.03 0.687439521358
3253.42 0.854650922317
3268.44 0.950954759533
3291.1 0.932665061866
3306.29 0.914326689023
3321.55 0.915117660645
3329.21 0.990065264059
3336.88 0.948107261693
3344.57 0.926933559803
3352.28 0.877479580217
3360.01 0.975949462799
3367.76 0.958560255902
3375.52 0.777695467862
3383.3 0.814700770993
3391.1 0.97766526278
3398.92 1.02185015448
3406.75 0.97179990398
3414.61 0.96999892244
3422.48 1.0616056051
3430.37 0.991196961918
3438.28 1.01941639564
3446.2 0.770102140288
3454.15 0.992523360485
3462.11 0.858885662695
3470.09 0.950893915562
3478.09 0.811573390886
3486.11 0.908923744403
3494.14 0.872417361834
3502.2 1.01372139996
3510.27 0.997962811488
3518.36 0.933930616462
3526.47 0.884123741844
3534.6 1.00626192913
3542.75 1.11149766128
3550.92 1.09171120192
3559.1 1.05271021655
3567.31 1.00811158584
3575.53 0.872393024245
3583.77 0.801509798091
3592.04 0.787247971301
3600.32 1.10233455925
3608.62 0.943008536928
3616.94 0.981109031535
3625.27 1.05661639948
3633.63 1.03067253027
3641.28 1.03794946919
3644.04 0.95806133534
3646.79 0.993849759052
3649.54 0.799757491728
3652.29 0.841605974946
3655.05 0.967479982043
3657.8 1.12025919309
3660.55 1.0534403442
3663.3 1.10262661031
3666.05 1.019100007
3668.81 1.02449078282
3671.56 0.966275271418
3674.31 1.09893946567
3677.06 1.04033455286
3679.81 0.990953586035
3682.57 0.979928658499
3685.32 1.00480167382
3688.07 0.898568100547
3690.82 1.08174495948
3693.58 0.995614234209
3696.33 1.00975437306
3699.08 0.986560651332
3701.83 1.10209118337
3704.58 0.96076280765
3707.34 0.950760058826
3710.09 1.02694887925
3712.84 1.06249392708
3715.59 1.10296733655
3718.35 1.00719892628
3721.1 1.16943329041
3723.85 1.2260060146
3726.6 1.45404921771
3729.35 1.44358405471
3732.11 1.4287381258
3734.86 1.15627882389
3737.61 0.960860158004
3740.36 1.02986938985
3743.11 1.18661562781
3745.87 1.06885820644
3748.62 0.958986163699
3751.37 0.914910791144
3754.12 0.973187146518
3756.88 1.089873714
3759.63 1.05948823491
3762.38 1.2017049326
3765.13 1.10692219466
3767.88 1.1007769536
3770.64 1.08994672677
3773.39 1.17229295705
3776.14 1.10804172373
3778.89 1.25070866681
3781.64 1.32372143194
3784.4 1.40099327505
3787.15 1.37775087814
3789.9 1.3686242825
3792.65 1.17078402657
3795.41 1.09476556927
3798.16 1.06406370153
3800.91 1.05558205198
3803.66 1.1005579153
3806.41 1.16648844222
3809.17 1.32822388579
3811.92 1.47863018198
3814.67 1.38006294904
3817.42 1.35974106274
3820.17 1.35560367272
3822.93 1.20490532548
3825.68 1.2067306446
3828.43 1.1112299478
3831.18 1.05934220938
3833.94 0.951745731156
3836.69 0.957793621868
3839.44 0.918013833662
3842.19 0.946549656037
3844.94 1.13132062701
3847.7 1.2890403685
3850.45 1.32140936105
3853.2 1.37629062284
3855.95 1.43470083495
3858.71 1.34611201325
3861.46 1.37787256609
3864.21 1.39576069355
3866.96 1.50540152919
3869.71 1.48787846556
3872.47 1.48191575641
3875.22 1.40963311892
3877.97 1.31471652424
3880.72 1.33163114817
3883.47 1.21352083176
3886.23 1.18780816964
3888.98 1.1114489861
3891.73 1.05789412287
3894.48 1.16635458548
3897.24 1.23805312085
3899.99 1.32469493548
3902.74 1.41948984221
3905.49 1.43822978527
3908.24 1.47838680609
3911.0 1.54093440823
3913.75 1.63183530082
3916.5 1.54275972736
3919.25 1.53338975583
3922.0 1.50235933065
3924.76 1.41060662246
3927.51 1.32153104899
3930.26 1.13688176596
3933.01 0.97435535076
3935.77 0.90310706078
3938.52 1.00515456885
3941.27 1.22929158903
3944.02 1.33284802759
3946.77 1.38395696318
3949.53 1.39916795592
3952.28 1.53813558556
3955.03 1.56916601075
3957.78 1.53326806789
3960.53 1.40440053742
3963.29 1.19793260641
3966.04 1.02060893747
3968.79 0.84184935083
3971.54 0.818546109957
3974.3 0.911673891889
3977.05 1.11405310806
3979.8 1.34501682177
3982.55 1.44832988444
3985.3 1.55590202508
3988.06 1.69353108736
3990.81 1.69937210858
3993.56 1.71835542751
3996.31 1.73648693085
3999.07 1.75157623565
4001.82 1.78917780969
4004.57 1.79854778122
4007.32 1.77713070345
4010.07 1.79100312882
4012.83 1.84101687294
4015.58 1.87618468815
4018.33 1.92863219111
4021.08 1.92376467343
4023.83 1.87508949667
4026.59 1.8536724189
4029.34 1.8281179511
4032.09 1.82422393696
4034.84 1.84199037648
4037.6 1.85476761038
4040.35 1.87411599314
4043.1 1.89005711353
4045.85 1.85501098626
4048.6 1.81570578103
4051.36 1.85428085861
4054.11 1.89090892912
4056.86 1.81108163924
4059.61 1.82860470287
4062.36 1.81509734132
4065.12 1.79319351178
4067.87 1.80755268892
4070.62 1.79343688766
4073.37 1.81631422074
4076.13 1.77335837725
4078.88 1.73673030674
4081.63 1.78905612175
4084.38 1.81582746897
4087.13 1.82227692989
4089.89 1.80657918539
4092.64 1.78272834877
4095.39 1.69085395264
4098.14 1.53351144377
4100.9 1.44747806885
4103.65 1.39965470769
4106.4 1.45161545888
4109.15 1.562351486
4111.9 1.65763314451
4114.66 1.73295798054
4117.41 1.78175484524
4120.16 1.80378036272
4122.91 1.83931324176
4125.66 1.82239861783
4128.42 1.79514051885
4131.17 1.77360175313
4133.92 1.8281179511
4136.67 1.86206888689
4139.43 1.87095210665
4142.18 1.85939175217
4144.93 1.84065180912
4147.68 1.82653600786
4150.43 1.82799626316
4153.19 1.85123866006
4155.94 1.87375092931
4158.69 1.83955661764
4161.44 1.86085200747
4164.19 1.92157429048
4166.95 1.87898351081
4169.7 1.84259881619
4172.45 1.86048694365
4175.2 1.80000803652
4177.96 1.73928575352
4180.71 1.77481863255
4183.46 1.82166849018
4186.21 1.85574111391
4188.96 1.86000019188
4191.72 1.87521118461
4194.47 1.83906986587
4197.22 1.81899135546
4199.97 1.79416701531
4202.73 1.77919939846
4205.48 1.79258507207
4208.23 1.8423554403
4210.98 1.88153895759
4213.73 1.90551148215
4216.49 1.91755858839
4219.24 1.90599823391
4221.99 1.88640647527
4224.74 1.80378036272
4227.49 1.75327986684
4230.25 1.75620037744
4233.0 1.80268517124
4235.75 1.8356626035
4238.5 1.85379410684
4241.26 1.89589813474
4244.01 1.88774504263
4246.76 1.90502473038
4249.51 1.88458115614
4252.26 1.84199037648
4255.02 1.81473227749
4257.77 1.86401589396
4260.52 1.8559844898
4263.27 1.87667143992
4266.02 1.87350755343
4268.78 1.88372934055
4271.53 1.85671461745
4274.28 1.77274993754
4277.03 1.79477545502
4279.79 1.85537605009
4282.54 1.85488929832
4285.29 1.86219057483
4288.04 1.77579213609
4290.79 1.73685199468
4293.55 1.69937210858
4296.3 1.67685983932
4299.05 1.69000213705
4301.8 1.60713264862
4304.55 1.50491477743
4307.31 1.50674009655
4310.06 1.53837896145
4312.81 1.59800605298
4315.56 1.72772539904
4318.32 1.88701491498
4321.07 1.92729362375
4323.82 1.8589050004
4326.57 1.80901294422
4329.32 1.80232010742
4332.08 1.830430022
4334.83 1.81704434839
4337.58 1.74439664708
4340.33 1.66164884659
4343.09 1.62222195341
4345.84 1.60092656358
4348.59 1.6651777969
4351.34 1.78577054732
4354.09 1.81315033425
4356.85 1.86012187982
4359.6 1.93118763789
4362.35 2.00553897039
4365.1 2.02269697019
4367.85 2.03109343818
4370.61 2.09364104032
4373.36 1.98485202026
4376.11 1.97292660196
4378.86 1.96197468719
4381.62 1.90672836157
4384.37 1.88372934055
4387.12 1.81205514277
4389.87 1.87387261725
4392.62 1.83347222054
4395.38 1.9294840067
4398.13 1.97572542462
4400.88 2.01612582133
4403.63 1.91025731188
4406.38 1.91561158132
4409.14 1.90210421977
4411.89 2.0128402469
4414.64 1.9768206161
4417.39 2.01125830365
4420.15 2.02659098433
4422.9 2.00091482859
4425.65 2.01089323983
4428.4 2.0247656652
4431.15 2.03182356583
4433.91 1.98631227557
4436.66 2.04447911179
4439.41 2.04326223237
4442.16 2.07526616109
4444.91 2.05920335276
4447.67 2.12065576342
4450.42 2.09814349417
4453.17 2.05749972157
4455.92 2.03851640264
4458.68 1.92084416283
4461.43 1.97621217639
4464.18 1.97499529697
4466.93 2.03206694172
4469.68 2.01077155189
4472.44 2.07100708313
4475.19 2.12625340875
4477.94 2.15606695451
4480.69 2.1749285855
4483.45 2.09875193388
4486.2 2.09631817504
4488.95 2.1066616501
4491.7 2.17042613165
4494.45 2.14535841562
4497.21 2.14097764972
4499.96 2.15618864245
4502.71 2.25439081156
4505.46 2.28310916585
4508.21 2.3657352784
4510.97 2.2373544997
4513.72 2.30756844217
4516.47 2.20973133689
4519.22 2.21240847161
4521.98 2.17225145078
4524.73 2.1630031672
4527.48 2.14292465679
4530.23 2.02926811906
4532.98 2.03401394879
4535.74 2.04447911179
4538.49 2.08646145175
4541.24 2.16543692604
4543.99 2.14815723829
4546.74 2.1284437917
4549.5 2.13294624555
4552.25 2.12187264284
4555.0 2.12162926695
4557.75 2.17225145078
4560.51 2.2411268259
4563.26 2.209487961
4566.01 2.18076960672
4568.76 2.22275194667
4571.51 2.20790601776
4574.27 2.23747618764
4577.02 2.23978825853
4579.77 2.22822790405
4582.52 2.23759787558
4585.28 2.15509345098
4588.03 2.13696194763
4590.78 2.22482064168
4593.53 2.24599434357
4596.28 2.19573722357
4599.04 2.17553702521
4601.79 2.15728383393
4604.54 2.18064791877
4607.29 2.21751936517
4610.04 2.25658119452
4612.8 2.26887167665
4615.55 2.28980200265
4618.3 2.30160573302
4621.05 2.29649483946
4623.81 2.32253605902
4626.56 2.2943044565
4629.31 2.29612977563
4632.06 2.32229268314
4634.81 2.25633781863
4637.57 2.19391190444
4640.32 2.20389031568
4643.07 2.17821415994
4645.82 2.15789227364
4648.57 2.12248108255
4651.33 2.12284614637
4654.08 2.17468520962
4656.83 2.17882259965
4659.58 2.1952504718
4662.34 2.20401200362
4665.09 2.21265184749
4667.84 2.14085596177
4670.59 2.10410620332
4673.34 2.12576665698
4676.1 2.18320336555
4678.85 2.19792760652
4681.6 2.21155665602
4684.35 2.1644634225
4687.1 2.17127794725
4689.86 2.16422004662
4692.61 2.18636725204
4695.36 2.18636725204
4698.11 2.15083437301
4700.87 2.09522298356
4703.62 2.10507970686
4706.37 2.08049874259
4709.12 2.0706420193
4711.87 2.13732701146
4714.63 2.15570189068
4717.38 2.20109149301
4720.13 2.23966657059
4722.88 2.24538590386
4725.64 2.21581573398
4728.39 2.21630248575
4731.14 2.17395508197
4733.89 2.17821415994
4736.64 2.17906597553
4739.4 2.18575881233
4742.15 2.19744085476
4744.9 2.21399041485
4747.65 2.21800611694
4750.4 2.24489915209
4753.16 2.22725440052
4755.91 2.22701102464
4758.66 2.18916607471
4761.41 2.18515037262
4764.17 2.14888736594
4766.92 2.09863024594
4769.67 2.12880885553
4772.42 2.18527206057
4775.17 2.21520729427
4777.93 2.22761946435
4780.68 2.21764105311
4783.43 2.22433388991
4786.18 2.19013957824
4788.93 2.17310326638
4791.69 2.19987461359
4794.44 2.2545124995
4797.19 2.26278727955
4799.94 2.27763320846
4802.7 2.25852820159
4805.45 2.23796293941
4808.2 2.23236529408
4810.95 2.25414743568
4813.7 2.26181377602
4816.46 2.24234370531
4819.21 2.25998845689
4821.96 2.29552133592
4824.71 2.28298747791
4827.46 2.24015332236
4830.22 2.2237254502
4832.97 2.20729757805
4835.72 2.21350366309
4838.47 2.23662437205
4841.23 2.21082652836
4843.98 2.20389031568
4846.73 2.14754879858
4849.48 2.1359884441
4852.23 2.08780001911
4854.99 2.04168028913
4857.74 2.00249677184
4860.49 1.97219647431
4863.24 1.94542512709
4866.0 1.91317782249
4868.75 1.92656349609
4871.5 1.98229657348
4874.25 1.95820236099
4877.0 1.98740746704
4879.76 2.04812975005
4882.51 2.13051248671
4885.26 2.11079904013
4888.01 2.0953446715
4890.76 2.08816508293
4893.52 2.15509345098
4896.27 2.21751936517
4899.02 2.28797668353
4901.77 2.27398257021
4904.53 2.25268718038
4907.28 2.25804144982
4910.03 2.25037510948
4912.78 2.27057530783
4915.53 2.20595901069
4918.29 2.18405518115
4921.04 2.12564496904
4923.79 2.09218078502
4926.54 2.12077745136
4929.29 2.2208049396
4932.05 2.28846343529
4934.8 2.26522103839
4937.55 2.23017491113
4940.3 2.18880101088
4943.06 2.19926617388
4945.81 2.24891485418
4948.56 2.29612977563
4951.31 2.30063222948
4954.06 2.31413959103
4956.82 2.30574312304
4959.57 2.27945852759
4962.32 2.29223576149
4965.07 2.27349581844
4967.82 2.24940160594
4970.58 2.22494232962
4973.33 2.23492074086
4976.08 2.23467736498
4978.83 2.21216509572
4981.59 2.14012583412
4984.34 2.11749187693
4987.09 2.11931719606
4989.84 2.13233780584
4992.59 2.14730542269
4995.35 2.18588050027
4998.1 2.19159983354
5000.85 2.2065674504
5003.6 2.20169993272
5006.36 2.27167049931
5009.11 2.31620828605
5011.86 2.2568245704
5014.61 2.15631033039
5017.36 2.0947362318
5020.12 2.04155860119
5022.87 2.09120728148
5025.62 2.10021218918
5028.37 2.13258118172
5031.12 2.18867932294
5033.88 2.20693251422
5036.63 2.2103397766
5039.38 2.09485791974
5042.13 2.07672641639
5044.89 2.11505811809
5047.64 2.0863397638
5050.39 2.1441415362
5053.14 2.19768423064
5055.89 2.20340356391
5058.65 2.23942319471
5061.4 2.28116215878
5064.15 2.26850661282
5066.9 2.24489915209
5069.65 2.15059099713
5072.41 2.16129953601
5075.16 2.17383339403
5077.91 2.16665380546
5080.66 2.12199433078
5083.42 2.09266753678
5086.17 2.0924241609
5088.92 2.15752720981
5091.67 2.2132602872
5094.42 2.19695410299
5097.18 2.16373329485
5099.93 2.11517980603
5102.68 2.14681867093
5105.43 2.14182946531
5108.18 2.13464987674
5110.94 2.12856547964
5113.69 2.13878726676
5116.44 2.16762730899
5119.19 2.22202181902
5121.95 2.19804929446
5124.7 2.13489325262
5127.45 2.08013367877
5130.2 2.07952523906
5132.95 2.13428481291
5135.71 2.11700512516
5138.46 2.10629658628
5141.21 2.069181764
5143.96 2.06090698395
5146.72 2.06906007605
5149.47 2.06808657252
5152.22 2.07380590579
5154.97 2.06248892719
5157.72 2.0886518347
5160.48 2.12686184846
5163.23 2.09230247296
5165.98 2.01563906956
5168.73 1.90405122684
5171.48 1.81984317105
5174.24 1.80621412156
5176.99 1.84308556795
5179.74 1.89528969503
5182.49 1.92814543934
5185.25 1.92814543934
5188.0 1.910013936
5190.75 1.98485202026
5193.5 2.01868126811
5196.25 2.05859491305
5199.01 2.11140747983
5201.76 2.12625340875
5204.51 2.11347617485
5207.26 2.06504437397
5210.01 2.01308362278
5212.77 2.03596095586
5215.52 2.0811071823
5218.27 2.12576665698
5221.02 2.16531523809
5223.78 2.16178628778
5226.53 2.10532308274
5229.28 2.11140747983
5232.03 2.15326813185
5234.78 2.129904047
5237.54 2.19537215974
5240.29 2.2193446843
5243.04 2.24794135064
5245.79 2.23613762028
5248.55 2.20157824478
5251.3 2.17906597553
5254.05 2.15217294037
5256.8 2.21289522338
5259.55 2.16628874163
5262.31 2.12077745136
5265.06 2.05920335276
5267.81 2.01308362278
5270.56 1.98740746704
5273.31 1.99556055915
5276.07 2.07976861494
5278.82 2.16142122395
5281.57 2.22117000342
5284.32 2.23333879761
5287.08 2.26522103839
5289.83 2.2966165274
5292.58 2.33446147733
5295.33 2.33531329292
5298.08 2.27495607374
5300.84 2.22725440052
5303.59 2.25280886832
5306.34 2.3491857183
5309.09 2.38338002997
5311.84 2.39262831356
5314.6 2.38873429942
5317.35 2.36877747694
5320.1 2.35417492392
5322.85 2.31937217253
5325.61 2.238814755
5328.36 2.18940945059
5331.11 2.18356842938
5333.86 2.2373544997
5336.61 2.2966165274
5339.37 2.30951544924
5342.12 2.28980200265
5344.87 2.27057530783
5347.62 2.29065381825
5350.37 2.3567303707
5353.13 2.32582163346
5355.88 2.39615726387
5358.63 2.4737941708
5361.38 2.43412390174
5364.14 2.44093842649
5366.89 2.35685205864
5369.64 2.30136235713
5372.39 2.28079709495
5375.14 2.29649483946
5377.9 2.36768228547
5380.65 2.39676570358
5383.4 2.39627895181
5386.15 2.4032151645
5388.91 2.35879906571
5391.66 2.32496981786
5394.41 2.2943044565
5397.16 2.26485597457
5399.91 2.24185695355
5402.67 2.22871465582
5405.42 2.22409051403
5408.17 2.20230837243
5410.92 2.20693251422
5413.67 2.25280886832
5416.43 2.27532113757
5419.18 2.29552133592
5421.93 2.33397472556
5424.68 2.33957237089
5427.44 2.29844184653
5430.19 2.2643692228
5432.94 2.2402750103
5435.69 2.24356058473
5438.44 2.28408266938
5441.2 2.32557825757
5443.95 2.29539964798
5446.7 2.28663811616
5449.45 2.31000220101
5452.2 2.27459100992
5454.96 2.26522103839
5457.71 2.28834174735
5460.46 2.28371760556
5463.21 2.25329562009
5465.97 2.2733741305
5468.72 2.28578630057
5471.47 2.28931525089
5474.22 2.27361750638
5476.97 2.24526421592
5479.73 2.23248698202
5482.48 2.27118374754
5485.23 2.3274035767
5487.98 2.31669503781
5490.73 2.29917197418
5493.49 2.27811996023
5496.24 2.31048895278
5498.99 2.28420435733
5501.74 2.28724655587
5504.5 2.31791191723
5507.25 2.28578630057
5510.0 2.27507776168
5512.75 2.3056214351
5515.5 2.31146245631
5518.26 2.32813370435
5521.01 2.33969405883
5523.76 2.35161947714
5526.51 2.33738198794
5529.27 2.31779022929
5532.02 2.29795509476
5534.77 2.3236312505
5537.52 2.34419651268
5540.27 2.38082458319
5543.03 2.37741732082
5545.78 2.37413174639
5548.53 2.37583537757
5551.28 2.37401005845
5554.03 2.36159788837
5556.79 2.36111113661
5559.54 2.33969405883
5562.29 2.26607285398
5565.04 2.28943693883
5567.8 2.36415333515
5570.55 2.26339571926
5573.3 2.29345264091
5576.05 2.25694625834
5578.8 2.28748993176
5581.56 2.35721712246
5584.31 2.28128384672
5587.06 2.18125635848
5589.81 2.21374703897
5592.56 2.17797078405
5595.32 2.17419845785
5598.07 2.17736234434
5600.82 2.26522103839
5603.57 2.22421220197
5606.33 2.2771464567
5609.08 2.29211407355
5611.83 2.36025932101
5614.58 2.32180593137
5617.33 2.30245754861
5620.09 2.27787658435
5622.84 2.26655960575
5625.59 2.27592957728
5628.34 2.28797668353
5631.09 2.30671662658
5633.85 2.3431013212
5636.6 2.35137610125
5639.35 2.27824164817
5642.1 2.31413959103
5644.86 2.30257923655
5647.61 2.29600808769
5650.36 2.32837708024
5653.11 2.35113272537
5655.86 2.33385303762
5658.62 2.30854194571
5661.37 2.27568620139
5664.12 2.29600808769
5666.87 2.29564302387
5669.63 2.30622987481
5672.38 2.32825539229
5675.13 2.33093252701
5677.88 2.36829072518
5680.63 2.39372350503
5683.39 2.39469700857
5686.14 2.39250662561
5688.89 2.2966165274
5691.64 2.33580004469
5694.39 2.36561359046
5697.15 2.3814330229
5699.9 2.35356648421
5702.65 2.31243595985
5705.4 2.35697374658
5708.16 2.30549974716
5710.91 2.24270876914
5713.66 2.26935842842
5716.41 2.33993743472
5719.16 2.35417492392
5721.92 2.40759593041
5724.67 2.42280692315
5727.42 2.44483244063
5730.17 2.45274215685
5732.92 2.38593547675
5735.68 2.38617885264
5738.43 2.41574902252
5741.18 2.42560574581
5743.93 2.42463224227
5746.69 2.41769602959
5749.44 2.37960770377
5752.19 2.40151153331
5754.94 2.39883439859
5757.69 2.4032151645
5760.45 2.35344479627
5763.2 2.34906403036
5765.95 2.36208464014
5768.7 2.38191977467
5771.45 2.43607090881
5774.21 2.44544088034
5776.96 2.34602183181
5779.71 2.38398846968
5782.46 2.30391780391
5785.22 2.27021024401
5787.97 2.2312701026
5790.72 2.30026716566
5793.47 2.33446147733
5796.22 2.35855568983
5798.98 2.3506459736
5801.73 2.34224950561
5804.48 2.40796099423
5807.23 2.37145461167
5809.99 2.42463224227
5812.74 2.41660083811
5815.49 2.38045951937
5818.24 2.37340161874
5820.99 2.44179024208
5823.75 2.44860476683
5826.5 2.47245560344
5829.25 2.39846933477
5832.0 2.38216315055
5834.75 2.40479710775
5837.51 2.4287696323
5840.26 2.40662242687
5843.01 2.4159923984
5845.76 2.46770977371
5848.52 2.37254980314
5851.27 2.37595706552
5854.02 2.31559984634
5856.77 2.26631622987
5859.52 2.3221709952
5862.28 2.27203556314
5865.03 2.32789032847
5867.78 2.39518376034
5870.53 2.38204146261
5873.28 2.38447522145
5876.04 2.37352330668
5878.79 2.37595706552
5881.54 2.34030249854
5884.29 2.25779807394
5887.05 2.15862240129
5889.8 2.07782160787
5892.55 2.00894623276
5895.3 1.88166064554
5898.05 1.94700707033
5900.81 1.94956251711
5903.56 2.08804339499
5906.31 2.17699728052
5909.06 2.31036726483
5911.82 2.2620571519
5914.57 2.27422594609
5917.32 2.29953703801
5920.07 2.27240062696
5922.82 2.22956647142
5925.58 2.32375293844
5928.33 2.32910720789
5931.08 2.34383144886
5933.83 2.38313665409
5936.58 2.39786089506
5939.34 2.37729563288
5942.09 2.31669503781
5944.84 2.32569994551
5947.59 2.35259298067
5950.35 2.36208464014
5953.1 2.32789032847
5955.85 2.31377452721
5958.6 2.31304439956
5961.35 2.33227109438
5964.11 2.35101103743
5966.86 2.36366658338
5969.61 2.3529580445
5972.36 2.37048110813
5975.11 2.37303655491
5977.87 2.34590014387
5980.62 2.32789032847
5983.37 2.26424753486
5986.12 2.25390405979
5988.88 2.3056214351
5991.63 2.32302281079
5994.38 2.35076766154
5997.13 2.33592173263
5999.88 2.35648699481
6002.64 2.32752526464
6005.39 2.34249288149
6008.14 2.32484812992
6010.89 2.31207089602
6013.64 2.307933506
6016.4 2.28225735026
6019.15 2.27568620139
6021.9 2.29564302387
6024.65 2.30379611597
6027.41 2.32448306609
6030.16 2.36427502309
6032.91 2.35527011539
6035.66 2.38544872498
6038.41 2.39457532063
6041.17 2.34991584595
6043.92 2.32326618668
6046.67 2.34699533535
6049.42 2.41319357574
6052.18 2.41039475307
6054.93 2.37461849816
6057.68 2.38313665409
6060.43 2.35015922183
6063.18 2.34784715094
6065.94 2.31255764779
6068.69 2.30282261244
6071.44 2.37985107966
6074.19 2.38982949089
6076.94 2.36415333515
6079.7 2.3506459736
6082.45 2.36524852663
6085.2 2.32667344905
6087.95 2.33713861205
6090.71 2.30501299539
6093.46 2.29734665505
6096.21 2.32703851287
6098.96 2.29600808769
6101.71 2.2989285983
6104.47 2.30549974716
6107.22 2.27824164817
6109.97 2.28408266938
6112.72 2.3514977892
6115.47 2.39688739152
6118.23 2.28980200265
6120.98 2.31596491016
6123.73 2.2643692228
6126.48 2.27081868372
6129.24 2.29077550619
6131.99 2.30647325069
6134.74 2.38009445554
6137.49 2.37656550523
6140.24 2.24173526561
6143.0 2.26887167665
6145.75 2.33166265467
6148.5 2.31572153428
6151.25 2.26887167665
6154.0 2.26096196042
6156.76 2.23078335083
6159.51 2.21106990425
6162.26 2.14949580565
6165.01 2.1351366285
6167.77 2.15034762124
6170.52 2.18819257117
6173.27 2.21046146454
6176.02 2.19865773417
6178.77 2.24441240033
6181.53 2.23309542173
6184.28 2.23662437205
6187.03 2.1952504718
6189.78 2.18612387616
6192.54 2.18928776265
6195.29 2.20401200362
6198.04 2.25864988953
6200.79 2.28542123675
6203.54 2.26084027248
6206.3 2.30197079684
6209.05 2.31645166193
6211.8 2.28298747791
6214.55 2.18490699674
6217.3 2.17784909611
6220.06 2.14998255742
6222.81 2.19890111006
6225.56 2.22068325166
6228.31 2.1923299612
6231.07 2.1269835364
6233.82 2.13878726676
6236.57 2.17772740817
6239.32 2.249279918
6242.07 2.19123476972
6244.83 2.14134271354
6247.58 2.148765678
6250.33 2.11104241601
6253.08 2.12661847257
6255.83 2.11883044429
6258.59 2.11128579189
6261.34 2.17882259965
6264.09 2.20096980507
6266.84 2.1877058194
6269.6 2.22190013108
6272.35 2.24149188972
6275.1 2.26339571926
6277.85 2.24964498183
6280.6 2.19488540798
6283.36 2.22810621611
6286.11 2.15424163538
6288.86 2.1975625427
6291.61 2.26887167665
6294.36 2.27945852759
6297.12 2.21046146454
6299.87 2.24489915209
6302.62 2.3889776753
6305.37 2.41319357574
6308.13 2.28347422968
6310.88 2.15618864245
6313.63 2.16787068487
6316.38 2.26680298164
6319.13 2.21995312401
6321.89 2.23467736498
6324.64 2.18076960672
6327.39 2.25061848536
6330.14 2.24648109534
6332.9 2.29114057001
6335.65 2.23467736498
6338.4 2.17419845785
6341.15 2.27459100992
6343.9 2.23297373379
6346.66 2.24830641447
6349.41 2.31280102367
6352.16 2.20839276953
6354.91 2.24185695355
6357.66 2.25524262716
6360.42 2.23139179054
6363.17 2.24270876914
6365.92 2.27775489641
6368.67 2.31937217253
6371.43 2.22688933669
6374.18 2.28408266938
6376.93 2.33677354823
6379.68 2.30842025776
6382.43 2.26887167665
6385.19 2.34626520769
6387.94 2.27434763403
6390.69 2.34443988857
6393.44 2.34882065447
6396.19 2.33835549147
6398.95 2.25001004565
6401.7 2.26753310929
6404.45 2.25512093921
6407.2 2.27751152052
6409.96 2.22920140759
6412.71 2.25804144982
6415.46 2.2762946411
6418.21 2.28919356294
6420.96 2.27276569079
6423.72 2.29759003094
6426.47 2.24696784711
6429.22 2.31547815839
6431.97 2.28140553466
6434.73 2.30501299539
6437.48 2.21569404604
6440.23 2.25499925127
6442.98 2.32910720789
6445.73 2.30026716566
6448.49 2.31645166193
6451.24 2.29491289621
6453.99 2.26424753486
6456.74 2.24599434357
6459.49 2.29612977563
6462.25 2.31523478251
6465.0 2.28250072614
6467.75 2.32618669728
6470.5 2.31353115132
6473.26 2.30610818687
6476.01 2.2989285983
6478.76 2.249279918
6481.51 2.26120533631
6484.26 2.28834174735
6487.02 2.30306598832
6489.77 2.27325244256
6492.52 2.28542123675
6495.27 2.19086970589
6498.02 2.18198648613
6500.78 2.23930150677
6503.53 2.25877157747
6506.28 2.27264400285
6509.03 2.28590798851
6511.79 2.28748993176
6514.54 2.28444773321
6517.29 2.29114057001
6520.04 2.28712486793
6522.79 2.32862045612
6525.55 2.32764695258
6528.3 2.34723871123
6531.05 2.35904244159
6533.8 2.33081083907
6536.55 2.34030249854
6539.31 2.34821221476
6542.06 2.37899926406
6544.81 2.44702282358
6547.56 2.56725051018
6550.32 2.61811606989
6553.07 2.52307778727
6555.82 2.47038690843
6558.57 2.49618475211
6561.32 2.62456553081
6564.08 2.85674612395
6566.83 2.82827114554
6569.58 2.61653412664
6572.33 2.35490505157
6575.09 2.26485597457
6577.84 2.40990800131
6580.59 2.64634767241
6583.34 2.95628686042
6586.09 3.07140365345
6588.85 2.88728979736
6591.6 2.53987072325
6594.35 2.35174116508
6597.1 2.27021024401
6599.85 2.25499925127
6602.61 2.2928442012
6605.36 2.30172742096
6608.11 2.28590798851
6610.86 2.21958806018
6613.62 2.2402750103
6616.37 2.20778432982
6619.12 2.24830641447
6621.87 2.30915038542
6624.62 2.28517786086
6627.38 2.26741142135
6630.13 2.27446932198
6632.88 2.24818472653
6635.63 2.24623771946
6638.38 2.23613762028
6641.14 2.25195705272
6643.89 2.24757628682
6646.64 2.30671662658
6649.39 2.27933683965
6652.15 2.28542123675
6654.9 2.26607285398
6657.65 2.27568620139
6660.4 2.25621613069
6663.15 2.27021024401
6665.91 2.2193446843
6668.66 2.21374703897
6671.41 2.23163516643
6674.16 2.29406108062
6676.91 2.268141549
6679.67 2.22907971965
6682.42 2.2013348689
6685.17 2.23613762028
6687.92 2.26643791781
6690.68 2.29637315152
6693.43 2.29028875442
6696.18 2.28128384672
6698.93 2.23832800323
6701.68 2.21983143606
6704.44 2.24976666977
6707.19 2.24283045708
6709.94 2.2545124995
6712.69 2.33531329292
6715.45 2.40564892334
6718.2 2.46296394397
6720.95 2.44750957535
6723.7 2.34699533535
6726.45 2.31267933573
6729.21 2.34066756237
6731.96 2.41927797283
6734.71 2.41343695162
6737.46 2.30598649893
6740.21 2.22348207432
6742.97 2.20863614541
6745.72 2.17334664226
6748.47 2.16604536575
6751.22 2.17249482667
6753.98 2.2057156348
6756.73 2.24368227268
6759.48 2.24502084004
6762.23 2.268141549
6764.98 2.24940160594
6767.74 2.21642417369
6770.49 2.2260375211
6773.24 2.22092662754
6775.99 2.19804929446
6778.74 2.21605910987
6781.5 2.19719747887
6784.25 2.21265184749
6787.0 2.16847912458
6789.75 2.18235154996
6792.51 2.17675390463
6795.26 2.19452034415
6798.01 2.17103457136
6800.76 2.18356842938
6803.51 2.25487756333
6806.27 2.36415333515
6809.02 2.2335821735
6811.77 2.2004830533
6814.52 2.21496391839
6817.27 2.20912289718
6820.03 2.17614546492
6822.78 2.21131328013
6825.53 2.23589424439
6828.28 2.18040454289
6831.04 2.21277353543
6833.79 2.31109739249
6844.48 2.21289522338
6860.26 2.1824732379
6876.07 2.18235154996
6891.93 2.1081219054
6907.81 2.17711896846
6923.74 2.1720080749
6939.7 2.2327303579
6955.7 2.23784125146
6971.73 2.24806303858
6987.8 2.16665380546
7003.91 2.24794135064
7020.06 2.22713271258
7036.24 2.2373544997
7052.46 2.28943693883
7068.72 2.12661847257
7085.01 2.20632407451
7101.35 2.07806498376
7117.72 2.05421414714
7134.12 2.03997665794
7150.57 2.05871660099
7167.05 2.06820826046
7183.57 2.03036331053
7200.14 1.96586870133
7216.73 2.04423573591
7233.37 2.13063417465
7250.04 2.09643986298
7266.76 2.12065576342
7283.51 2.10118569272
7300.3 2.03437901261
7317.13 2.12527990521
7334.0 2.14487166386
7350.9 2.19476372003
7367.85 2.19963123771
7384.83 2.28736824382
7401.86 2.24039669824
7418.92 2.22482064168
7436.02 2.29759003094
7453.16 2.20936627306
7470.34 2.17395508197
7487.57 2.2762946411
7504.83 2.26570779016
7522.12 2.29710327917
7539.47 2.26023183277
7556.85 2.31815529312
7574.27 2.27045361989
7591.73 2.27033193195
7609.23 2.25463418745
7626.77 2.11870875635
7644.35 2.20814939364
7661.97 2.1929384009
7679.64 2.15278138008
7697.34 2.13781376323
7715.08 2.12308952226
7732.87 2.09376272826
7750.69 2.07453603344
7768.56 2.08877352264
7786.47 2.06954682782
7804.42 2.06942513988
7822.41 2.14706204681
7840.44 2.04082847354
7858.52 2.08828677087
7876.63 2.1269835364
7894.79 2.13671857175
7912.99 2.0976567424
7931.23 2.04983338124
7949.52 2.01223180719
7967.84 2.05433583509
7986.21 2.05895997688
8004.62 2.03997665794
8023.07 2.13112092642
8041.57 2.15570189068
8060.1 2.13087755054
8078.69 2.04898156564
8097.31 2.1014290686
8115.97 2.10130738066
8134.68 2.11578824574
8153.44 2.08670482763
8172.23 1.93386477261
8191.07 2.00176664419
8209.95 2.03888146646
8228.88 2.03413563673
8247.85 2.14949580565
8266.86 2.08122887024
8285.92 2.04788637417
8305.02 2.04301885649
8324.17 2.07611797668
8343.35 1.98716409116
8362.59 2.08074211848
8381.87 2.05202376419
8401.19 2.08049874259
8420.55 2.02367047373
8439.97 2.1043495792
8459.42 2.00493053068
8478.92 1.94128773706
8498.47 2.03267538143
8518.06 2.02318372196
8537.69 1.97706399198
8557.37 1.8281179511
8577.1 2.00894623276
8596.88 1.99957626123
8616.69 1.98570383586
8636.56 2.00858116893
8656.47 1.93143101377
8676.42 1.8191130434
8696.42 1.83164690142
8716.47 1.97609048845
8736.56 1.98509539615
8756.7 1.97134465871
8776.89 1.97122297077
8797.12 2.02634760845
8817.4 1.82677938374
8837.73 1.99373524002
8858.1 1.98911109823
8878.52 1.86048694365
8898.99 1.91695014869
8919.5 1.90794524098
8940.06 1.89480294326
8960.67 1.89030048941
8981.33 1.80511893008
9002.03 1.70801195245
9022.78 1.76386671778
9043.59 1.99726419034
9064.43 2.03425732467
9085.33 1.96964102753
9106.27 1.93800216263
9127.27 1.74317976766
9148.3 1.82106005047
9169.39 1.89796682975
9190.53 1.89784514181
9211.72 1.90210421977
9232.95 1.82896976669
9254.24 1.82045161076
9275.57 1.95053602065
9296.95 1.77068124253
9318.39 1.91037899982
9339.87 1.91463807779
9361.39 1.87959195052
9382.97 1.910013936
9404.61 1.8664496528
9426.29 1.92303454578
9448.01 1.89224749648
9469.8 1.94067929735
9491.63 1.94055760941
9513.5 1.89626319856
9535.44 1.90928380835
9557.42 1.86146044718
9579.45 1.89589813474
9601.54 1.90453797861
9623.67 1.91317782249
9645.85 1.88251246113
9668.09 1.88239077319
9690.38 1.90843199275
9712.71 1.87788831934
9735.1 1.85622786568
9757.55 1.8475880218
9780.04 1.8559844898
9802.58 1.87740156757
9825.18 1.86012187982
9847.83 1.86851834781
9870.53 1.85561942597
9893.28 1.85549773803
9916.09 1.83833973822
9938.95 1.85525436214
9961.86 1.85939175217
9984.83 1.85501098626
10030.92 1.85902668834
10077.21 1.8333505326
10123.73 1.86717978045
10170.46 1.84977840476
10217.4 1.86243395072
10264.57 1.87083041871
10288.23 1.86206888689
10503.66 1.79781765357
10698.93 1.71604335662
10897.85 1.66919349899
11100.45 1.58316012406
11306.82 1.56137798247
11490.54 1.56137798247
11704.17 1.5187872028
11894.34 1.4505202674
12087.61 1.43384901936
12312.35 1.41425726071
12512.4 1.36935441015
12686.47 1.33503841054
12892.61 1.30765862361
13102.09 1.283807787
13314.99 1.2402435038
13500.22 1.21202407008
13688.02 1.18990120224
13910.44 1.13897479856
14103.95 1.08270629422
14300.16 1.06786036531
14499.08 1.07525899218
14700.78 1.03398244229
14905.29 1.04836595702
15112.65 1.05563072715
15287.65 1.07525899218
15500.32 1.06294417246
15715.95 1.04354711452
15897.94 1.00348744405
16082.02 1.00348744405
16305.74 0.998875471052
16494.56 0.985173408795
16685.56 0.978395390431
16917.68 0.967187930982
17113.56 0.947352796453
17311.73 0.910992439415
17512.2 0.880059364585
17714.98 0.840449939498
17920.1 0.802629327157
18085.92 0.761218920529
18295.35 0.738779664044
18507.2 0.712056992004
18721.49 0.676877008001
18894.73 0.65842911601
19113.52 0.649399870721
19290.37 0.628798102158
19513.74 0.603267971949
19694.31 0.582787891328
19922.34 0.563001431975
20106.69 0.554008693069
20292.74 0.535195737252
20480.5 0.529074833775
20717.65 0.515835185696
20909.36 0.505260503546
21102.82 0.49603655755
21298.09 0.485863445608
21495.15 0.475897203166
21694.05 0.460795729577
21894.79 0.452387092792
22097.37 0.43905009436
22301.84 0.426102497342
22508.21 0.416403968373
22716.46 0.405050483394
22873.93 0.361839095227
23085.57 0.357689536409
23299.18 0.312251258905
23514.75 0.292756850613
23677.76 0.296151944192
23896.84 0.271960381343
24117.96 0.261519555928
24285.15 0.256749388606
24509.84 0.237413174639
24679.75 0.232010230019
24908.1 0.194761551004
25080.76 0.191646339692
25312.82 0.192534661668
25488.29 0.19077018651
25724.12 0.194323474413
25902.44 0.190332109919
26081.98 0.189894033328
26323.32 0.184722295798
26505.77 0.182604925609
26689.52 0.178856936999
26874.51 0.176411009366
27123.19 0.173186278906
27311.18 0.169632991003
27500.51 0.166919349899
27691.12 0.162745453491
27883.08 0.160518564155
28076.35 0.157220820929
28270.98 0.154701880532
28532.55 0.151537994043
28730.34 0.14842278273
28929.48 0.146049867863
29130.02 0.143056344493
29331.93 0.140123665093
29467.31 0.137568218313
29671.58 0.135365666565
29877.24 0.132286961635
30084.36 0.130169591446
30292.88 0.127796676579
30502.88 0.126336421276
30714.3 0.124596283707
30927.18 0.122892652521
31069.96 0.121202407008
31285.31 0.119540149721
31502.19 0.117628432154
31720.54 0.116014850045
31866.94 0.114686017719
32087.85 0.11311259263
32310.26 0.111817832929
32534.24 0.111048765136
32684.4 0.111304309814
32910.98 0.113897479856
33062.88 0.112592985119
33292.04 0.106294417246
33522.83 0.102922444376
33677.56 0.100579951495
33911.02 0.0985173408795
34067.53 0.0967187930982
34303.66 0.0951721393567
34462.03 0.0934356524259
34700.89 0.0917295874805
34861.05 0.0902632477807
35102.72 0.0886155930474
35264.73 0.0869983602996
35509.19 0.0854103326579
35673.08 0.0838515101222
35920.34 0.0823218926925
36086.17 0.0810052291612
36336.29 0.0795267206672
36504.0 0.0780749835204
36672.52 0.0766500177208
36926.7 0.0750778095115
37097.13 0.0735384570465
37268.4 0.0725296640082
37526.71 0.0708783586367
37699.96 0.0699060719809
37873.96 0.0686295654704
38136.47 0.0673773965483
38312.53 0.0662992413831
38489.36 0.0650896632407
38667.0 0.0637547465181
38935.05 0.062735001565
39114.76 0.0615899180317
39295.29 0.0606054625818
39476.7 0.059363028695
39658.9 0.0582787891328
39933.78 0.0569523905661
40118.14 0.0561711539791
40303.3 0.0552730969679
40489.32 0.0541389653495
40676.24 0.0532737640826
40863.98 0.0524219484893
41147.22 0.0515835185696
41337.17 0.0508765116272
41527.96 0.0499468157511
41719.63 0.0491485428523
41912.24 0.0482517027205
42105.68 0.0474802011689
42300.02 0.0469362560686
42495.25 0.0460795729577
42691.43 0.0454480125393
42888.47 0.0437030074525
43086.42 0.0419287972596
43285.33 0.0417365303114
43485.12 0.0402263829525
43685.82 0.0394013387065
43887.5 0.0386821629699
44090.06 0.0375419469543
44293.55 0.0369408085213
44497.99 0.036434586683
44703.41 0.0355231439982
44909.74 0.035278551235
45117.02 0.0346348220224
45325.31 0.0340020447245
45534.5 0.0336905235933
45744.67 0.0333047728175
45850.11 0.0324724272949
46061.78 0.0323969807709
46274.38 0.0318798070179
46487.95 0.031441730427
46702.57 0.0312981386556
46918.12 0.030796784335
47134.67 0.0303745271766
47352.27 0.0303051650497
47461.42 0.0297514849141
47680.48 0.0294107586768
47900.55 0.0291418283252
48121.68 0.0286100520191
48343.78 0.0286100520191
48455.22 0.0280880107484
48678.86 0.0277022599726
48903.59 0.0273846544442
49129.3 0.0270719164336
49356.06 0.0268236730321
49469.83 0.0264549585682
49698.21 0.0262736435347
49927.59 0.0259122303473
50042.67 0.0256785894989
50273.7 0.0256140948897
50505.73 0.0254899731889
50738.84 0.0254826719124
50855.8 0.0254778043947
50973.03 0.0254145266649
51090.58 0.0253524658146
51208.34 0.0252891880848
51326.38 0.0252843205671
51444.69 0.0252210428373
51563.28 0.0252149584402
51682.14 0.0252088740431
51801.32 0.0252040065255
51920.73 0.0251395119163
52040.41 0.0250750173071
52160.37 0.02506893291
52280.6 0.0250044383008
52401.11 0.0249971370242
52521.9 0.0249898357477
52643.02 0.0250397278039
52764.37 0.0250896198601
52885.99 0.0249667150388
53007.9 0.0249010035501
53130.09 0.0248352920615
53252.55 0.0248851841177
53375.37 0.0248754490823
53498.4 0.0248669309264
53621.72 0.0248584127705
53745.32 0.0248486777351
53869.21 0.0248389426998
53993.38 0.0248292076644
54117.83 0.0248194726291
54242.64 0.024752544261
54367.68 0.0247428092257
54493.0 0.0247890506436
54618.61 0.0247780987288
54744.51 0.0247099534814
54870.69 0.0247561948993
54997.18 0.0247452429845
55124.01 0.0247342910697
55251.07 0.0247793156083
55378.43 0.0248815334794
55506.08 0.0247549780199
55634.03 0.0247440261051
55762.27 0.0248450270969
55890.87 0.0248328583027
56019.7 0.0248194726291
56148.83 0.0248644971676
56278.25 0.024851111494
56407.98 0.0248377258204
56538.01 0.0249387268121
56668.33 0.0249825344712
56799.01 0.0250263421303
56929.94 0.0250129564567
57061.17 0.0250555472364
57192.7 0.0252149584402
57324.53 0.0252587660993
57456.67 0.025301356879
57589.17 0.0253451645381
57721.92 0.0254461655298
57854.98 0.025548383401
57988.33 0.0256506012722
58122.0 0.0256931920519
58255.98 0.0258550370146
58390.26 0.0259584717652
58524.92 0.0261215336074
58659.82 0.026224968358
58795.04 0.0263892470795
58930.56 0.0266155866515
59066.4 0.0268431431028
59202.56 0.027073133313
59339.02 0.0273688350118
59475.87 0.0276024758602
59612.96 0.0279675396859
59750.38 0.0283362541499
59888.1 0.0287767644995
60026.15 0.0292233592463
60164.52 0.029745400517
60303.27 0.0304159010769
60442.27 0.0310304251834
60581.59 0.0318019267351
60721.24 0.0328204548087
60861.2 0.0337915245851
61001.49 0.0348721135091
61152.01 0.0370722314986
61462.12 0.0428280711502
61772.21 0.0511150199933
62082.3 0.0528782782714
62392.4 0.0499723702189
62702.5 0.043605657099
63012.59 0.0390411423984
63322.69 0.0298317989558
63632.79 0.0302431041994
63942.89 0.0271461460781
64252.98 0.0265754296306
64563.07 0.0234699533535
64873.18 0.0201697763692
65183.27 0.0198850265852
65493.37 0.0245906992983
65803.47 0.0227069699578
66113.56 0.020526322039
66423.65 0.0159958799622
66733.76 0.0145100701917
67043.85 0.0177506200843
67353.95 0.0195759392128
67664.05 0.0195175290007
67974.14 0.0181813953987
68284.25 0.019399491697
68594.34 0.0198156644583
68904.44 0.0267409252316
69214.54 0.0304195517151
69524.62 0.0239396688092
69834.73 0.022147205425
70144.82 0.0192644180815
70454.92 0.0193520333997
70765.02 0.0202367047373
71075.11 0.0219026126618
71385.21 0.0152840055021
71695.31 0.0213026911083
72005.4 0.0230829856982
72315.51 0.0191354288631
72625.59 0.0260412195657
72935.69 0.0273773531677
73245.8 0.0252916218436
73555.89 0.0287122698903
73865.98 0.0272167250844
74176.08 0.0335615343749
74486.18 0.0292744681819
74796.27 0.0329689140978
75106.37 0.0341857935168
75396.17 0.044700848576
75416.47 0.0415564321574
75726.57 0.04328926845
76017.59 0.0507937638267
76036.66 0.0397359805467
76639.02 0.0480241462692
77260.45 0.0469216535156
77881.88 0.0434365108597
78503.3 0.0423972958359
79124.74 0.0386432228284
79746.17 0.0357531342084
80367.59 0.0342551556437
80989.03 0.0304146841974
81610.46 0.0258075787173
82231.88 0.0258891096383
82853.32 0.0249265580179
83474.74 0.0240138984537
84096.18 0.0231937217253
84717.61 0.0252758024112
85339.04 0.0271011215396
85960.46 0.0279517202535
86581.9 0.0246612783046
87203.32 0.0220011798948
87824.75 0.0193751541087
88446.19 0.0162076169811
89067.61 0.0142046334575
89689.03 0.0124450258177
90310.47 0.0123136028404
90931.89 0.0129901877974
91553.33 0.0128052221257
92174.76 0.0115641268063
92796.19 0.0126518953189
93417.62 0.0117863289882
94039.05 0.0116793652873
94660.47 0.013430698147
95281.9 0.0129597658119
95903.34 0.0138127982846
96524.76 0.016788068464
97146.19 0.0143238876406
97767.63 0.011407636113
98389.06 0.0105095791018
99010.48 0.00948374975165
99631.92 0.01015315512
100253.3 0.00986013055594
100874.78 0.00968453485578
101496.17 0.00954410697083
102117.66 0.00961298234595
102739.05 0.00916882135803
103360.53 0.00971191464271
103981.93 0.00980524929414
104603.31 0.0102295751475
105224.79 0.0112078245124
105846.18 0.0115579207213
106467.67 0.0110744545281
107089.06 0.0110417204717
107710.44 0.0111990629806
108331.93 0.0111052415774
108953.33 0.0117095438969
109574.81 0.0126677147514
110196.19 0.0146414931689
110817.68 0.0171519154102
111439.07 0.0263405719028
112060.46 0.0402361179879
112681.94 0.0428353724268
113303.33 0.0358736052709
113924.82 0.0291466958429
114546.2 0.0243290702232
115167.69 0.0203632601969
115789.08 0.0180414542655
116410.46 0.0158109142905
117031.96 0.0143117188464
117653.34 0.0143932497674
118274.82 0.0146427100483
118896.21 0.0151245942982
119517.7 0.0161431223719
120139.09 0.0156782744339
120760.47 0.0150345452212
121381.97 0.0146779995515
122003.35 0.0144662625326
122624.83 0.0166310910189
123246.22 0.0162343883283
123867.62 0.0153631026643
124489.1 0.0160980978334
125110.49 0.0168537799526
125731.97 0.0174829066122
126353.37 0.0181521902926
126974.85 0.0186571952515
127596.24 0.0213757038734
128217.62 0.0219269502502
128839.11 0.0155529358537
129460.5 0.0115111925516
130081.98 0.0113351100997
130703.37 0.0108286448855
131324.76 0.0103760874296
131946.24 0.0105054417118
132567.64 0.0103572257986
133189.12 0.00962539451602
133810.5 0.00953765750991
134431.99 0.00925996562651
135053.38 0.00961565948067
135674.78 0.00961541610478
136296.26 0.00910505687647
136917.64 0.00912586551454
137539.13 0.00871735909359
138160.52 0.0084356515081
138782.01 0.00850087624496
139403.39 0.00846668193329
140024.78 0.00800791839234
140646.27 0.00823097238983
141267.66 0.00831128643149
141889.13 0.00818886836194
142510.53 0.00800219905907
143132.01 0.00828743559487
143753.41 0.00727888593244
144374.78 0.00705351986405
144996.29 0.00652393394092
145531.0 0.00720684667084
146448.61 0.00715318228846
147366.33 0.00697223231886
148283.96 0.00689727254666
149201.57 0.00656871510354
150119.19 0.00671802620824
151036.91 0.00680576321435
151954.54 0.00666168469115
152872.15 0.00701750023325
153789.87 0.00712738444478
154707.49 0.00797871328628
155625.1 0.00910822076296
156542.73 0.0084057162744
157460.45 0.00765830893527
158378.07 0.00807764558305
159295.68 0.00835971823236
160213.4 0.00845487820292
161131.03 0.00844745523847
162048.64 0.00849394003227
162966.36 0.00962916684222
163883.99 0.0116899521382
164801.6 0.0122138187281
165719.22 0.0112417754482
166636.96 0.0110598519751
167554.55 0.0113171002843
168472.18 0.0118562995548
169389.8 0.0137981957316
170307.52 0.0177773914316
171225.15 0.0153424157142
172142.77 0.0121387372679
173060.49 0.0117084487054
173978.1 0.011416032581
174895.73 0.0102839696576
175813.45 0.00956552404861
176731.06 0.00933784590932
177648.68 0.00952268989306
178566.29 0.00890585371559
179484.01 0.00869582032788
180401.64 0.00826881733976
181319.25 0.00798990857694
182236.97 0.00784899394022
183154.59 0.00791616568415
184072.2 0.00778924516075
184989.92 0.00796496254885
185907.55 0.00799003026488
186825.17 0.00913791262078
187742.78 0.00930182627852
188660.5 0.00836495081386
189578.13 0.00795072505965
190495.74 0.00797262888919
191413.47 0.0080310391013
192331.1 0.00776843652269
193248.69 0.00771099981411
194166.32 0.00779107047988
195084.06 0.00780847185557
196001.67 0.00737209889593
196919.29 0.00758979862399
197837.01 0.00728010281186
198754.62 0.00740580645584
199672.25 0.00701214596381
200589.87 0.00652052667855
201507.59 0.00676390256234
202425.2 0.00682000070355
203342.83 0.00644094276455
204260.55 0.00641648348823
205361.5 0.00606955116588
207128.2 0.0063786385383
208895.98 0.00627435197209
210664.66 0.00591099177759
212434.44 0.00631024991495
214205.23 0.00620255608637
215977.12 0.00587387695531
217749.9 0.00604801240017
219523.79 0.00635174550314
221298.7 0.0061480398884
223074.69 0.00593824987658
224851.69 0.00627788092241
226629.68 0.00643315473627
228408.76 0.0062735001565
230188.86 0.00607259336443
231969.96 0.00624490349015
233752.15 0.00645286818285
235535.36 0.00642329801297
237319.65 0.00620839710758
239105.05 0.00611676608734
240891.45 0.00613952173247
242678.85 0.00605458354903
244467.37 0.005960397082
246256.86 0.0057817591833
248047.58 0.00584077783512
249839.19 0.00584187302659
251631.87 0.00587509383473
253425.69 0.00571154524082
255220.59 0.0056571507308
257016.5 0.00591123515347
258813.5 0.00627982792948
260611.62 0.00606760415881
262410.82 0.00570302708489
264211.05 0.00552292893088
266012.33 0.00547936464769
267814.78 0.00553375915771
269618.16 0.00557221254735
271422.8 0.00562891912828
273228.4 0.00558791029186
275035.13 0.00550151185311
276842.95 0.00541389653495
278651.87 0.00545247161253
280461.88 0.00581266792054
282272.99 0.00618126069654
284085.22 0.00575316251695
285898.55 0.00532932341533
287712.97 0.0052621516714
289528.49 0.00525521545871
291345.1 0.00533248730182
293162.84 0.00528673263566
294981.67 0.00538213598211
296801.6 0.00529719779867
298622.71 0.00525959622462
300444.96 0.00526555893377
302268.17 0.00533200055005
304092.6 0.00528259524564
305918.12 0.00523294656535
307744.87 0.00532238720264
309572.61 0.00537921547151
311401.55 0.00530729789785
313231.67 0.00539649515925
315062.82 0.00536096228022
316895.16 0.00555992206522
318728.66 0.00552974345563
320563.2 0.00549360213689
322398.95 0.00561188281641
324235.92 0.00580767871492
326073.92 0.00584576704073
327913.05 0.00589103495512
329753.43 0.00580110756606
331594.97 0.00584990443076
333437.6 0.00639981224019
335281.36 0.0068515178805
337126.31 0.00619951388783
338972.47 0.00602075430118
340819.8 0.00613343733538
342668.25 0.00571239705642
344517.82 0.00567406535472
346368.65 0.00657114886238
348220.63 0.00836434237415
350073.77 0.00746153953323
