100.11 5.33318156413e-12
101.97 8.25979014872e-12
104.1 1.16139308556e-11
106.04 1.66713808845e-11
108.01 2.42089323024e-11
110.02 4.10187719256e-11
113.88 7.63776352422e-11
117.88 1.3212284303e-10
120.91 5.35778986243e-10
124.87 8.62921110875e-10
126.9 1.06654736717e-09
128.07 1.19943217799e-09
131.06 1.60683293334e-09
131.96 1.97684686441e-09
134.11 2.37668723896e-09
136.92 3.49912212697e-09
140.11 4.53919333705e-09
143.04 1.24443868018e-08
147.05 3.31885892978e-08
151.17 4.39510137351e-08
155.04 5.82060376179e-08
159.02 7.63776352422e-08
161.98 9.28918788002e-08
166.13 1.2077337726e-07
170.0 1.5309919369e-07
173.16 1.82798148397e-07
177.2 2.2802108502e-07
180.08 2.67901352543e-07
182.16 2.98531271788e-07
185.98 3.66426456255e-07
191.19 4.67705910464e-07
193.85 5.43220772838e-07
197.9 6.51586231015e-07
202.05 7.79786570593e-07
204.86 8.89160079544e-07
210.11 1.04946980112e-06
216.0 1.38666278494e-06
220.02 1.62171650653e-06
223.08 1.79462686278e-06
227.23 2.08918522858e-06
229.86 3.41165889807e-06
234.13 6.41179589204e-06
240.14 9.0359892445e-06
245.73 9.8848272931e-06
252.03 1.18297723154e-05
256.72 1.10654326405e-05
260.29 1.35200362745e-05
263.91 1.52746375919e-05
268.82 1.67484671202e-05
273.81 1.82798148397e-05
278.91 1.98597861848e-05
284.09 2.16259504375e-05
290.04 2.26971526273e-05
296.11 2.54082162377e-05
300.92 2.69757351908e-05
307.93 3.0128858714e-05
318.02 3.50742372158e-05
327.68 3.96252899737e-05
337.64 4.42563938224e-05
347.9 4.88637788295e-05
356.83 5.33288507861e-05
365.98 5.82060376179e-05
375.37 6.26562852984e-05
385.0 6.60658687979e-05
394.87 7.31103647932e-05
405.0 7.88799730452e-05
414.44 8.35555497223e-05
422.14 8.74928774503e-05
429.99 9.14064863366e-05
441.02 9.79439920898e-05
451.29 0.000102794495225
459.68 0.000107639068649
470.39 0.000113233750443
480.24 0.000119391754729
490.29 0.000124443868018
500.56 0.000131817462943
506.36 0.000159945044385
512.22 0.000358895724004
520.54 0.000385460826747
530.22 0.000417807397164
540.08 0.000419734553054
550.12 0.000601124395224
560.35 0.000742963068799
569.45 0.000868910118413
580.04 0.000860934657879
589.46 0.00109895323469
600.42 0.00117212586144
610.18 0.00144536691823
620.09 0.00171780746411
630.17 0.00192742272795
640.41 0.0020136110691
649.32 0.00237123190536
658.35 0.00259401112636
664.44 0.00281172044493
675.24 0.00294424947313
684.63 0.00298531271788
695.76 0.00398091109971
705.43 0.00387239739877
715.25 0.00485257853348
725.2 0.00518760717298
735.29 0.00550781153641
745.51 0.00639697161595
754.15 0.00699794776841
764.64 0.00760277823266
775.28 0.00847177729673
784.25 0.00937516868131
795.16 0.00999927070447
804.37 0.0106408653734
815.56 0.0112453993521
825.0 0.0126175343465
834.56 0.0106408653734
844.22 0.0138349038986
855.97 0.0145535848031
865.88 0.0159577402338
875.9 0.017457067517
884.01 0.0193184036222
894.24 0.0207477603222
904.6 0.021182408097
915.07 0.0337252280921
925.67 0.242089323024
934.24 0.543220772838
945.05 1.06162570751
956.0 1.51346964256
964.84 1.76186521263
976.01 0.298531271788
985.05 1.588450831
994.16 1.67484671202
1005.67 2.40977502318
1014.98 2.33331140714
1024.37 1.00455224459
1033.85 1.7059776918
1045.82 3.22843084567
1055.5 3.1987822935
1065.26 2.58805176737
1075.12 3.09708775956
1085.07 2.51173639409
1095.11 3.31885892978
1105.24 3.16943022685
1115.47 3.07603728752
1125.79 2.76677323985
1136.2 3.53173553435
1144.08 3.24325512175
1154.67 3.46710169063
1165.35 3.59725883465
1176.13 2.51751786176
1184.29 3.59725883465
1195.24 2.62407475826
1206.3 1.91414017657
1214.66 1.2330239876
1225.9 2.6000001339
1234.4 3.83681913617
1245.82 4.15880241273
1254.46 3.99929320206
1266.07 3.56434894174
1274.84 4.39510137351
1283.68 4.54957033031
1295.56 3.64736488781
1304.54 3.72356166689
1313.58 4.54957033031
1325.73 4.33491481261
1334.92 3.92635776372
1344.18 4.57062080235
1353.49 4.4769313775
1366.02 4.07341458248
1375.49 4.22640111167
1385.02 4.30496977492
1394.62 3.67256615716
1404.29 3.87239739877
1414.02 4.06422353131
1423.82 4.14931487603
1433.69 4.20712955276
1443.63 4.40518188125
1446.96 4.42563938224
1453.64 4.33491481261
1463.71 4.05473599461
1473.86 4.09238965587
1484.08 4.13033980264
1494.36 4.18756150833
1504.72 3.9533379462
1511.67 3.54804223805
1518.65 3.77544663318
1525.66 3.75825047292
1536.23 3.30344168265
1543.32 3.50742372158
1554.02 3.37281929473
1564.79 3.52343393975
1575.64 3.7496523928
1586.56 3.89018653008
1593.88 3.96252899737
1604.93 3.93525232937
1616.06 3.96252899737
1623.52 3.81932649039
1634.77 4.07341458248
1646.1 4.11136472926
1653.7 3.9082721469
1665.16 4.20712955276
1672.85 3.93525232937
1676.7 4.23618513389
1684.44 4.35477934256
1696.12 4.13982733934
1703.95 4.00848425323
1715.76 3.80153735909
1723.68 3.79293927896
1735.63 4.02686635557
1743.64 3.94444338054
1755.72 4.14931487603
1763.83 3.91716671255
1776.06 3.93525232937
1784.25 4.03635389227
1796.62 4.23618513389
1804.91 4.26553720053
1813.24 3.9082721469
1825.81 4.05473599461
1834.24 3.92635776372
1846.96 3.63906329321
1855.48 3.61386202386
1864.04 3.72356166689
1876.97 4.04554494344
1885.63 3.69806391202
1894.33 3.50742372158
1903.08 3.81043192474
1916.27 3.62216361847
1925.11 3.54804223805
1934.0 3.74075782714
1942.93 3.85460826747
1956.39 3.57265053635
1965.42 3.91716671255
1974.5 4.06422353131
1983.61 3.82792457052
1992.77 3.7496523928
2006.58 3.89908109573
2015.84 3.81043192474
2025.15 4.0176753044
2034.49 3.7496523928
2043.88 3.86350283312
2053.32 3.70666199215
2062.8 3.77544663318
2072.32 4.00848425323
2077.09 3.73215974702
2086.68 3.9082721469
2096.31 3.71526007228
2105.99 3.81932649039
2115.71 3.85460826747
2125.48 3.91716671255
2135.29 3.76684855305
2145.14 3.74075782714
2155.04 3.89908109573
2164.99 3.83681913617
2174.98 3.81043192474
2185.02 3.73215974702
2195.11 3.86350283312
2205.24 3.80153735909
2215.42 3.70666199215
2225.65 3.59725883465
2235.92 3.74135079819
2246.24 3.67553101237
2256.61 3.56938919561
2267.03 3.65507351138
2277.49 3.70844090528
2282.74 3.76121532814
2293.28 3.59429397943
2303.86 3.61356553834
2314.5 3.50119752562
2325.18 2.90751491699
2335.91 3.36362824356
2346.69 3.34287425704
2357.53 3.45494578424
2362.96 3.33101483617
2373.87 3.3642212146
2384.82 3.25985831097
2395.83 3.39238733916
2406.89 3.28713497896
2412.44 3.32627106782
2423.57 3.40632215868
2434.76 3.30047682744
2446.0 3.41907103611
2457.29 3.39001545499
2462.95 3.37578414995
2474.32 3.301366284
2485.74 3.38853302738
2497.22 3.1646864585
2502.97 3.42351831894
2514.53 3.22694841806
2520.32 3.34939693852
2526.13 3.24414457832
2537.79 3.25422508605
2543.64 3.19581743828
2555.39 3.3108538207
2567.18 3.28268769614
2573.1 3.38378925903
2584.97 3.37074389608
2596.91 3.36570364221
2602.89 3.29780845774
2614.91 3.27764744227
2626.98 3.31826595874
2633.03 3.34998990956
2645.19 3.4626544078
2657.4 3.47332788658
2663.52 3.32567809678
2675.82 3.40602567316
2681.98 3.3914978826
2694.36 3.30937139309
2706.8 3.33486914795
2713.04 3.26786342005
2725.56 3.27023530422
2738.14 3.34139182943
2744.46 3.14867624033
2757.12 3.16557591507
2763.48 3.21093819989
2776.24 3.28832092105
2782.64 3.25185320188
2795.48 2.97493572462
2801.92 3.09501236091
2814.86 3.28120526853
2827.85 3.29128577626
2834.37 3.1809931622
2847.45 3.16172160329
2854.02 3.14837975481
2867.19 3.24681294801
2873.8 3.22576247597
2887.06 3.22843084567
2893.72 3.21479251167
2907.08 3.28476309479
2927.23 3.23643595475
2947.52 3.1961139238
2967.95 3.20738037363
2988.52 3.1892947568
3009.24 3.18603341607
3030.1 3.19018421337
3051.1 3.17239508207
3072.25 3.16201808881
3093.54 3.14422895751
3107.82 3.13266602216
3129.37 3.10094207134
3151.06 3.09797721612
3172.9 3.08048457034
3187.55 2.9992475374
3209.64 3.03808714074
3231.89 2.98679514549
3246.81 3.02415232122
3269.31 3.04223793805
3291.97 3.02533826331
3307.17 3.00725264649
3322.43 3.0730724323
3330.09 3.07455485991
3337.77 3.03393634344
3345.46 2.98679514549
3353.18 3.0019159071
3360.91 2.96900601419
3368.65 2.9773076088
3376.42 2.85764605224
3384.2 2.95266966194
3392.0 3.00903155962
3399.82 3.08760022286
3407.66 2.92972168257
3415.52 2.95824358975
3423.39 3.04253442357
3431.28 3.03690119866
3439.19 3.03156445927
3447.12 2.9164984283
3455.07 2.89111926764
3463.03 2.83970867818
3471.01 2.90057715578
3479.01 2.85557065359
3487.04 2.88338099553
3495.07 2.91815874722
3503.13 2.88616795943
3511.21 2.86108528429
3519.3 2.87567237196
3527.41 2.85726062106
3535.55 2.92524475119
3543.7 2.96752358658
3551.86 2.97582518119
3560.05 2.93630366115
3568.26 2.87748093364
3576.48 2.77474870038
3584.73 2.73172865118
3585.53 2.889903677
3588.2 3.04965007609
3590.87 3.01258938588
3593.54 2.84468963495
3596.22 3.01614721214
3598.89 2.89088207922
3601.56 2.65766656786
3604.23 2.43714063683
3606.9 2.56142736752
3609.58 2.84958164605
3612.25 2.84821781265
3614.92 2.93541420458
3617.59 2.85450330571
3620.26 2.76472748975
3622.93 2.5522659649
3625.61 2.95432998087
3628.28 2.97374978254
3630.95 3.04283090909
3633.62 3.00843858857
3636.29 2.73647241953
3638.96 2.79132224104
3641.64 2.60566300736
3644.31 2.68366834812
3646.98 2.78334678051
3649.65 2.89710827518
3652.32 2.85453295427
3654.99 2.69875946117
3657.67 2.62469737785
3660.34 2.5823295968
3663.01 2.74489260834
3665.68 2.73659101374
3668.35 2.85927672261
3671.02 2.87350802765
3673.7 2.70323639255
3676.37 2.72402002762
3679.04 2.910361178
3681.71 2.65191474874
3684.38 2.88560463694
3687.05 2.6758707789
3689.73 2.62917430923
3692.4 2.84433385232
3695.07 2.73887395225
3697.74 2.77273259883
3700.41 2.74352877494
3703.08 2.69674335962
3705.76 2.70169466783
3708.43 2.80703597369
3711.1 2.68357940246
3713.77 2.78708249808
3716.44 3.20886280124
3719.12 4.32127647861
3721.79 6.85029797861
3724.46 9.98889371121
3727.13 11.1190965199
3729.8 9.40392777692
3732.47 6.48354538829
3735.15 3.97290599063
3737.82 2.9773076088
3740.49 2.69997505181
3743.16 2.75402436241
3745.83 2.69220713114
3748.5 2.78530358495
3751.18 2.81275814426
3753.85 2.72959395543
3756.52 2.91694315658
3759.19 2.93336845448
3761.86 2.97137789836
3764.53 2.80018715814
3767.21 2.80353744453
3769.88 2.9199673089
3772.55 2.97671463775
3775.22 3.15875674807
3777.89 3.23910432445
3780.56 3.34583911226
3783.24 3.18040019115
3785.91 3.30996436413
3788.58 3.24236566519
3791.25 2.85646011016
3793.92 2.81966625691
3796.59 2.90520232992
3799.27 2.98501623236
3801.94 2.82245322082
3804.61 2.90229677181
3807.28 3.11042960803
3809.95 3.37548766442
3812.62 3.42529723207
3815.3 3.27201421735
3817.97 3.25452157158
3820.64 3.16883725581
3823.31 2.98916702966
3825.98 2.9841267758
3828.66 3.06951460604
3831.33 2.9036013081
3834.0 2.73576085428
3836.67 2.88225435054
3839.34 2.97256384045
3842.01 3.06269543904
3844.69 3.29484360252
3847.36 3.44664418963
3850.03 3.4872627061
3852.7 3.48666973506
3855.37 3.44278987785
3858.04 3.51928314244
3860.72 3.58777129795
3863.39 3.65981727972
3866.06 3.83741210721
3868.73 3.65210865616
3871.4 3.4872627061
3874.07 3.40691512972
3876.75 3.23880783893
3879.42 3.16083214672
3882.09 3.17743533594
3884.76 3.15549540733
3887.43 3.16616888611
3890.1 3.28268769614
3892.78 3.21449602615
3895.45 3.10598232521
3898.12 3.18840530024
3900.79 3.26667747796
3903.46 3.30848193652
3906.13 3.49763969936
3908.81 3.52817770809
3911.48 3.59459046495
3914.15 3.42411128998
3916.82 3.43211639907
3919.49 3.5145393741
3922.16 3.33397969139
3924.84 3.22694841806
3927.51 3.29662251565
3930.18 3.03838362626
3932.85 2.99628268218
3935.52 3.13236953664
3938.2 3.19759635141
3940.87 3.12347497099
3943.54 3.42915154385
3946.21 3.59073615317
3948.88 3.63343006829
3951.55 3.4270761452
3954.23 3.39624165094
3956.9 3.39683462199
3959.57 3.27023530422
3962.24 3.29098929074
3964.91 3.22457653388
3967.58 3.20411903289
3970.26 3.09530884643
3972.93 3.14422895751
3975.6 3.06062004039
3978.27 3.04401685118
3980.94 3.2411797231
3983.61 3.40068893377
3986.29 3.53321796196
3988.96 3.54003712896
3991.63 3.62483198816
3994.3 3.75350670458
3996.97 3.81458272204
3999.64 3.63194764068
4002.32 3.67345561372
4004.99 3.63105818412
4007.66 3.58006267439
4010.33 3.52135854109
4013.0 3.53796173031
4015.67 3.68946583189
4018.35 3.77870797392
4021.02 3.75558210323
4023.69 3.64054572081
4026.36 3.4804435391
4029.03 3.62601793025
4031.71 3.66070673629
4034.38 3.58006267439
4037.05 3.63787735112
4039.72 3.60229908852
4042.39 3.58362050065
4045.06 3.50920263471
4047.74 3.56138408652
4050.41 3.53707227374
4053.08 3.50979560575
4055.75 3.59903774778
4058.42 3.60911825551
4061.09 3.54715278148
4063.77 3.71021981841
4066.44 3.63461601038
4069.11 3.73245623254
4071.78 3.67138021507
4074.45 3.47540328523
4077.12 3.44664418963
4079.8 3.39268382468
4082.47 3.36955795399
4085.14 3.4668052051
4087.81 3.45435281319
4090.48 3.29158226179
4093.15 3.30225574057
4095.83 3.48548379297
4098.5 3.78789902509
4101.17 3.91894562568
4103.84 3.65655593898
4106.51 3.42826208728
4109.18 3.32923592304
4111.86 3.28743146448
4114.53 3.30106979848
4117.2 3.34050237286
4119.87 3.28654200792
4122.54 3.294547117
4125.21 3.36066338834
4127.89 3.32271324156
4130.56 3.41195538359
4133.23 3.48489082193
4135.9 3.51750422931
4138.57 3.44634770411
4141.25 3.43419179772
4143.92 3.38853302738
4146.59 3.32538161126
4149.26 3.46799114719
4151.93 3.45702118289
4154.6 3.43033748594
4157.28 3.49378538758
4159.95 3.39535219438
4162.62 3.42203589133
4165.29 3.44012150815
4167.96 3.32538161126
4170.63 3.3396129163
4173.31 3.36481418564
4175.98 3.38645762873
4178.65 3.40721161524
4181.32 3.46739817615
4183.99 3.44427230546
4186.66 3.55664031818
4189.34 3.41640266642
4192.01 3.44041799367
4194.68 3.53114256331
4197.35 3.36244230147
4200.02 3.30284871161
4202.69 3.44634770411
4205.37 3.49378538758
4208.04 3.47540328523
4210.71 3.50060455458
4213.38 3.37667360651
4216.05 3.39357328125
4218.72 3.43063397146
4221.4 3.39090491155
4224.07 3.41580969537
4226.74 3.34406019913
4229.41 3.33516563347
4232.08 3.38942248394
4234.75 3.40691512972
4237.43 3.29929088535
4240.1 3.31974838635
4242.77 3.47481031419
4245.44 3.58095213095
4248.11 3.4024678469
4250.79 3.37400523682
4253.46 3.40691512972
4256.13 3.52788122257
4258.8 3.45880009602
4261.47 3.44871958828
4264.14 3.45761415393
4266.82 3.45198092902
4269.49 3.35888447521
4272.16 3.24829537562
4274.83 3.3710403816
4277.5 3.40543270211
4280.17 3.37904549068
4282.85 3.40454324555
4285.52 3.33012537961
4288.19 3.32300972709
4290.86 3.26815990557
4293.53 3.14837975481
4296.2 3.1468973272
4298.88 3.18010370563
4301.55 3.06239895352
4304.22 3.0908615636
4306.89 3.14749029825
4309.56 3.04876061952
4312.23 3.15905323359
4314.91 3.28179823957
4317.58 3.34998990956
4320.25 3.22576247597
4322.92 3.19374203963
4325.59 3.09264047673
4328.26 3.08997210704
4330.94 3.25778291231
4333.61 3.50119752562
4336.28 4.23944647462
4338.95 4.8952724486
4341.62 4.94745390042
4344.29 4.1433851656
4346.97 3.44605121859
4349.64 3.08226348347
4352.31 3.10538935417
4354.98 3.20322957632
4357.65 3.3615528449
4360.33 3.45464929871
4363.0 3.45316687111
4365.67 3.36511067117
4368.34 3.3259745823
4371.01 3.3600704173
4373.68 3.27201421735
4376.36 3.33605509004
4379.03 3.23791838236
4381.7 3.2589688544
4384.37 3.26638099244
4387.04 3.17061616894
4389.71 3.17862127802
4392.39 3.28239121061
4395.06 3.23258164297
4397.73 3.21627493928
4400.4 3.20500848945
4403.07 3.32034135739
4405.74 3.16527942955
4408.42 3.27853689883
4411.09 3.33457266243
4413.76 3.26549153588
4416.43 3.3108538207
4419.1 3.29869791431
4421.77 3.30848193652
4424.45 3.28031581196
4427.12 3.20500848945
4429.79 3.2097522578
4432.46 3.41432726777
4435.13 3.22131519315
4437.8 3.34732153986
4440.48 3.38556817216
4443.15 3.32123081396
4445.82 3.27883338435
4448.49 3.35532664895
4451.16 3.28832092105
4453.83 3.24681294801
4456.51 3.24029026653
4459.18 3.20678740258
4461.85 3.27349664496
4464.52 3.3123362483
4467.19 3.35206530821
4469.87 3.45494578424
4472.54 3.39179436812
4475.21 3.35947744625
4477.88 3.27883338435
4480.55 3.21212414197
4483.22 3.15846026255
4485.9 3.20886280124
4488.57 3.35503016343
4491.24 3.39742759303
4493.91 3.40987998494
4496.58 3.28832092105
4499.25 3.28535606583
4501.93 3.30047682744
4504.6 3.48162948119
4507.27 3.52699176601
4509.94 3.51364991753
4512.61 3.47540328523
4515.28 3.47866462597
4517.96 3.42766911624
4520.63 3.34998990956
4523.3 3.35680907656
4525.97 3.24444106384
4528.64 3.23198867193
4531.31 3.21123468541
4533.99 3.22932030223
4536.66 3.26252668066
4539.33 3.23910432445
4542.0 3.17654587937
4544.67 3.24592349145
4547.34 3.20797334467
4550.02 3.21508899719
4552.69 3.11250500669
4555.36 3.14511841407
4558.03 3.17624939385
4560.7 3.29306468939
4563.37 3.29128577626
4566.05 3.321823785
4568.72 3.35206530821
4571.39 3.31203976278
4574.06 3.31796947322
4576.73 3.31203976278
4579.41 3.20056120663
4582.08 3.11013312251
4584.75 3.14067113125
4587.42 3.20589794602
4590.09 3.26727044901
4592.76 3.29306468939
4595.44 3.15164109555
4598.11 3.14215355886
4600.78 3.28298418166
4603.45 3.308185451
4606.12 3.36777904086
4608.79 3.32330621261
4611.47 3.22131519315
4614.14 3.27320015944
4616.81 3.26430559379
4619.48 3.22665193254
4622.15 3.321823785
4624.82 3.38586465768
4627.5 3.32004487187
4630.17 3.27082827527
4632.84 3.32745700991
4635.51 3.33901994526
4638.18 3.33724103213
4640.85 3.28802443553
4643.53 3.2411797231
4646.2 3.19048069889
4648.87 3.20382254737
4651.54 3.27320015944
4654.21 3.27794392779
4656.88 3.30907490757
4659.56 3.3040346537
4662.23 3.32123081396
4664.9 3.28179823957
4667.57 3.26786342005
4670.24 3.2589688544
4672.91 3.28031581196
4675.59 3.31945190082
4678.26 3.38438223007
4680.93 3.31885892978
4683.6 3.36511067117
4686.27 3.30492411026
4688.95 3.33575860452
4691.62 3.38853302738
4694.29 3.32241675604
4696.96 3.37133686712
4699.63 3.3820103459
4702.3 3.27646150018
4704.98 3.25422508605
4707.65 3.21597845376
4710.32 3.23465704162
4712.99 3.24266215071
4715.66 3.15964620463
4718.33 3.2139030551
4721.01 3.32716052439
4723.68 3.34732153986
4726.35 3.24948131771
4729.02 3.25096374531
4731.69 3.2589688544
4734.36 3.25689345575
4737.04 3.23673244027
4739.71 3.25926533992
4742.38 3.28832092105
4745.05 3.23465704162
4747.72 3.27290367392
4750.39 3.28001932644
4753.07 3.24355160727
4755.74 3.24770240458
4758.41 3.15312352316
4761.08 3.14867624033
4763.75 3.1317765656
4766.42 3.13296250768
4769.1 3.2411797231
4771.77 3.25452157158
4774.44 3.24503403488
4777.11 3.20945577228
4779.78 3.25926533992
4782.46 3.18277207533
4785.13 3.18425450294
4787.8 3.14215355886
4790.47 3.19848580798
4793.14 3.20886280124
4795.81 3.19759635141
4798.49 3.16705834268
4801.16 3.0976807306
4803.83 3.09501236091
4806.5 3.11635931847
4809.17 3.05587627204
4811.84 3.16438997298
4814.52 3.1741739952
4817.19 3.09501236091
4819.86 3.01169992931
4822.53 3.05202196026
4825.2 3.03215743031
4827.87 2.99272485592
4830.55 3.08760022286
4833.22 3.0730724323
4835.89 3.0730724323
4838.56 3.03779065522
4841.23 2.9452575239
4843.9 2.93923886781
4846.58 2.94949726686
4849.25 3.00665967544
4851.92 3.32034135739
4854.59 4.21928545915
4857.26 6.15800428547
4859.93 8.03327521015
4862.61 8.1432713387
4865.28 6.39875052908
4867.95 4.23262730763
4870.62 3.23821486788
4873.29 2.93316091462
4875.96 2.88415185788
4878.64 2.9246814287
4881.31 2.9630466552
4883.98 2.94937867265
4886.65 2.98086543506
4889.32 3.00250887814
4892.0 3.00577021888
4894.67 2.98590568893
4897.34 2.9992475374
4900.01 3.03304688687
4902.68 3.07840917169
4905.35 3.10627881073
4908.03 3.13207305112
4910.7 3.07663025856
4913.37 2.97404626806
4916.04 2.95530838309
4918.71 2.94869675595
4921.38 2.99213188488
4924.06 2.93265688923
4926.73 2.99035297175
4929.4 2.98798108758
4932.07 3.01674018318
4934.74 3.04045902492
4937.41 3.01407181349
4940.09 3.02326286466
4942.76 3.05617275757
4945.43 3.1563848639
4948.1 3.16705834268
4950.77 3.308185451
4953.44 3.63283709725
4956.12 3.97972515763
4958.79 4.21246629215
4961.46 4.03398200809
4964.13 3.62097767638
4966.8 3.32004487187
4969.47 3.07425837439
4972.15 2.940484107
4974.82 2.99687565323
4977.49 3.01881558183
4980.16 2.93408001973
4982.83 2.96959898523
4985.5 3.01407181349
4988.18 2.99302134145
4990.85 2.97078492732
4993.52 3.00013699397
4996.19 3.15846026255
4998.86 3.51691125827
5001.54 4.51725340845
5004.21 5.89472514221
5006.88 6.66499452756
5009.55 5.99612319063
5012.22 4.57388214309
5014.89 3.55545437609
5017.57 3.16379700194
5020.24 3.01258938588
5022.91 2.97908652193
5025.58 3.02741366196
5028.25 2.94499068693
5030.92 2.96693061554
5033.6 2.98916702966
5036.27 2.96061547393
5038.94 2.89544795626
5041.61 2.91047977221
5044.28 2.98205137714
5046.95 2.9533812272
5049.63 2.92438494317
5052.3 2.87125473769
5054.97 2.93405037118
5057.64 2.95074250605
5060.31 2.91024258379
5062.98 2.95086110026
5065.66 2.99865456636
5068.33 2.97137789836
5071.0 2.90988680116
5073.67 2.85880234578
5076.34 2.86826023392
5079.01 2.8297764132
5081.69 2.83846343899
5084.36 2.8980273803
5087.03 2.91827734143
5089.7 2.95765061871
5092.37 2.95738378174
5095.04 2.93778608876
5097.72 2.9226356786
5100.39 2.87964527795
5103.06 2.82992465597
5105.73 2.80481233228
5108.4 2.72947536122
5111.08 2.79387201653
5113.75 2.9616235247
5116.42 2.96989547075
5119.09 2.95219528511
5121.76 2.85319876942
5124.43 2.79046243303
5127.11 2.79066997289
5129.78 2.81759085826
5132.45 2.87593920893
5135.12 2.84919621487
5137.79 2.83623979758
5140.46 2.84457104074
5143.14 2.83446088445
5145.81 2.83754433387
5148.48 2.80499022359
5151.15 2.89832386582
5153.82 2.9124069281
5156.49 2.89452885114
5159.17 2.90481689874
5161.84 2.85325806652
5164.51 2.77104263136
5167.18 2.67830196017
5169.85 2.70338463531
5172.52 2.70065696851
5175.2 2.72621402048
5177.87 2.78189400145
5180.54 2.8427328305
5183.21 2.74243177851
5185.88 2.73804379279
5188.55 2.77160595385
5191.23 2.84359263851
5193.9 2.95942953184
5196.57 3.04134848148
5199.24 3.15757080598
5201.91 3.1605356612
5204.58 3.0265242054
5207.26 2.9391202736
5209.93 2.9111023918
5212.6 2.87146227755
5215.27 2.89607057585
5217.94 2.97078492732
5220.62 2.93464334223
5223.29 2.9637285719
5225.96 2.85029321131
5228.63 2.81797628944
5231.3 2.89648565558
5233.97 2.86751902012
5236.65 2.87534623789
5239.32 2.93894238229
5241.99 2.89995453619
5244.66 2.85826867184
5247.33 2.82621858694
5250.0 2.90105153262
5252.68 2.93153024425
5255.35 2.83191110896
5258.02 2.82752312324
5260.69 2.85106407366
5263.36 2.85230931285
5266.03 2.83220759448
5268.71 2.80727316211
5271.38 2.83137743502
5274.05 2.85064899393
5276.72 2.85355455204
5279.39 2.77735777297
5282.06 2.78619304152
5284.74 2.81687929301
5287.41 2.87745128509
5290.08 2.92417740331
5292.75 2.92121254809
5295.42 2.85592643622
5298.09 2.81990344533
5300.77 2.88610866233
5303.44 2.84184337394
5306.11 2.89162329303
5308.78 2.98353380475
5311.45 2.96301700665
5314.12 2.9294548456
5316.8 2.91216973968
5319.47 2.86722253459
5322.14 2.84288107326
5324.81 2.85468119703
5327.48 2.77741707007
5330.16 2.822838652
5332.83 2.85056004827
5335.5 2.95296614747
5338.17 2.94167004909
5340.84 2.94493138983
5343.51 2.97374978254
5346.19 2.8673411288
5348.86 2.89773089478
5351.53 2.9882775731
5354.2 2.99717213875
5356.87 3.01229290036
5359.54 3.03215743031
5362.22 2.97997597849
5364.89 2.88094981425
5367.56 2.81515967698
5370.23 2.84460068929
5372.9 2.86413908517
5375.57 2.89411377141
5378.25 2.93067043623
5380.92 2.94807413636
5383.59 2.92296181267
5386.26 2.88978508279
5388.93 2.930818679
5391.6 2.78545182771
5394.28 2.74367701771
5396.95 2.8010173176
5399.62 2.71183447268
5402.29 2.67459589115
5404.96 2.69315588481
5407.63 2.82945027913
5410.31 2.70750578406
5412.98 2.77869195782
5415.65 2.78539253061
5418.32 2.86345716847
5420.99 2.79695546595
5423.67 2.83570612364
5426.34 2.83843379044
5429.01 2.85856515736
5431.68 2.86571045843
5434.35 2.78978051633
5437.02 2.75532889871
5439.7 2.98323731923
5442.37 2.83051762701
5445.04 2.8235798658
5447.71 2.85619327319
5450.38 2.83223724303
5453.05 2.89669319545
5455.73 2.87086930651
5458.4 2.81649386183
5461.07 2.84795097568
5463.74 2.84213985946
5466.41 2.81201693046
5469.08 2.9158758087
5471.76 2.84815851555
5474.43 2.77750601573
5477.1 2.7798778999
5479.77 2.75995407285
5482.44 2.77720953021
5485.11 2.81204657901
5487.79 2.82402459408
5490.46 2.82049641638
5493.13 2.86354611412
5495.8 2.89414341996
5498.47 2.93233075516
5501.14 2.94739221966
5503.82 2.78450307404
5506.49 2.71328725173
5509.16 2.7784547694
5511.83 2.79846754211
5514.5 2.80122485747
5517.17 2.75354998558
5519.85 2.78933578805
5522.52 2.81978485112
5525.19 2.74530768808
5527.86 2.84231775077
5530.53 2.82547737314
5533.21 2.82912414506
5535.88 2.85687518989
5538.55 2.83315634815
5541.22 2.78921719384
5543.89 2.81498178567
5546.56 2.8263668297
5549.24 2.84993742868
5551.91 2.83016184438
5554.58 2.84044989198
5557.25 2.84789167858
5559.92 2.87223313991
5562.59 2.88726495586
5565.27 2.89420271707
5567.94 2.88557498839
5570.61 2.90437217046
5573.28 2.83188146041
5575.95 2.779077389
5578.62 2.79327904548
5581.3 2.77507483445
5583.97 2.79745949134
5586.64 2.82524018472
5589.31 2.73525682889
5591.98 2.73276635051
5594.65 2.69194029417
5597.33 2.80596862581
5600.0 2.72953465832
5602.67 2.76167368887
5605.34 2.84326650444
5608.01 2.84534190309
5610.68 2.8323854858
5613.36 2.75209720652
5616.03 2.72339740802
5618.7 2.67501097088
5621.37 2.73828098121
5624.04 2.78604479876
5626.71 2.6690516119
5629.39 2.8297171161
5632.06 2.8030037706
5634.73 2.78257591815
5637.4 2.7257692922
5640.07 2.68568444966
5642.75 2.70379971504
5645.42 2.79467252744
5648.09 2.75829375393
5650.76 2.84374088128
5653.43 2.80534600622
5656.1 2.85216107009
5658.78 2.66679832193
5661.45 2.71803102008
5664.12 2.74996251077
5666.79 2.8303990328
5669.46 2.76727726523
5672.13 2.79301220851
5674.81 2.78171611014
5677.48 2.77394818947
5680.15 2.72965325253
5682.82 2.78912824818
5685.49 2.73077989751
5688.16 2.73116532869
5690.84 2.76348225055
5693.51 2.74877656868
5696.18 2.67097876779
5698.85 2.7175862918
5701.52 2.75067407602
5704.19 2.67287627513
5706.87 2.74723484397
5709.54 2.67077122792
5712.21 2.68011052186
5714.88 2.68132611249
5717.55 2.79327904548
5720.22 2.84059813475
5722.9 2.7053710883
5725.57 2.77457080907
5728.24 2.8139737349
5730.91 2.70033083443
5733.58 2.80644300265
5736.25 2.73825133266
5738.93 2.86040336759
5741.6 2.79994996972
5744.27 2.76573554052
5746.94 2.66116509702
5749.61 2.74726449252
5752.29 2.81572299948
5754.96 2.8188064489
5757.63 2.82203814109
5760.3 2.89817562306
5762.97 2.78462166825
5765.64 2.72197427752
5768.32 2.74916199986
5770.99 2.78331713196
5773.66 2.68936087013
5776.33 2.66261787608
5779.0 2.56483695102
5781.67 2.65298209662
5784.35 2.68541761269
5787.02 2.74231318431
5789.69 2.78681566111
5792.36 2.71737875193
5795.03 2.73080954606
5797.7 2.7654983521
5800.38 2.83075481543
5803.05 2.76638780867
5805.72 2.6970694937
5808.39 2.69214783404
5811.06 2.74335088363
5813.73 2.73753976741
5816.41 2.78432518273
5819.08 2.80315201336
5821.75 2.80184747706
5824.42 2.81954766271
5827.09 2.84996707723
5829.76 2.82239392371
5832.44 2.75749324302
5835.11 2.70839524062
5837.78 2.78820914306
5840.45 2.77833617519
5843.12 2.77955176583
5845.79 2.70213939612
5848.47 2.71897977375
5851.14 2.66934809742
5853.81 2.64702273764
5856.48 2.65232982847
5859.15 2.63682363569
5861.83 2.61912345004
5864.5 2.70812840366
5867.17 2.89595198165
5869.84 3.0333433724
5872.51 3.29306468939
5875.18 3.43686016741
5877.86 3.34583911226
5880.53 3.03660471313
5883.2 2.6821266234
5885.87 2.55351120409
5888.54 2.4770772366
5891.21 2.45190561581
5893.89 2.40930064635
5896.56 2.51997869159
5899.23 2.52134252499
5901.9 2.61091080109
5904.57 2.71880188244
5907.24 2.67065263371
5909.92 2.65796305339
5912.59 2.73887395225
5915.26 2.75601081541
5917.93 2.74044532552
5920.6 2.71435459961
5923.27 2.70104239969
5925.95 2.74148302485
5928.62 2.73593874559
5931.29 2.66448573486
5933.96 2.7114490415
5936.63 2.63371053771
5939.3 2.63969954525
5941.98 2.67148279317
5944.65 2.58511656071
5947.32 2.68230451472
5949.99 2.67509991654
5952.66 2.66902196334
5955.33 2.68953876145
5958.01 2.72621402048
5960.68 2.69594284871
5963.35 2.68390553653
5966.02 2.62573507718
5968.69 2.65221123426
5971.37 2.69807754447
5974.04 2.70709070433
5976.71 2.67005966267
5979.38 2.64500663609
5982.05 2.6410930272
5984.72 2.70839524062
5987.4 2.63332510653
5990.07 2.64352420848
5992.74 2.63726836397
5995.41 2.55081318585
5998.08 2.61159271779
6000.75 2.58547234333
6003.43 2.53913165629
6006.1 2.6274546932
6008.77 2.57254557459
6011.44 2.5823295968
6014.11 2.57491745876
6016.78 2.55588308827
6019.46 2.70738718985
6022.13 2.52318073523
6024.8 2.53486226478
6027.47 2.63961059959
6030.14 2.62843309543
6032.81 2.64221967218
6035.49 2.68592163808
6038.16 2.65630273446
6040.83 2.65651027433
6043.5 2.60201623544
6046.17 2.66834004664
6048.84 2.62416370391
6051.52 2.59501917713
6054.19 2.66528624577
6056.86 2.70507460278
6059.53 2.59934786575
6062.2 2.58799247027
6064.88 2.62825520411
6067.55 2.55374839251
6070.22 2.53984322154
6072.89 2.74504085111
6075.56 2.7278150423
6078.23 2.59985189113
6080.91 2.60969521045
6083.58 2.59448550319
6086.25 2.613697765
6088.92 2.63273213549
6091.59 2.61363846789
6094.26 2.62849239253
6096.94 2.64055935326
6099.61 2.59549355397
6102.28 2.57064806725
6104.95 2.6608686115
6107.62 2.56231682409
6110.29 2.68037735883
6112.97 2.61814504782
6115.64 2.63786133502
6118.31 2.61123693517
6120.98 2.58375272731
6123.65 2.6013639673
6126.32 2.6609279086
6129.0 2.53471402202
6131.67 2.54888602996
6134.34 2.53409140242
6137.01 2.57171541513
6139.68 2.572782763
6142.35 2.6008006448
6145.03 2.64322772296
6147.7 2.56350276618
6150.37 2.41896607435
6153.04 2.42537016162
6155.71 2.56483695102
6158.38 2.51446406089
6161.06 2.50545090103
6163.73 2.47473500098
6166.4 2.58532410057
6169.07 2.49694176656
6171.74 2.5385683338
6174.42 2.63391807758
6177.09 2.50871224177
6179.76 2.542659834
6182.43 2.62537929455
6185.1 2.49830559996
6187.77 2.57500640442
6190.45 2.40858908109
6193.12 2.65209264006
6195.79 2.45442574275
6198.46 2.59561214817
6201.13 2.53278686613
6203.8 2.5522066678
6206.48 2.62185111684
6209.15 2.56664551271
6211.82 2.4476955214
6214.49 2.443485427
6217.16 2.42071533893
6219.83 2.52670891293
6222.51 2.5495382981
6225.18 2.54094021798
6227.85 2.53836079394
6230.52 2.50841575625
6233.19 2.43005463286
6235.86 2.4967935238
6238.54 2.38789439168
6241.21 2.44351507555
6243.88 2.48072400852
6246.55 2.50725946271
6249.22 2.42824607118
6251.89 2.4271194262
6254.57 2.3689786154
6257.24 2.33832201245
6259.91 2.3786440434
6262.58 2.5487970843
6265.25 2.40633579113
6267.92 2.39272710568
6270.6 2.47108822907
6273.27 2.43791149919
6275.94 2.49397691134
6278.61 2.51814048136
6281.28 2.4756541061
6283.96 2.3950693413
6286.63 2.35249402039
6289.3 2.46204542065
6291.97 2.56723848375
6294.64 2.80490127793
6297.31 3.00547373336
6299.99 3.14422895751
6302.66 3.1086506949
6305.33 2.80181782851
6308.0 2.69795895026
6310.67 2.68171154367
6313.34 2.63860254882
6316.02 2.50992783241
6318.69 2.54479452976
6321.36 2.44650957932
6324.03 2.44888146349
6326.7 2.51633191968
6329.37 2.42151584984
6332.05 2.47734407357
6334.72 2.47268925088
6337.39 2.42703048054
6340.06 2.40212569672
6342.73 2.50269358568
6345.4 2.57648883203
6348.08 2.58031349526
6350.75 2.53821255118
6353.42 2.41093131671
6356.09 2.51357460432
6358.76 2.54085127232
6361.43 2.62081341752
6364.11 2.69701019659
6366.78 2.70800980945
6369.45 2.56400679156
6372.12 2.51292233618
6374.79 2.57304959997
6377.46 2.50204131753
6380.14 2.43396824175
6382.81 2.46447660193
6385.48 2.46017756187
6388.15 2.4291651763
6390.82 2.50705192285
6393.5 2.42830536829
6396.17 2.44985986571
6398.84 2.51295198473
6401.51 2.50269358568
6404.18 2.42866115091
6406.85 2.39924978716
6409.53 2.48001244327
6412.2 2.47351941034
6414.87 2.46278663446
6417.54 2.55810672968
6420.21 2.48354062098
6422.88 2.41810626634
6425.56 2.42883904222
6428.23 2.48528988555
6430.9 2.46512887008
6433.57 2.4900336539
6436.24 2.43076619812
6438.91 2.51968220607
6441.59 2.48021998313
6444.26 2.56468870826
6446.93 2.6423975635
6449.6 2.52703504701
6452.27 2.46160069237
6454.94 2.41875853449
6457.62 2.5323717864
6460.29 2.40429004103
6462.96 2.4763953199
6465.63 2.4907155706
6468.3 2.54796692484
6470.97 2.58464218387
6473.65 2.46438765628
6476.32 2.47767020765
6478.99 2.49089346191
6481.66 2.46251979749
6484.33 2.52780590936
6487.0 2.44707290181
6489.68 2.35409504221
6492.35 2.33040584902
6495.02 2.32966463522
6497.69 2.29198132541
6500.36 2.36227804261
6503.04 2.42347265428
6505.71 2.49448093673
6508.38 2.47179979432
6511.05 2.4230872231
6513.72 2.47758126199
6516.39 2.41514141112
6519.07 2.41179112473
6521.74 2.43370140478
6524.41 2.49391761424
6527.08 2.44141002834
6529.75 2.46705602597
6532.42 2.5911945139
6535.1 2.59074978562
6537.77 2.68568444966
6540.44 3.09945964373
6543.11 3.92754370581
6545.78 5.18612474538
6548.45 6.08240047744
6551.13 6.05927460675
6553.8 6.48473133037
6556.47 10.0588642943
6559.14 17.9175095322
6561.81 26.2588331994
6564.48 27.0012329457
6567.16 19.2594030034
6569.83 9.89550077188
6572.5 5.08383724039
6575.17 4.4004381129
6577.84 6.31099081466
6580.51 9.99749179134
6583.19 13.0151214311
6585.86 12.077930697
6588.53 8.18062851443
6591.2 4.57180674444
6593.87 2.92207235611
6596.54 2.49673422669
6599.22 2.45919915965
6601.89 2.43337527071
6604.56 2.42898728499
6607.23 2.4517277245
6609.9 2.41330320089
6612.58 2.43281194822
6615.25 2.41413336035
6617.92 2.33695817905
6620.59 2.37188417351
6623.26 2.40357847578
6625.93 2.35086335002
6628.61 2.47832247579
6631.28 2.42673399502
6633.95 2.43708133973
6644.41 2.46382433378
6659.73 2.44704325326
6675.08 2.42477719058
6690.47 2.41938115408
6705.89 2.41952939684
6721.35 2.37007561183
6736.84 2.41988517947
6752.37 2.3704017459
6767.94 2.40909310648
6783.54 2.42038920486
6799.18 2.37090577129
6814.85 2.3930235912
6830.56 2.4264968066
6846.31 2.34967740793
6862.09 2.33906322626
6877.91 2.32311230519
6893.76 2.30200253605
6909.65 2.31813134843
6925.58 2.32361633058
6941.55 2.3834174603
6957.55 2.40562422588
6973.59 2.40580211719
6989.67 2.4004653778
7005.78 2.34057530242
7021.93 2.31395090257
7038.11 2.38445515963
7054.34 2.45143123898
7070.6 2.28273097714
7086.9 2.37401886926
7103.24 2.27256152374
7119.61 2.2467376348
7136.02 2.20588192991
7152.48 2.2419049208
7168.96 2.25240050827
7185.49 2.19624615046
7202.05 2.17125242098
7218.66 2.28427270185
7235.3 2.27917315088
7251.97 2.21213777442
7268.69 2.21741521671
7285.45 2.24842760228
7302.24 2.28513250986
7319.08 2.26434887479
7335.95 2.3226082798
7352.86 2.3068056015
7369.81 2.25447590692
7386.8 2.37725056145
7403.83 2.36109210052
7420.89 2.28637774905
7438.0 2.31833888829
7455.15 2.32388316755
7472.33 2.34016022269
7489.56 2.31890221078
7506.83 2.35133772686
7524.13 2.37876263761
7541.48 2.36800021317
7558.86 2.3410793278
7576.28 2.32515805529
7593.75 2.29343410447
7611.26 2.28308675976
7628.8 2.28326465108
7646.39 2.26772880974
7664.02 2.23677572127
7681.68 2.21136691207
7699.39 2.22174390533
7717.14 2.22192179664
7734.93 2.19162097632
7752.76 2.1817183599
7770.63 2.2173559196
7788.55 2.1571100616
7806.5 2.16223926112
7824.49 2.24356523972
7842.53 2.15761408698
7860.61 2.2131458252
7878.73 2.21842326748
7896.9 2.23398875737
7915.1 2.19339988945
7933.34 2.15355223534
7951.64 2.07581373155
7969.96 2.13908374188
7988.34 2.14913460106
8006.75 2.11494982041
8025.21 2.20463669072
8043.71 2.21498403543
8062.25 2.19992257093
8080.84 2.12541575933
8099.46 2.04871495487
8118.14 2.16031210523
8136.85 2.17549216394
8155.61 2.11151058836
8174.41 2.11655084223
8193.25 2.06854983627
8212.14 2.1414259775
8231.07 2.08325551814
8250.04 2.15168437655
8269.07 2.19692806716
8288.13 2.11764783866
8307.23 2.11782572997
8326.38 2.12289563239
8345.58 2.08912593147
8364.81 2.12325141502
8384.1 2.07990523175
8403.43 2.12852885731
8422.8 2.08026101438
8442.21 2.0566311183
8461.68 2.10472106991
8481.18 2.08079468831
8500.73 2.11969358876
8520.33 2.08118011949
8539.97 2.07658459391
8559.66 1.9787147232
8579.39 2.09134957289
8599.17 2.04862600921
8618.99 2.01604225038
8638.86 2.08708018137
8658.77 1.99333145942
8678.73 1.91256880331
8698.74 1.89522440029
8718.79 2.05921054234
8738.89 2.04050230592
8759.04 1.91769800283
8779.23 2.04557220834
8799.47 2.03638115717
8819.75 2.04595763952
8840.08 2.06508095567
8860.46 2.0136110691
8880.89 1.93649518491
8901.36 1.97723229559
8921.88 1.98197606394
8942.45 1.98215395525
8963.06 1.92831218451
8983.72 1.91081953873
9004.43 2.01957042809
9025.19 1.66455866442
9046.0 2.06700811156
9066.85 2.10077781248
9087.75 1.90732100957
9108.7 1.90311091517
9129.7 1.92531768074
9150.74 1.92107793778
9171.83 1.95247575453
9192.98 1.91259845186
9214.17 1.93940074302
9235.41 1.78528756885
9256.71 1.8782357799
9278.04 2.01740608378
9299.43 1.88727858831
9320.87 1.95378029082
9342.36 1.94948125076
9363.89 1.92736343084
9385.47 1.94538975056
9407.11 1.90566069065
9428.8 1.94126860181
9450.53 1.91923972755
9472.32 1.94165403299
9494.16 1.93738464147
9516.04 1.91099743004
9537.98 1.89801136419
9559.97 1.8086209794
9582.0 1.92481365535
9604.09 1.90296267241
9626.23 1.90752854944
9648.42 1.88588510636
9670.66 1.88173430905
9692.96 1.89934554904
9715.3 1.88644842885
9737.7 1.87366990286
9760.14 1.86524971405
9782.64 1.84832039076
9805.2 1.87856191397
9827.8 1.86581303654
9850.46 1.87028996792
9873.16 1.86189942765
9895.92 1.85780792745
9918.73 1.84520729278
9941.61 1.84965457561
9964.52 1.84983246692
9987.49 1.84153087231
10033.59 1.81247529119
10079.9 1.77974328959
10126.43 1.81321650499
10173.17 1.7969690984
10220.12 1.79735452958
10267.31 1.79773996076
10290.97 1.78555440582
10506.46 1.73770164262
10701.78 1.67484671202
10900.75 1.59945044385
11103.41 1.55586707216
11309.84 1.51696817172
11493.61 1.50653188136
11707.29 1.46884857155
11897.51 1.42553203683
12090.83 1.39629856439
12287.3 1.37080080953
12486.96 1.33961053265
12689.85 1.30610766869
12896.04 1.27637017087
13105.59 1.25594231842
13287.9 1.22454450168
13503.81 1.2077337726
13691.67 1.18297723154
13914.14 1.15338797647
14107.71 1.1168016631
14303.97 1.09388333227
14502.94 1.09136320534
14704.7 1.06408653734
14909.26 1.06408653734
15116.67 1.05919452623
15291.72 1.06408653734
15504.45 1.05919452623
15683.99 1.03746213749
15902.18 0.999927070447
16086.3 1.00455224459
16310.09 0.99764413193
16498.95 0.974933340968
16690.01 0.96156184394
16883.25 0.93968121244
17118.12 0.918274957774
17316.35 0.885068579345
17516.87 0.86490756387
17719.7 0.837482653114
17883.65 0.814653267944
18090.74 0.783374045405
18300.22 0.763776352422
18512.14 0.741273101326
18683.42 0.712810491244
18899.76 0.693390689573
19118.62 0.682302131062
19295.51 0.660658687979
19518.94 0.63676195493
19699.56 0.620840682416
19881.82 0.603911359127
20112.05 0.59424593112
20298.15 0.572750730798
20485.95 0.563589328178
20723.18 0.548231378154
20914.93 0.534533747052
21108.44 0.52356378275
21303.77 0.511645064778
21500.87 0.499993183776
21699.83 0.484131208365
21900.62 0.476392936249
22103.25 0.463406870399
22307.78 0.451843935053
22514.18 0.437938764086
22722.51 0.42145416908
22880.03 0.378789902509
23091.72 0.372800894971
23305.39 0.326934584766
23521.02 0.305676572861
23684.08 0.307277594678
23903.2 0.280587968016
24124.39 0.27005976714
24291.6 0.267545569917
24516.38 0.249169397282
24686.33 0.246720426873
24767.8 0.222574645987
24861.85 0.206149348085
24955.89 0.221984639799
25049.84 0.211367493267
25143.88 0.218916014649
25237.93 0.224140089541
25331.87 0.221637751738
25425.92 0.220668244082
25519.87 0.227256152374
25613.91 0.219176921908
25707.95 0.217454341027
25801.9 0.216129050745
25895.94 0.231178655826
25989.99 0.23751751628
26083.94 0.238279484071
26177.98 0.228619985774
26271.93 0.225397188153
26365.97 0.227039717943
26460.02 0.211002816075
26553.96 0.204076914289
26648.01 0.202487751892
26742.05 0.194936265655
26836.0 0.193750323568
26930.04 0.188487705558
27023.99 0.199599982911
27118.03 0.195025211312
27212.08 0.19568933888
27306.03 0.193596151097
27400.07 0.188962082393
27494.11 0.187547846455
27588.06 0.191784624559
27682.1 0.185602901432
27776.05 0.179293689531
27870.1 0.181010340701
27964.14 0.184049317299
28058.09 0.179640577591
28152.13 0.185024754665
28246.17 0.178508002898
28340.12 0.17039319417
28434.16 0.167668492225
28528.11 0.169441475645
28622.16 0.164964544268
28716.2 0.16178918433
28810.15 0.160039919752
28904.19 0.164757004402
28998.24 0.159550718641
29092.18 0.159426194722
29186.23 0.146798876354
29280.17 0.15084886858
29374.22 0.15187767334
29468.26 0.150943743947
29562.21 0.15010468992
29656.25 0.148903923558
29750.3 0.141088565206
29844.25 0.138313460723
29938.29 0.140133881826
30032.23 0.150837009159
30126.28 0.145129662867
30220.32 0.13410633117
30314.27 0.143401152275
30408.32 0.145906454933
30502.36 0.136315148307
30596.31 0.137086010663
30690.35 0.135737001539
30784.3 0.140783185119
30878.34 0.138835275241
30972.39 0.134272363062
31066.33 0.133400695629
31160.38 0.122768724821
31254.42 0.121959319347
31348.37 0.136436707371
31442.41 0.139004271988
31536.36 0.132944107925
31630.4 0.136644247236
31724.45 0.137213499437
31818.39 0.138292706736
31912.44 0.137257972266
32006.48 0.146801841209
32100.43 0.162361401387
32194.48 0.173553729831
32288.42 0.198262833208
32382.46 0.220398442258
32476.51 0.233962654875
32570.45 0.273125427435
32664.5 0.315519892181
32758.54 0.331856244426
32852.49 0.328031581196
32946.53 0.30443133367
33040.48 0.264263475191
33134.53 0.232441684149
33228.57 0.210750803382
33322.52 0.187702018926
33416.56 0.173613026935
33510.51 0.172133564182
33604.55 0.172207685562
33698.6 0.176509690482
33792.54 0.180532999011
33886.59 0.179240322137
33980.63 0.180026008769
34074.58 0.174710023365
34168.62 0.169619366958
34262.67 0.167007329512
34356.61 0.163099650336
34450.66 0.154528253904
34544.61 0.15276416505
34638.65 0.142256718161
34732.69 0.143312206619
34826.64 0.144759055964
34920.68 0.137382496185
35014.73 0.142917880875
35108.68 0.13656123129
35202.72 0.130874638984
35296.67 0.131268964728
35390.71 0.133403660484
35484.76 0.126958065242
35578.7 0.118724662305
35672.74 0.12172806064
35766.79 0.11578352593
35860.74 0.118185058655
35954.78 0.10949803287
36048.73 0.112459923232
36142.77 0.108534454925
36236.82 0.111594185508
36330.77 0.109071093719
36424.81 0.112453993521
36518.85 0.106334532354
36612.8 0.107342583127
36706.84 0.100867339334
36800.79 0.103040578208
36894.83 0.098465806608
36988.88 0.100526380984
37082.82 0.106032117121
37176.87 0.109518786857
37270.91 0.108768678487
37364.86 0.110752166627
37458.91 0.102477255716
37552.85 0.104383657621
37646.9 0.105213817082
37740.94 0.103784756867
37834.89 0.0962836731684
37928.93 0.0991744070048
38022.97 0.0949554180312
38116.92 0.0936864599984
38210.97 0.0961235709866
38304.91 0.0972739348108
38398.96 0.0946174245365
38493.0 0.0965238264409
38586.95 0.0932862045441
38680.99 0.0904191895494
38775.04 0.0919460899861
38868.98 0.0912285950236
38963.03 0.0879998676924
39056.97 0.0901849659872
39151.02 0.0950740122399
39245.06 0.0897194837182
39339.01 0.0896275732064
39433.05 0.0913679432188
39527.1 0.088459420251
39621.04 0.0849253128325
39715.09 0.0853789356807
39809.03 0.0905407486132
39903.08 0.0888744999814
39997.12 0.0912582435757
40091.07 0.095062152819
40185.11 0.112044843501
40279.16 0.124034717998
40373.11 0.137975467228
40467.15 0.133679392019
40561.1 0.122220226606
40655.14 0.111419259051
40749.19 0.106814838899
40843.13 0.0911426142223
40937.17 0.0889219376648
41031.12 0.0838846486513
41125.17 0.0858266288184
41219.21 0.0810265282223
41313.16 0.0804721002967
41407.2 0.0763094435722
41501.25 0.0718621607469
41595.2 0.0784737878805
41689.24 0.08154241303
41783.28 0.0806826050171
41877.23 0.0817677420265
41971.27 0.0826838822885
42065.22 0.0793128419069
42159.26 0.0771692515851
42253.31 0.0745394250077
42347.26 0.0714055730435
42441.3 0.0729384031906
42535.35 0.0752806388119
42629.29 0.0703619440071
42723.34 0.0762323573366
42817.28 0.0774064400024
42911.33 0.0728672466654
43005.37 0.0694695225868
43099.32 0.0657338050136
43193.36 0.0720222629286
43287.4 0.0725855854198
43381.35 0.0711209469426
43475.4 0.0653928466636
43569.35 0.0665432104878
43663.39 0.065739734724
43757.44 0.0654728977545
43851.38 0.0648058053307
43945.43 0.0664987376595
44039.47 0.0670590952955
44133.41 0.0669849739151
44227.46 0.0632018186583
44321.4 0.0618913526525
44415.45 0.0606461134614
44509.49 0.0621492950564
44603.44 0.0636139335335
44697.49 0.0557985751818
44791.44 0.0601450529297
44885.48 0.0591340373008
44979.52 0.054052275459
45073.47 0.0551581664549
45167.51 0.0534266910083
45261.56 0.0559408882322
45355.5 0.0564093353565
45449.55 0.0576012071537
45543.59 0.0549624860106
45637.54 0.058152670224
45731.58 0.0583068426953
45825.53 0.0605275192527
45919.57 0.0571060763324
46013.62 0.0641831857351
46107.56 0.0647376136607
46201.61 0.071331451663
46295.56 0.0788710784796
46389.6 0.0690425834356
46483.64 0.0713729596361
46577.59 0.0760692902996
46671.63 0.0705813432932
46765.68 0.0672992485681
46859.62 0.0684940852205
46953.67 0.0712602951378
47047.71 0.067148040952
47141.66 0.0588760948969
47235.7 0.0573995969989
47329.65 0.0556532972762
47423.69 0.0548765052093
47517.74 0.0422906948137
47611.69 0.0534622692709
47705.73 0.0623686943424
47799.68 0.0525283398776
47893.72 0.0530709083823
47987.77 0.0525965315475
48082.68 0.0481107056044
48563.51 0.0493589096507
49049.15 0.0506189731179
49539.64 0.0518908960059
50035.04 0.0531746783148
50535.38 0.0544732848998
50687.16 0.0548646457885
50980.95 0.054052275459
51274.75 0.0580785488436
51568.53 0.0651586231015
51862.33 0.0662348655452
52156.22 0.087229005336
52450.01 0.0892510365939
52743.79 0.0770980950599
53037.58 0.0765673859761
53331.38 0.086888046986
53625.26 0.0667181369456
53919.06 0.0547430867246
54212.85 0.0533940776009
54506.64 0.0628905088606
54800.43 0.0623271863694
55094.31 0.0700802827615
55388.11 0.070756269751
55681.9 0.0659265206027
55975.69 0.0794284712604
56269.48 0.106233727276
56563.37 0.109364614385
56857.16 0.110915233664
57150.95 0.118279934022
57444.74 0.119729748223
57738.53 0.114393008833
58032.42 0.10253062311
58326.21 0.102705549568
58620.0 0.107867362501
58913.79 0.104499286974
59207.58 0.110443821684
59501.47 0.118656470635
59795.26 0.136937767902
60089.05 0.157080994246
60382.84 0.172658343555
60676.63 0.181908691832
60970.52 0.202831675098
61264.31 0.260050415928
61558.11 0.384037696243
61851.89 0.534593044157
62145.68 0.607172699866
62439.57 0.568362745077
62733.36 0.470166740294
63027.15 0.386795011595
63320.94 0.311339446325
63614.74 0.270528214265
63908.62 0.238937681929
64202.41 0.212010866849
64496.2 0.188796050501
64790.0 0.174345346174
65083.78 0.162687535461
65377.67 0.153932318005
65671.46 0.161166564735
65965.26 0.167671457081
66259.04 0.169809117692
66552.84 0.169266549187
66846.73 0.162862461919
67140.51 0.164232225029
67434.3 0.164582077945
67728.1 0.158750207733
68021.89 0.166927278421
68315.78 0.168368198056
68609.57 0.170929832964
68903.36 0.192060356095
69197.15 0.200344161571
69490.93 0.235928353884
69784.82 0.287223313991
70078.62 0.274993286221
70372.41 0.221824537617
70666.2 0.211732170459
70959.99 0.21434717276
71253.87 0.220786838291
71547.66 0.22849842671
71841.46 0.230194323894
72135.25 0.232246003704
72429.04 0.228806771653
72722.93 0.270255447585
73016.72 0.253542558727
73310.51 0.302830311853
73604.3 0.321983276554
74191.88 0.376210478471
74779.56 0.461331471747
75367.14 0.544199175059
75954.72 0.598040945798
76542.4 0.60053142418
77129.99 0.570823574907
77717.66 0.549565563002
78305.24 0.526914069145
78892.83 0.47627434204
79480.5 0.410484204778
80068.08 0.356849973904
80655.67 0.305824815622
81243.34 0.266276611884
81830.93 0.248434113188
82418.5 0.243097373798
83006.19 0.246284593156
83593.77 0.247767020765
84181.45 0.253083006169
84769.03 0.264468050201
85356.62 0.28106234485
85944.29 0.293339810303
86531.87 0.27231602196
87119.46 0.234834322309
87707.13 0.191298388304
88294.71 0.153686235022
88882.29 0.127631087376
89469.97 0.124019893722
90057.55 0.120387946082
90645.23 0.0952696926842
91232.81 0.0864848266765
91820.4 0.084112942503
92408.07 0.0835288660253
92995.65 0.0810472822088
93583.24 0.0771603570194
94170.92 0.0765288428582
94758.49 0.0782039860558
95346.07 0.0760900442861
95933.76 0.0781624780828
96521.34 0.0888685702709
97109.02 0.0820938761003
97696.6 0.0709904933131
98284.18 0.0686986602305
98871.86 0.0673288971203
99459.44 0.0653394792697
100047.03 0.0659887825622
100634.7 0.0663920028717
101222.28 0.0670679898612
101809.86 0.0654640031888
102397.54 0.064933294105
102985.12 0.0666706992621
103572.81 0.067488999302
104160.38 0.070824461421
104747.97 0.0788028868096
105335.65 0.0891650557926
105923.23 0.0883971582914
106510.81 0.0864522132692
107098.48 0.0881006727698
107686.07 0.0885898738805
108273.66 0.0885572604732
108861.33 0.0938258081936
109448.91 0.106263375828
110036.59 0.126418461593
110624.17 0.13737953133
111211.75 0.173586343238
111799.43 0.265102529218
112387.01 0.335443719238
112974.6 0.307247946126
113562.27 0.248469691451
114149.85 0.201067586244
114737.43 0.168691367275
115325.11 0.148723067389
115912.69 0.138879748069
116500.38 0.126880979007
117087.96 0.123385414706
117675.53 0.121831830572
118263.22 0.12514357385
118850.8 0.130619661435
119438.38 0.135179608759
120026.05 0.135763685236
120613.64 0.131227456755
121201.23 0.129267687456
121788.9 0.127690384481
122376.48 0.13622027294
122964.16 0.14729104232
123551.74 0.145393534981
124139.32 0.145930173775
124727.0 0.151459628755
125314.58 0.159544788931
125902.16 0.165942946489
126489.85 0.17784980504
127077.42 0.191191653516
127665.0 0.263293967536
128252.68 0.339861353512
128840.26 0.221207847732
129427.84 0.129018639618
130015.53 0.115083820099
130603.1 0.111021968451
131190.79 0.109246020177
131778.37 0.108801291894
132365.95 0.108999937194
132953.63 0.108208320851
133541.21 0.105385778684
134128.79 0.106476845404
134716.47 0.104828385903
135304.05 0.106613228744
135891.63 0.105474724341
136479.31 0.104078277534
137066.89 0.101599658572
137654.58 0.0989520428636
138242.16 0.0971286569052
138829.73 0.09439209554
139417.42 0.0921951378243
140005.0 0.0892362123178
140592.58 0.0888715351261
141623.95 0.102231172733
142446.65 0.105412462381
143269.34 0.101323927037
144092.03 0.0972442862586
144914.62 0.0951244147786
145737.31 0.0914183457574
146560.0 0.0913471892322
147382.6 0.0934374121601
148205.29 0.0935737955001
149027.98 0.0921803135482
149850.58 0.0911604033536
150673.26 0.0909736174749
151495.97 0.0918897577369
152318.57 0.0926191121203
153141.25 0.0932595208471
153963.94 0.097632682292
154786.53 0.105762315297
155609.23 0.14306315878
156431.92 0.132982651043
157254.61 0.106708104111
158077.21 0.104072347823
158899.91 0.102563236518
159722.58 0.103242188362
160545.2 0.10334299344
161367.87 0.105563669997
162190.56 0.109818237233
163013.17 0.115756842233
163835.85 0.124177031049
164658.55 0.131518012566
165481.13 0.128736978372
166303.84 0.12570096663
167126.52 0.128739943228
167949.11 0.130969514351
168771.81 0.131559520539
169594.5 0.139217741564
170417.19 0.166313553391
171239.79 0.152713762511
172062.49 0.140024182183
172885.16 0.136851787101
173707.78 0.135905998287
174530.47 0.134109296025
175353.15 0.127441336643
176175.75 0.124061401695
176998.43 0.121333734896
177821.13 0.122878424464
178643.73 0.124924174563
179466.42 0.12617237861
180289.1 0.122946616134
181111.69 0.120310859846
181934.39 0.119222757981
182757.1 0.119969901496
183579.78 0.120764482694
184402.37 0.121567958458
185225.07 0.123761951318
186047.74 0.131962740848
186870.36 0.165352940301
187693.05 0.212725396956
188515.73 0.141168616297
189338.33 0.126397707606
190161.04 0.128745872938
190983.71 0.128802205187
191806.31 0.126362129344
192629.0 0.125926295627
193451.69 0.12556458329
194274.3 0.125416340529
195096.97 0.125549759014
195919.68 0.127625157666
196742.36 0.128994920776
197564.95 0.127171534818
198387.65 0.126827611613
200032.94 0.117799627477
201678.32 0.13171369301
203323.62 0.128126218198
204968.89 0.133516324982
206614.27 0.138847134662
208259.55 0.138105920858
209904.95 0.137160132044
211550.23 0.140332527126
213195.52 0.139582418756
214840.91 0.138523965443
216486.2 0.139188093012
218131.47 0.143703567507
219776.85 0.142742954417
221422.15 0.140836552512
223067.53 0.143211401541
224712.81 0.148284268817
226358.1 0.146852243748
228003.49 0.149179655093
229648.78 0.153941212571
231294.06 0.148773469928
232939.43 0.148278339107
234584.73 0.148512562669
236230.11 0.153941212571
237875.39 0.154394835419
239520.68 0.15351427342
241166.07 0.153493519433
242811.36 0.154095385042
244456.65 0.15241727699
246102.04 0.151026759893
247747.32 0.153051756006
249392.69 0.155951384408
251037.97 0.153333417252
252683.26 0.15304286144
254328.65 0.152334261044
255973.94 0.154071666201
257619.23 0.15632199131
259264.6 0.159132674056
260909.89 0.160899727765
262555.27 0.159452878419
264200.55 0.159203830581
265845.87 0.158830258824
267491.25 0.158462616777
269136.51 0.158495230184
270781.79 0.1602089165
272427.2 0.161104302775
274072.49 0.16226652602
275717.86 0.162646027488
277363.15 0.163760813049
279008.44 0.164365643514
280653.81 0.1671140643
282299.1 0.168469003134
283944.39 0.164754039547
285589.77 0.165133541015
287235.05 0.165942946489
288880.43 0.167404620111
290525.75 0.166787930226
292171.03 0.164445694605
293816.41 0.165590128718
295461.7 0.168332619794
297106.98 0.169124236137
298752.36 0.170953551806
300397.65 0.172083161643
302043.02 0.172599046451
303688.31 0.172017934828
305333.6 0.168768453511
306978.98 0.175240732449
308624.29 0.173799812814
310269.58 0.173067493575
311914.96 0.175157716503
313560.21 0.177188642327
315205.62 0.177802367357
316850.91 0.177686738003
318496.19 0.17592857886
320141.57 0.178081063747
321786.86 0.184434748477
323432.14 0.189549123726
325077.55 0.19514380552
326722.84 0.189706261052
328368.19 0.196590654866
330013.47 0.202686397192
331658.79 0.195707128011
333304.14 0.219061292555
334949.42 0.245223174989
336594.71 0.224436575063
338240.12 0.205921054234
339885.37 0.203913847252
