100.04 7.79784831954e-05
101.9 9.54931032598e-05
104.03 0.000107639067941
105.97 0.000125017366659
107.94 0.000147227054276
109.95 0.000204629033045
114.07 0.000260600974159
118.08 0.000315476998565
121.11 0.000931048067276
125.08 0.00109641120658
127.11 0.00116673698359
127.99 0.00121891331074
130.97 0.00132120778001
131.88 0.00150300966993
134.02 0.00157745181702
137.14 0.00188791700137
140.02 0.00203225725066
142.95 0.00431497156351
146.95 0.00853037508469
151.07 0.00909851434371
154.95 0.00977170122859
158.92 0.0105189293154
161.87 0.0110910780258
166.03 0.0119390769904
169.89 0.0126757468553
173.05 0.0133036269397
177.08 0.0140598094679
179.96 0.0146545447544
182.04 0.0150995938563
185.86 0.0158841098409
191.06 0.0169038469725
194.17 0.0176188658
197.78 0.0184488222334
201.92 0.0193188731805
205.2 0.019951030013
209.98 0.020275795574
215.86 0.0223339806101
219.88 0.0232788746495
222.94 0.0237118953973
227.08 0.0247730635264
230.24 0.0371515763868
233.98 0.0620823450004
239.98 0.0772634643679
246.14 0.073278069707
251.87 0.0769079596799
257.15 0.0635284204609
260.12 0.0741267369134
263.74 0.077441216712
269.26 0.0769079596799
274.27 0.0762022962389
278.73 0.075330908808
283.91 0.0749847595064
289.85 0.0709525879128
295.92 0.0714444139475
300.73 0.0688609907819
307.74 0.0693381154948
317.82 0.0696575351206
328.23 0.068072465346
338.2 0.0662174258458
347.68 0.0641164733284
356.6 0.0628013732793
365.75 0.0620823450004
375.13 0.0603903565226
384.75 0.0567511111632
394.62 0.0568820865746
404.74 0.05584363867
414.17 0.054197090641
421.87 0.0524770360036
429.71 0.0509293877751
440.74 0.0496557187235
451.0 0.0479704126647
460.45 0.046341238925
470.09 0.0448711067563
479.93 0.0437497968567
489.98 0.0417798197507
500.24 0.0411129143396
506.03 0.03999160444
511.89 0.0412064682049
520.21 0.0400838218215
529.88 0.0384559845656
539.73 0.0363884441429
549.77 0.0351535331212
559.99 0.0351535331212
570.4 0.0345922099295
579.67 0.0332637450425
590.44 0.0325821383098
600.04 0.0309008417023
609.79 0.0273511407568
619.7 0.0299893597577
629.76 0.0288386472147
640.0 0.028443048013
650.4 0.0275409214549
657.93 0.0265439045478
665.55 0.0265439045478
674.81 0.0259999556454
685.77 0.0246019936013
695.31 0.0247155947234
704.98 0.0231719559463
716.44 0.023548844375
726.4 0.0229594550237
734.82 0.0224890127297
745.04 0.02182611677
755.4 0.0212794949
764.15 0.0194070811106
774.78 0.0203225725066
785.56 0.0195420659734
794.65 0.0193629771456
805.71 0.0190529129064
815.04 0.0186626596398
824.48 0.0183646237546
835.95 0.0168249944289
845.63 0.0174972457751
855.42 0.0170602155759
865.32 0.0168637524588
875.34 0.0166325407632
885.48 0.0163291589429
895.73 0.0160685446039
904.02 0.0156662629832
914.49 0.0178634423335
925.08 0.0389919145653
935.79 0.0654596395371
944.45 0.103745890661
955.39 0.133955770244
964.23 0.150300966993
975.39 0.0453909989505
984.42 0.134570552788
995.81 0.135198700169
1005.03 0.177404858248
1014.33 0.168249944289
1026.07 0.0796103299027
1035.57 0.126757468553
1045.15 0.212313814836
1054.82 0.207475743517
1064.58 0.170602155759
1074.43 0.195420659734
1084.37 0.157745181702
1094.41 0.19951030013
1104.53 0.191411208365
1114.75 0.184488222334
1125.07 0.166712987931
1135.48 0.200900243272
1145.98 0.183646237546
1153.93 0.191411208365
1164.6 0.194966255245
1175.38 0.141573727846
1186.26 0.185771246772
1194.48 0.13582684755
1205.53 0.103745890661
1213.89 0.0659127075418
1225.12 0.127048822019
1233.61 0.179877353259
1245.03 0.194966255245
1253.66 0.187481946023
1265.26 0.164053385189
1274.03 0.202290186413
1285.81 0.20891914601
1294.73 0.171390681195
1303.7 0.168249944289
1315.77 0.20135464776
1324.89 0.192734327317
1334.07 0.172967732067
1346.41 0.198601491153
1355.75 0.191852248015
1365.14 0.17376962234
1374.61 0.179463043285
1384.14 0.180291663234
1393.73 0.157023480455
1403.39 0.1610596615
1416.38 0.16595119217
1426.19 0.167875728828
1436.08 0.166325407632
1442.71 0.173368677203
1446.03 0.174972457751
1456.06 0.169813630323
1466.15 0.157745181702
1476.31 0.156301779209
1486.55 0.157745181702
1493.41 0.158841098409
1503.76 0.150648452778
1510.7 0.13582684755
1517.67 0.143538359017
1524.68 0.139301705403
1535.25 0.12273598883
1545.89 0.131211969024
1556.6 0.124156671098
1563.79 0.126174761621
1574.63 0.133036269397
1585.54 0.137390533584
1596.54 0.139943217622
1603.9 0.13582684755
1615.02 0.135198700169
1626.22 0.128224927754
1633.72 0.134570552788
1645.05 0.13550609144
1656.45 0.125594727656
1664.1 0.13550609144
1671.78 0.121891331074
1675.63 0.13582684755
1683.37 0.139943217622
1695.03 0.131817396181
1706.78 0.126464778603
1714.66 0.120772694142
1726.55 0.119666085565
1734.52 0.126464778603
1746.54 0.123019323393
1754.6 0.130308505982
1766.76 0.119116790727
1774.92 0.12217199267
1783.11 0.12358599252
1795.47 0.131211969024
1803.76 0.129113689474
1816.26 0.12021805337
1824.65 0.121891331074
1833.07 0.117212301327
1845.77 0.107144568939
1854.29 0.108634748364
1867.15 0.112453082551
1875.77 0.119116790727
1884.42 0.110910780258
1893.12 0.107887653926
1906.24 0.112193804696
1915.04 0.109137266269
1923.88 0.10567443677
1937.22 0.10446491894
1946.16 0.113754817763
1955.14 0.107639067941
1968.69 0.117482271052
1977.78 0.11829618968
1982.34 0.114543343199
1996.08 0.111935863325
2005.3 0.112971638262
2014.55 0.110655511854
2023.85 0.110910780258
2033.19 0.110655511854
2047.29 0.115603174844
2056.74 0.11014631153
2066.23 0.109641120658
2075.77 0.118024883471
2085.35 0.146879568491
2094.97 0.137711289693
2104.64 0.13550609144
2114.36 0.142549361012
2124.12 0.136454994931
2133.92 0.127929564836
2143.77 0.143204238069
2153.67 0.144861477969
2163.61 0.133955770244
2173.59 0.133648378973
2183.63 0.147227054276
2193.71 0.149953481207
2203.83 0.145195598916
2214.0 0.125884744638
2224.22 0.132730214609
2234.49 0.157745181702
2244.8 0.149953481207
2255.17 0.128224927754
2265.58 0.125017366659
2276.03 0.132425496305
2286.54 0.155940928585
2297.09 0.137056412637
2302.39 0.152706637814
2313.02 0.136695562013
2323.69 0.110330746293
2334.42 0.111333109136
2345.19 0.0928000884235
2356.02 0.12896400329
2366.89 0.096248216601
2372.35 0.109989942927
2383.3 0.0849723028671
2394.3 0.0959835928106
2405.35 0.093782404009
2416.45 0.102103352084
2427.61 0.138980949294
2433.2 0.137377168746
2444.43 0.156622535318
2455.72 0.161714538557
2467.05 0.146104407893
2472.74 0.132936033113
2484.15 0.102934645001
2495.62 0.11129568759
2507.14 0.150795465995
2512.92 0.0921198181745
2518.71 0.0840073615709
2524.52 0.0857581553354
2536.17 0.11071030769
2547.88 0.114316140954
2553.75 0.172606881443
2565.54 0.138994314132
2577.38 0.167073838554
2583.32 0.152706637814
2595.25 0.140852026599
2607.22 0.125801882643
2613.24 0.117122756913
2625.3 0.146411799165
2637.42 0.221548917823
2643.49 0.288025621524
2655.7 0.380483570097
2667.95 0.256003469922
2674.11 0.286555489355
2686.45 0.324431439956
2692.64 0.246086760202
2705.07 0.29510898561
2717.56 0.222791847748
2723.82 0.186573137046
2736.39 0.227910580662
2742.7 0.141159417871
2755.36 0.180144650017
2768.08 0.226226611087
2774.46 0.240714095368
2787.27 0.157544709133
2793.69 0.0853799304229
2806.59 0.0984614337568
2813.06 0.215882226555
2826.04 0.300695487851
2832.56 0.284497304319
2845.63 0.215761943014
2852.19 0.138660193184
2865.36 0.28696979933
2871.96 0.372224100277
2885.22 0.339386693563
2891.87 0.404259616717
2911.91 0.53396536851
2932.1 0.469212728897
2952.42 0.436736172807
2972.89 0.457171009952
2986.61 0.463425754088
3007.31 0.467555488998
3028.16 0.493951043845
3049.15 0.515856013159
3070.28 0.553825517625
3091.57 0.542278297682
3113.0 0.618123752749
3127.36 0.575396365991
3149.04 0.572549655519
3170.87 0.627559328304
3192.85 0.547637597679
3207.59 0.605881561235
3229.82 0.515508527374
3252.21 0.70805574696
3267.22 0.820280290783
3289.87 0.803159933437
3312.67 0.756195893066
3320.31 0.712172117032
3327.96 0.771832753405
3335.63 0.813718155375
3343.32 0.742015800057
3351.03 0.731751604551
3358.76 0.820921803002
3366.5 0.685883480888
3374.26 0.558717048295
3382.04 0.662428190378
3389.83 0.790824188057
3397.65 0.695065124523
3405.48 0.831707227185
3413.33 0.765444360891
3421.2 0.818195376071
3429.09 0.792133942171
3436.99 0.801195302266
3444.91 0.537881266014
3452.86 0.82723000649
3460.82 0.756075609525
3468.79 0.76297186588
3476.79 0.71688990481
3484.81 0.782337515993
3492.84 0.728343570888
3500.89 0.692271873403
3508.96 0.853532007471
3517.05 0.692084765672
3525.16 0.71631521678
3533.28 0.855162517695
3541.43 0.922548030373
3549.59 0.92453939122
3557.77 0.816337663603
3565.98 0.903249204449
3574.2 0.633506681169
3582.44 0.633413127303
3590.7 0.540300301673
3598.97 0.856191610213
3607.27 0.754244626733
3611.1 0.680497451215
3613.83 0.72019101977
3616.57 0.761287896304
3619.3 0.79157261898
3622.03 0.788351693046
3624.76 0.763319351665
3627.5 0.793777817233
3630.23 0.867591816939
3632.96 0.807998004755
3635.69 0.826535034919
3638.42 0.889977920417
3641.16 0.910813702699
3643.89 0.842345638151
3646.62 0.805445320717
3649.35 0.870558810953
3652.09 0.992753523847
3654.82 1.07194018839
3657.55 1.04885911334
3660.28 1.04905958591
3663.01 1.06769016994
3665.75 1.07029631333
3668.48 1.02643291535
3671.21 0.993876170231
3673.94 1.03629616572
3676.68 0.951068594446
3679.41 0.916052719155
3682.14 0.867284425668
3684.87 0.878818280773
3687.6 0.896459866797
3690.34 0.90578852365
3693.07 1.00435420314
3695.8 1.13444753523
3698.53 1.11359838811
3701.27 1.05044952905
3704.0 0.994825073721
3706.73 0.912444212923
3709.46 0.863087866568
3712.19 0.983304583454
3714.93 1.06370744824
3717.66 1.00978032733
3720.39 0.949545002925
3723.12 1.08261869387
3725.85 1.28155430597
3728.59 1.31273447278
3731.32 1.17696108459
3734.05 0.976341502909
3736.78 0.832736319703
3739.52 0.788324963371
3742.25 0.838135714214
3744.98 0.792975926959
3747.71 0.755794947929
3750.44 0.799337589798
3753.18 0.909891528884
3755.91 0.930633757301
3758.64 0.90362341991
3761.37 0.857474634651
3764.11 0.889403232388
3766.84 0.936968690464
3769.57 1.01921590288
3772.3 1.03794004078
3775.03 1.07736631257
3777.77 1.10291988263
3780.5 1.20001542996
3783.23 1.22198722346
3785.96 1.10725009011
3788.7 1.04623960511
3791.43 1.00999416473
3794.16 0.902768070285
3796.89 0.937356270763
3799.62 0.940229710911
3802.36 0.987314034823
3805.09 1.13786893374
3807.82 1.07905028215
3810.55 1.05250771409
3813.28 1.08563914723
3816.02 0.958445984965
3818.75 0.878096579527
3821.48 0.860962857342
3824.21 0.788832827211
3826.95 0.746800412024
3829.68 0.6825021769
3832.41 0.764642470617
3835.14 0.632637966705
3837.87 0.660690761452
3840.61 0.795047476833
3843.34 0.852195523682
3846.07 0.962027761521
3848.8 0.9171620007
3851.54 0.969752637826
3854.27 0.951389350555
3857.0 0.904545593725
3859.73 0.949919218387
3862.46 0.959702279727
3865.2 1.03120416248
3867.93 1.0428850308
3870.66 0.993274752525
3873.39 1.00010418469
3876.13 0.941833491459
3878.86 0.91907317252
3881.59 0.894842721412
3884.32 0.969137855283
3887.05 0.926998521393
3889.79 0.939655022881
3892.52 0.997992540303
3895.25 1.04631979414
3897.98 1.10990969285
3900.72 1.07379790086
3903.45 1.09105190658
3906.18 1.02798323654
3908.91 1.16308838285
3911.64 1.21320652496
3914.38 1.19277168782
3917.11 1.21451627908
3919.84 1.05786701408
3922.57 0.955826476737
3925.3 0.888454328897
3928.04 0.761809124982
3930.77 0.616159121578
3933.5 0.525705898689
3936.23 0.577254078459
3938.97 0.710287674888
3941.7 0.820454033676
3944.43 0.966144131594
3947.16 1.06225068091
3949.89 1.12255282951
3952.63 1.22865627757
3955.36 1.14223923573
3958.09 1.04714841409
3960.82 0.967467250546
3963.56 0.785919292549
3966.29 0.672478548477
3969.02 0.588667650023
3971.75 0.726900168395
3974.48 0.857180608217
3977.22 1.0699354627
3979.95 1.20254138432
3982.68 1.30182876506
3985.41 1.38994314132
3988.15 1.46986487194
3990.88 1.49071401906
3993.61 1.47414162007
3996.34 1.48042309388
3999.07 1.51811193675
4001.81 1.52746732328
4004.54 1.51383518862
4007.27 1.52760097166
4010.0 1.5667599467
4012.73 1.57651627836
4015.47 1.6156752534
4018.2 1.68156390423
4020.93 1.63545521349
4023.66 1.60431514119
4026.4 1.59161854519
4029.13 1.5743779043
4031.86 1.51864653027
4034.59 1.51757734324
4037.32 1.60244406388
4040.06 1.59736542548
4042.79 1.5215867946
4045.52 1.50006940559
4048.25 1.56128036316
4050.99 1.57558073971
4053.72 1.54524255768
4056.45 1.49231779961
4059.18 1.44834748293
4061.91 1.44260060263
4064.65 1.45569814377
4067.38 1.46999852032
4070.11 1.53361514871
4072.84 1.55098943798
4075.58 1.5215867946
4078.31 1.56368603398
4081.04 1.60765635066
4083.77 1.63652440052
4086.5 1.6996064354
4089.24 1.7249996274
4091.97 1.67621796908
4094.7 1.59990474468
4097.43 1.48937753527
4100.17 1.4281665777
4102.9 1.47146865249
4105.63 1.53227866492
4108.36 1.61594255016
4111.09 1.63371778456
4113.83 1.64641438057
4116.56 1.66058110874
4119.29 1.63679169728
4122.02 1.63799453269
4124.75 1.64547884191
4127.49 1.60057298658
4130.22 1.55005389933
4132.95 1.56983385941
4135.68 1.62930738806
4138.42 1.63799453269
4141.15 1.58239680704
4143.88 1.55927563747
4146.61 1.52212138812
4149.34 1.55767185693
4152.08 1.59175219357
4154.81 1.56328508884
4157.54 1.61661079205
4160.27 1.66178394415
4163.01 1.64614708381
4165.74 1.63719264242
4168.47 1.61206674717
4171.2 1.53348150033
4173.93 1.51583991431
4176.67 1.53896108387
4179.4 1.54243594172
4182.13 1.55767185693
4184.86 1.59482610628
4187.6 1.62021929829
4190.33 1.65296315113
4193.06 1.64574613867
4195.79 1.63051022347
4198.52 1.54310418362
4201.26 1.57264047537
4203.99 1.61955105639
4206.72 1.64133574216
4209.45 1.65897732819
4212.19 1.67835634314
4214.92 1.66980284689
4217.65 1.66606069227
4220.38 1.65937827333
4223.11 1.6214221337
4225.85 1.50969208888
4228.58 1.49311968988
4231.31 1.58988111626
4234.04 1.64293952271
4236.77 1.66058110874
4239.51 1.68543970723
4242.24 1.74745255507
4244.97 1.68944915859
4247.7 1.67875728828
4250.44 1.6468153257
4253.17 1.59322232573
4255.9 1.66405596659
4258.63 1.68570700398
4261.36 1.66231853766
4264.1 1.70201210622
4266.83 1.6989381935
4269.56 1.61220039555
4272.29 1.57210588186
4275.03 1.57544709133
4277.76 1.62556523345
4280.49 1.64400870974
4283.22 1.6601801636
4285.95 1.64053385189
4288.69 1.585203423
4291.42 1.55780550531
4294.15 1.52933840058
4296.88 1.43297791935
4299.62 1.33322276928
4302.35 1.28557712218
4305.08 1.23094166485
4307.81 1.23970899851
4310.54 1.35225429845
4313.28 1.55392970232
4316.01 1.75253119347
4318.74 1.81307390914
4321.47 1.78487410118
4324.2 1.73235028824
4326.94 1.70227940298
4329.67 1.8209591635
4332.4 1.86479583181
4335.13 1.78340396901
4337.87 1.70495237056
4340.6 1.71444140546
4343.33 1.77805803385
4346.06 1.8184198443
4348.79 1.81788525079
4351.53 1.80345122586
4354.26 1.84234290414
4356.99 1.86920622831
4359.72 1.909300742
4362.46 2.01234364219
4365.19 1.98908882425
4367.92 1.89687144276
4370.65 1.86025178692
4373.38 1.82937901138
4376.12 1.82296388919
4378.85 1.75707523835
4381.58 1.68837997156
4384.31 1.60124122847
4387.05 1.63304954267
4389.78 1.707224393
4392.51 1.75466956753
4395.24 1.86746879939
4397.97 1.86479583181
4400.71 1.8788289116
4403.44 1.80264933558
4406.17 1.79877353259
4408.9 1.87989809863
4411.64 1.90328656495
4414.37 1.93135272453
4417.1 1.98775234046
4419.83 1.98761869208
4422.56 1.99750867213
4425.3 2.00272095891
4428.03 1.98213910854
4430.76 2.01635309356
4433.49 1.95033079435
4436.22 2.00392379432
4438.96 1.99884515592
4441.69 2.04842870451
4444.42 2.09266631795
4447.15 2.09961603366
4449.89 2.09574023067
4452.62 2.01728863221
4455.35 1.94151000134
4458.08 1.93375839536
4460.81 1.92921435047
4463.55 1.95540943275
4466.28 2.02196632548
4469.01 2.04882964965
4471.74 2.12995421569
4474.48 2.17780033536
4477.21 2.19651110842
4479.94 2.17726574184
4482.67 2.14318540521
4485.4 2.18207708349
4488.14 2.16390090395
4490.87 2.15802037527
4493.6 2.12394003863
4496.33 2.12848408352
4499.07 2.21281621065
4501.8 2.24649560215
4504.53 2.31933396869
4507.26 2.29407442507
4509.99 2.30062319564
4512.73 2.28124418069
4515.46 2.24890127297
4518.19 2.22471091638
4520.92 2.20078785654
4523.65 2.13850771194
4526.39 2.04936424317
4529.12 1.99643948509
4531.85 2.00191906863
4534.58 2.05003248506
4537.32 2.1159211359
4540.05 2.16897954235
4542.78 2.18247802862
4545.51 2.16470279422
4548.24 2.19223436029
4550.98 2.10696669451
4553.71 2.13463190895
4556.44 2.19971866951
4559.17 2.24649560215
4561.91 2.26948312334
4564.64 2.22765118072
4567.37 2.2951436121
4570.1 2.2976829313
4572.83 2.26467178169
4575.57 2.25785571437
4578.3 2.25170788893
4581.03 2.19985231789
4583.76 2.18247802862
4586.5 2.23019049992
4589.23 2.24930221811
4591.96 2.25798936274
4594.69 2.20853946252
4597.42 2.21909768446
4600.16 2.2144199912
4602.89 2.20533190143
4605.62 2.24342168944
4608.35 2.33243150983
4611.09 2.40045853473
4613.82 2.38495532277
4616.55 2.3784065522
4619.28 2.38067857464
4622.01 2.3657099562
4624.75 2.33938122554
4627.48 2.3675810335
4630.21 2.35688916318
4632.94 2.30356345997
4635.67 2.2976829313
4638.41 2.26427083656
4641.14 2.22497821314
4643.87 2.17606290643
4646.6 2.18849220568
4649.34 2.21054418821
4652.07 2.20519825305
4654.8 2.26453813331
4657.53 2.27857121311
4660.26 2.29527726048
4663.0 2.29367347993
4665.73 2.20479730791
4668.46 2.13383001868
4671.19 2.17552831292
4673.93 2.22096876177
4676.66 2.19731299869
4679.39 2.18140884159
4682.12 2.24315439268
4684.85 2.24195155727
4687.59 2.25438085651
4690.32 2.24275344754
4693.05 2.2271165872
4695.78 2.20185704358
4698.52 2.18702207351
4701.25 2.18916044757
4703.98 2.14024514087
4706.71 2.16911319073
4709.44 2.1724544002
4712.18 2.21335080417
4714.91 2.28204607096
4717.64 2.30155873429
4720.37 2.37533263948
4723.1 2.36718008836
4725.84 2.30476629538
4728.57 2.28324890637
4731.3 2.24328804106
4734.03 2.27375987146
4736.77 2.32320977168
4739.5 2.29634644751
4742.23 2.33764379661
4744.96 2.4152935048
4747.69 2.39832016067
4750.43 2.39123679658
4753.16 2.38749464197
4755.89 2.33590636769
4758.62 2.32935759712
4761.36 2.29460901858
4764.09 2.27175514578
4766.82 2.26453813331
4769.55 2.30195967943
4772.28 2.35140957965
4775.02 2.41262053722
4777.75 2.40032488635
4780.48 2.363170637
4783.21 2.36985305594
4785.95 2.35181052478
4788.68 2.35354795371
4791.41 2.3802776295
4794.14 2.42438159457
4796.87 2.40152772176
4799.61 2.39337517064
4802.34 2.41916930779
4805.07 2.40353244745
4807.8 2.40821014071
4810.54 2.39551354471
4813.27 2.44055304842
4816.0 2.45204680901
4818.73 2.44964113819
4821.46 2.45605626038
4824.2 2.40687365692
4826.93 2.3733279138
4829.66 2.38802923548
4832.39 2.39551354471
4835.12 2.36183415321
4837.86 2.32481355223
4840.59 2.37653547489
4843.32 2.38669275169
4846.05 2.34165324798
4848.79 2.32695192629
4851.52 2.28605552233
4854.25 2.24836667946
4856.98 2.17071697128
4859.71 2.08625119576
4862.45 2.08143985412
4865.18 2.13142434786
4867.91 2.14224986655
4870.64 2.12394003863
4873.38 2.16256442016
4876.11 2.20479730791
4878.84 2.2455600635
4881.57 2.27148784902
4884.3 2.24596100864
4887.04 2.19905042762
4889.77 2.23152698371
4892.5 2.27015136523
4895.23 2.38508897115
4897.97 2.4438942579
4900.7 2.43467251975
4903.43 2.44255777411
4906.16 2.3936424674
4908.89 2.34445986394
4911.63 2.36223509834
4914.36 2.35221146992
4917.09 2.25598463706
4919.82 2.22230524556
4922.55 2.2061337917
4925.29 2.29420807345
4928.02 2.37346156218
4930.75 2.40112677662
4933.48 2.38562356466
4936.22 2.32254152979
4938.95 2.3548844375
4941.68 2.39644908336
4944.41 2.44723546737
4947.14 2.47931107832
4949.88 2.48332052969
4952.61 2.43093036513
4955.34 2.43654359705
4958.07 2.41582809831
4960.81 2.38589086142
4963.54 2.36383887889
4966.27 2.35688916318
4969.0 2.38148046492
4971.73 2.40179501852
4974.47 2.40259690879
4977.2 2.36089861455
4979.93 2.28712470936
4982.66 2.21548917823
4985.4 2.19971866951
4988.13 2.28364985151
4990.86 2.31385438515
4993.59 2.3161264076
4996.32 2.321205046
4999.06 2.31305249488
5001.79 2.2970146894
5004.52 2.35341430533
5007.25 2.37185778163
5009.99 2.30957763703
5012.72 2.22030051987
5015.45 2.1648364426
5018.18 2.11498559724
5020.91 2.1540109239
5023.65 2.18822490892
5026.38 2.23914494131
5029.11 2.28351620313
5031.84 2.32026950735
5034.57 2.25919219815
5037.31 2.22070146501
5040.04 2.18541829296
5042.77 2.22725023558
5045.5 2.27188879416
5048.24 2.29661374427
5050.97 2.30743926296
5053.7 2.31572546246
5056.43 2.37693642003
5059.16 2.39845380904
5061.9 2.39123679658
5064.63 2.33510447741
5067.36 2.30543453728
5070.09 2.25932584653
5072.83 2.27469541012
5075.56 2.2480993827
5078.29 2.21147972686
5081.02 2.21401904606
5083.75 2.2194986296
5086.49 2.27496270687
5089.22 2.31198330785
5091.95 2.34312338015
5094.68 2.31385438515
5097.42 2.27389351984
5100.15 2.26213246249
5102.88 2.23820940266
5105.61 2.22591375179
5108.34 2.23353170939
5111.08 2.25478180165
5113.81 2.30650372431
5116.54 2.29995495374
5119.27 2.26854758468
5122.0 2.27830391635
5124.74 2.21041053983
5127.47 2.16831130045
5130.2 2.18555194134
5132.93 2.18809126054
5135.67 2.21923133284
5138.4 2.2296559064
5141.13 2.20466365953
5143.86 2.19971866951
5146.59 2.19784759221
5149.33 2.14064608601
5152.06 2.13890865708
5154.79 2.19437273435
5157.52 2.1959765149
5160.26 2.20292623061
5162.99 2.10081886907
5165.72 1.99309827562
5168.45 1.88831794651
5171.18 1.80665878695
5173.92 1.83419035302
5176.65 1.91878977691
5179.38 1.95928523574
5182.11 1.93669865969
5184.85 1.9443166173
5187.58 2.01501660977
5190.31 2.07061433542
5193.04 2.14799674685
5195.77 2.19183341515
5198.51 2.23232887398
5201.24 2.24061507348
5203.97 2.19731299869
5206.7 2.13088975434
5209.44 2.12233625809
5212.17 2.18381451241
5214.9 2.27081960713
5217.63 2.34298973177
5220.36 2.31920032031
5223.1 2.29875211833
5225.83 2.23326441263
5228.56 2.22551280665
5231.29 2.2633352979
5234.02 2.32267517817
5236.76 2.37399615569
5239.49 2.40553717313
5242.22 2.42852469431
5244.95 2.40366609582
5247.69 2.35087498613
5250.42 2.33991581905
5253.15 2.35301336019
5255.88 2.39658273174
5258.61 2.38335154222
5261.35 2.28819389639
5264.08 2.17459277427
5266.81 2.0866521409
5269.54 2.05698220077
5272.28 2.12794949
5275.01 2.24542641512
5277.74 2.38134681654
5280.47 2.40406704096
5283.2 2.44175588383
5285.94 2.48225134266
5288.67 2.51539614065
5291.4 2.56604887628
5294.13 2.51272317307
5296.87 2.44255777411
5299.6 2.40112677662
5302.33 2.45164586388
5305.06 2.52889462692
5307.79 2.61563242488
5310.53 2.65398950964
5313.26 2.61924093111
5315.99 2.55241674162
5318.72 2.5659152279
5321.45 2.53958649724
5324.19 2.3917713901
5326.92 2.30489994376
5329.65 2.30797385648
5332.38 2.36089861455
5335.12 2.44442885141
5337.85 2.47997932022
5340.58 2.46006571175
5343.31 2.46567894367
5346.04 2.45471977659
5348.78 2.50229859951
5351.51 2.54132392617
5354.24 2.58729896853
5356.97 2.61456323784
5359.71 2.62739348222
5362.44 2.58262127527
5365.17 2.49441334515
5367.9 2.42879199107
5370.63 2.40059218311
5373.37 2.46300597609
5376.1 2.51285682145
5378.83 2.52795908827
5381.56 2.52207855959
5384.3 2.50216495113
5387.03 2.50670899601
5389.76 2.46648083394
5392.49 2.42718821052
5395.22 2.38455437763
5397.96 2.35568632777
5400.69 2.35662186643
5403.42 2.35862659211
5406.15 2.36477441754
5408.89 2.34873661207
5411.62 2.40286420555
5414.35 2.48318688131
5417.08 2.50510521546
5419.81 2.51659897606
5422.55 2.51780181147
5425.28 2.51192128279
5428.01 2.46968839504
5430.74 2.40139407338
5433.47 2.40166137014
5436.21 2.45859557958
5438.94 2.53718082642
5441.67 2.5684545471
5444.4 2.52047477905
5447.14 2.47717270426
5449.87 2.44523074169
5452.6 2.44456249979
5455.33 2.44843830278
5458.06 2.44603263196
5460.8 2.44162223545
5463.53 2.46407516312
5466.26 2.4826522878
5468.99 2.50951561197
5471.73 2.5156634374
5474.46 2.48238499104
5477.19 2.42077308833
5479.92 2.41662998858
5482.65 2.4489728963
5485.39 2.46781731773
5488.12 2.47075758207
5490.85 2.49321050974
5493.58 2.48639444241
5496.32 2.48799822296
5499.05 2.5080454798
5501.78 2.50136306085
5504.51 2.43948386139
5507.24 2.4356080584
5509.98 2.46380786636
5512.71 2.40861108585
5515.44 2.40567082151
5518.17 2.44402790627
5520.9 2.5576290284
5523.64 2.50176400599
5526.37 2.46247138257
5529.1 2.41890201103
5531.83 2.44843830278
5534.57 2.45218045739
5537.3 2.51526249227
5540.03 2.49748725786
5542.76 2.55883186381
5545.49 2.5061744025
5548.23 2.52328139501
5550.96 2.59464962938
5553.69 2.51953924039
5556.42 2.57339953712
5559.16 2.51005020549
5561.89 2.49828914814
5564.62 2.47543527533
5567.35 2.51994018553
5570.08 2.46875285638
5572.82 2.50136306085
5575.55 2.49601712569
5578.28 2.50510521546
5581.01 2.50978290873
5583.75 2.48398877159
5586.48 2.40540352475
5589.21 2.38148046492
5591.94 2.3751989911
5594.67 2.37960938761
5597.41 2.40059218311
5600.14 2.4095466245
5602.87 2.45204680901
5605.6 2.48986930026
5608.34 2.5214103177
5611.07 2.53490880398
5613.8 2.49441334515
5616.53 2.45739274417
5619.26 2.43440522299
5622.0 2.43119766189
5624.73 2.45258140253
5627.46 2.49454699353
5630.19 2.55923280895
5632.92 2.56350955708
5635.66 2.53905190372
5638.39 2.48211769428
5641.12 2.49093848729
5643.85 2.49508158704
5646.59 2.51111939252
5649.32 2.56484604087
5652.05 2.52007383391
5654.78 2.45712544741
5657.51 2.44001845491
5660.25 2.44188953221
5662.98 2.45057667684
5665.71 2.50136306085
5668.44 2.49695266435
5671.18 2.54319500347
5673.91 2.56898914061
5676.64 2.56939008575
5679.37 2.57233035009
5682.1 2.54974377404
5684.84 2.56377685383
5687.57 2.5493428289
5690.3 2.54787269674
5693.03 2.55442146731
5695.77 2.57045927278
5698.5 2.51446060199
5701.23 2.44509709331
5703.96 2.47891013319
5706.69 2.42879199107
5709.43 2.39965664446
5712.16 2.44122129032
5714.89 2.5182027566
5717.62 2.59104112314
5720.35 2.5963870583
5723.09 2.61389499595
5725.82 2.59264490369
5728.55 2.58863545232
5731.28 2.60373771915
5734.02 2.59571881641
5736.75 2.59344679397
5739.48 2.56150483139
5742.21 2.59678800344
5744.94 2.60347042239
5747.68 2.60895000593
5750.41 2.56604887628
5753.14 2.53183489126
5755.87 2.56952373413
5758.61 2.56725171169
5761.34 2.5601683476
5764.07 2.54800634512
5766.8 2.58155208824
5769.53 2.62137930517
5772.27 2.61710255704
5775.0 2.57059292116
5777.73 2.57754263687
5780.46 2.47610351723
5783.2 2.48144945239
5785.93 2.44843830278
5788.66 2.50710994115
5791.39 2.5582972703
5794.12 2.56925643737
5796.86 2.61001919296
5799.59 2.58075019796
5802.32 2.62284943734
5805.05 2.65519234505
5807.78 2.63420954955
5810.52 2.61055378647
5813.25 2.62351767923
5815.98 2.61215756702
5818.71 2.63795170416
5821.45 2.66548327023
5824.18 2.66414678644
5826.91 2.63300671414
5829.64 2.65131654206
5832.37 2.65853355453
5835.11 2.73578231757
5837.84 2.71359668666
5840.57 2.68806984628
5843.3 2.66414678644
5846.04 2.61442958946
5848.77 2.66548327023
5851.5 2.60600974159
5854.23 2.52488517555
5856.96 2.5728649436
5859.7 2.51927194364
5862.43 2.45231410577
5865.16 2.56658346979
5867.89 2.54733810322
5870.63 2.5843587042
5873.36 2.57874547228
5876.09 2.581819385
5878.82 2.55722808326
5881.55 2.51258952469
5884.29 2.46460975664
5887.02 2.32935759712
5889.75 2.22043416825
5892.48 2.18862585406
5895.22 2.25865760464
5897.95 2.30971128541
5900.68 2.3751989911
5903.41 2.44295871924
5906.14 2.49508158704
5908.88 2.49441334515
5911.61 2.49294321298
5914.34 2.49922468679
5917.07 2.47129217558
5919.8 2.52622165934
5922.54 2.54359594861
5925.27 2.54600161943
5928.0 2.53170124288
5930.73 2.55789632516
5933.47 2.53450785884
5936.2 2.55054566432
5938.93 2.55255039
5941.66 2.5550897092
5944.39 2.52448423042
5947.13 2.53517610073
5949.86 2.52501882393
5952.59 2.4985564449
5955.32 2.50911466683
5958.06 2.51953924039
5960.79 2.56203942491
5963.52 2.53958649724
5966.25 2.53103300099
5968.98 2.5601683476
5971.72 2.56685076655
5974.45 2.54867458701
5977.18 2.51152033766
5979.91 2.47383149479
5982.65 2.51111939252
5985.38 2.51098574414
5988.11 2.4743660883
5990.84 2.48345417807
5993.57 2.52328139501
5996.31 2.54439783888
5999.04 2.50737723791
6001.77 2.49641807083
6004.5 2.4870626843
6007.23 2.48171674914
6009.97 2.47289595613
6012.7 2.48118215563
6015.43 2.48679538755
6018.16 2.48104850725
6020.9 2.47196041748
6023.63 2.49294321298
6026.36 2.53383961694
6029.09 2.52368234014
6031.82 2.54907553215
6034.56 2.59758989371
6037.29 2.619909173
6040.02 2.63046739494
6042.75 2.62512145978
6045.49 2.64610425528
6048.22 2.62378497599
6050.95 2.63167023035
6053.68 2.52956286882
6056.41 2.53798271669
6059.15 2.57433507577
6061.88 2.57152845981
6064.61 2.59317949721
6067.34 2.56284131518
6070.08 2.62431956951
6072.81 2.60868270917
6075.54 2.61242486378
6078.27 2.58475964933
6081.0 2.54479878402
6083.74 2.55054566432
6086.47 2.56137118301
6089.2 2.49427969677
6091.93 2.54092298103
6094.67 2.52622165934
6097.4 2.55214944486
6100.13 2.52368234014
6102.86 2.5709938663
6105.59 2.5112530409
6108.33 2.57780993363
6111.06 2.54078933265
6113.79 2.55188214811
6116.52 2.61843904083
6119.25 2.50376873168
6121.99 2.49588347732
6124.72 2.46648083394
6127.45 2.50858007332
6130.18 2.52528612069
6132.92 2.5055061606
6135.65 2.45605626038
6138.38 2.485191607
6141.11 2.49815549976
6143.84 2.52862733016
6146.58 2.52247950473
6149.31 2.49975928031
6152.04 2.48038026535
6154.77 2.46367421798
6157.51 2.36116591131
6160.24 2.3542161956
6162.97 2.28284796123
6165.7 2.28819389639
6168.43 2.3542161956
6171.17 2.34927120558
6173.9 2.39952299608
6176.63 2.40914567936
6179.36 2.45819463445
6182.1 2.45859557958
6184.83 2.4019286669
6187.56 2.37813925544
6190.29 2.3917713901
6193.02 2.41155135018
6195.76 2.47142582396
6198.49 2.46701542746
6201.22 2.45097762198
6203.95 2.47089123045
6206.68 2.49387875163
6209.42 2.47837553967
6212.15 2.47997932022
6214.88 2.43360333271
6217.61 2.36664549485
6220.35 2.37212507839
6223.08 2.39511259957
6225.81 2.38682640007
6228.54 2.36423982403
6231.27 2.33938122554
6234.01 2.33162961956
6236.74 2.30289521808
6239.47 2.35702281156
6242.2 2.33109502604
6244.94 2.29500996372
6247.67 2.28204607096
6250.4 2.3345698839
6253.13 2.33857933526
6255.86 2.34873661207
6258.6 2.29982130536
6261.33 2.35060768937
6264.06 2.4254507816
6266.79 2.36423982403
6269.53 2.3943107093
6272.26 2.42424794619
6274.99 2.35528538264
6277.72 2.33817839013
6280.45 2.38762829035
6283.19 2.40299785393
6285.92 2.48933470675
6288.65 2.47797459453
6291.38 2.44977478657
6294.12 2.42184227536
6296.85 2.42692091377
6299.58 2.42785645242
6302.31 2.45391788632
6305.04 2.47022298855
6307.78 2.46915380152
6310.51 2.44255777411
6313.24 2.41248688884
6315.97 2.43841467436
6318.7 2.39217233523
6321.44 2.40486893124
6324.17 2.43026212324
6326.9 2.40232961203
6329.63 2.48104850725
6332.37 2.47650446236
6335.1 2.52942922044
6337.83 2.4635405696
6340.56 2.48572620051
6343.29 2.4826522878
6346.03 2.51192128279
6348.76 2.51005020549
6351.49 2.43199955217
6354.22 2.37092224298
6356.96 2.41382337263
6359.69 2.39537989633
6362.42 2.3777383103
6365.15 2.41355607587
6367.88 2.4845233651
6370.62 2.52582071421
6373.35 2.50577345736
6376.08 2.51994018553
6378.81 2.55602524785
6381.55 2.5214103177
6384.28 2.50684264439
6387.01 2.49307686136
6389.74 2.4635405696
6392.47 2.49721996111
6395.21 2.49013659702
6397.94 2.45097762198
6400.67 2.44188953221
6403.4 2.49869009327
6406.13 2.48185039752
6408.87 2.49454699353
6411.6 2.46193678906
6414.33 2.48732998106
6417.06 2.45525437011
6419.8 2.4775736494
6422.53 2.48225134266
6425.26 2.51299046982
6427.99 2.53584434263
6430.72 2.51365871172
6433.46 2.47957837508
6436.19 2.47262865937
6438.92 2.46942109828
6441.65 2.48425606835
6444.39 2.54145757455
6447.12 2.49454699353
6449.85 2.50310048978
6452.58 2.54185851968
6455.31 2.52114302094
6458.05 2.55522335758
6460.78 2.52916192368
6463.51 2.54907553215
6466.24 2.55201579648
6468.98 2.55388687379
6471.71 2.54666986133
6474.44 2.50577345736
6477.17 2.54372959699
6479.9 2.56324226032
6482.64 2.53851731021
6485.37 2.50256589626
6488.1 2.48305323293
6490.83 2.44910654468
6493.57 2.34780107341
6496.3 2.29875211833
6499.03 2.36330428537
6501.76 2.44162223545
6504.49 2.48893376161
6507.23 2.5754042628
6509.96 2.59505057451
6512.69 2.54827364187
6515.42 2.56979103089
6518.15 2.52421693366
6520.89 2.52608801096
6523.62 2.55214944486
6526.35 2.5474717516
6529.08 2.54185851968
6531.82 2.53931920048
6534.55 2.58769991367
6537.28 2.57727534011
6540.01 2.56056929274
6542.74 2.59758989371
6545.48 2.62672524033
6548.21 2.67564054703
6550.94 2.64971276151
6553.67 2.54640256457
6556.41 2.5188709985
6559.14 2.50898101846
6561.87 2.59772354209
6564.6 2.6224484922
6567.33 2.61349405081
6570.07 2.53103300099
6572.8 2.49361145487
6575.53 2.53651258452
6578.26 2.61790444732
6581.0 2.8233220058
6583.73 2.88212729255
6586.46 2.85232370404
6589.19 2.67577419541
6591.92 2.50122941247
6594.66 2.46260503095
6597.39 2.46741637259
6600.12 2.497888203
6602.85 2.53343867181
6605.58 2.51927194364
6608.32 2.47449973668
6611.05 2.45351694118
6613.78 2.4769054075
6616.51 2.46768366935
6619.25 2.53784906831
6621.98 2.56751900845
6624.71 2.52983016557
6627.44 2.48372147483
6630.17 2.47409879154
6632.91 2.48078121049
6635.64 2.47703905588
6638.37 2.43467251975
6641.1 2.47383149479
6643.84 2.48585984889
6646.57 2.45605626038
6649.3 2.43400427785
6652.03 2.4146252629
6654.76 2.46808461449
6657.5 2.49374510325
6660.23 2.44362696114
6662.96 2.41515985642
6665.69 2.4197039013
6668.43 2.40674000854
6671.16 2.41542715317
6673.89 2.4457653352
6676.62 2.44563168682
6679.35 2.41034851477
6682.09 2.41262053722
6684.82 2.43614265191
6687.55 2.40473528286
6690.28 2.39030125793
6693.02 2.4273218589
6695.75 2.39631543498
6698.48 2.37640182651
6701.21 2.35702281156
6703.94 2.41395702101
6706.68 2.40219596366
6709.41 2.45351694118
6712.14 2.49574982894
6714.87 2.55281768676
6717.6 2.54560067429
6720.34 2.50817912818
6723.07 2.45953111824
6725.8 2.46982204342
6728.53 2.48612714565
6731.27 2.539853794
6734.0 2.45431883146
6736.73 2.42531713322
6739.46 2.37546628786
6742.19 2.38816288386
6744.93 2.35835929535
6747.66 2.29541090886
6750.39 2.33604001606
6753.12 2.37733736517
6755.86 2.33764379661
6758.59 2.40299785393
6761.32 2.42678726539
6764.05 2.37306061704
6766.78 2.34445986394
6769.52 2.32427895871
6772.25 2.33029313577
6774.98 2.35328065695
6777.71 2.34846931531
6780.45 2.35969577914
6783.18 2.46434245988
6794.83 2.41582809831
6810.49 2.42104038509
6826.19 2.41515985642
6841.93 2.44843830278
6857.7 2.40901203098
6873.51 2.35381525047
6889.35 2.34806837017
6905.23 2.38041127788
6921.15 2.3911031482
6937.11 2.4464335771
6953.1 2.4349398165
6969.13 2.46273867933
6985.19 2.27710108094
7001.3 2.46220408581
7017.44 2.43921656463
7033.61 2.41101675667
7049.83 2.55348592865
7066.08 2.36637819809
7082.37 2.40994756964
7098.7 2.26961677171
7115.06 2.30089049239
7131.46 2.30062319564
7147.9 2.26868123306
7164.38 2.31064682406
7180.89 2.28912943504
7197.44 2.1807405997
7214.04 2.15053606605
7230.67 2.28819389639
7247.34 2.30904304351
7264.05 2.40085947987
7280.79 2.31893302356
7297.57 2.21936498122
7314.4 2.35060768937
7331.26 2.39390976416
7348.16 2.51218857955
7365.09 2.38776193873
7382.08 2.47129217558
7399.09 2.44269142248
7416.15 2.41997119806
7433.25 2.49882374165
7450.38 2.45859557958
7467.55 2.46394151474
7484.77 2.50350143492
7502.02 2.36865022053
7519.32 2.44028575166
7536.65 2.52568706583
7554.03 2.50216495113
7571.44 2.50176400599
7588.89 2.50710994115
7606.39 2.40500257961
7623.92 2.44937384143
7641.5 2.38776193873
7659.11 2.40393339258
7676.77 2.05056707858
7694.46 2.31626005598
7712.2 2.27362622308
7729.98 2.32093774924
7747.8 2.34205419312
7765.66 2.28846119315
7783.56 2.28806024801
7801.51 2.30890939513
7819.49 2.30329616322
7837.52 2.29754928292
7855.58 2.35074133775
7873.69 2.36129955969
7891.85 2.31786383652
7910.04 2.30155873429
7928.27 2.25397991138
7946.55 2.20733662711
7964.87 2.25839030788
7983.23 2.32668462954
8001.63 2.27335892633
8020.08 2.31532451732
8038.56 2.33630731282
8057.09 2.28284796123
8075.67 2.31425533029
8094.28 2.29795022806
8112.94 2.32949124549
8131.65 2.3834851906
8150.39 2.29688104103
8169.18 2.23393265453
8188.01 2.22324078421
8206.89 2.14251716331
8225.81 2.3542161956
8244.77 2.33229786145
8263.78 2.27883850986
8282.82 2.21134607848
8301.92 2.24168426051
8321.06 2.25692017571
8340.24 2.20011961465
8359.46 2.28231336772
8378.74 2.2976829313
8398.05 2.13409731544
8417.41 2.30222697618
8436.81 2.24943586649
8456.26 2.16777670694
8475.76 2.06981244515
8495.29 2.2227061907
8514.88 2.20185704358
8534.51 2.14652661468
8554.18 1.76469319596
8573.9 2.20078785654
8593.67 2.15534740769
8613.48 2.169915081
8633.33 2.18461640269
8653.23 2.16911319073
8673.18 1.62262496911
8693.17 2.11912869699
8713.22 2.13837406356
8733.3 2.20292623061
8753.43 2.18234438025
8773.61 2.13717122815
8793.84 2.19169976677
8814.11 2.03092076687
8834.43 2.07796499627
8854.8 2.1655046845
8875.21 2.01595214842
8895.66 2.0815735025
8916.17 2.1101742556
8936.73 2.05230450751
8957.33 2.01915970952
8977.98 2.01875876438
8998.67 1.77431587924
9019.42 1.92734327317
9040.21 2.10803588154
9061.05 2.19677840517
9081.94 1.99857785916
9102.87 2.06366461972
9123.86 2.14559107603
9144.89 1.9207945026
9165.97 1.8553067969
9187.1 1.951266333
9208.28 2.02878239281
9229.5 2.00526027811
9250.78 2.00031528808
9272.11 2.02303551251
9293.48 2.06032341024
9314.9 2.08865686659
9336.38 2.08825592145
9357.9 2.08304363467
9379.47 2.04936424317
9401.1 2.04428560477
9422.77 2.08184079926
9444.49 2.05765044266
9466.26 2.08585025063
9488.08 2.08558295387
9509.95 2.05176991399
9531.88 2.06085800376
9553.85 2.02290186413
9575.87 2.04588938531
9597.95 2.06927785163
9620.08 2.04522114342
9642.25 2.02143173196
9664.48 2.02103078683
9686.76 2.03934061474
9709.09 2.01087351002
9731.47 1.99216273697
9753.91 1.98721774695
9776.39 1.99136084669
9798.92 1.96369563225
9821.51 1.99055895642
9844.16 1.99483570455
9866.85 1.98066897638
9889.59 1.97572398635
9912.39 1.95273646517
9935.24 1.9614236098
9958.14 1.96556670955
9981.1 1.96516576441
10027.18 1.95086538786
10073.46 1.9233338218
10119.95 1.93135272453
10166.67 1.90849885173
10213.59 1.90783060984
10284.39 1.90662777442
10308.09 1.89312928815
10499.74 1.83004725327
10694.94 1.75373402888
10893.78 1.69038469725
11096.3 1.62168943046
11302.61 1.57745181702
11512.74 1.55580077962
11699.8 1.50648452778
11889.91 1.45529719863
12110.96 1.41894483955
12307.74 1.39301705403
12507.73 1.35198700169
12710.96 1.31817396181
12887.79 1.28520290672
13097.2 1.25884744638
13310.01 1.2217199267
13495.17 1.19941401225
13714.45 1.17752240778
13905.24 1.13754817763
14098.68 1.09641120658
14294.81 1.07639067941
14493.67 1.07887653926
14695.3 1.0446491894
14899.74 1.04947389588
15107.01 1.04947389588
15317.17 1.06162253353
15494.53 1.04947389588
15710.08 1.03507996547
15892.0 1.00224255875
16113.08 1.00455467571
16299.66 0.995346302399
16488.39 0.977170122859
16717.77 0.959341429104
16911.35 0.939655022881
17107.18 0.91404799347
17305.28 0.876947203467
17505.65 0.851086242136
17708.36 0.818409213477
17913.42 0.790623715489
18079.18 0.756783945933
18288.51 0.736162001058
18500.29 0.71116975419
18714.51 0.682288339494
18887.66 0.662174258458
19106.38 0.64709872131
19283.18 0.623696890152
19506.47 0.59974710064
19686.95 0.580728936312
19914.92 0.562298824852
20099.2 0.550764969747
20285.16 0.53085136128
20520.05 0.522364689215
20709.91 0.506955031119
20901.54 0.493135788734
21094.95 0.483031971283
21290.13 0.470950157824
21487.13 0.459162370799
21685.96 0.444608062329
21886.6 0.435479878045
22089.13 0.421674000497
22293.5 0.410180239905
22499.79 0.3999160444
22707.99 0.389023701514
22918.09 0.349116295553
23076.96 0.345120209021
23290.47 0.30267348386
23505.99 0.285740234244
23723.47 0.289709591099
23887.93 0.266053828021
24108.97 0.257620615308
24276.08 0.255255039
24500.71 0.238762829035
24727.4 0.23548844375
24898.81 0.199978069457
25071.39 0.19722491285
25303.38 0.198601491153
25478.77 0.196770508362
25714.53 0.19951030013
25892.76 0.195420659734
26072.26 0.194525215595
26313.48 0.1896604146
26495.89 0.18705427121
26679.54 0.183646237546
26926.42 0.180705973209
27113.05 0.177404858248
27301.0 0.17376962234
27490.23 0.170989736058
27680.8 0.16710056823
27872.66 0.16442760065
28130.57 0.1610596615
28325.55 0.158119397163
28521.91 0.154871741554
28719.6 0.151343424349
28918.69 0.148590267742
29119.14 0.145529719863
29320.96 0.142549361012
29524.23 0.139622461513
29728.86 0.137083142312
29866.11 0.133955770244
30073.11 0.131514014361
30281.59 0.128816990073
30491.48 0.127048822019
30702.82 0.124730022644
30915.66 0.12245399075
31129.94 0.120496041998
31273.65 0.118568832373
31490.42 0.116405065118
31708.72 0.114280055892
31928.49 0.109846939161
32075.86 0.10789968228
32298.22 0.104963427394
32522.08 0.102132754727
32672.22 0.100352558319
32898.68 0.0976675623857
33126.71 0.0950239974496
33279.63 0.0933961601937
33510.3 0.0909397029882
33665.01 0.0892931549593
33898.34 0.0869797015192
34133.3 0.0847317357849
34290.87 0.0832228455863
34528.55 0.0810590783307
34687.95 0.0796865094787
34928.38 0.0776176325722
35089.59 0.0762290259147
35332.84 0.0743338919008
35495.92 0.0730709147195
35659.75 0.0718012551193
35906.95 0.069966262876
36072.68 0.0688088679141
36322.74 0.0670634200847
36490.39 0.0658939967687
36658.81 0.0648141178666
36912.94 0.0632156832541
37083.31 0.0621451597385
37340.34 0.0605828101883
37512.72 0.059605840538
37685.86 0.0586235249526
37859.8 0.057635863432
38122.25 0.0562178541311
38298.2 0.0553170640568
38474.97 0.0544122645312
38741.69 0.0530463780981
38920.5 0.0522124122133
39100.13 0.0513824557799
39280.64 0.0505471534113
39461.94 0.0497091780751
39735.5 0.0485344088239
39918.9 0.0477686036124
40103.14 0.0469987889495
40288.24 0.0462249648353
40474.23 0.045508609524
40661.04 0.044802946083
40942.86 0.0437377685026
41131.88 0.0430240861589
41321.72 0.0423745550371
41512.44 0.0417223509477
41704.09 0.0410674738907
41896.57 0.0404085873824
42089.94 0.0397924683553
42284.25 0.0391897141662
42479.41 0.0385856234932
42675.47 0.0379788598527
42872.49 0.037392143469
43070.37 0.0368361662125
43269.15 0.0362788524721
43468.86 0.0357175292805
43669.54 0.0351615520239
43871.09 0.0346483422487
44073.58 0.0341324595058
44277.04 0.0336139037954
44481.4 0.0330940116012
44686.7 0.0326115409531
44893.0 0.0321344162402
45100.2 0.0316559550435
45308.36 0.0311748208792
45517.48 0.0307150704555
45727.62 0.0302753672887
45938.67 0.0298316546705
46150.7 0.0293879420523
46257.13 0.0291634127756
46470.63 0.0287464298332
46685.11 0.0283374657936
46900.58 0.0279258287864
47117.1 0.0275141917791
47334.57 0.027114583126
47553.04 0.0267363582135
47662.71 0.0265465775154
47882.69 0.0261656796353
48103.69 0.0257821087876
48325.71 0.0254199216806
48548.81 0.0250670899601
48660.72 0.0248906740999
48885.31 0.0245378423794
49110.94 0.0241810012075
49337.66 0.0238508897115
49451.39 0.0236878386891
49679.63 0.0233590636769
49908.98 0.0230302886646
50139.33 0.0227001771685
50254.9 0.0225491545003
50486.85 0.02224577268
50719.93 0.021941054376
50836.84 0.0217886952239
50954.03 0.0216349995881
51071.48 0.0214826404361
51189.2 0.0213342907354
51307.2 0.0211939599375
51425.52 0.0210522926558
51544.06 0.0209119618579
51662.87 0.0207702945762
51781.96 0.0206272908107
51901.32 0.0204856235289
52020.95 0.0203426197634
52140.86 0.0201996159979
52261.11 0.0200673041028
52381.58 0.0199363286914
52502.32 0.01980535328
52623.34 0.0196743778686
52744.64 0.0195420659734
52866.22 0.0194097540782
52988.14 0.019277442183
53110.28 0.0191451302878
53232.71 0.0190141548764
53355.41 0.0188925348516
53478.4 0.0187709148267
53601.67 0.0186479583181
53725.23 0.0185263382932
53849.12 0.0184033817845
53973.25 0.0182804252759
54097.66 0.0181561322834
54222.36 0.0180331757748
54347.35 0.0179155652013
54472.62 0.0178019640792
54598.19 0.017688362957
54724.1 0.0175747618349
54850.24 0.017459824229
54976.68 0.0173462231069
55103.4 0.017231285501
55230.42 0.017116347895
55357.73 0.0170014102891
55485.39 0.0168958280697
55613.29 0.0167902458503
55741.49 0.0166833271472
55869.97 0.0165777449278
55998.76 0.0164708262246
56127.84 0.0163639075214
56257.22 0.0162569888182
56386.95 0.0161487336313
56516.93 0.0160458243795
56647.21 0.015946924579
56777.78 0.0158480247786
56908.66 0.0157491249781
57039.84 0.0156502251777
57171.38 0.0155499888935
57303.17 0.015451089093
57435.25 0.0153508528088
57567.65 0.0152506165246
57700.34 0.0151570626593
57833.35 0.0150648452778
57966.66 0.0149726278963
58100.34 0.0148804105148
58234.26 0.0147881931333
58368.5 0.0146946392681
58503.04 0.0146024218866
58637.89 0.0145088680213
58773.06 0.0144166506398
58908.53 0.0143311156772
59044.39 0.0142455807147
59180.49 0.0141587092684
59316.9 0.014071837822
59453.63 0.0139863028595
59590.68 0.0138994314132
59728.04 0.013811223483
59865.78 0.0137243520367
60003.78 0.0136414900417
60142.09 0.0135613010144
60280.72 0.013481111987
60419.67 0.0134009229596
60558.94 0.0133196647452
60698.54 0.0132385401791
60838.52 0.0131572819647
60978.76 0.0130760237503
61119.32 0.0129946318875
61260.2 0.0129197887953
61401.41 0.0128446784063
61542.95 0.0127694343689
61684.87 0.0126939230348
61827.06 0.0126182780523
61969.58 0.0125424994215
62112.42 0.0124664534938
62255.59 0.0123904075662
62399.1 0.0123169009577
62542.93 0.0122467355588
62687.17 0.0121763028631
62831.67 0.0121058701673
62976.5 0.0120353038233
63121.66 0.0119644701824
63267.16 0.0118935028932
63413.0 0.0118224019555
63559.24 0.0117510337212
63705.75 0.0116846104768
63852.59 0.0116188554744
63999.78 0.0115531004719
64147.3 0.0114870781727
64295.17 0.0114209222251
64443.37 0.0113546326291
64591.99 0.0112880757364
64740.88 0.0112215188437
64890.11 0.011156031138
65039.68 0.011094686532
65189.61 0.0110330746293
65339.87 0.0109713290783
65490.48 0.0109094498788
65641.52 0.0108474370309
65792.83 0.0107852905347
65944.49 0.0107230103901
66096.5 0.0106605965971
66248.85 0.0106012567169
66401.55 0.0105436542655
66554.69 0.0104859181658
66708.1 0.0104280484177
66861.87 0.0103700450213
67015.99 0.0103119079764
67170.47 0.0102536372832
67325.3 0.0101952329416
67480.49 0.0101369622483
67636.11 0.0100829683032
67792.02 0.0100289743581
67948.28 0.00997484676463
68104.91 0.00992058552277
68261.9 0.00986605698415
68419.25 0.00981152844552
68577.03 0.00975686625853
68735.11 0.00970207042315
68893.55 0.00964914566507
69052.35 0.00959849292944
69211.52 0.00954784019381
69371.06 0.00949692016142
69530.96 0.00944600012903
69691.31 0.00939494644827
69851.95 0.00934375911912
70012.97 0.00929243814159
70174.35 0.00924098351569
70336.11 0.00919287009926
70498.24 0.00914542492472
70660.82 0.00909771245343
70823.7 0.00904999998214
70986.96 0.00900215386247
71150.58 0.00895417409441
71314.59 0.00890606067798
71478.98 0.00885794726155
71643.74 0.00881050208702
71808.96 0.00876599717682
71974.49 0.00872135861824
72140.4 0.00867658641129
72306.68 0.00863168055595
72473.35 0.00858677470062
72640.41 0.00854160154853
72807.85 0.00849642839643
72975.76 0.00845112159596
73143.97 0.00840808681793
73312.58 0.00836625487531
73481.57 0.00832428928432
73650.95 0.00828219004494
73820.72 0.00823995715718
73990.96 0.00819772426943
74161.51 0.00815535773329
74332.46 0.00811285754878
74503.81 0.00807049101265
74675.54 0.00803119838923
74847.67 0.00799177211743
75020.21 0.00795234584564
75193.21 0.00791278592546
75366.54 0.0078730923569
75540.26 0.00783326513997
75714.39 0.00779343792304
75888.92 0.00775347705772
76063.85 0.0077148526762
76239.26 0.0076779657236
76415.0 0.00764081147425
76591.14 0.0076036572249
76767.69 0.00756650297554
76944.65 0.00752908142943
77122.01 0.0074917935317
77299.78 0.0074542383372
77478.04 0.00741668314271
77656.64 0.00738139997066
77835.64 0.00734665139213
78015.06 0.00731176916522
78194.89 0.00727675328993
78375.14 0.00724173741464
78555.79 0.00720658789097
78736.96 0.0071714383673
78918.45 0.00713615519525
79100.36 0.00710140661672
79282.7 0.00706866276387
79465.45 0.00703591891102
79784.55 0.00551018901667
80401.48 0.00738353834473
81018.4 0.0070360525594
81635.32 0.00548399393439
82252.24 0.006959739335
82869.16 0.00703872552698
83486.09 0.00680617734757
84103.0 0.00713495235984
84719.93 0.00527844272753
85336.84 0.00505885844088
85953.78 0.00421072582791
86570.69 0.00537907995689
87187.61 0.00391135345902
87804.53 0.00524756995199
88421.45 0.00403083510982
89038.37 0.0035955423395
89655.29 0.00370099091051
90272.21 0.0028182433674
90889.14 0.00425576533163
91506.06 0.00331541533718
92122.98 0.00455861255838
92739.9 0.00437979102732
93356.82 0.00358752343676
93973.74 0.00291580668405
94590.65 0.00365822342924
95207.59 0.00383958427951
95824.5 0.00438273129165
96441.42 0.00592342980445
97058.35 0.0052093465156
97675.27 0.00341832458899
98292.19 0.00340669718001
98909.12 0.00415365797009
99525.99 0.00389384552137
100142.96 0.00446612788013
100759.84 0.00345601343186
101376.83 0.00387045705505
101993.71 0.00298196263164
102610.68 0.00402067783302
103227.57 0.00434611163581
103844.45 0.00426712544384
104461.42 0.00435426418693
105078.29 0.00257366683388
105695.28 0.00226226611087
106312.16 0.0022951436121
106929.04 0.0022690821782
107546.02 0.00257513696605
108162.9 0.00294627851445
108779.87 0.00284524033995
109396.75 0.00359727976843
110013.73 0.00390360185304
110630.61 0.00349370227473
111247.49 0.00493496639357
111864.47 0.00630112012343
112481.35 0.00753322452918
113098.33 0.00748631394816
113715.2 0.00607191315349
114332.18 0.00520132761286
114949.06 0.00402067783302
115565.94 0.00396655023953
116182.92 0.00396842131684
116799.8 0.00366757881577
117416.77 0.0024298611781
118033.65 0.0026777789211
118650.64 0.00318069777117
119267.51 0.00293745772144
119884.39 0.00361759432203
120501.38 0.0031824352001
121118.25 0.0029250284222
121735.23 0.00280942257439
122352.1 0.00362828619235
122969.0 0.0043684309151
123585.97 0.00377222549651
124202.84 0.00340656353164
124819.82 0.00317695561656
125436.71 0.00310491914029
126053.68 0.00315410174376
126670.56 0.00299292179872
127287.44 0.00384586575332
127904.42 0.00406692017214
128521.3 0.00299318909547
129138.28 0.00251913829526
129755.15 0.00233523812579
130372.03 0.00203586575689
130989.01 0.0022607959787
131605.9 0.00186639961235
132222.87 0.00186987447021
132839.74 0.00208598389901
133456.72 0.00167073838554
134073.61 0.001694527797
134690.49 0.00184915897147
135307.47 0.00204401830801
135924.34 0.0021108424975
136541.32 0.00240740825044
137158.21 0.00219049693136
137775.18 0.00220453001116
138392.05 0.00191036992904
139008.94 0.00150220777965
139625.92 0.00129437118551
140242.8 0.00134931403411
140859.77 0.00212500922567
141476.65 0.00173676068475
141742.22 0.00200218636539
142653.19 0.00178874990417
143564.25 0.00184889167471
144475.22 0.00164547884191
145386.17 0.00152973934572
146297.23 0.00144219965749
147208.2 0.00162409510128
148119.15 0.00146344974975
149030.12 0.00150087129586
149941.18 0.00148309606146
150852.15 0.00135024957276
151763.1 0.0014027733857
152674.17 0.00149699549287
153585.14 0.00148697186445
154496.09 0.00154911836067
155407.06 0.00207208446759
156318.12 0.00186412758991
157229.09 0.00151998301406
158140.04 0.00153481798412
159051.1 0.00167889093666
159962.07 0.00151624085945
160873.02 0.00154871741554
161784.09 0.00153040758762
162695.05 0.00167434689177
163606.01 0.00181040094156
164516.98 0.00198160451503
165428.05 0.00204308276936
166338.99 0.0017771224952
167249.96 0.00185223288418
168160.93 0.00190569223577
169071.99 0.00226801299117
169982.96 0.00458146643119
170893.93 0.00463252011195
171804.99 0.00231452262705
172715.94 0.00181935538296
173626.91 0.00165095842545
174537.97 0.00166565974714
175448.92 0.00153161042303
176359.89 0.00142482536823
177270.85 0.00137751384207
178181.91 0.00137818208397
179092.88 0.0014955253607
180003.83 0.0014332452161
180914.89 0.00122758709054
181825.86 0.00119188960852
182736.81 0.00118943047834
183647.87 0.00113577065419
184558.84 0.00112708350955
185469.81 0.00125414302344
186380.76 0.00134610647301
187291.83 0.00151824558513
188202.79 0.00120935745165
189113.75 0.00121519788581
190024.82 0.00101766558169
190935.79 0.000891207485504
191846.73 0.00100586442982
192757.7 0.000985736983951
193668.78 0.0010516657293
194579.73 0.000980230670738
195490.7 0.00101179841785
196401.76 0.00108547876918
197312.71 0.0011079851562
198223.68 0.000970340690694
199134.65 0.000809441407248
200045.71 0.000831439930427
200956.66 0.000895484233631
201867.63 0.00092371077127
202778.69 0.000968376059523
203689.65 0.000946163698937
203871.66 0.00092599615855
205625.55 0.000947019048563
207380.5 0.000868072951104
209136.35 0.000880756182268
210893.29 0.000882547070546
212651.24 0.000879486522668
214410.27 0.000846435278548
216170.19 0.00086517278128
217931.21 0.000829809420204
219693.24 0.000831439930427
221456.34 0.000775708556396
223220.46 0.000802638704759
224985.54 0.000748377462896
226751.72 0.00071294727763
228518.9 0.000744942699556
230287.08 0.000761688841441
232056.35 0.000731564496821
233826.62 0.000691162591857
235597.97 0.000691055673154
237370.41 0.000682996675902
239143.85 0.000698606806566
240918.29 0.000719255481118
242693.82 0.000682101231763
244470.34 0.000653954883151
246248.06 0.000657670308087
248026.67 0.000635337663961
249806.36 0.000657416376167
251587.15 0.000669297717058
253369.04 0.000616038838037
255151.92 0.000611401239287
256935.89 0.000605707818342
258720.95 0.000755180165385
260507.11 0.000709378865911
262294.27 0.000600615815103
264082.49 0.000594521449022
265871.86 0.000560989070738
267662.16 0.000565172265
269453.7 0.000583722660001
271246.2 0.000554293286951
273039.83 0.000530290038088
274834.53 0.000538562872746
276630.33 0.000575650297911
278427.21 0.000552996897675
280225.18 0.000616867457987
282024.27 0.000703685444967
283824.44 0.000646737870687
285625.7 0.000558543305403
287428.04 0.000532976370505
289231.48 0.00055264941189
291036.03 0.000546862437081
292841.66 0.000540166653294
294648.39 0.000507596543338
296456.29 0.000504803292218
298265.31 0.000501969946584
300075.3 0.000525545520634
301886.49 0.000536344309655
303698.77 0.000525371777742
305512.26 0.000510683820893
307326.75 0.000541596690949
309142.42 0.000507823745583
310959.26 0.000546661964512
312777.13 0.00051127187376
314596.18 0.000518823007172
316416.38 0.000492641289731
318237.6 0.000500780476011
320060.04 0.000545512588453
321883.68 0.000505524993464
323708.35 0.000541610055787
325534.14 0.000553264194433
327361.17 0.000522511702432
329189.34 0.000559465479218
331018.61 0.00055417300341
332848.99 0.000596592998896
334680.55 0.000675164880894
336513.32 0.000610251863227
338347.25 0.000651656131033
340182.29 0.000522725539838
342018.44 0.000600655909617
343855.84 0.000564143172482
345694.39 0.00063692807967
347534.09 0.00102211607271
