100.09 7.13067000083e-09
101.95 1.04986110192e-08
104.09 1.40646569223e-08
106.02 1.91485590713e-08
107.99 2.64929738161e-08
110.0 4.08437295792e-08
114.13 6.85689347356e-08
117.87 1.07431615468e-07
120.89 4.39669620917e-07
125.14 6.29701810561e-07
126.88 7.27995956706e-07
128.05 7.96400593929e-07
131.04 9.70808722093e-07
131.94 1.18613324989e-06
134.09 1.34008317824e-06
136.9 1.854034232e-06
140.08 2.20364038021e-06
143.02 6.84125361424e-06
147.02 1.98215469571e-05
151.14 2.33413051958e-05
155.02 2.77410029941e-05
159.0 3.28958374343e-05
161.95 3.70791048562e-05
166.11 4.39669620917e-05
169.98 5.07142185716e-05
173.14 5.66415672751e-05
177.17 6.4733219743e-05
180.05 7.13067000083e-05
182.13 7.62308860181e-05
185.95 8.61250717671e-05
191.16 0.000100030328507
193.82 0.000109933992959
197.87 0.000122216811767
202.02 0.000136499636828
204.83 0.000147956228725
210.08 0.000160000500185
215.97 0.000193254948535
219.98 0.000212875862953
223.04 0.000224977006628
227.19 0.00024725195778
229.82 0.000392765840797
234.09 0.000695231241324
240.1 0.000906005991864
246.26 0.000910192418853
251.99 0.00102125121786
257.27 0.000906005991864
260.25 0.00106692276664
263.87 0.00115379507613
268.77 0.00119986157085
273.77 0.00124202599966
278.86 0.0012886454187
284.05 0.00133392202153
289.99 0.00132169449516
296.07 0.00139679741556
300.88 0.00142932516338
307.89 0.00150359079839
317.97 0.00161485496928
327.63 0.00169100054698
338.37 0.00175434987614
347.85 0.00180774656755
356.77 0.00185829964818
365.92 0.00191927930168
375.31 0.00195940580943
384.94 0.00194139627446
394.81 0.00203760510603
404.94 0.0020898959488
414.37 0.00210932728917
422.07 0.00211406664047
429.92 0.00212875862953
440.95 0.00216335589409
451.22 0.00216335589409
459.61 0.00216841120215
470.31 0.00217330853183
480.16 0.00219352976409
490.22 0.00216841120215
500.48 0.00219858507215
506.28 0.00218341914796
512.14 0.00231801672513
520.46 0.00232875925476
530.14 0.00231280343869
539.99 0.00226525194723
550.03 0.00232338798995
560.26 0.00239953356764
569.36 0.00246683235623
579.95 0.00242180851879
589.37 0.00251849128549
600.33 0.00249542644246
610.08 0.00237757457324
620.0 0.00269242547852
630.07 0.00272986635386
640.31 0.00274234664564
650.71 0.00283871345559
658.25 0.00289147823349
664.34 0.00296572807066
675.13 0.00296572807066
684.52 0.0028982713037
695.65 0.00328200078134
705.32 0.00316320104186
716.78 0.00349242797945
726.76 0.00355735709238
735.17 0.0036319228863
745.4 0.00389163933803
755.77 0.00404693208258
764.52 0.00406573150944
775.16 0.00442718603592
784.13 0.00462513294225
795.04 0.00478769269214
804.25 0.00494456522046
815.43 0.00507142185716
824.88 0.00544662050244
834.43 0.00458279473722
844.09 0.00563809029532
855.83 0.00576937032657
865.74 0.00612529560986
875.77 0.00651818783336
885.91 0.00703288138549
894.11 0.00736432002035
904.46 0.00731360896135
914.93 0.0113796564275
925.53 0.0785468490244
934.09 0.173033716284
944.91 0.334298043484
955.85 0.486557603198
964.69 0.523761510972
975.86 0.0762308860181
984.89 0.400980716399
994.01 0.456178361309
1005.52 0.722988042156
1014.82 0.716352950324
1024.21 0.314140002584
1036.07 0.473287419534
1045.66 0.984315873323
1055.33 0.966337934025
1065.1 0.72632138591
1074.95 0.895642610335
1084.9 0.676289633927
1094.94 0.959687044355
1105.07 0.922846486848
1115.29 0.87524760187
1125.61 0.774694364935
1136.03 1.04262569226
1143.9 0.937838634821
1154.49 1.01889734004
1165.17 1.05227817109
1175.95 0.690444496502
1184.1 1.02360509567
1195.06 0.653335375755
1206.12 0.440680682529
1214.47 0.330474966762
1225.71 0.693635659717
1234.21 1.10951373706
1245.63 1.22780794573
1254.26 1.1564649107
1265.87 0.970808722093
1274.64 1.31866131032
1286.44 1.40000437662
1295.35 1.04504276143
1304.33 1.02832864914
1316.4 1.35872462672
1325.53 1.29458540567
1334.72 1.10951373706
1343.97 1.39036769562
1356.4 1.34316375659
1365.8 1.17254710947
1375.27 1.2506358212
1384.81 1.26512243837
1394.4 1.09428462152
1404.07 1.14058808381
1413.8 1.15911894743
1423.6 1.20817123347
1433.47 1.19434812549
1443.41 1.2768286361
1446.73 1.30656016665
1453.41 1.26221563623
1463.49 1.1458645616
1473.63 1.1485028005
1483.85 1.18068299588
1494.13 1.21096745075
1504.49 1.13535899953
1511.43 0.986574964113
1518.41 1.0767964152
1525.42 1.03306800045
1535.99 0.87929184832
1546.64 1.00030328507
1553.78 0.937838634821
1564.55 0.950887648758
1575.39 1.02125121786
1586.31 1.08674905294
1593.63 1.11207298677
1604.68 1.09177276533
1615.8 1.10186758362
1623.26 1.0306983248
1634.51 1.10951373706
1645.84 1.13012991526
1653.44 1.0306983248
1664.9 1.14322632271
1672.59 0.993415427836
1676.44 1.1485028005
1684.18 1.21376366802
1695.86 1.13012991526
1703.68 1.07927667571
1715.49 1.01422118008
1723.41 1.00956081796
1735.36 1.08926090914
1743.37 1.06200963911
1755.45 1.1485028005
1763.55 1.03545347394
1775.78 1.06692276664
1783.97 1.08926090914
1796.34 1.18068299588
1804.63 1.16984567922
1812.96 1.06692276664
1825.53 1.09428462152
1833.95 1.04504276143
1846.67 0.948707547156
1855.19 0.950887648758
1863.75 0.986574964113
1876.67 1.08674905294
1885.34 0.99112474137
1894.04 0.950887648758
1907.17 1.0118831001
1915.97 0.96856542914
1924.81 0.953083548198
1933.7 0.979781893904
1947.1 1.0306983248
1956.09 0.961898741632
1965.12 1.06937143148
1974.19 1.09933992959
1983.3 1.03306800045
1997.05 1.00260976937
2006.27 1.03545347394
2015.53 0.99112474137
2024.83 1.04504276143
2034.18 0.986574964113
2043.57 1.03306800045
2053.0 0.984315873323
2067.23 0.986574964113
2071.99 1.06445830395
2076.77 1.01655926006
2086.36 1.06200963911
2095.99 1.00030328507
2105.66 1.00260976937
2115.38 1.01422118008
2125.14 1.0306983248
2134.95 0.946527445554
2144.81 0.979781893904
2154.71 1.02125121786
2164.65 0.984315873323
2174.65 0.975279510161
2184.68 0.961898741632
2194.77 1.00956081796
2204.9 0.979781893904
2215.08 0.920729576597
2225.3 0.891519374697
2235.57 0.966337934025
2245.89 0.918612666345
2256.26 0.869228625708
2266.67 0.891519374697
2277.13 0.920729576597
2282.38 0.953083548198
2292.92 0.893272934681
2303.5 0.896938033026
2314.14 0.846321761049
2324.82 0.643129972603
2335.55 0.77102926659
2346.33 0.739338804171
2357.16 0.817727674819
2362.59 0.733651582601
2373.5 0.762530029909
2384.45 0.696653046717
2395.46 0.751250373794
2406.52 0.717048055182
2417.62 0.740128696056
2423.2 0.800176277139
2434.38 0.765500023396
2445.62 0.817901451034
2456.91 0.806226848976
2462.57 0.794931395024
2473.94 0.760476311009
2485.36 0.774173036291
2496.83 0.730460419386
2502.58 0.826922016358
2514.14 0.714852155743
2519.93 0.73297227558
2525.74 0.698169639136
2537.4 0.717316618423
2543.25 0.704014839083
2554.99 0.775057715202
2566.78 0.743146083056
2572.7 0.7960530415
2584.57 0.781060893527
2596.5 0.76458374881
2602.49 0.731645257214
2614.5 0.717853744905
2626.57 0.763430506658
2632.62 0.810286893264
2644.77 0.90027137678
2656.98 0.944299950439
2663.11 0.818422779678
2675.4 0.866369217085
2687.75 0.871835268928
2693.94 0.81339906729
2706.38 0.853162224771
2712.62 0.788659653458
2725.14 0.775563246008
2737.72 0.826685048793
2744.03 0.687395513827
2756.69 0.714378220612
2763.05 0.754725898087
2775.8 0.793430600442
2782.2 0.726716331852
2795.04 0.565041260872
2807.95 0.612071423693
2814.42 0.775642235197
2827.41 0.844062670258
2833.93 0.811392741903
2847.01 0.774346812506
2853.57 0.720760547041
2866.74 0.842372301625
2873.35 0.863683584676
2886.61 0.847348620499
2893.27 0.85687471663
2913.32 0.962657037842
2926.77 0.91028720588
2947.06 0.886606247173
2967.49 0.912593690183
2988.05 0.913731134497
3008.77 0.927601635994
3029.62 0.930887586235
3050.62 0.934173536476
3071.77 0.948328399051
3093.06 0.953857642245
3107.34 0.968644418329
3128.88 0.945547979617
3150.57 0.946653828256
3172.4 0.960966669208
3187.05 0.894078624404
3209.14 0.939465812104
3231.39 0.871724684064
3246.3 0.970619148041
3268.8 1.02929231724
3291.46 1.01398421252
3306.65 1.00388939423
3321.92 0.998486533736
3329.57 1.04753881978
3337.25 1.01858138329
3344.94 0.999592382375
3352.65 0.965263681062
3360.38 1.02204110974
3368.13 1.01226224821
3375.89 0.905974396189
3383.68 0.911898585325
3391.47 1.02510589025
3399.29 1.05338401973
3407.13 0.994063139181
3414.98 1.00284673694
3422.86 1.07659104331
3430.75 1.03246768262
3438.66 1.05121971597
3446.58 0.880065942367
3454.53 1.02172515299
3462.49 0.922893880361
3470.47 0.986211613846
3478.47 0.892877988739
3486.49 0.958533802203
3494.53 0.936322042403
3502.58 1.01915010544
3510.66 1.00012950886
3518.75 0.963541716753
3526.86 0.939039270486
3534.99 1.01976622111
3543.14 1.08221507352
3551.31 1.07430035684
3559.5 1.0445688263
3567.7 1.01801266113
3575.93 0.915295120429
3584.17 0.847964736169
3592.43 0.887538319597
3600.71 1.05681215051
3609.01 0.956764444381
3616.32 0.792056188563
3619.05 0.674852030697
3621.79 0.773130379003
3624.52 0.89698542654
3627.25 1.07460051576
3629.99 1.11137788191
3632.72 1.11554851106
3635.45 1.06496383476
3638.19 0.97302041937
3640.92 0.867064321943
3643.65 0.97260967559
3646.39 1.07840779464
3649.12 1.07259419037
3651.86 0.934299919177
3654.59 1.04196218308
3657.32 1.06970318607
3660.06 1.08745995564
3662.79 1.12535896827
3665.52 1.12264174019
3668.26 1.20153614164
3670.99 1.14014574436
3673.72 0.83753816329
3676.46 0.863114862519
3679.19 1.07752311573
3681.92 1.08671745727
3684.66 1.05594326944
3687.39 1.10237311442
3690.12 0.918359900942
3692.86 1.0408405366
3695.59 1.18261033208
3698.33 1.13407937468
3701.06 1.02084047408
3703.79 1.1434316946
3706.53 1.31384296982
3709.26 1.05813916888
3711.99 1.16088830525
3714.73 1.18934021094
3717.46 1.18929281743
3720.19 1.19910327464
3722.93 1.37551772819
3725.66 1.53400163595
3728.39 1.87709907504
3731.13 2.44187177267
3733.86 2.75245726177
3736.59 2.3339725412
3739.33 1.56960996212
3742.06 1.05671736348
3744.8 1.05104593975
3747.53 1.13987718112
3750.26 1.056764757
3753.0 1.16148862308
3755.73 1.06123554506
3758.46 1.03578522854
3761.2 1.12212041154
3763.93 1.27844001555
3766.66 1.35550186783
3769.4 1.30488559585
3772.13 1.29559646728
3774.86 1.24962475959
3777.6 1.17693890835
3780.33 1.22840826356
3783.06 1.43671855142
3785.8 1.4342382909
3788.53 1.58246940201
3791.26 1.54183736345
3794.0 1.37136289687
3796.73 1.36066776075
3799.47 1.19685998168
3802.2 1.11964015103
3804.93 1.23532771647
3807.67 1.32850336321
3810.4 1.46682923007
3813.13 1.48231111101
3815.87 1.48510732829
3818.6 1.41379588893
3821.33 1.48905678771
3824.07 1.37900905032
3826.8 1.32769767348
3829.53 1.21888216743
3832.27 1.10071434147
3835.0 1.00223062127
3837.73 0.981819814967
3840.47 1.01896053139
3843.2 1.01907111625
3845.94 1.19637024872
3848.67 1.38472786757
3851.4 1.44302188866
3854.14 1.50866190429
3856.87 1.54747719151
3859.6 1.58041568311
3862.34 1.46915151221
3865.07 1.57968898257
3867.8 1.63175865562
3870.54 1.68246971462
3873.27 1.67788834169
3876.0 1.50333803299
3878.74 1.5157077399
3881.47 1.47013097815
3884.2 1.41125243706
3886.94 1.30584926395
3889.67 1.36191578993
3892.4 1.29983028779
3895.14 1.29028839382
3897.87 1.31657599574
3900.61 1.38292691407
3903.34 1.41175796786
3906.07 1.57174267021
3908.81 1.51690837557
3911.54 1.57504441829
3914.27 1.68784097944
3917.01 1.67773036331
3919.74 1.79305457849
3922.47 1.70395477389
3925.21 1.62164803949
3927.94 1.48336956614
3930.67 1.42103129859
3933.41 1.230604163
3936.14 1.0896242594
3938.87 1.03200954533
3941.61 1.12409514126
3944.34 1.33300574695
3947.08 1.34005158256
3949.81 1.49872506438
3952.54 1.6064821153
3955.28 1.60490233153
3958.01 1.65814104457
3960.74 1.6037964829
3963.48 1.42874064339
3966.21 1.2502566731
3968.94 1.1715518457
3971.68 1.03755458636
3974.41 0.993415427836
3977.14 1.0087393304
3979.88 1.19218382173
3982.61 1.45406457721
3985.34 1.57660840422
3988.08 1.6044283964
3990.81 1.65940487158
3993.54 1.67220112012
3996.28 1.82212259985
3999.01 1.77362323813
4001.75 1.78262800561
4004.48 1.79131681635
4007.21 1.78562959478
4009.95 1.74376532488
4012.68 1.79510829739
4015.41 1.85687784278
4018.15 1.88641979928
4020.88 1.91485590713
4023.61 1.91311814498
4026.35 1.95450847975
4029.08 1.92654630702
4031.81 1.85624592928
4034.55 1.8259140809
4037.28 1.92338673948
4040.01 1.96746270666
4042.75 2.06145984095
4045.48 2.02480885749
4048.22 1.91106442608
4050.95 1.95324465273
4053.68 1.92496652325
4056.42 1.89210702085
4059.15 1.91011655582
4061.88 1.81706729179
4064.62 1.78926309745
4067.35 1.85024275095
4070.08 1.79510829739
4072.82 1.87788896692
4075.55 1.83460289163
4078.28 1.68325960651
4081.02 1.79147479472
4083.75 1.80284923786
4086.48 1.88815756142
4089.22 1.91485590713
4091.95 1.86351293462
4094.68 1.81659335666
4097.42 1.73713023305
4100.15 1.53577099378
4102.89 1.53659248134
4105.62 1.58341727227
4108.35 1.60111085049
4111.09 1.53796689322
4113.82 1.66114263373
4116.55 1.76051103284
4119.29 1.76477644902
4122.02 1.79968967033
4124.75 1.82559812415
4127.49 1.83049545383
4130.22 1.84123798347
4132.95 1.86667250216
4135.69 1.81453963776
4138.42 1.83365502137
4141.15 1.93444522587
4143.89 1.90253359373
4146.62 1.89179106409
4149.36 1.803323173
4152.09 1.79226468661
4154.82 1.79605616766
4157.56 1.87267568048
4160.29 1.88025864257
4163.02 1.8766251399
4165.76 1.90964262069
4168.49 1.89968998294
4171.22 1.87788896692
4173.96 1.8320752376
4176.69 1.82749386467
4179.42 1.85703582116
4182.16 1.82828375655
4184.89 1.79747797305
4187.62 1.85940549682
4190.36 1.86904217781
4193.09 1.82717790792
4195.82 1.89637243702
4198.56 1.80095349734
4201.29 1.83365502137
4204.03 1.78373385425
4206.76 1.83507682676
4209.49 1.88784160467
4212.23 1.90569316127
4214.96 1.88547192901
4217.69 1.97441375524
4220.43 1.95656219865
4223.16 1.92070110708
4225.89 1.82259653498
4228.63 1.81311783237
4231.36 1.76177485985
4234.09 1.85040072933
4236.83 1.78562959478
4239.56 1.88468203713
4242.29 1.89921604781
4245.03 1.9369728799
4247.76 1.84755711854
4250.5 1.99400307399
4253.23 1.96019570132
4255.96 1.92591439352
4258.7 1.88294427498
4261.43 1.85324434011
4264.16 1.92291280435
4266.9 1.86082730221
4269.63 1.90111178833
4272.36 1.9061670964
4275.1 1.87109589671
4277.83 1.83950022132
4280.56 1.87204376697
4283.3 1.86256506436
4286.03 1.80032158383
4288.76 1.90221763697
4291.5 1.89968998294
4294.23 1.78689342179
4296.96 1.74834669781
4299.7 1.65640328242
4302.43 1.62496558541
4305.17 1.54695586286
4307.9 1.54403326289
4310.63 1.62401771515
4313.37 1.6304948286
4316.1 1.59921510996
4318.83 1.76998973546
4321.57 1.91532984226
4324.3 1.93997446907
4327.03 1.83033747546
4329.77 1.74186958436
4332.5 1.80174338923
4335.23 1.81864707556
4337.97 1.77457110839
4340.7 1.75277009237
4343.43 1.78420778938
4346.17 1.88752564791
4348.9 1.89874211268
4351.64 1.82859971331
4354.37 1.83918426457
4357.1 1.90490326938
4359.84 1.8519805131
4362.57 1.93523511776
4365.3 1.98894776592
4368.04 2.03049607906
4370.77 2.0110647387
4373.5 2.06730504089
4376.24 2.00537751713
4378.97 1.91501388551
4381.7 1.8581416698
4384.44 1.89194904247
4387.17 1.81295985399
4389.9 1.90932666394
4392.64 1.88689373441
4395.37 1.90111178833
4398.1 1.91975323681
4400.84 1.97946906331
4403.57 1.92196493409
4406.31 1.94392392849
4409.04 1.94913721493
4411.77 1.94534573388
4414.51 1.91532984226
4417.24 1.95908985268
4419.97 1.92923193943
4422.71 1.98515628488
4425.44 1.98215469571
4428.17 2.00569347388
4430.91 2.02986416556
4433.64 1.9568781554
4436.37 1.98563022001
4439.11 2.00269188472
4441.84 1.95735209053
4444.57 2.0075892144
4447.31 2.03476149524
4450.04 2.04897954917
4452.78 2.06367153822
4455.51 2.02575672775
4458.24 1.98815787404
4460.98 1.94060638257
4463.71 1.99953231718
4466.44 1.95340263111
4469.18 2.00221794959
4471.91 2.04439817624
4474.64 2.06114388419
4477.38 2.12291342958
4480.11 2.14850592665
4482.84 2.06066994906
4485.58 2.02401896561
4488.31 2.01975354943
4491.04 2.12322938634
4493.78 2.09668901901
4496.51 2.09826880278
4499.24 2.06556727875
4501.98 2.16572556974
4504.71 2.15466708335
4507.45 2.2249674611
4510.18 2.22070204492
4512.91 2.20758983964
4515.65 2.26477801209
4518.38 2.25830089864
4521.11 2.18705265063
4523.85 2.18168138581
4526.58 2.11880599178
4529.31 2.04345030597
4532.05 2.03523543037
4534.78 2.08104915969
4537.51 2.05608857613
4540.25 2.08452468398
4542.98 2.07520395974
4545.71 2.11849003503
4548.45 2.12101768906
4551.18 2.08120713807
4553.92 2.05166518158
4556.65 2.05103326807
4559.38 2.05466677074
4562.12 2.12970649979
4564.85 2.15703675901
4567.58 2.18120745068
4570.32 2.2188063044
4573.05 2.19258189382
4575.78 2.16999098592
4578.52 2.20616803424
4581.25 2.18341914796
4583.98 2.15261336445
4586.72 2.10127039194
4589.45 2.10506187299
4592.18 2.14076498618
4594.92 2.14281870508
4597.65 2.11880599178
4600.38 2.11548844587
4603.12 2.08736829477
4605.85 2.16762131026
4608.59 2.12765278089
4611.32 2.13144426194
4614.05 2.21517280173
4616.79 2.22559937461
4619.52 2.18231329932
4622.25 2.17346651021
4624.99 2.22101800168
4627.72 2.28357743895
4630.45 2.25292963382
4633.19 2.1687271589
4635.92 2.20537814236
4638.65 2.22749511513
4641.39 2.14392455372
4644.12 2.1022182622
4646.85 2.14503040236
4649.59 2.14740007801
4652.32 2.14013307267
4655.06 2.12054375393
4657.79 2.14550433749
4660.52 2.18626275875
4663.26 2.21390897471
4665.99 2.22954883403
4668.72 2.16193408869
4671.46 2.10901133241
4674.19 2.09479327849
4676.92 2.12891660791
4679.66 2.14755805639
4682.39 2.14297668346
4685.12 2.1241772566
4687.86 2.13318202409
4690.59 2.18341914796
4693.32 2.20885366665
4696.06 2.15624686712
4698.79 2.12970649979
4701.52 2.10869537566
4704.26 2.08768425152
4706.99 2.06746301927
4709.73 2.09100179744
4712.46 2.09795284603
4715.19 2.08926403529
4717.93 2.12259747283
4720.66 2.14897986178
4723.39 2.21801641251
4726.13 2.18642073712
4728.86 2.19542550461
4731.59 2.17804788314
4734.33 2.09921667304
4737.06 2.06351355985
4739.79 2.13286606733
4742.53 2.23365627183
4745.26 2.24597858524
4747.99 2.21201323419
4750.73 2.21248716932
4753.46 2.20553612073
4756.2 2.24297699607
4758.93 2.23444616372
4761.66 2.19811113702
4764.4 2.17267661833
4767.13 2.19352976409
4769.86 2.14455646723
4772.6 2.18168138581
4775.33 2.22038608817
4778.06 2.23602594749
4780.8 2.22322969895
4783.53 2.23492009885
4786.26 2.20411431534
4789.0 2.18626275875
4791.73 2.19116008843
4794.46 2.23381425021
4797.2 2.29274018482
4799.93 2.26714768775
4802.67 2.27062321204
4805.4 2.28389339571
4808.13 2.21517280173
4810.87 2.17883777503
4813.6 2.2071159045
4816.33 2.25450941759
4819.07 2.29542581722
4821.8 2.2894226389
4824.53 2.23586796911
4827.27 2.23618392586
4830.0 2.18926434791
4832.73 2.14755805639
4835.47 2.17883777503
4838.2 2.20522016398
4840.93 2.20348240183
4843.67 2.1707808778
4846.4 2.19542550461
4849.13 2.15940643466
4851.87 2.14329264021
4854.6 2.1344458511
4857.34 2.08199702995
4860.07 2.12307140796
4862.8 2.24819028251
4865.54 2.47599510209
4868.27 2.52781200973
4871.0 2.30458856309
4873.74 2.13871126728
4876.47 2.00521953875
4879.2 2.04171254383
4881.94 2.06477738686
4884.67 2.0816810732
4887.4 2.0535609221
4890.14 2.02812640341
4892.87 2.05751038152
4895.6 2.05403485723
4898.34 2.11248685671
4901.07 2.20569409911
4903.81 2.20522016398
4906.54 2.13649957
4909.27 2.18847445602
4912.01 2.19447763435
4914.74 2.21485684498
4917.47 2.1502436888
4920.21 2.13412989435
4922.94 2.13602563487
4925.67 2.04487211137
4928.41 2.05830027341
4931.14 2.10079645681
4933.87 2.18278723445
4936.61 2.25229772031
4939.34 2.21564673686
4942.07 2.16683141838
4944.81 2.25656313649
4947.54 2.23649988262
4950.27 2.24455677984
4953.01 2.23018074754
4955.74 2.24424082309
4958.48 2.24534667173
4961.21 2.21406695309
4963.94 2.25877483377
4966.68 2.2434509312
4969.41 2.27062321204
4972.14 2.18089149393
4974.88 2.17820586152
4977.61 2.19605741812
4980.34 2.18104947231
4983.08 2.18626275875
4985.81 2.11612035938
4988.54 2.07188641383
4991.28 2.1406070078
4994.01 2.18010160204
4996.74 2.17030694267
4999.48 2.20616803424
5002.21 2.17710001288
5004.95 2.16888513728
5007.68 2.23507807723
5010.41 2.32970712502
5013.15 2.36351449769
5015.88 2.29621570911
5018.61 2.16067026168
5021.35 2.02939023042
5024.08 2.01612004676
5026.81 2.07788959215
5029.55 2.0679369544
5032.28 2.07899544079
5035.01 2.13728946189
5037.75 2.15514101848
5040.48 2.14724209964
5043.21 2.0734661976
5045.95 2.11217089995
5048.68 2.11106505131
5051.41 2.1646197211
5054.15 2.16414578597
5056.88 2.15877452115
5059.62 2.16920109403
5062.35 2.18025958042
5065.08 2.19258189382
5067.82 2.2023765532
5070.55 2.17646809937
5073.28 2.16319791571
5076.02 2.1680952454
5078.75 2.05245507346
5081.48 2.05687846802
5084.22 2.09321349472
5086.95 2.09337147309
5089.68 2.14345061859
5092.42 2.15766867252
5095.15 2.18515691011
5097.88 2.14992773204
5100.62 2.16667344
5103.35 2.19874305053
5106.09 2.12860065116
5108.82 2.11327674859
5111.55 2.1063257
5114.29 2.16240802382
5117.02 2.17394044534
5119.75 2.19495156948
5122.49 2.16746333189
5125.22 2.16588354812
5127.95 2.13634159163
5130.69 2.08547255425
5133.42 2.08199702995
5136.15 2.06319760309
5138.89 2.07773161377
5141.62 2.10648367838
5144.35 2.11027515943
5147.09 2.07299226247
5149.82 2.03033810069
5152.55 2.0473997654
5155.29 2.04613593838
5158.02 2.08926403529
5160.76 2.14345061859
5163.49 2.10853739728
5166.22 2.07172843545
5168.96 2.02796842503
5171.69 1.91722558278
5174.42 1.86145921572
5177.16 1.84218585373
5179.89 1.85687784278
5182.62 1.93254948535
5185.36 1.92070110708
5188.09 1.874571421
5190.82 1.92591439352
5193.56 1.97630949577
5196.29 2.03207586283
5199.02 2.08294490021
5201.76 2.10237624058
5204.49 2.115962381
5207.23 2.14076498618
5209.96 2.06209175446
5212.69 1.99352913885
5215.43 2.03934286817
5218.16 2.07172843545
5220.89 2.12370332147
5223.63 2.15340325634
5226.36 2.1722026832
5229.09 2.1522974077
5231.83 2.11785812152
5234.56 2.0638295166
5237.29 2.09842678116
5240.03 2.15261336445
5242.76 2.18942232628
5245.49 2.21627865037
5248.23 2.27741628225
5250.96 2.27962797953
5253.69 2.2030084667
5256.43 2.14850592665
5259.16 2.18262925608
5261.9 2.21422493147
5264.63 2.19447763435
5267.36 2.12149162419
5270.1 2.04345030597
5272.83 2.00632538739
5275.56 2.04629391676
5278.3 2.12812671602
5281.03 2.14913784016
5283.76 2.1502436888
5286.5 2.1748883156
5289.23 2.22654724487
5291.96 2.28831679026
5294.7 2.35214005455
5297.43 2.35308792481
5300.16 2.24455677984
5302.9 2.28547317948
5305.63 2.28736892
5308.37 2.28357743895
5311.1 2.3154890711
5313.83 2.3401336979
5316.57 2.3216502278
5319.3 2.32544170885
5322.03 2.33476243309
5324.77 2.30506249822
5327.5 2.26240833644
5330.23 2.22923287728
5332.97 2.22354565571
5335.7 2.21548875848
5338.43 2.24819028251
5341.17 2.27473064984
5343.9 2.31785874675
5346.63 2.30474654147
5349.37 2.3058523901
5352.1 2.30063910366
5354.83 2.3298651034
5357.57 2.32860127639
5360.3 2.36304056256
5363.04 2.43144519979
5365.77 2.40269313518
5368.5 2.31090769817
5371.24 2.25292963382
5373.97 2.23397222859
5376.7 2.28768487675
5379.44 2.32338798995
5382.17 2.28815881188
5384.9 2.25182378518
5387.64 2.26367216346
5390.37 2.3011130388
5393.1 2.32117629267
5395.84 2.30158697393
5398.57 2.25435143922
5401.3 2.22196587194
5404.04 2.14708412126
5406.77 2.15498304011
5409.51 2.18989626142
5412.24 2.15308729958
5414.97 2.17741596964
5417.71 2.2352360556
5420.44 2.26256631482
5423.17 2.3113816333
5425.91 2.34882250864
5428.64 2.35356185995
5431.37 2.31043376304
5434.11 2.2249674611
5436.84 2.22749511513
5439.57 2.21896428278
5442.31 2.23950147178
5445.04 2.26240833644
5447.77 2.28420935246
5450.51 2.29842740639
5453.24 2.30664228199
5455.97 2.2771003255
5458.71 2.27631043361
5461.44 2.29242422806
5464.18 2.31438322246
5466.91 2.31612098461
5469.64 2.31248748194
5472.38 2.32354596832
5475.11 2.2654099256
5477.84 2.26003866079
5480.58 2.23602594749
5483.31 2.22449352597
5486.04 2.25466739597
5488.78 2.26256631482
5491.51 2.29163433618
5494.24 2.27994393628
5496.98 2.30664228199
5499.71 2.31169759005
5502.44 2.27141310393
5505.18 2.32338798995
5507.91 2.29337209832
5510.65 2.2551413311
5513.38 2.26319822832
5516.11 2.2393434934
5518.85 2.13476180786
5521.58 2.2530876122
5524.31 2.24724241225
5527.05 2.21311908283
5529.78 2.24913815278
5532.51 2.24060732042
5535.25 2.22717915838
5537.98 2.28168169843
5540.71 2.24834826089
5543.45 2.25087591492
5546.18 2.26462003372
5548.91 2.35514164372
5551.65 2.34234539518
5554.38 2.22844298539
5557.11 2.39179262717
5559.85 2.31833268188
5562.58 2.26225035806
5565.32 2.24155519068
5568.05 2.29226624969
5570.78 2.31612098461
5573.52 2.27457267147
5576.25 2.26509396885
5578.98 2.27236097419
5581.72 2.32591564398
5584.45 2.34060763304
5587.18 2.31217152518
5589.92 2.26225035806
5592.65 2.24029136367
5595.38 2.24424082309
5598.12 2.26067057429
5600.85 2.31722683325
5603.58 2.29226624969
5606.32 2.28341946058
5609.05 2.31422524408
5611.79 2.35640547073
5614.52 2.3278113845
5617.25 2.29684762262
5619.99 2.26082855267
5622.72 2.31469917921
5625.45 2.26398812021
5628.19 2.31991246565
5630.92 2.28626307136
5633.65 2.28610509298
5636.39 2.36130280042
5639.12 2.37757457324
5641.85 2.39937558926
5644.59 2.26477801209
5647.32 2.307906109
5650.05 2.32544170885
5652.79 2.33318264932
5655.52 2.27615245524
5658.25 2.32323001157
5660.99 2.28784285513
5663.72 2.22512543948
5666.46 2.26193440131
5669.19 2.26841151476
5671.92 2.32228214131
5674.66 2.31406726571
5677.39 2.32417788183
5680.12 2.38626338398
5682.86 2.33934380602
5685.59 2.30127101717
5688.32 2.30569441173
5691.06 2.28294552544
5693.79 2.32196618455
5696.52 2.34345124382
5699.26 2.33965976277
5701.99 2.34139752492
5704.72 2.34708474649
5707.46 2.30285080094
5710.19 2.24234508257
5712.93 2.20980153691
5715.66 2.26872747152
5718.39 2.32670553586
5721.13 2.41896490801
5723.86 2.36777991387
5726.59 2.41691118911
5729.33 2.43744837811
5732.06 2.41106598916
5734.79 2.37093948141
5737.53 2.39732187036
5740.26 2.39684793523
5742.99 2.41643725398
5745.73 2.34787463838
5748.46 2.39337241094
5751.19 2.32670553586
5753.93 2.37362511382
5756.66 2.33823795738
5759.39 2.36651608686
5762.13 2.34060763304
5764.86 2.38531551371
5767.6 2.39084475691
5770.33 2.40711652974
5773.06 2.43033935115
5775.8 2.40206122167
5778.53 2.37615276785
5781.26 2.36288258419
5784.0 2.25703707162
5786.73 2.27441469309
5789.46 2.2935300767
5792.2 2.31106567654
5794.93 2.3620926923
5797.66 2.39921761089
5800.4 2.41533140534
5803.13 2.3902128434
5805.86 2.36477832471
5808.6 2.38657934073
5811.33 2.35719536262
5814.07 2.32970712502
5816.8 2.39605804335
5819.53 2.43602657272
5822.27 2.37725861649
5825.0 2.43302498356
5827.73 2.41864895125
5830.47 2.5068008856
5833.2 2.44597921047
5835.93 2.43223509167
5838.67 2.40016548115
5841.4 2.42970743764
5844.13 2.49984983701
5846.87 2.45166643204
5849.6 2.42496808633
5852.33 2.41027609727
5855.07 2.43744837811
5857.8 2.32591564398
5860.53 2.29874336314
5863.27 2.09258158121
5866.0 2.04313434922
5868.74 2.21043345042
5871.47 2.14503040236
5874.2 2.32528373047
5876.94 2.40885429188
5879.67 2.43602657272
5882.4 2.4347627457
5885.14 2.39716389199
5887.87 2.29226624969
5890.6 2.18752658576
5893.34 2.08957999205
5896.07 2.02275513859
5898.8 1.99811051179
5901.54 2.09005392718
5904.27 2.08310287859
5907.0 2.16003834817
5909.74 2.22844298539
5912.47 2.26430407696
5915.21 2.32796936288
5917.94 2.34187146005
5920.67 2.31169759005
5923.41 2.31122365492
5926.14 2.32307203319
5928.87 2.36714800036
5931.61 2.35751131937
5934.34 2.31501513597
5937.07 2.31375130895
5939.81 2.31564704948
5942.54 2.3360262601
5945.27 2.3600389734
5948.01 2.32939116827
5950.74 2.32480979534
5953.47 2.34455709246
5956.21 2.33934380602
5958.94 2.3374480655
5961.68 2.32323001157
5964.41 2.33871189251
5967.14 2.32433586021
5969.88 2.3559315356
5972.61 2.35245601131
5975.34 2.32465181696
5978.08 2.33792200063
5980.81 2.3374480655
5983.54 2.33981774115
5986.28 2.36019695178
5989.01 2.28310350382
5991.74 2.2709391688
5994.48 2.34313528707
5997.21 2.35514164372
5999.94 2.28705296325
6002.68 2.31928055215
6005.41 2.28136574168
6008.14 2.23255042319
6010.88 2.28089180654
6013.61 2.27599447686
6016.35 2.25419346084
6019.08 2.28357743895
6021.81 2.25466739597
6024.55 2.3099598279
6027.28 2.38389370832
6030.01 2.37473096246
6032.75 2.32591564398
6035.48 2.32433586021
6038.21 2.37852244351
6040.95 2.34898048701
6043.68 2.37283522193
6046.41 2.33476243309
6049.15 2.3113816333
6051.88 2.3154890711
6054.61 2.3819979678
6057.35 2.42275638905
6060.08 2.38800114612
6062.82 2.36288258419
6065.55 2.33128690879
6068.28 2.36477832471
6071.02 2.35845918963
6073.75 2.37204533005
6076.48 2.36193471392
6079.22 2.36383045445
6081.95 2.35861716801
6084.68 2.43018137277
6087.42 2.35450973021
6090.15 2.29179231455
6092.88 2.31770076838
6095.62 2.31691087649
6098.35 2.28752689838
6101.08 2.35577355722
6103.82 2.3278113845
6106.55 2.33476243309
6109.28 2.35277196806
6112.02 2.37299320031
6114.75 2.3579852545
6117.49 2.38578944885
6120.22 2.30980184953
6122.95 2.3319188223
6125.69 2.32417788183
6128.42 2.32133427105
6131.15 2.2715710823
6133.89 2.37251926518
6136.62 2.34202943843
6139.35 2.27868010927
6142.09 2.21580471524
6144.82 2.25292963382
6147.55 2.31090769817
6150.29 2.28357743895
6153.02 2.24945410953
6155.75 2.26082855267
6158.49 2.28784285513
6161.22 2.2530876122
6163.96 2.20980153691
6166.69 2.13081234843
6169.42 2.07567789487
6172.16 2.19732124513
6174.89 2.17109683456
6177.62 2.27172906068
6180.36 2.24187114744
6183.09 2.27030725529
6185.82 2.36114482204
6188.56 2.26698970937
6191.29 2.21706854225
6194.02 2.24629454199
6196.76 2.25229772031
6199.49 2.29384603346
6202.22 2.34961240052
6204.96 2.2448727366
6207.69 2.17520427236
6210.42 2.10743154864
6213.16 2.17599416424
6215.89 2.25277165545
6218.63 2.28041787141
6221.36 2.33081297366
6224.09 2.30079708204
6226.83 2.2091696234
6229.56 2.18436701822
6232.29 2.18057553717
6235.03 2.19732124513
6237.76 2.21296110445
6240.49 2.16130217519
6243.23 2.18136542906
6245.96 2.26098653105
6248.69 2.26525194723
6251.43 2.1906861533
6254.16 2.19558348299
6256.89 2.09510923524
6259.63 2.12686288901
6262.36 2.24171316906
6265.1 2.24550465011
6267.83 2.19732124513
6270.56 2.27725830387
6273.3 2.17030694267
6276.03 2.22670522325
6278.76 2.26714768775
6281.5 2.20474622885
6284.23 2.24740039063
6286.96 2.28183967681
6289.7 2.19321380733
6292.43 2.2387115799
6295.16 2.28341946058
6297.9 2.31596300623
6300.63 2.30711621712
6303.36 2.42844361062
6306.1 2.45229834555
6308.83 2.38436764345
6311.56 2.34266135194
6314.3 2.27014927691
6317.03 2.21912226115
6319.77 2.18768456414
6322.5 2.28752689838
6325.23 2.3031667577
6327.97 2.21959619628
6330.7 2.34313528707
6333.43 2.28736892
6336.17 2.30332473607
6338.9 2.29921729827
6341.63 2.26430407696
6344.37 2.27883808764
6347.1 2.27141310393
6349.83 2.26003866079
6352.57 2.28104978492
6355.3 2.21785843414
6358.03 2.22986479079
6360.77 2.23744775288
6363.5 2.22480948272
6366.24 2.26967534178
6368.97 2.22449352597
6371.7 2.2674636445
6374.44 2.23965945016
6377.17 2.28642104974
6379.9 2.29668964424
6382.64 2.27236097419
6385.37 2.21580471524
6388.1 2.26730566613
6390.84 2.28357743895
6393.57 2.25687909325
6396.3 2.37362511382
6399.04 2.31469917921
6401.77 2.23586796911
6404.5 2.28436733084
6407.24 2.25071793655
6409.97 2.33665817361
6412.7 2.30680026037
6415.44 2.27804819576
6418.17 2.26256631482
6420.91 2.30332473607
6423.64 2.34629485461
6426.37 2.29384603346
6429.11 2.33286669256
6431.84 2.33207680068
6434.57 2.39905963251
6437.31 2.2126451477
6440.04 2.19953294241
6442.77 2.26762162288
6445.51 2.28499924435
6448.24 2.22575735299
6450.97 2.35924908152
6453.71 2.33381456283
6456.44 2.3134353522
6459.17 2.37394107057
6461.91 2.41043407565
6464.64 2.28657902811
6467.38 2.25466739597
6470.11 2.19084413168
6472.84 2.1769420345
6475.58 2.23886955827
6478.31 2.26430407696
6481.04 2.29937527665
6483.78 2.33839593576
6486.51 2.2674636445
6489.24 2.22954883403
6491.98 2.2654099256
6494.71 2.32101831429
6497.44 2.21738449901
6500.18 2.13460382948
6502.91 2.08389277048
6505.64 2.14013307267
6508.38 2.27172906068
6511.11 2.32449383859
6513.84 2.35261398968
6516.58 2.39716389199
6519.31 2.3360262601
6522.05 2.24913815278
6524.78 2.3278113845
6527.51 2.30079708204
6530.25 2.33239275743
6532.98 2.30680026037
6535.71 2.36398843283
6538.45 2.3600389734
6541.18 2.40095537303
6543.91 2.36240864906
6546.65 2.45372015094
6549.38 2.61896553324
6552.11 2.81691243957
6554.85 2.8701511526
6557.58 2.87962985522
6560.31 3.22512856563
6563.05 4.29037676147
6565.78 5.68469391652
6568.52 6.30507500284
6571.25 5.57711064181
6573.98 3.96857480761
6576.72 2.84203100151
6579.45 2.55498429057
6582.18 2.93081484936
6584.92 3.52860502777
6587.65 4.09811707671
6590.38 4.01138694776
6593.12 3.52449758997
6595.85 2.74218866727
6598.58 2.39653197848
6601.32 2.2894226389
6604.05 2.27678436874
6606.78 2.28563115785
6609.52 2.30537845497
6612.25 2.22623128812
6614.98 2.25735302838
6617.72 2.25956472565
6620.45 2.35119218429
6623.19 2.36035493016
6625.92 2.36746395712
6628.65 2.35972301665
6631.39 2.27473064984
6634.12 2.28831679026
6636.85 2.33507838984
6639.59 2.38310381644
6642.32 2.34724272487
6645.05 2.34408315733
6647.79 2.29811144963
6650.52 2.24708443388
6653.25 2.26825353639
6655.99 2.31359333058
6658.72 2.2674636445
6661.45 2.29542581722
6664.19 2.27520458497
6666.92 2.25150782843
6669.66 2.24360890958
6672.39 2.25608920136
6675.12 2.28247159031
6677.86 2.27994393628
6680.59 2.3195965089
6683.32 2.37631074623
6686.06 2.3676219355
6688.79 2.34281933031
6691.52 2.30221888743
6694.26 2.23855360152
6696.99 2.25087591492
6699.72 2.2853152011
6702.46 2.28815881188
6705.19 2.29890134152
6707.92 2.28199765518
6710.66 2.29684762262
6713.39 2.41580534047
6716.12 2.78784441821
6718.86 3.06399062113
6721.59 3.28263269485
6724.33 3.07599697778
6727.06 2.80806565046
6729.79 2.71280468915
6732.53 2.8153326558
6735.26 3.05593372391
6737.99 2.95340575726
6740.73 2.65293088428
6743.46 2.38136605429
6746.19 2.33223477906
6748.93 2.28958061728
6751.66 2.26462003372
6754.39 2.20206059644
6757.13 2.26714768775
6759.86 2.28025989304
6762.59 2.20379835859
6765.33 2.26098653105
6768.06 2.21991215304
6770.8 2.22970681241
6773.53 2.1769420345
6776.26 2.23776370963
6779.0 2.25292963382
6781.73 2.15055964555
6784.46 2.20964355854
6787.2 2.27552054173
6798.12 2.23776370963
6813.79 2.24202912581
6829.49 2.27251895257
6845.24 2.21485684498
6861.02 2.20901164503
6876.83 2.20822175314
6892.69 2.14724209964
6908.58 2.19653135325
6924.5 2.1906861533
6940.47 2.25119187168
6956.47 2.27646841199
6972.5 2.27046523367
6988.57 2.23855360152
7004.69 2.25324559058
7020.83 2.23176053131
7037.02 2.25672111487
7053.24 2.32449383859
7069.5 2.15861654278
7085.79 2.22860096377
7102.13 2.10316613246
7118.5 2.0734661976
7134.91 2.04897954917
7151.36 2.07678374351
7167.85 2.09036988393
7184.37 2.06098590582
7200.93 1.9993743388
7217.53 2.10743154864
7234.17 2.14076498618
7250.84 2.09131775419
7267.56 2.09526721362
7284.31 2.1139086621
7301.1 2.09368742985
7317.94 2.13681552676
7334.81 2.18073351555
7351.71 2.18484095335
7368.66 2.16904311566
7385.65 2.29668964424
7402.67 2.25387750408
7419.74 2.22212385032
7436.84 2.26256631482
7453.99 2.21011749367
7471.17 2.20427229372
7488.39 2.25466739597
7505.66 2.26430407696
7522.96 2.28958061728
7540.3 2.26762162288
7557.68 2.30364069283
7575.1 2.25545728785
7592.57 2.23902753665
7610.07 2.21770045576
7627.61 2.13176021869
7645.19 2.17046492105
7662.82 2.18468297498
7680.49 2.11943790529
7698.19 2.11849003503
7715.94 2.10316613246
7733.72 2.07820554891
7751.55 2.05830027341
7769.42 2.08136511644
7787.33 2.03302373309
7805.28 2.03697319252
7823.27 2.12717884576
7841.31 2.02591470613
7859.39 2.07709970027
7877.5 2.09542519199
7895.67 2.11880599178
7913.87 2.07931139754
7932.11 2.03112799257
7950.4 1.97946906331
7968.72 2.03871095467
7987.09 2.04266041409
8005.5 2.01375037111
8023.96 2.1077475054
8042.45 2.12638895388
8060.99 2.11074909456
8079.58 2.02891629529
8098.2 2.0515072032
8116.87 2.08405074885
8135.58 2.09273955959
8154.34 2.05830027341
8173.13 1.95593028514
8191.97 1.95956378781
8210.86 2.04155456545
8229.79 2.00806314953
8248.76 2.12117566744
8267.78 2.08642042451
8286.83 2.04266041409
8305.94 2.02307109535
8325.09 2.05040135456
8344.28 1.9753616255
8363.51 2.03444553849
8382.79 2.01959557105
8402.12 2.05608857613
8421.48 1.96730472828
8440.9 2.03555138713
8460.36 1.97915310655
8479.86 1.93318139886
8499.41 2.004903582
8519.0 1.97646747414
8538.64 1.95292869598
8558.32 1.83017949708
8578.05 1.9692004688
8597.83 1.95924783105
8617.65 1.94487179875
8637.51 1.97551960388
8657.42 1.87709907504
8677.38 1.81264389724
8697.38 1.75829933556
8717.43 1.94487179875
8737.53 1.92607237189
8757.67 1.89890009106
8777.86 1.9466095609
8798.09 1.97725736603
8818.38 1.88310225336
8838.7 1.96193346346
8859.08 1.94739945278
8879.5 1.82496621064
8899.97 1.86651452378
8920.49 1.86145921572
8941.05 1.86051134545
8961.66 1.84676722666
8982.32 1.77093760572
9003.03 1.75387594101
9023.78 1.68578726054
9044.59 1.94803136629
9065.44 1.99700466315
9086.33 1.92828406917
9107.28 1.88784160467
9128.27 1.67773036331
9149.32 1.82607205928
9170.41 1.85908954006
9191.55 1.84961083744
9212.74 1.84866296718
9233.97 1.73239088174
9255.26 1.75561370315
9276.6 1.92844204755
9297.98 1.75387594101
9319.41 1.86540867514
9340.9 1.86446080488
9362.43 1.83381299975
9384.01 1.86256506436
9405.65 1.82354440525
9427.33 1.87362355074
9449.06 1.84692520504
9470.85 1.89337084786
9492.68 1.8924229776
9514.56 1.84408159425
9536.49 1.84739914017
9558.48 1.78784129205
9580.51 1.84123798347
9602.59 1.85308636174
9624.73 1.86066932383
9646.92 1.83839437268
9669.16 1.83318108624
9691.45 1.85766773467
9713.79 1.82275451336
9736.18 1.80095349734
9758.63 1.79589818928
9781.12 1.80316519462
9803.67 1.82307047012
9826.27 1.8053768919
9848.92 1.81280187561
9871.62 1.79937371357
9894.38 1.79842584331
9917.19 1.78499768127
9940.05 1.80047956221
9962.96 1.80790454593
9985.93 1.79858382169
10032.03 1.79653010279
10078.33 1.76998973546
10124.85 1.81343378912
10171.59 1.79889977844
10218.54 1.81343378912
10265.7 1.82401834038
10289.36 1.81880505394
10504.82 1.74787276268
10700.12 1.66003678509
10899.05 1.61485496928
11101.67 1.52803005331
11308.08 1.5175086934
11491.82 1.5245071355
11705.47 1.48981508392
11895.66 1.41295860353
12088.95 1.40646569223
12313.7 1.39036769562
12513.78 1.34626013278
12687.87 1.31562812548
12894.03 1.29161541218
13103.54 1.27095184048
13285.83 1.22780794573
13501.7 1.19986157085
13689.53 1.1779657678
13911.97 1.12753906987
14105.5 1.06937143148
14301.73 1.0571439051
14500.69 1.06692276664
14702.42 1.02595897349
14906.95 1.04504276143
15114.33 1.0547110381
15289.33 1.0767964152
15502.03 1.06692276664
15717.68 1.04504276143
15899.69 1.00491625368
16083.8 1.00260976937
16307.55 1.00030328507
16496.37 0.988849852742
16687.4 0.988849852742
16880.63 0.979781893904
17115.46 0.966337934025
17313.66 0.929244611115
17514.12 0.899765845974
17716.93 0.859275987959
17880.88 0.82060288128
18087.93 0.778264676254
18297.36 0.757063978066
18509.24 0.729670527502
18680.51 0.693635659717
18896.81 0.676289633927
19115.63 0.668548693456
19292.51 0.648832992011
19515.91 0.625357405195
19696.48 0.602734901614
19878.74 0.583619518002
20108.93 0.57561001429
20294.98 0.557347713914
20482.77 0.552245012338
20719.94 0.54091796271
20911.66 0.53104431415
21105.17 0.523761510972
21300.44 0.513018981339
21497.54 0.503650863585
21696.46 0.488800896151
21897.2 0.480980966492
22099.82 0.467884559042
22304.29 0.455119906183
22510.68 0.444772322492
22718.98 0.433634846917
22876.45 0.389163933803
23088.13 0.384708943572
23301.75 0.337394419673
23517.37 0.31704680472
23680.37 0.320727700904
23899.49 0.295214193025
24120.64 0.283871345559
24287.83 0.278689654795
24512.57 0.257710126334
24682.47 0.251264608554
24910.86 0.211896397016
25083.53 0.208515659749
25315.63 0.209479327849
25491.1 0.20755199165
25726.98 0.211406664047
25905.29 0.20755199165
26084.88 0.207078056519
26326.22 0.201896365755
26508.72 0.200048018744
26692.46 0.196398718236
26877.5 0.19369728799
27126.17 0.190600911802
27314.22 0.186698845891
27503.54 0.184139596184
27694.2 0.179937371357
27886.15 0.177883652457
28079.47 0.174629297891
28274.09 0.171848878457
28470.06 0.168705108755
28667.43 0.165624530405
28932.69 0.163349641776
29133.23 0.160742998557
29267.69 0.157445989829
29470.59 0.154927814501
29674.85 0.15245071355
29880.56 0.149668714332
30087.67 0.147614995431
30296.25 0.145254798479
30506.24 0.143923040762
30717.68 0.14227532629
30930.62 0.140646569223
31073.38 0.139357465667
31288.79 0.138079420598
31505.66 0.136499636828
31724.06 0.13493723068
31870.49 0.134316375659
32091.38 0.133700259989
32313.85 0.134316375659
32462.99 0.13776188406
32688.04 0.148295882236
32914.6 0.179115883797
33066.52 0.177472908677
33295.74 0.142932516338
33526.52 0.129458540567
33681.3 0.123063575868
33914.75 0.119159930173
34071.28 0.116180457984
34307.47 0.113796564275
34465.82 0.111720728402
34704.75 0.109681227556
34864.92 0.107927667571
35106.58 0.105957677211
35268.65 0.104024021877
35513.1 0.102360509567
35677.01 0.100723853582
35924.33 0.099112474137
36090.14 0.0975279510161
36340.33 0.0959687044355
36508.05 0.094216724235
36676.56 0.0924979194937
36930.81 0.090809130644
37101.26 0.0891519374697
37272.5 0.087929184832
37530.88 0.0861250717671
37704.11 0.0851392866949
37878.13 0.0835847794656
38140.71 0.0822498621803
38316.74 0.081120316785
38493.6 0.0798233143102
38671.3 0.0783667536746
38939.34 0.0769354695794
39119.06 0.0758801740213
39299.66 0.0746669000862
39481.04 0.0731360896135
39663.27 0.071967049624
39938.22 0.0706526695277
40122.56 0.0696842620769
40307.74 0.0685689347356
40493.82 0.0673177459901
40680.72 0.0663951522686
40868.48 0.0654836170336
41057.15 0.0644362203943
41341.73 0.0635515414834
41532.54 0.0625357405195
41724.27 0.0616779179326
41916.85 0.0606921328604
42110.31 0.0598595868138
42304.72 0.0591739606578
42499.98 0.0582276701798
42696.13 0.0574282995924
42893.24 0.0556068089061
43091.21 0.0535957441674
43290.1 0.0534725210333
43489.9 0.0517758332648
43690.68 0.0508311225706
43892.33 0.0501344379282
44094.91 0.0487679249675
44298.48 0.048208681513
44502.93 0.0475483318973
44708.34 0.0464661800152
44914.74 0.0462513294225
45122.04 0.0455119906183
45330.3 0.0447852900843
45539.52 0.0444772322492
45749.75 0.0439669620917
45855.21 0.0429669589655
46066.85 0.042867432588
46279.52 0.0422797530257
46493.12 0.0418927060022
46707.71 0.0416036055723
46923.29 0.0411280906577
47139.91 0.0405625280682
47248.57 0.0404693208258
47466.65 0.0399148167226
47685.78 0.0395483068881
47905.87 0.0391865364049
48126.98 0.0386478301394
48349.11 0.0386478301394
48460.61 0.0381186025766
48684.27 0.0376810024724
48908.98 0.0373366096107
49134.71 0.0369084882091
49248.02 0.0366541430222
49475.33 0.0362355003233
49703.68 0.036154931351
49933.14 0.035949559461
50048.24 0.0358057991379
50279.23 0.0356841557877
50511.29 0.0354819434652
50744.48 0.0355245976269
50861.45 0.0354629860599
50978.69 0.0354029542767
51096.2 0.0353413427097
51213.98 0.0352813109264
51332.03 0.0353018481154
51450.41 0.0352418163322
51569.01 0.0351802047652
51687.88 0.0352828907102
51807.02 0.0352212791432
51926.44 0.0351612473599
52046.14 0.0351817845489
52166.1 0.0351201729819
52286.41 0.0350601411987
52406.93 0.0350790986039
52527.74 0.0350996357929
52648.81 0.0352007419542
52770.18 0.0353018481154
52891.81 0.0351596675762
53013.79 0.0350980560091
53135.99 0.0351185931981
53258.47 0.0352181195756
53381.24 0.0352386567646
53504.29 0.0352576141699
53627.62 0.0352781513589
53751.23 0.0353776777364
53875.19 0.0353982149254
53999.38 0.0354993210866
54123.85 0.0355182784919
54248.61 0.0355372358971
54373.66 0.0356399218421
54498.99 0.0357410280034
54624.62 0.0358421341646
54750.59 0.0358626713536
54876.8 0.0359637775149
55003.29 0.0360664634599
55130.08 0.0361691494049
55257.15 0.0364392924295
55384.53 0.0366272866981
55512.25 0.0366462441033
55640.21 0.0368358181557
55768.47 0.0371107005316
55897.02 0.0372149662604
56025.87 0.0374930082038
56155.01 0.0376857418237
56284.45 0.0378800552274
56414.25 0.0381612567384
56544.29 0.0385356654918
56674.63 0.0388216063541
56805.27 0.0391122865677
56936.21 0.0394945942399
57067.45 0.0398800614797
57199.06 0.0403618955294
57330.91 0.0407568414718
57463.06 0.041249734008
57595.51 0.0417489456791
57728.27 0.0423508432954
57861.34 0.0430601662079
57994.72 0.0436810212294
58128.46 0.0444140408985
58262.45 0.0452623847827
58396.75 0.0460206809921
58531.36 0.0471154711445
58666.28 0.0480159478931
58801.51 0.0491581315586
58937.05 0.050444075547
59197.79 0.0476462784911
59505.78 0.0484804043214
59813.77 0.0606684361038
60121.78 0.0744978632229
60429.77 0.072673212969
60737.76 0.0784789183223
61045.77 0.0877111746718
61353.76 0.11888188823
61661.75 0.17374461898
61969.75 0.219147604519
62277.74 0.220948558016
62585.74 0.190442933425
62893.73 0.152126857877
63201.73 0.131426951144
63509.73 0.107622769304
63817.72 0.0932625348382
64125.71 0.0838201672473
64433.72 0.0730902758842
64741.71 0.0684883657633
65049.7 0.0650791923886
65357.71 0.0623872408452
65665.7 0.0636921422388
65973.69 0.0645057308802
66281.7 0.0663556576744
66589.69 0.0625610170598
66897.68 0.0625625968436
67205.68 0.0621534328473
67513.68 0.0647047836352
67821.68 0.0641028860189
68129.67 0.0645025713127
68437.67 0.0658201109765
68745.67 0.0665863061048
69053.65 0.0670223264252
69361.66 0.0723414583774
69669.65 0.0914236665304
69977.64 0.0948265207701
70285.65 0.079283028261
70593.64 0.0781977168113
70901.63 0.0770523735783
71209.64 0.0826764037981
71517.62 0.0853067437745
71825.63 0.0866779960865
72133.62 0.0940066129936
72441.61 0.0960935073533
72749.62 0.0990050488407
73057.61 0.106602228989
73365.6 0.120058827138
73673.6 0.131723950493
73981.6 0.142913558933
74289.59 0.153537604783
74597.59 0.171659304404
74885.43 0.178831522718
74905.59 0.177915248132
75213.59 0.194708349603
75502.64 0.217788990477
75521.58 0.207978533267
76119.86 0.231217152518
76737.07 0.223081266105
77354.3 0.212354534309
77971.51 0.20391848898
78588.74 0.190348146399
79205.96 0.165766710944
79823.17 0.138485425027
80440.4 0.118295788451
81057.62 0.101463192386
81674.83 0.093366800567
82292.06 0.0896100747629
82909.27 0.0893446710896
83526.5 0.0897017022215
84143.72 0.088189849154
84760.94 0.0943099314774
85378.15 0.103678049231
85995.39 0.105659098078
86612.59 0.0938154591575
87229.82 0.0746163470056
87847.04 0.0594109282232
88464.25 0.0467505410937
89081.47 0.0401739012609
89698.69 0.0372907958813
90315.91 0.0321707166841
90933.14 0.0272639082957
91550.35 0.0259495281994
92167.57 0.02428601589
92784.8 0.0219716326676
93402.01 0.0221928023953
94019.23 0.0210758952702
94636.44 0.0202022748456
95253.67 0.0198815787404
95870.89 0.0206825291116
96488.1 0.0228894870377
97105.33 0.0209826880278
97722.56 0.0185719379954
98339.77 0.0183033747546
98957.0 0.0178815724881
99574.17 0.0173081109797
100191.44 0.0177867854619
100808.62 0.0174044777897
101425.9 0.0165008414734
102043.08 0.016668298553
102660.35 0.0172401802776
103277.54 0.0175166424373
103894.72 0.0179605616766
104511.99 0.0197046429582
105129.16 0.0220822175314
105746.45 0.0242812765387
106363.62 0.0244297762131
106980.8 0.0244424144832
107598.08 0.0251596363146
108215.26 0.0255577418245
108832.53 0.027631997914
109449.71 0.0326525507338
110066.98 0.0412923881697
110684.17 0.0450443746225
111301.34 0.0628027239766
111918.62 0.102733338537
112535.8 0.117441125432
113153.07 0.0993036279731
113770.25 0.0776700690322
114387.53 0.0625562777085
115004.7 0.0529717295784
115621.88 0.0462386911523
116239.16 0.0416083449237
116856.34 0.0389132338127
117473.61 0.037004855019
118090.79 0.0368705733986
118708.07 0.0398168701289
119325.25 0.0425830715095
119942.42 0.0425530556179
120559.71 0.0417615839493
121176.89 0.0399369336954
121794.15 0.0395024931588
122411.33 0.0410064473074
123028.52 0.0445625405728
123645.79 0.0448942951644
124262.97 0.0468342696335
124880.25 0.0498090024716
125497.43 0.0534898986548
126114.7 0.0565294026275
126731.88 0.059110769307
127349.06 0.0680144306325
127966.34 0.10016145056
128583.51 0.0793383206929
129200.79 0.0408737454708
129817.97 0.0327457579762
130435.14 0.0306809805893
131052.42 0.0301454338915
131669.6 0.0301043595134
132286.88 0.0297046742197
132904.05 0.0289132025512
133521.33 0.0290506437391
134138.51 0.028680974337
134755.69 0.0285561714192
135372.97 0.0291880849271
135990.14 0.0281675446119
136607.42 0.0268610634345
137224.6 0.0260727513334
137841.88 0.024868956101
138459.05 0.0245182441041
139076.23 0.0245593184822
139693.51 0.0248168232366
140310.69 0.0247725892911
140927.95 0.0261470011706
141545.14 0.026014299334
142162.42 0.0255008696088
142779.6 0.0250190355591
143396.77 0.0237899637864
144014.06 0.0226351418508
144545.15 0.0221991215304
145456.55 0.0212259747283
146368.05 0.0205814229503
147279.46 0.0196177548509
148190.85 0.01914381972
149102.26 0.0189100117221
150013.77 0.0186509271839
150925.18 0.0189716232891
151836.57 0.0186588261027
152748.07 0.0191722558278
153659.48 0.0191011655582
154570.88 0.0212038577555
155482.29 0.0257378371743
156393.79 0.0237694265974
157305.2 0.0207125450032
158216.59 0.021042719811
159128.1 0.0212449321335
160039.5 0.0213681552676
160950.9 0.0214771603477
161862.4 0.0224408284471
162773.81 0.024848418912
163685.21 0.0303934599433
164596.61 0.0335640859689
165508.13 0.0308105228585
166419.51 0.029366600493
167330.92 0.0296383233014
168242.33 0.0293571217904
169153.83 0.0305956722658
170065.24 0.0367726268049
170976.65 0.0364124361054
171888.16 0.0317852494443
172799.55 0.0314408565825
173710.96 0.0310158947485
174622.46 0.0286888732559
175533.86 0.0254550558795
176445.26 0.0244582123209
177356.66 0.0244108188078
178268.16 0.0248547380471
179179.57 0.0237836446513
180090.97 0.0219858507215
181002.47 0.021707808778
181913.88 0.0211074909456
182825.27 0.0214455646723
183736.77 0.021379213754
184648.18 0.0219368774246
185559.59 0.0229368805508
186470.99 0.0336146390495
187382.49 0.0391707385672
188293.9 0.0268721219208
189205.29 0.0234408315733
190116.81 0.0232623160073
191028.22 0.0228563115785
191939.6 0.0223950147178
192851.01 0.0219100211005
193762.53 0.0223286637995
194673.92 0.0230948589277
195585.33 0.0228752689838
196496.83 0.0223049670429
197408.23 0.0228073382817
198319.64 0.0235008633565
199231.05 0.0229337209832
200142.55 0.0237109745979
201053.94 0.0235356185995
201965.35 0.0231185556843
202876.86 0.0227457267147
203970.35 0.022346041421
205725.08 0.0247394138319
207480.89 0.0233760604387
209237.59 0.023154890711
210995.38 0.0243018137277
212754.18 0.0242939148089
214514.06 0.0232670553586
216274.83 0.0243871220513
218036.71 0.0258626400921
219799.59 0.0251454182607
221563.55 0.0242591595659
223328.51 0.0257883902549
225094.46 0.0268879197585
226861.49 0.0265561651669
228629.53 0.0262749636559
230398.56 0.0269858663523
232168.68 0.0271011905674
233939.81 0.0277504816967
235712.01 0.0274992960774
237485.32 0.0273634346732
239259.62 0.0276051415899
241034.91 0.0278484282905
242811.31 0.0277204658051
244588.68 0.0279068802899
246367.27 0.0280443214779
248146.74 0.0278579069931
249927.28 0.0282654912056
251708.94 0.0282733901245
253491.69 0.0281090926124
255275.43 0.028838952714
257060.26 0.0294060950873
258846.2 0.0304424332401
260633.21 0.0301375349726
262421.24 0.0290285267663
264210.33 0.0290522235229
266000.56 0.0299590194066
267791.73 0.0296430626527
269584.14 0.0300933010271
271377.51 0.0301643912967
273172.0 0.0306651827517
274967.58 0.0301596519454
276764.24 0.0302860346469
278561.99 0.0308895120469
280360.83 0.0320680307391
282160.79 0.0326004178694
283961.83 0.0316478082563
285763.96 0.0312275857736
287567.18 0.0311722933417
289371.49 0.0316241114998
291176.91 0.0315672392841
292983.42 0.0313255323673
294791.02 0.0320079989558
296599.8 0.0320601318202
298409.7 0.0322038921432
300220.56 0.0323113174396
302032.63 0.0328121088945
303845.79 0.032911635272
305660.16 0.033755239805
307475.52 0.0331454432699
309292.07 0.0334203256458
311109.79 0.0338500268312
312928.54 0.0333887299704
314748.47 0.0342607706113
316569.55 0.0351817845489
318391.65 0.0351091144955
320214.97 0.0365293401044
322039.5 0.0378405606332
323865.05 0.036339766052
325691.72 0.0369700997761
327519.64 0.0373571467997
329348.7 0.0385593622483
331178.85 0.0389116540289
333010.12 0.0432371019901
334842.56 0.0537189673014
336676.22 0.0460206809921
338511.03 0.0406209800677
340346.96 0.0388389839755
342184.01 0.0387710532735
344022.3 0.0404535229881
345861.73 0.0433081922597
347702.32 0.0565783759244
