102.05 3.81845013351e-11
103.95 5.46880768005e-11
105.88 7.97780761297e-11
108.1 1.18001644048e-10
110.11 1.95384321758e-10
113.98 3.6888107598e-10
117.98 6.43981789789e-10
121.01 2.97774753358e-09
124.97 4.71939751774e-09
127.0 5.71348786199e-09
127.88 6.39561097426e-09
130.86 8.33454720597e-09
132.07 1.04204971604e-08
133.91 1.22427476751e-08
137.03 1.81089036338e-08
139.9 2.27974077084e-08
143.16 7.27615120886e-08
147.17 2.20741618765e-07
150.94 2.81762594392e-07
155.17 3.60486900831e-07
159.15 4.63324542007e-07
162.11 5.50684619573e-07
165.89 6.98058166134e-07
170.14 8.56791864001e-07
172.91 1.00437102416e-06
176.93 1.21867179696e-06
179.81 1.39920053624e-06
181.89 1.53423726691e-06
186.13 1.83186295041e-06
190.9 2.26406273398e-06
194.0 2.58158153311e-06
198.07 3.01223921469e-06
202.21 3.5227777792e-06
205.03 3.93446760634e-06
209.8 4.49661518402e-06
216.18 5.76591932955e-06
220.2 6.6053368445e-06
222.75 7.19236366757e-06
226.89 8.20141240109e-06
230.04 1.33011436722e-05
233.78 2.26406273398e-05
239.78 3.16146328364e-05
245.93 3.32574854865e-05
252.24 3.95261300639e-05
256.93 3.62147230637e-05
259.9 4.40439748519e-05
264.13 4.93045987637e-05
269.04 5.3320746372e-05
274.04 5.71348786199e-05
279.13 6.12214488856e-05
284.32 6.57500883875e-05
290.28 6.79038908294e-05
295.67 7.42830527158e-05
301.17 7.77836242264e-05
308.19 8.54838534817e-05
318.28 9.72500916428e-05
327.95 0.000107618157336
337.92 0.000117189470335
348.19 0.000126729941295
357.12 0.000136424622454
366.28 0.000148555824752
374.81 0.000157356086758
385.31 0.000161766498441
395.2 0.000179012338996
405.33 0.000192701064301
413.82 0.000200858783812
421.51 0.000206009404449
430.34 0.000212270338516
441.38 0.000225887099062
450.62 0.000233823783955
460.06 0.000238717387594
469.69 0.000247677000139
479.53 0.000259350712181
489.57 0.000261149831166
499.82 0.000275984852281
505.61 0.000279824686229
511.46 0.000359654165758
519.77 0.000372294261712
529.43 0.000385376426902
540.52 0.000380966015219
550.57 0.000451738215744
559.52 0.000513910627522
569.92 0.000572633871188
580.51 0.000567390724432
589.95 0.000666650688998
599.53 0.000694819751962
610.68 0.000768943454139
620.6 0.000905522286791
630.68 0.000986020010515
639.46 0.00101362363608
649.85 0.00115313246251
657.37 0.00124704647352
664.99 0.00132703016325
674.24 0.00135483940242
685.19 0.00136111061716
694.72 0.0017737257055
704.39 0.0017254065099
715.83 0.00208394522189
725.79 0.00220237865449
734.2 0.00232214857549
744.41 0.00267230853335
754.77 0.00290994644955
765.27 0.00311088233846
774.13 0.00346649105667
784.9 0.00379218299634
795.82 0.00401686725585
805.03 0.00425486499585
814.35 0.00447595101739
825.68 0.00499903201139
835.24 0.0040821495733
844.91 0.00539375871668
854.7 0.00562198981076
864.59 0.0061642956762
874.61 0.00672819096947
884.73 0.00746274554929
894.98 0.00799631283681
905.34 0.00801481806065
915.82 0.0132399736267
924.3 0.102066590182
935.0 0.229027846776
945.83 0.447595101739
954.58 0.657500883875
965.63 0.714301640398
974.57 0.102539501458
985.85 0.557058641119
994.98 0.636631103651
1004.18 1.01362363608
1015.81 1.00899733012
1025.21 0.444516038105
1034.7 0.677445402908
1044.27 1.41215419293
1053.93 1.39601352547
1066.14 1.0589614345
1076.0 1.31186616038
1085.96 0.997431565219
1096.0 1.42197224225
1106.15 1.37370445006
1113.81 1.3088333598
1124.12 1.1664973464
1134.52 1.57721050895
1145.02 1.42526205982
1155.61 1.55556967773
1166.31 1.61391253624
1174.39 1.06384475746
1185.26 1.58810802966
1196.22 1.0230304582
1204.52 0.694819751962
1215.66 0.521076261422
1224.09 1.09869626237
1235.41 1.7614916964
1243.98 1.95831531334
1255.49 1.85304115103
1264.19 1.56276615367
1275.89 2.12758670812
1284.73 2.26406273398
1293.64 1.69780288433
1305.61 1.68222765426
1314.66 2.22787474068
1323.77 2.12758670812
1336.02 1.83607802917
1345.28 2.30086756807
1354.6 2.23301508064
1363.99 1.95831531334
1373.45 2.09838957717
1386.16 2.13247003108
1395.77 1.8445595901
1405.44 1.93590343113
1415.18 1.97188581083
1424.99 2.06482315725
1434.87 2.05063581897
1441.49 2.19225218478
1448.15 2.24848750391
1454.83 2.17713958531
1464.92 1.98555911512
1475.07 1.9993352262
1485.29 2.06009404449
1495.59 2.1178200622
1505.96 1.99013401768
1512.91 1.7373320986
1516.4 1.89622000667
1523.4 1.82764787164
1533.95 1.56276615367
1544.59 1.7737257055
1555.29 1.67451714433
1566.07 1.7017095427
1573.3 1.83607802917
1584.21 1.95384321758
1595.19 2.00396153216
1606.25 1.97646071339
1613.66 1.9993352262
1624.85 1.87884565761
1636.11 2.02714446537
1643.66 2.06960367341
1655.06 1.89622000667
1666.53 2.10810481969
1670.37 1.84029310794
1678.08 2.12270338516
1685.83 2.24848750391
1693.61 2.09838957717
1705.35 2.00858783812
1713.22 1.8918507177
1725.09 1.88748142874
1733.06 2.04122899685
1745.07 1.99476032364
1753.12 2.15719506627
1765.28 1.95831531334
1773.42 2.01784045004
1785.72 2.06482315725
1793.96 2.23815542059
1806.39 2.22787474068
1814.73 2.03182217473
1823.11 2.09355765761
1835.75 1.9993352262
1844.22 1.82764787164
1857.0 1.83186295041
1865.57 1.90495858459
1874.19 2.09838957717
1882.84 1.91816925828
1895.89 1.84029310794
1904.64 1.96736231167
1913.43 1.88748142874
1926.69 1.85730763319
1935.59 1.92258995065
1944.52 2.01784045004
1953.5 1.88316354318
1967.04 2.09355765761
1976.12 2.16218119603
1985.24 2.03649988409
1994.4 1.97646071339
2003.61 2.04590670621
2012.85 1.96736231167
2026.81 2.07916470573
2036.16 1.95831531334
2045.56 2.05536493173
2055.0 1.96283881251
2064.49 1.97188581083
2074.02 2.12758670812
2078.8 2.01784045004
2083.59 2.10322149673
2093.21 1.98555911512
2102.87 1.9993352262
2112.58 2.02246675601
2127.22 2.06009404449
2137.04 1.90058929563
2146.9 1.95831531334
2156.81 2.04590670621
2166.77 1.98103561595
2176.77 1.96736231167
2186.82 1.93148273877
2196.91 2.03182217473
2207.05 1.97646071339
2217.24 1.87452777205
2227.47 1.80672668802
2232.61 1.94947392862
2242.91 1.85823289439
2253.27 1.77537061428
2263.67 1.83016663822
2274.12 1.88660757095
2284.61 1.9403241235
2295.16 1.832582598
2305.75 1.82918997363
2316.39 1.73964525158
2327.09 1.32939471963
2332.45 1.60974886087
2343.22 1.56297176727
2354.03 1.70273761069
2364.9 1.55721458652
2375.81 1.60897780988
2386.78 1.49193226906
2392.28 1.60270659513
2403.33 1.53125586973
2414.42 1.57854699734
2425.56 1.68058274548
2436.76 1.60938903708
2442.38 1.71306969401
2453.65 1.68644273303
2464.98 1.67950327409
2476.35 1.61581446202
2487.78 1.66953101457
2493.52 1.56929438541
2505.03 1.75352416947
2510.8 1.55963054629
2516.59 1.61113675266
2522.39 1.5354195451
2534.03 1.55757441031
2545.73 1.52637254677
2557.48 1.64388071819
2563.38 1.60316922573
2575.21 1.70294322429
2587.1 1.68428379025
2593.06 1.66156348764
2605.03 1.60229536794
2617.05 1.58106576391
2623.09 1.65981577205
2635.19 1.70720970645
2647.36 1.85144764564
2653.46 1.87766337942
2665.71 1.70546199087
2678.01 1.79084303755
2684.19 1.77902025565
2696.58 1.70767233705
2702.79 1.75594012925
2715.27 1.67009645197
2727.8 1.67482556473
2734.09 1.76231415079
2746.71 1.52863429636
2753.04 1.56106984148
2765.75 1.61679112661
2772.12 1.69734025374
2784.92 1.61432376344
2797.77 1.30688003062
2804.22 1.40716806318
2817.17 1.68880728941
2823.66 1.76478151397
2836.69 1.69405043617
2843.23 1.65976436865
2856.36 1.61170219006
2862.94 1.75552890205
2876.16 1.74036489918
2882.79 1.74082752977
2896.09 1.72185967533
2909.46 1.85884973518
2929.63 1.79310478713
2949.94 1.76997325733
2970.38 1.80441353504
2990.97 1.80590423363
3011.71 1.8326340014
3032.58 1.82574594586
3046.58 1.82261033849
3067.7 1.82841892264
3088.96 1.84265766432
3110.37 1.82739085465
3131.93 1.80806317641
3146.39 1.82168507729
3168.2 1.81495123195
3190.16 1.73481333202
3212.27 1.78914672537
3227.1 1.7254579133
3249.47 1.80009564947
3272.0 1.84800361787
3287.1 1.83638644957
3309.88 1.83808276176
3325.16 1.83926503995
3332.83 1.84404555611
3340.51 1.75753363463
3348.21 1.89688825086
3355.93 1.82888155323
3363.66 1.71127057502
3371.42 1.70001323052
3379.19 1.83479294418
3386.98 1.86090587116
3394.79 1.84019030114
3402.61 1.91426259992
3410.46 1.76663203636
3418.32 1.79588057071
3426.2 1.83828837535
3434.1 1.89915000044
3442.01 1.7976282863
3449.95 1.80235739906
3457.9 1.77819780126
3465.87 1.74226682496
3473.86 1.84183520992
3481.87 1.77583324488
3489.9 1.84306889151
3497.94 1.78107639163
3506.01 1.82312437248
3514.09 1.7618001168
3522.19 1.84543344789
3530.31 1.77927727265
3538.45 1.85093361165
3546.6 1.88593932675
3554.78 1.89966403444
3562.97 1.86558358052
3568.73 1.39580791187
3571.4 1.15061369593
3574.07 1.8688219947
3576.74 2.77506392908
3579.4 1.90125753982
3582.07 0.480282523524
3587.41 1.20674620826
3590.07 1.08574260568
3592.74 3.45872914334
3595.41 3.45358880338
3598.08 2.32718610865
3600.75 0.686749418229
3603.41 0.413864190942
3606.08 1.12398673496
3608.75 1.60769272489
3611.42 2.82153260229
3614.08 0.53315606032
3616.75 0.925672419422
3619.42 0.543333933435
3622.09 0.940476598498
3624.76 1.36712481491
3630.09 1.66151208424
3632.76 0.707259374657
3640.76 2.25460450846
3643.43 3.43523778973
3646.1 1.6066132535
3648.76 0.998819457007
3651.43 0.716049355983
3654.1 1.71738757957
3656.77 2.81407910935
3659.44 2.39935648164
3662.1 1.98571332531
3664.77 0.825744210662
3667.44 3.08841905285
3670.11 2.77598919027
3672.77 1.46515109789
3675.44 2.06780455442
3678.11 2.74746030351
3680.78 3.0347025003
3683.45 0.737998607599
3686.11 1.99126489247
3688.78 1.63514214026
3691.45 1.23476106102
3694.12 2.18515851564
3696.78 2.72073053574
3699.45 1.1429545894
3702.12 1.61216482065
3704.79 1.43446326835
3707.46 1.32260947089
3710.12 1.67636766671
3712.79 2.2016590069
3715.46 2.60342797792
3718.13 1.20813410005
3720.79 2.12188093077
3723.46 3.42228413304
3726.13 3.86157758575
3728.8 5.65077571452
3731.47 4.92845514379
3734.13 4.23486907342
3736.8 2.43127799277
3739.47 1.75948696382
3742.14 1.92382363223
3744.8 2.0471403878
3747.47 2.68623885463
3750.14 2.66747661379
3752.81 1.98154964995
3755.47 1.50365224417
3758.14 2.57135225659
3760.81 2.84039764993
3763.48 2.49368171985
3766.15 2.63766264204
3768.81 1.81397456736
3771.48 1.24324262195
3774.15 2.10743657549
3776.82 2.570889626
3779.48 1.75958977061
3782.15 2.45034865401
3784.82 2.84666886468
3787.49 2.40752962217
3790.16 1.95990881873
3792.82 0.574587200372
3795.49 1.97425036721
3798.16 2.93163868417
3800.83 1.44227658508
3803.49 1.10568712471
3806.16 2.53660355849
3808.83 2.82862627143
3811.5 2.99409381464
3814.17 3.13303720367
3816.83 2.64547595877
3819.5 3.04457195302
3822.17 3.4269618424
3824.84 1.50282978977
3827.5 2.08990801624
3830.17 1.98668998991
3832.84 2.32302243328
3835.51 1.85293834423
3838.18 1.64167037201
3840.84 2.3680518113
3843.51 2.8683096959
3846.18 1.07947139093
3848.85 2.07695435955
3851.51 3.23173173084
3854.18 3.68449287424
3856.85 3.06174068847
3859.52 2.20993495423
3862.18 2.9628919511
3864.85 2.4401707809
3867.52 3.68510971504
3870.19 3.52617040357
3872.86 3.3087340234
3875.52 3.40460136359
3878.19 2.31186789557
3880.86 3.43071429057
3883.53 3.14033648641
3886.19 3.15729960827
3888.86 2.1299512645
3891.53 0.913129989927
3894.2 0.79613585251
3896.87 3.14707033176
3899.53 2.72756718788
3902.2 2.9518916236
3904.87 1.38871424273
3907.54 2.43384816275
3910.2 2.61530216322
3912.87 3.84882954266
3915.54 3.4273730696
3918.21 3.30302824605
3920.88 3.10538217471
3923.54 2.832173106
3926.21 3.54806825179
3928.88 3.92418692643
3931.55 2.02169570501
3934.21 1.36583972992
3936.88 3.13812614023
3939.55 1.52662956377
3942.22 2.04323372943
3944.89 2.33505082878
3947.55 2.25532415605
3950.22 3.50668851513
3952.89 3.2015579353
3955.56 3.4151904639
3958.22 2.38290739378
3960.89 3.39442349048
3963.56 3.31068735258
3966.23 2.27424060709
3968.9 2.54200091544
3971.56 1.25146716588
3974.23 1.87853723722
3976.9 1.93112291497
3979.57 1.63519354366
3982.23 3.18387516585
3984.9 3.0228797184
3987.57 2.35031763845
3990.24 2.61566198702
3992.9 3.40244242081
3995.57 3.17832359869
3998.24 4.99661605162
4000.91 3.00026222259
4003.58 2.87889879621
4006.24 2.88768877754
4008.91 3.23096067985
4011.58 2.88897386252
4014.25 4.05398051034
4016.91 3.75301360586
4019.58 3.14095332721
4022.25 3.81454347515
4024.92 4.00324535496
4027.59 3.17647307631
4030.25 2.74679205932
4032.92 3.02144042321
4035.59 3.81243593577
4038.26 3.26462990657
4040.92 3.16161749383
4043.59 3.64527208037
4046.26 3.39647962646
4048.93 3.2246380617
4051.6 3.0467822992
4054.26 2.03192498153
4056.93 2.28781110458
4059.6 3.40701732337
4062.27 3.5581947215
4064.93 3.63463157666
4067.6 4.46731524626
4070.27 2.98036910696
4072.94 2.66213066023
4075.6 2.36753777731
4078.27 3.28544828339
4080.94 3.73101295085
4083.61 3.04488037341
4086.28 2.98134577155
4088.94 3.62815474831
4091.61 3.02159463341
4094.28 3.00386046056
4096.95 3.25244730087
4099.61 3.18767901742
4102.28 2.80158808326
4104.95 2.55325825995
4107.62 2.15755489007
4110.29 1.9874610409
4112.95 2.57592715916
4115.62 2.68670148522
4118.29 3.19374461856
4120.96 3.75722868463
4123.62 3.6056914627
4126.29 2.81670068273
4128.96 2.8683096959
4131.63 2.94844759583
4134.3 3.6777590289
4136.96 3.60229883833
4139.63 3.26591499156
4142.3 2.40269770261
4144.97 3.20803476364
4147.63 2.98365892453
4150.3 3.40429294319
4152.97 3.78298178781
4155.64 3.43724252232
4158.31 3.01665990705
4160.97 2.74756311031
4163.64 3.05593210432
4166.31 3.43863041411
4168.98 3.34291728411
4171.64 2.59515203059
4174.31 2.57602996595
4176.98 2.665574688
4179.65 2.94952706722
4182.31 3.08528344548
4184.98 3.75435009425
4187.65 3.42850394439
4190.32 2.62368091735
4192.99 2.46905949145
4195.65 2.67246274354
4198.32 2.89313753789
4200.99 3.31474822115
4203.66 3.32523451466
4206.32 3.08040012252
4208.99 3.24982572749
4211.66 3.25830728842
4214.33 3.32240732768
4217.0 3.52565636958
4219.66 3.18356674545
4222.33 2.95255986779
4225.0 3.08733958146
4227.67 3.49358064824
4230.33 3.12666318213
4233.0 2.69564567675
4235.67 2.9042920756
4238.34 3.0821992415
4241.01 3.11221882685
4243.67 2.97641104519
4246.34 3.05423579214
4249.01 2.08348259129
4251.68 2.53382777491
4254.34 2.58065627192
4257.01 3.38732982134
4259.68 2.73054858506
4262.35 3.30374789364
4265.02 3.42454588262
4267.68 4.13396420006
4270.35 3.19091743159
4273.02 3.29475229872
4275.69 3.13329422067
4278.35 2.74216575336
4281.02 2.83376661139
4283.69 2.33875187355
4286.36 2.91714292549
4289.02 3.55341420534
4291.69 2.41241294513
4294.36 2.7848819784
4297.03 2.73851611199
4299.7 3.01193079429
4302.36 2.83988361594
4305.03 3.13159790849
4307.7 2.39334228389
4310.37 2.28169410003
4313.03 2.49111154987
4315.7 2.88722614694
4318.37 3.21446018859
4321.04 3.15647715388
4323.71 2.90192751922
4326.37 2.79351774953
4329.04 2.91184837533
4331.71 2.63689159104
4334.38 2.67102344836
4337.04 2.34985500785
4339.71 2.62655950773
4342.38 2.97846718117
4345.05 2.54529073301
4347.72 2.28945601336
4350.38 2.05449107394
4353.05 3.5824057227
4355.72 2.83428064538
4358.39 3.33500116058
4361.05 3.97559032599
4363.72 3.28292951681
4366.39 2.59268466741
4369.06 2.19538779215
4371.73 2.73887593579
4374.39 3.17493097432
4377.06 3.21718456877
4379.73 3.30122912706
4382.4 2.33479381178
4385.06 3.17693570691
4387.73 2.69554286995
4390.4 2.6782199243
4393.07 2.62147057117
4395.73 2.77809672966
4398.4 3.49980045959
4401.07 3.40794258456
4403.74 2.94346146607
4406.41 2.44258674068
4409.07 4.0461157902
4411.74 3.35900654818
4414.41 2.88594106195
4417.08 2.77737708206
4419.74 3.4036761024
4422.41 3.96988454864
4425.08 3.22206789173
4427.75 2.927886236
4430.42 3.7491069475
4433.08 2.36943970309
4435.75 2.96885474545
4438.42 2.94063427909
4441.09 3.03891757907
4443.75 3.69785775813
4446.42 2.39349649409
4449.09 3.64429541578
4451.76 2.55264141915
4454.43 2.68171535547
4457.09 3.2017635489
4459.76 3.25424641986
4462.43 2.93163868417
4465.1 3.35982900257
4467.76 3.16202872103
4470.43 2.95435898678
4473.1 2.54194951204
4475.77 2.87195933727
4478.44 1.61663691642
4481.1 3.72916242847
4483.77 2.3321722384
4486.44 3.3556139238
4489.11 3.21595088718
4491.77 3.68778269181
4494.44 3.1660381862
4497.11 2.7247914043
4499.78 3.78534634419
4502.44 2.93230692836
4505.11 2.99039276987
4507.78 3.30929946079
4510.45 3.13622421445
4513.12 3.22761945888
4515.78 3.09540991519
4518.45 3.49255258025
4521.12 3.48885153548
4523.79 3.23085787305
4526.45 2.69955233512
4529.12 2.67025239736
4531.79 2.99260311605
4534.46 3.25188186348
4537.13 2.00884485512
4539.79 3.11021409427
4542.46 3.40747995397
4545.13 3.20772634325
4547.8 2.81356507536
4550.46 3.72402208851
4553.13 3.05032913377
4555.8 2.29341407513
4558.47 3.12064898438
4561.14 3.24771818811
4563.8 3.59037324963
4566.47 3.17888903609
4569.14 3.65591258408
4571.81 3.69677828674
4574.47 3.00406607416
4577.14 2.72715596068
4579.81 3.35509988981
4582.48 3.38954016752
4585.15 3.02056656542
4587.81 3.09998481775
4590.48 2.91498398271
4593.15 2.86178146415
4595.82 2.80698544021
4598.48 3.47579507199
4601.15 3.24550784193
4603.82 3.74134503416
4606.49 3.54025493505
4609.15 3.32636538945
4611.82 2.75306327407
4614.49 3.34307149431
4617.16 3.54246528123
4619.83 3.55737226711
4622.49 3.4038303126
4625.16 3.45271494559
4627.83 3.28642494799
4630.5 3.53989511126
4633.16 3.35710462239
4635.83 3.39005420151
4638.5 2.83556573037
4641.17 3.47975313376
4643.84 3.12841089771
4646.5 3.37859124341
4649.17 3.23137190705
4651.84 2.85967392477
4654.51 3.64074858121
4657.17 3.6774506085
4659.84 3.45574774616
4662.51 2.80652280962
4665.18 2.73543190802
4667.85 3.16454748761
4670.51 3.23455891782
4673.18 3.27655549527
4675.85 3.23995627478
4678.52 2.65842961546
4681.18 2.54816932339
4683.85 2.97589701119
4686.52 3.33669747276
4689.19 2.41709065449
4691.86 3.10882620248
4694.52 3.63514561066
4697.19 3.94623898484
4699.86 2.6777058903
4702.53 2.91909625467
4705.19 3.07284382278
4707.86 2.66099978544
4710.53 2.98031770356
4713.2 3.18192183666
4715.86 2.92187203825
4718.53 3.59160693122
4721.2 3.01444956087
4723.87 3.54272229823
4726.54 3.73085874065
4729.2 3.42922359199
4731.87 3.30364508684
4734.54 3.18469762024
4737.21 3.37586686323
4739.87 3.87890053141
4742.54 2.83160766861
4745.21 3.23913382038
4747.88 3.20304863389
4750.55 3.22155385773
4753.21 3.1773469341
4755.88 3.10820936168
4758.55 3.16233714143
4761.22 3.09756885797
4763.88 3.68582936263
4766.55 2.78714372798
4769.22 2.82806083404
4771.89 2.99039276987
4774.56 3.28549968679
4777.22 3.05721718931
4779.89 2.54297758003
4782.56 3.23538137221
4785.23 3.73512522282
4787.89 3.10116709594
4790.56 2.81844839832
4793.23 2.84579500689
4795.9 3.17888903609
4798.57 2.79757861809
4801.23 2.87550617184
4803.9 3.21785281296
4806.57 2.90578277418
4809.24 2.81582682494
4811.9 2.99070119027
4814.57 2.80801350821
4817.24 2.5582443897
4819.91 2.65745295087
4822.57 3.11478899683
4825.24 3.29737387209
4827.91 3.23322242943
4830.58 3.25028835809
4833.25 3.04169336264
4835.91 2.64820033895
4838.58 2.89313753789
4841.25 3.21204422881
4843.92 2.69163621158
4846.58 2.64506473157
4849.25 2.69322971697
4851.92 2.25542696285
4854.59 2.51599079526
4857.26 2.78950828436
4859.92 2.68433692884
4862.59 3.23419909402
4865.26 3.61653758001
4867.93 3.49358064824
4870.59 2.97939244237
4873.26 2.84276220631
4875.93 1.9641238975
4878.6 2.17107398416
4881.27 2.66192504663
4883.93 2.53588391089
4886.6 2.7615962384
4889.27 2.83150486181
4891.94 3.0461654584
4894.6 2.54498231262
4897.27 2.67626659511
4899.94 2.4400165707
4902.61 2.77228814551
4905.28 3.03963722666
4907.94 2.82852346463
4910.61 3.10882620248
4913.28 2.48257858554
4915.95 2.50180345698
4918.61 2.70397302748
4921.28 2.99666398462
4923.95 2.85761778879
4926.62 2.66937853957
4929.28 2.81783155752
4931.95 3.09679780698
4934.62 3.12758844332
4937.29 2.76406360157
4939.96 2.689631479
4942.62 3.13632702125
4945.29 2.86661338371
4947.96 2.86383760014
4950.63 2.90059103083
4953.29 3.0946388642
4955.96 3.30426192764
4958.63 3.50612307774
4961.3 3.68639480002
4963.97 3.47995874736
4966.63 3.6292856231
4969.3 3.06425945505
4971.97 2.904086462
4974.64 2.83335538419
4977.3 2.78123233703
4979.97 3.40146575622
4982.64 3.44891109402
4985.31 3.38938595732
4987.98 3.0940734268
4990.64 2.88131475599
4993.31 2.81803717112
4995.98 2.84846798367
4998.65 2.84610342729
5001.31 3.31608470954
5003.98 3.42408325203
5006.65 3.84631077608
5009.32 3.97399682061
5011.99 4.06225645767
5014.65 3.7961924615
5017.32 3.66274923622
5019.99 3.36281039974
5022.66 2.85417376102
5025.32 2.56749700163
5027.99 2.61437690203
5030.66 3.13951403202
5033.33 3.06878295421
5036.0 3.03747828388
5038.66 2.3688228623
5041.33 2.32672347805
5044.0 2.46972773565
5046.67 2.47651298439
5049.33 2.27053956232
5052.0 2.50483625755
5054.67 2.81670068273
5057.34 2.66901871577
5060.0 2.80523772463
5062.67 3.11602267842
5065.34 2.88835702173
5068.01 2.72741297768
5070.68 2.54606178401
5073.34 2.84250518932
5076.01 3.22016596594
5078.68 3.44623811724
5081.35 3.06744646583
5084.01 2.76663377155
5086.68 2.95595249216
5089.35 2.76231588599
5092.02 2.66387837582
5094.69 2.74843696811
5097.35 3.06934839161
5100.02 2.85016429585
5102.69 2.30539106723
5105.36 2.65914926306
5108.02 2.89992278663
5110.69 2.77449849169
5113.36 2.90603979118
5116.03 2.80580316202
5118.7 2.79984036767
5121.36 2.89699279286
5124.03 2.47384000761
5126.7 2.63375598367
5129.37 3.04595984481
5132.03 3.32569714526
5134.7 2.79572809571
5137.37 2.48196174474
5140.04 2.79228406794
5142.71 2.78755495518
5145.37 2.73394120943
5148.04 2.96659299587
5150.71 2.79850387929
5153.38 2.73969839018
5156.04 2.78626987019
5158.71 2.54966002198
5161.38 2.93333499635
5164.05 2.83181328221
5166.71 2.58523117448
5169.38 2.79860668608
5172.05 3.05649754172
5174.72 3.27624707487
5177.39 2.85751498199
5180.05 2.64038702221
5182.72 2.96597615508
5185.39 2.96844351826
5188.06 2.31083982758
5190.72 2.24103401097
5193.39 2.75882045482
5196.06 2.94762514143
5198.73 2.83150486181
5201.4 2.71620703658
5204.06 2.92613852041
5206.73 3.15879030686
5209.4 2.69538865975
5212.07 2.63401300067
5214.73 2.89750682685
5217.4 2.83787888335
5220.07 2.51557956806
5222.74 2.51820114144
5225.41 2.65884084266
5228.07 2.67035520416
5230.74 2.70022057931
5233.41 2.47070440024
5236.08 2.62553143974
5238.74 3.12090600138
5241.41 3.03017900114
5244.08 2.91333907392
5246.75 2.57556733536
5249.42 2.63545229586
5252.08 2.76617114096
5254.75 2.78159216083
5257.42 2.81891102891
5260.09 2.70680021446
5262.75 2.33695275456
5265.42 2.4510683016
5268.09 2.4869478745
5270.76 2.48484033512
5273.42 2.56759980843
5276.09 2.26940868753
5278.76 2.66079417184
5281.43 2.74982485989
5284.1 2.67112625516
5286.76 2.6538547129
5289.43 2.79536827191
5292.1 2.84086028053
5294.77 3.03573056829
5297.43 3.06415664825
5300.1 2.66948134637
5302.77 2.3321722384
5305.44 2.6416721072
5308.11 2.92295150964
5310.77 2.50745783093
5313.44 2.66290171122
5316.11 2.88126335259
5318.78 2.58553959487
5321.44 3.02385638299
5324.11 3.1540097907
5326.78 2.77876497385
5329.45 2.56328192286
5332.12 2.65899505286
5334.78 2.47990560876
5337.45 2.42058608566
5340.12 2.85175780124
5342.79 3.33099169541
5345.45 2.50200907058
5348.12 2.5350100531
5350.79 2.66012592765
5353.46 2.86995460468
5356.13 2.96895755225
5358.79 2.93616218333
5361.46 2.44680181944
5364.13 2.78318566621
5366.8 2.73532910122
5369.46 3.0350109207
5372.13 2.78611565999
5374.8 2.42418432363
5377.47 2.86887513329
5380.13 2.99363118405
5382.8 2.51218694369
5385.47 2.55510878233
5388.14 2.47836350678
5390.81 3.05999297289
5393.47 3.30343947324
5396.14 2.92156361785
5398.81 2.90701645577
5401.48 2.6894258654
5404.14 3.18238446726
5406.81 2.87324442226
5409.48 2.92583010002
5412.15 2.68294903706
5414.82 2.99614995062
5417.48 2.74782012731
5420.15 2.79326073253
5422.82 2.97147631883
5425.49 2.68356587785
5428.15 3.2017635489
5430.82 3.21759579596
5433.49 2.60959638587
5436.16 3.29835053669
5438.83 2.79202705094
5441.49 3.00324361976
5444.16 2.70243092549
5446.83 2.73959558338
5449.5 2.7252540349
5452.16 2.96242932051
5454.83 2.31813911032
5457.5 2.73589453861
5460.17 2.74201154316
5462.84 2.92053554986
5465.5 3.01470657787
5468.17 2.79423739712
5470.84 2.69358954077
5473.51 2.96762106386
5476.17 3.40676030637
5478.84 2.22617842849
5481.51 2.35864498918
5484.18 2.38172511559
5486.84 2.96427984289
5489.51 2.75727835283
5492.18 2.68135553167
5494.85 2.60990480627
5497.52 2.70638898726
5500.18 2.84106589413
5502.85 2.90141348522
5505.52 2.28421286661
5508.19 2.53202865592
5510.85 2.43179202677
5513.52 2.81531279094
5516.19 2.93765288192
5518.86 3.09525570499
5521.53 2.53711759248
5524.19 2.65272383811
5526.86 2.42937606699
5529.53 2.89796945745
5532.2 2.14305913139
5534.86 2.86517408852
5537.53 2.08080961452
5540.2 3.40285364801
5542.87 1.63940862242
5545.54 3.51229148569
5548.2 1.69991042372
5550.87 3.26915340573
5553.54 2.0586547493
5556.21 3.23183453764
5558.87 2.14321334159
5561.54 3.2724432233
5564.21 1.67683029731
5566.88 3.45677581415
5569.55 3.11622829202
5572.21 2.56374455346
5574.88 2.72674473349
5577.55 3.62640703273
5580.22 2.55151054436
5582.88 3.03177250653
5585.55 3.2010953047
5588.22 3.57130258839
5590.89 2.20345812589
5593.55 2.71934264395
5596.22 2.94464374426
5598.89 2.67852834469
5601.56 2.35088307585
5604.23 2.59103975863
5606.89 2.57813750534
5609.56 2.76899832793
5612.23 2.47034457644
5614.9 2.46767159967
5617.56 3.5827141431
5620.23 2.48535436912
5622.9 2.68572482063
5625.57 2.06266421447
5628.24 2.55058528317
5630.9 1.98848910889
5633.57 2.60188587594
5636.24 2.43302570836
5638.91 2.8916982427
5641.57 3.38583912275
5644.24 2.93636779693
5646.91 2.69477181896
5649.58 2.59114256543
5652.25 2.85561305621
5654.91 3.21569387018
5657.58 3.43097130757
5660.25 2.98941610528
5662.92 2.90681084218
5665.58 2.51835535164
5668.25 2.52606586157
5670.92 2.46695195207
5673.59 2.38773931334
5676.26 2.83767326976
5678.92 3.10358305572
5681.59 3.01835621924
5684.26 3.17611325251
5686.93 2.7373852372
5689.59 2.71728650797
5692.26 2.49897627
5694.93 2.05490230113
5697.6 2.60342797792
5700.26 2.78750355178
5702.93 3.39313840549
5705.6 3.04020266405
5708.27 3.38547929895
5710.94 4.75738463003
5713.6 4.40218713901
5716.27 3.35242691303
5718.94 2.19764954173
5721.61 1.06158300788
5724.27 0.255341247014
5726.94 1.23830789559
5729.61 2.53341654771
5732.28 2.85756638539
5734.95 2.45307303419
5737.61 2.4993874972
5740.28 2.3446632645
5742.95 2.67570115772
5745.62 2.88429615316
5748.28 2.57335698918
5750.95 2.78750355178
5753.62 3.17873482589
5756.29 3.19071181799
5758.96 2.96859772846
5761.62 2.39483298248
5764.29 2.30415738564
5766.96 2.52411253239
5769.63 3.0700166358
5772.29 3.54806825179
5774.96 3.44711197504
5777.63 2.82364014167
5780.3 2.19754673493
5782.97 2.33474240838
5785.63 2.77609199707
5788.3 2.62188179837
5790.97 2.58605362887
5793.64 2.61581619722
5796.3 2.78919986396
5798.97 2.76637675456
5801.64 2.62542863294
5804.31 2.56204824127
5806.97 2.50550450175
5809.64 2.61278339665
5812.31 2.93770428532
5814.98 2.87447810385
5817.65 2.65534541149
5820.31 2.95965353693
5822.98 2.97975226616
5825.65 2.70983301503
5828.32 2.37185566287
5830.98 2.48350384673
5833.65 2.62871845051
5836.32 2.74314241795
5838.99 2.4395539401
5841.66 2.7608251874
5844.32 2.53608952449
5846.99 2.72057632554
5849.66 2.93338639975
5852.33 2.76483465257
5854.99 2.54878616418
5857.66 2.68618745123
5860.33 2.53937934206
5863.0 2.7488481953
5865.67 2.4640733617
5868.33 2.65277524151
5871.0 2.78770916538
5873.67 2.84214536552
5876.34 2.48160192095
5879.0 2.7251512281
5881.67 2.9162690677
5884.34 3.05983876269
5887.01 2.69955233512
5889.68 2.49784539521
5892.34 2.11674059081
5895.01 2.57479628436
5897.68 2.1418254498
5900.35 3.0829188891
5903.01 2.64922840694
5905.68 2.87257617806
5908.35 2.73234770404
5911.02 2.07201963319
5913.68 2.29521319411
5916.35 2.8683096959
5919.02 2.45713390275
5921.69 2.94623724964
5924.36 2.42423572703
5927.02 2.52904725875
5929.69 3.4272702628
5932.36 3.14645349096
5935.03 2.84127150773
5937.69 2.60332517113
5940.36 3.36101128076
5943.03 2.83628537797
5945.7 3.12183126257
5948.37 2.86589373612
5951.03 3.19713724294
5953.7 2.4634565209
5956.37 2.67950500929
5959.04 2.9032640076
5961.7 2.60342797792
5964.37 2.34363519651
5967.04 2.81772875072
5969.71 2.76833008374
5972.38 2.62049390658
5975.04 2.93318078615
5977.71 2.38398686517
5980.38 2.08456206268
5983.05 3.0821478381
5985.71 2.6658831084
5988.38 3.06898856781
5991.05 2.45363847158
5993.72 2.72062772894
5996.39 2.36183199995
5999.05 2.07536085416
6001.72 2.56374455346
6004.39 2.76843289054
6007.06 2.08559013068
6009.72 2.380234417
6012.39 1.92418345603
6015.06 2.48242437534
6017.73 2.48576559631
6020.39 2.70073461331
6023.06 2.570632609
6025.73 2.29942827288
6028.4 2.70680021446
6031.07 2.74771732051
6033.73 2.83325257739
6036.4 2.75414274546
6039.07 2.77763409906
6041.74 2.85936550437
6044.4 2.72124456973
6047.07 3.29500931571
6049.74 3.19173988598
6052.41 3.17194957715
6055.08 2.52637428197
6057.74 2.65642488288
6060.41 2.85509902221
6063.08 2.54035600665
6065.75 3.0703250562
6068.41 3.57824204733
6071.08 3.65241715291
6073.75 2.14711999996
6076.42 2.1657280306
6079.09 2.21008916443
6081.75 2.20494882447
6084.42 2.58122170931
6087.09 2.3687200555
6089.76 2.67395344213
6092.42 3.16495871481
6095.09 2.30765281681
6097.76 3.43097130757
6100.43 2.38280458698
6103.1 1.75367837966
6105.76 2.90675943878
6108.43 6.90604673197
6111.1 9.55743408169
6113.77 3.63792139423
6121.77 1.12244463297
6124.44 1.45965093414
6127.1 3.16110345984
6129.77 3.08055433272
6132.44 2.42469835763
6135.11 2.40614173038
6137.78 2.70952459463
6140.44 3.11041970786
6143.11 2.38722527934
6145.78 2.62902687091
6148.45 2.57664680675
6151.11 2.16089611104
6153.78 2.81654647253
6156.45 2.90233874641
6159.12 2.63786825563
6161.79 2.61530216322
6164.45 2.7732134067
6167.12 2.67056081776
6169.79 2.08456206268
6172.46 2.59612869519
6175.12 2.71620703658
6177.79 2.91071750054
6180.46 2.94048006889
6183.13 2.47322316682
6185.8 2.62835862671
6188.46 3.2016607421
6191.13 2.62326969016
6193.8 3.25188186348
6196.47 1.85869552498
6199.13 2.87550617184
6201.8 2.63612054005
6204.47 2.63601773325
6207.14 2.09895501456
6209.81 2.56718858123
6212.47 2.88707193674
6215.14 2.32600383046
6217.81 2.68608464443
6220.48 2.28961022356
6223.14 2.19343446297
6225.81 2.31171368538
6228.48 2.53829987067
6231.15 2.00432135596
6233.82 2.04271969544
6236.48 2.04138320705
6239.15 2.43672675313
6241.82 2.33463960158
6244.49 2.51408886947
6247.15 2.63658317065
6249.82 2.02421447159
6252.49 2.39390772128
6255.16 2.27403499349
6257.82 2.25080065689
6260.49 1.83170874021
6263.16 2.18428465785
6265.83 2.58003943112
6268.5 3.13750929944
6271.16 2.79870949288
6273.83 3.11288707104
6276.5 2.47327457022
6279.17 2.42289923864
6281.83 2.79202705094
6284.5 2.97132210863
6287.17 2.7725965659
6289.84 2.46993334925
6292.51 2.53773443328
6295.17 2.27161903371
6297.84 2.41164189414
6300.51 3.38100720319
6303.18 3.45554213256
6305.84 2.82225224989
6308.51 2.10378693412
6311.18 1.89066843951
6313.85 2.46844265066
6316.52 2.44731585344
6319.18 2.14321334159
6321.85 2.26097853
6324.52 2.67878536169
6327.19 2.58147872631
6329.85 2.15138648212
6332.52 2.72407175671
6335.19 2.99265451945
6337.86 2.29079250175
6340.53 2.05007038157
6343.19 1.86954164229
6345.86 2.2847269006
6348.53 3.28596231739
6351.2 2.84841658027
6353.86 2.02673323817
6356.53 2.88182878999
6359.2 2.8322759128
6361.87 2.59165659942
6364.53 2.68572482063
6367.2 2.73507208422
6369.87 2.67282256734
6372.54 2.07279068418
6375.21 2.86640777011
6377.87 2.78071830303
6380.54 2.97260719362
6383.21 2.74267978735
6385.88 2.16691030879
6388.54 2.42865641939
6391.21 2.43821745171
6393.88 2.214150033
6396.55 3.51583832026
6399.22 3.06009577969
6401.88 2.13370371267
6404.55 3.34672113568
6407.22 2.27079657932
6409.89 2.19564480915
6412.55 1.71821003396
6415.22 3.05618912132
6417.89 2.24735662912
6420.56 2.89673577586
6423.23 2.53650075169
6425.89 2.71872580316
6428.56 2.19764954173
6431.23 2.21877633896
6433.9 2.01403659848
6436.56 2.50041556519
6439.23 2.07299629778
6441.9 2.12018461858
6444.57 2.31305017376
6447.24 2.06574841844
6449.9 2.48555998271
6452.57 3.02426761019
6455.24 2.18891096381
6457.91 2.07731418335
6460.57 2.71852018956
6463.24 2.594175366
6465.91 2.33947152114
6468.58 2.76406360157
6471.24 2.44089042849
6473.91 2.62717634852
6476.58 2.44531112085
6479.25 2.49589206603
6481.92 2.64799472535
6484.58 2.96402282589
6487.25 2.57613277275
6489.92 2.86625355992
6492.59 2.94125111989
6495.25 2.8681554857
6497.92 2.72299228532
6500.59 2.49542943543
6503.26 2.06369228246
6505.93 2.06348666886
6508.59 2.26097853
6511.26 2.2971151199
6513.93 2.64897138994
6516.6 2.93528832554
6519.26 2.46212003251
6521.93 2.2370759492
6524.6 2.25218854868
6527.27 2.56168841748
6529.94 2.94711110744
6532.6 2.8442015015
6535.27 2.26858623314
6537.94 2.30194703946
6540.61 2.27562849888
6543.27 2.23049631406
6545.94 2.75403993866
6548.61 3.18418358624
6551.28 3.25234449407
6553.95 2.98987873588
6556.61 3.66860922377
6559.28 3.80354314764
6561.95 4.66295658502
6564.62 6.25425162545
6567.28 7.45143680139
6569.95 6.76777158713
6572.62 5.02874317635
6575.29 3.26802253094
6577.95 2.86270672535
6580.62 3.1294389657
6583.29 3.9866934603
6585.96 4.56117785387
6588.63 5.56184783327
6591.29 4.5820476341
6593.96 4.2254108479
6596.63 2.94891022642
6599.3 2.84939324486
6601.96 2.67107485176
6604.63 2.94973268081
6607.3 2.2967038927
6609.97 3.1778609681
6612.64 2.58826397505
6615.3 2.47296614982
6617.97 1.9877694613
6620.64 3.24782099491
6623.31 3.76298586538
6634.57 2.5701699784
6649.86 2.52812199756
6665.19 2.55644527072
6680.56 2.56137999708
6695.95 2.54282336983
6711.39 2.50123801958
6726.86 2.48879839689
6742.37 2.5109018587
6757.91 2.44716164324
6773.49 2.4631995039
6789.11 2.46227424271
6804.75 2.47270913282
6820.44 2.47748964898
6836.17 2.47651298439
6851.92 2.48129350055
6867.72 2.40166963462
6883.55 2.43415658315
6899.42 2.45009163701
6915.32 2.43785762792
6931.27 2.44818971123
6947.24 2.4755877232
6963.26 2.45754512995
6979.31 2.49080312947
6995.4 2.44998883021
7011.52 2.39879104424
7027.69 2.48211595494
7043.89 2.45276461379
7060.13 2.40701558817
7076.4 2.36214042035
7092.72 2.32883101743
7109.07 2.32790575624
7125.45 2.32163454149
7141.88 2.29413372272
7158.34 2.30379756184
7174.84 2.28174550343
7191.38 2.20340672249
7207.96 2.20248146129
7224.58 2.3320694316
7241.23 2.27804445866
7257.93 2.29290004113
7274.66 2.36707514671
7291.43 2.31222771937
7308.24 2.32728891544
7325.08 2.3209662973
7341.97 2.37951476941
7358.9 2.36219182375
7375.86 2.39406193148
7392.86 2.33854625995
7409.9 2.41976363127
7426.99 2.37458004305
7444.11 2.42886203299
7461.26 2.43343693555
7478.47 2.38254756998
7495.71 2.40907172416
7512.98 2.38599159775
7530.31 2.38496352976
7547.66 2.41153908734
7565.06 2.36650970932
7582.5 2.38187932579
7599.98 2.31598016754
7617.5 2.30436299924
7635.06 2.35160272344
7652.66 2.31299877036
7670.3 2.16264382663
7687.98 2.24283312995
7705.71 2.23152438205
7723.47 2.19996269471
7741.27 2.22443071291
7759.12 2.17287310314
7777.01 2.18695763462
7794.94 2.18094343687
7812.9 2.22047265114
7830.92 2.24519768633
7848.97 2.22874859847
7867.06 2.25871678042
7885.2 2.20633671626
7903.37 2.13540002486
7921.59 2.10512342251
7939.86 2.1187453234
7958.16 2.13247003108
7976.5 2.18114905047
7994.89 2.14526947757
8013.32 2.17914431789
8031.79 2.18315378306
8050.31 2.20741618765
8068.87 2.21656599277
8087.47 2.17009731957
8106.11 2.11483866503
8124.8 2.13344669567
8143.53 2.14722280676
8162.3 2.12162391377
8181.12 2.190093242
8199.98 2.16403171842
8218.88 2.1780134431
8237.82 1.88300933298
8256.82 2.21127144262
8275.85 2.21533231119
8294.93 2.12434829395
8314.05 2.02776130616
8333.21 2.12234356137
8352.42 2.12619881633
8371.68 2.08636118167
8390.98 2.03321006652
8410.32 2.09880080436
8429.71 2.10260465593
8449.14 2.02555095998
8468.62 2.06220158387
8488.14 2.07546366096
8507.71 1.58091155372
8527.32 2.02154149481
8546.98 1.75177645388
8566.68 2.02889218095
8586.43 2.07510383716
8606.22 1.93117431837
8626.06 2.04929933058
8645.95 2.06723911703
8665.88 1.90182297722
8685.85 1.90084631263
8705.88 2.00781678713
8725.95 2.05356581274
8746.06 1.96463793149
8766.23 1.94114657789
8786.43 2.05510791473
8806.69 2.05407984674
8826.99 2.06245860087
8847.34 1.9641238975
8867.73 1.90958489055
8888.17 1.88239249218
8908.66 1.95651619436
8929.2 1.94654393484
8949.78 1.9635070567
8970.42 1.91780943449
8991.09 1.90799138517
9011.82 1.79613758771
9032.6 1.75028575529
9053.42 2.03649988409
9074.29 1.98447964373
9095.2 1.90290244861
9116.17 1.85859271818
9137.19 1.95862373374
9158.25 1.92623959201
9179.36 1.82590015606
9200.52 1.91976276367
9221.73 1.80718931861
9242.99 1.77732394347
9264.3 1.87298567006
9285.65 1.94217464588
9307.06 1.73003281586
9328.52 1.92670222261
9350.02 1.92120205886
9371.57 1.89380404689
9393.18 1.91467382711
9414.83 1.87432215845
9436.53 1.92577696142
9458.29 1.89827614265
9480.09 1.93693149912
9501.94 1.88306073638
9523.85 1.86907901169
9545.8 1.77161816611
9567.81 1.86692006891
9589.86 1.91374856592
9611.97 1.89508913188
9634.13 1.89837894945
9656.34 1.88419161117
9678.6 1.87879425421
9700.91 1.89508913188
9723.27 1.84661572608
9745.69 1.83705469376
9768.15 1.8444567833
9790.68 1.82646559345
9813.24 1.85931236578
9835.87 1.84121836913
9858.54 1.8443539765
9881.26 1.83057786542
9904.04 1.8210682365
9926.88 1.832582598
9949.76 1.83571820538
9972.7 1.83463873398
9995.68 1.82507770166
10018.72 1.81145580078
10064.97 1.77619306868
10134.74 1.83947065354
10181.52 1.82456366767
10228.51 1.83916223315
10275.73 1.84964852666
10299.41 1.8441997663
10490.89 1.7737257055
10710.57 1.69389622597
10909.7 1.62511847734
11112.52 1.54842460519
11293.08 1.53773269808
11503.03 1.54487777062
11689.94 1.50966644191
11907.28 1.43513151254
12100.76 1.428500474
12297.38 1.41215419293
12497.2 1.36424622454
12700.26 1.33623137177
12906.62 1.3088333598
13086.17 1.29089357335
13298.8 1.24704647352
13514.89 1.21584460998
13702.9 1.19368974477
13893.53 1.1425947656
14086.81 1.08363506629
14315.7 1.06877948382
14514.86 1.07618157336
14716.78 1.03726919988
14887.18 1.05654547472
15094.28 1.06384475746
15304.27 1.08363506629
15517.17 1.07618157336
15696.85 1.04924619198
15915.22 1.00437102416
16099.5 1.00205787118
16285.93 1.00205787118
16512.49 0.990594913076
16703.7 0.995169815638
16897.12 0.986020010515
17092.76 0.976973012191
17290.7 0.941658876688
17490.92 0.915957176904
17693.46 0.876787786433
17898.32 0.839263304748
18105.58 0.792280597543
18315.24 0.772490288709
18484.71 0.746274554929
18698.74 0.707773408653
18915.27 0.693226246575
19090.3 0.686903628428
19311.33 0.668192790985
19490.03 0.642542494601
19715.72 0.622135344972
19898.13 0.603784331327
20082.26 0.594120492208
20314.8 0.576591932955
20502.76 0.572633871188
20692.48 0.560913896087
20883.95 0.550684619573
21077.18 0.544362001426
21321.24 0.53320746372
21518.54 0.524674499391
21717.63 0.508024938271
21918.59 0.50105463729
22121.39 0.487401894365
22274.74 0.475214148327
22480.83 0.46299041991
22688.85 0.449723202481
22898.8 0.403922773466
23110.66 0.399599747562
23324.51 0.350699693553
23486.18 0.327830321085
23703.5 0.331068735258
23922.84 0.304904404878
24088.65 0.292305431644
24311.55 0.285782340239
24480.06 0.263437282446
24670.68 0.201501326307
24764.49 0.291945607847
24858.39 0.279259248833
24952.3 0.266886450557
25046.1 0.266444381321
25140.01 0.266130820584
25233.91 0.265858382566
25327.72 0.263360177347
25421.62 0.255695930471
25515.43 0.246690054867
25609.34 0.23560748192
25703.24 0.217313012014
25797.05 0.202406026139
25890.96 0.19162673325
25984.86 0.199871838541
26078.67 0.210466079192
26172.57 0.213704493364
26266.38 0.212789512852
26360.29 0.197476440121
26454.19 0.189786491545
26548.0 0.175095399949
26641.9 0.178868409477
26735.81 0.185879833178
26829.62 0.184702695328
26923.52 0.189997245484
27017.33 0.190742594777
27111.23 0.195492268897
27205.14 0.209242678282
27298.95 0.214845648835
27392.85 0.215133507872
27486.76 0.219261200858
27580.56 0.212506794154
27674.47 0.207618330855
27768.28 0.205685563032
27862.18 0.195579654677
27956.09 0.189493492168
28049.89 0.178883830497
28143.8 0.173286000284
28237.7 0.1784726033
28331.51 0.19278845008
28425.42 0.192675362601
28519.22 0.17021207699
28613.13 0.149157244527
28707.03 0.137200813787
28800.84 0.13207075451
28894.75 0.131520738135
28988.55 0.123450404403
29082.46 0.127182291211
29176.36 0.131345966576
29270.17 0.133515190038
29364.08 0.122746177829
29457.98 0.121687267798
29551.79 0.121599882018
29645.69 0.125064471149
29739.5 0.1403929649
29833.41 0.139128441271
29927.31 0.146921196645
30021.12 0.153130727313
30115.02 0.151963870143
30208.93 0.158384154749
30302.74 0.154970969018
30396.64 0.149003034328
30490.45 0.152842868276
30584.35 0.164418913858
30678.26 0.16307214479
30772.07 0.159365959681
30865.97 0.150344663057
30959.88 0.133052559442
31053.68 0.130009478188
31147.59 0.135519922621
31241.4 0.144685148764
31335.3 0.154806478139
31429.21 0.153999444766
31523.01 0.163226354988
31616.92 0.163467950966
31710.82 0.154857881539
31804.63 0.140367263201
31898.54 0.133145085561
31992.34 0.13566899248
32086.25 0.142274329325
32180.15 0.152447062099
32273.96 0.162465584675
32367.87 0.190819699877
32461.77 0.202447148859
32555.58 0.215164349912
32649.48 0.220458900068
32743.39 0.228128287283
32837.19 0.229295144453
32931.1 0.219867760973
33024.91 0.206677648643
33118.81 0.19516842748
33212.72 0.186275639355
33306.53 0.169949919652
33400.43 0.161108534926
33494.24 0.160512255491
33588.14 0.153999444766
33682.05 0.143045380318
33775.86 0.142567328702
33869.76 0.151233941869
33963.67 0.163575898106
34057.47 0.150714767534
34151.38 0.137817654582
34245.28 0.128092131384
34339.09 0.124545296813
34432.99 0.117924538949
34526.8 0.119785342013
34620.71 0.120787708305
34714.61 0.120654059466
34808.42 0.130312758245
34902.33 0.13210159655
34996.23 0.1237331231
35090.04 0.116176823364
35183.94 0.112727655253
35277.75 0.115811859227
35371.66 0.115544561549
35465.56 0.118453993965
35559.37 0.121990547855
35653.27 0.123321895904
35747.18 0.11308747905
35840.99 0.107355999998
35934.89 0.102169396982
36028.7 0.102046028823
36122.6 0.106908790422
36216.51 0.111062185107
36310.32 0.113873951063
36404.22 0.113930494803
36498.13 0.110476186352
36591.94 0.10946867972
36685.84 0.108651365667
36779.64 0.109386434281
36873.55 0.106728878523
36967.46 0.106184002488
37061.26 0.108928944025
37155.17 0.113205706869
37249.07 0.111365465164
37342.88 0.110800027769
37436.79 0.107777507874
37530.59 0.0960472520929
37624.5 0.101290398849
37718.4 0.101886678284
37812.21 0.10239557194
37906.12 0.0991725787867
38000.02 0.0940939229094
38093.83 0.0903209133811
38187.74 0.0856791864001
38281.54 0.0811145645184
38375.44 0.0819472995914
38469.35 0.0923256459642
38563.16 0.0917499278891
38657.06 0.0920377869266
38750.97 0.09282939928
38844.78 0.0886862852748
38938.68 0.0789144990169
39032.49 0.0764419954977
39126.39 0.0780509219042
39220.3 0.0841987684925
39314.11 0.086167518696
39408.02 0.0864296760338
39501.92 0.0885217943962
39595.72 0.0864810794333
39689.63 0.0875245684446
39783.44 0.0809192316001
39877.34 0.0783850440014
39971.24 0.0803126714852
40065.06 0.0831604198212
40158.96 0.0822762813487
40252.77 0.0794490943724
40346.67 0.0806108112027
40440.58 0.0875554104843
40534.39 0.0821272114899
40628.29 0.0854067483824
40722.2 0.085571239261
40816.0 0.0759588035417
40909.91 0.0655958781888
41003.81 0.0591961549426
41097.62 0.0671996642553
41191.52 0.0602396439538
41285.33 0.0597821536977
41379.24 0.0635346018661
41473.14 0.0735325630821
41566.95 0.0732190023448
41660.85 0.078066342924
41754.76 0.0783490616217
41848.57 0.0800145317677
41942.47 0.0776962384471
42036.28 0.0764728375374
42130.18 0.0750592440493
42224.09 0.0665674024407
42317.89 0.0743190350955
42411.8 0.0822145972692
42505.71 0.0821837552294
42599.52 0.0840702599936
42693.42 0.0813304587966
42787.23 0.0795570415115
42881.13 0.0771719237716
42975.04 0.0736919136208
43068.84 0.0750386826895
43162.75 0.0766527494359
43256.65 0.0794336733525
43350.46 0.0839623128545
43444.37 0.0867175350713
43538.17 0.082003843331
43632.08 0.0758508564027
43725.99 0.0724685127111
43819.79 0.0622032538173
43913.7 0.05950457534
44007.6 0.0588877345452
44101.41 0.057962473353
44195.31 0.0550016375378
44289.12 0.0533721497715
44383.03 0.0525651163983
44476.93 0.0516912586057
44570.74 0.05831715681
44664.64 0.062126148718
44758.55 0.0569806684212
44852.36 0.0581629466113
44946.26 0.0569189843417
45040.07 0.062958883791
45133.98 0.0697801149137
45227.88 0.0720315838147
45321.68 0.0780920446238
45415.59 0.0872983934865
45509.49 0.0943457995672
45603.31 0.0877610240826
45697.21 0.0771050993521
45791.02 0.0599158025365
45884.92 0.0482199870328
45978.83 0.0370268967769
46072.64 0.0307649346415
46166.54 0.0334039851753
46260.44 0.0314470577538
46354.25 0.0362414528315
46448.16 0.0489355223548
46541.96 0.0558857760104
46635.87 0.0581629466113
46729.77 0.0577260177149
46823.59 0.0538296400277
46917.49 0.0544876035422
47011.39 0.0539221661469
47105.2 0.0552637948756
47199.1 0.0576694739754
47292.91 0.0484271427331
47386.82 0.0398571679571
47480.72 0.0421785454816
47574.53 0.0379937947228
47668.43 0.0417411025513
47762.34 0.034388360277
47856.14 0.0197168019723
47950.05 0.0179382443473
48043.86 0.0293292376916
48137.77 0.0234862132627
48630.28 0.0582965954502
49116.59 0.0585073493884
49607.75 0.0587232436666
50103.83 0.0589391379448
50604.86 0.0591601725629
51110.91 0.059381207181
51622.02 0.0596022417992
52138.24 0.0598284167573
52659.63 0.0600545917154
53186.22 0.0602859070134
53718.09 0.0605172223115
54255.27 0.0607536779495
54797.82 0.0609901335875
55345.8 0.0612317295655
55899.26 0.0614733255435
56270.65 0.0616326760821
56571.24 0.0761798381599
56871.83 0.0801893033262
57172.41 0.0801173385668
57473.0 0.074267631696
57773.59 0.0713941816601
58074.18 0.0686029770636
58374.76 0.0702992892493
58675.35 0.0724171093115
58975.93 0.0737947204199
59276.52 0.0790327268359
59577.11 0.0910816836947
59877.69 0.0956308845564
60178.27 0.111571078763
60478.86 0.124658384293
60779.45 0.124185473017
61080.03 0.140978963655
61380.62 0.201891992144
61681.21 0.301763657164
61981.8 0.368598357283
62282.38 0.365503872629
62582.96 0.305464701933
62883.56 0.251933201623
63184.14 0.207006630401
63484.72 0.174493980174
63785.32 0.172797667988
64085.89 0.146612776248
64386.48 0.145003849842
64687.08 0.121820916636
64987.65 0.0929270657392
65288.24 0.102082011202
65588.83 0.104929759538
65889.42 0.148504421352
66190.01 0.112434655875
66490.59 0.108132191331
66791.18 0.108743891786
67091.77 0.107505069857
67392.34 0.113642635765
67692.94 0.124077525877
67993.52 0.107525631217
68294.1 0.0915545949707
68594.7 0.105844740051
68895.28 0.12014516581
69195.86 0.125069611489
69496.46 0.130081442947
69797.03 0.142407978163
70097.63 0.138634968635
70398.21 0.137432129085
70698.79 0.132687595305
70999.39 0.134101188793
71299.97 0.130847353601
71600.55 0.115601105289
71901.15 0.131150633658
72201.73 0.150791872633
72502.31 0.16068188671
72802.9 0.164346949099
73083.82 0.146057619533
73103.49 0.176462730377
73404.08 0.179382443473
73686.17 0.197435317401
73704.66 0.185401781562
74288.55 0.245245619339
74890.91 0.295482161737
75493.29 0.38560260186
76095.65 0.382261380888
76698.03 0.358903676124
77300.4 0.340074610862
77902.77 0.327686391567
78505.15 0.317976289388
79107.51 0.27611336078
79709.88 0.242685730041
80312.25 0.202796691976
80914.62 0.177912306245
81517.0 0.163565617426
82119.37 0.14762028288
82721.74 0.145363673639
83324.1 0.132723577685
83926.49 0.143276695616
84528.84 0.150704486854
85131.22 0.162917934591
85733.59 0.166773189559
86335.96 0.157957506533
86938.32 0.133124524201
87540.7 0.0998973667206
88143.06 0.0823019830484
88745.44 0.0735993875016
89347.81 0.0608256427089
89950.18 0.0546006910212
90552.56 0.0453902298866
91154.92 0.0430076823166
91757.29 0.0332569714526
92359.65 0.036532910107
92962.04 0.036293370265
93564.4 0.033198371577
94166.77 0.0332240732768
94769.15 0.0325979798701
95371.52 0.0315041155273
95973.89 0.0333587501837
96576.26 0.0362481352734
97178.59 0.0327552742728
97781.01 0.0312594353453
98383.34 0.0278611565999
98985.77 0.0279392897672
99588.1 0.0273250191424
100190.52 0.0281181735977
100792.86 0.0273599734541
101395.19 0.0253819706387
101997.61 0.0256662314383
102599.94 0.0256112298008
103202.37 0.0234235011152
103804.7 0.0266002312085
104407.03 0.0301989832122
105009.45 0.0354904491638
105611.79 0.0381048260658
106214.21 0.0385941864297
106816.54 0.0387761544642
107418.96 0.0383839465255
108021.3 0.0386543284072
108623.63 0.0404087264345
109226.05 0.0459196849022
109828.38 0.0573559132381
110430.81 0.0644393016985
111033.14 0.0773723970299
111635.56 0.125424294946
112237.89 0.177459956329
112840.22 0.170366287188
113442.65 0.136455464493
114044.98 0.109052312184
114647.4 0.0889433022726
115249.73 0.0843581190312
115852.16 0.0774289407694
116454.49 0.0642491091201
117056.82 0.0588466118255
117659.25 0.0590625061037
118261.58 0.0612471505854
118864.0 0.0703558329888
119466.33 0.0675389266925
120068.67 0.0703198506091
120671.09 0.067364155134
121273.42 0.0651486686126
121875.84 0.063318707588
122478.18 0.0688188713417
123080.6 0.0730853535059
123682.93 0.074498946994
124285.26 0.0746017537931
124887.69 0.0798294795292
125490.02 0.0852525381837
126092.44 0.0913232796726
126694.77 0.0952813414394
127297.1 0.108646225327
127899.53 0.14397578185
128501.86 0.13330957644
129104.29 0.07735697601
129706.61 0.0583377181698
130309.04 0.0545287262618
130911.37 0.052123047162
131513.71 0.0532899043322
132116.13 0.0524982919789
132718.45 0.050939740904
133320.88 0.04927067252
133923.22 0.0518197671046
134525.64 0.0524520289193
135127.96 0.0509546478898
135730.3 0.0462861911411
136332.73 0.0489910380263
136935.06 0.0480056348566
137537.47 0.0457829518593
138139.81 0.0451758777104
138742.24 0.0408939745264
139344.57 0.0425476218905
139946.89 0.0408682728266
140549.33 0.0389725154505
141067.65 0.0433304956659
141957.12 0.0467071849835
142846.69 0.0469554634034
143736.17 0.0414337102218
144625.64 0.0410307075692
145515.12 0.0399101134586
146404.7 0.0442084657305
147294.18 0.0371430684599
148183.65 0.0379835140428
149073.22 0.0385160532624
149962.7 0.0381104804398
150852.17 0.035344977543
151741.65 0.0356719031643
152631.23 0.035112634177
153520.71 0.0366927746797
154410.18 0.0378627160539
155299.75 0.0517272409854
156189.23 0.0512394227235
157078.7 0.0373409715482
157968.27 0.0376144376339
158857.76 0.0374987799849
159747.22 0.0369595583234
160636.71 0.0390670977057
161526.3 0.0381685662813
162415.75 0.0450067605258
163305.23 0.0474592167192
164194.71 0.0524520289193
165084.29 0.0528838174756
165973.77 0.0564357923858
166863.25 0.0475065078468
167752.83 0.0471867787015
168642.29 0.0489231855389
169531.78 0.0503275264151
170421.35 0.0585022090484
171310.82 0.0542357268843
172200.3 0.0483978427953
173089.77 0.0477645529127
173979.34 0.0380107578446
174868.82 0.0462476385914
175758.29 0.0435196601763
176647.86 0.0409217323621
177537.35 0.039866934603
178426.81 0.0406462101405
179316.39 0.0446536191708
180205.87 0.0386707774951
181095.35 0.0362013581798
181984.82 0.0373075593385
182874.39 0.0360769619529
183763.88 0.0369832038872
184653.34 0.0363123895229
185542.93 0.0376159797359
186432.41 0.0454143894844
187321.87 0.0605275029914
188211.35 0.0458739358765
189100.94 0.0370268967769
189990.41 0.0392007465446
190879.89 0.0401748409664
191769.46 0.0398170733054
192658.93 0.0424679466212
193548.41 0.0371009176723
194437.89 0.0416737640978
195327.47 0.0407130345599
196216.94 0.0257824031214
197106.42 0.0352426847779
197995.99 0.0407505590416
199404.56 0.0334702955608
201107.06 0.0445945052613
202810.54 0.0418696110502
204515.0 0.0380441700543
206220.32 0.0415622187208
207926.51 0.043195818759
209633.67 0.0404436807462
211341.73 0.0416095098484
213050.73 0.0454149035184
214760.71 0.0404945701117
216471.56 0.03998362032
218183.39 0.0431855380791
219896.09 0.0450442850075
221609.74 0.0439581311746
223324.37 0.0413237069468
225039.89 0.0440259836621
226756.37 0.0460312302792
228473.83 0.0464902626374
230192.15 0.0461885246819
231911.54 0.0450658744353
233631.71 0.0474751517731
235352.93 0.0376792059174
237075.14 0.0485397161781
238798.22 0.0478961456155
240522.26 0.0490969290295
242247.27 0.0512270859076
243973.16 0.0514599433076
245700.12 0.0508688042126
247427.95 0.0502889738654
249156.85 0.0521333278419
250886.6 0.0520562227426
252617.37 0.0528581157759
254349.07 0.0575872285361
256081.74 0.0537473945884
257815.39 0.0553871630346
259550.03 0.0574535796972
261285.62 0.0558035305711
263022.17 0.0559114777102
264759.69 0.0563072838869
266498.19 0.0553460403149
268237.77 0.0559680214497
269978.21 0.0565180378251
271719.61 0.0571502996398
273462.08 0.0579367716532
275205.54 0.0577877017944
276949.86 0.0587335243465
278695.23 0.0581526659314
280441.61 0.0596639258787
282189.05 0.0612420102454
283937.43 0.0612831329651
285686.71 0.0654930713897
287437.12 0.0619153947797
289188.44 0.0630308485504
290940.79 0.0619719385193
292694.13 0.0611443437862
294448.45 0.0634780581266
296203.83 0.0617509039011
297960.18 0.0644084596588
299717.5 0.0638584432834
301475.88 0.0664543149616
303235.36 0.0661356138843
304995.77 0.0650098794337
306757.18 0.0757274882437
308519.53 0.0682739953063
310283.07 0.0659454213059
312047.48 0.0677445402908
313813.02 0.0697287115141
315579.46 0.068906257121
317347.06 0.0706334113465
319115.66 0.0674001375137
320885.16 0.070689955086
322655.79 0.0722577587728
324427.48 0.0627686912126
326200.2 0.0760975927206
327973.95 0.0702478858497
329748.71 0.0805388464433
331524.46 0.0736559312411
333301.3 0.0863628516143
335079.3 0.0946696409845
336858.14 0.0819370189115
338638.17 0.0789607620765
