100.01 3.92517934748e-11
102.1 5.66054017923e-11
104.0 7.70656999137e-11
105.93 1.06135856036e-10
107.9 1.46171598718e-10
109.91 2.28490146414e-10
114.03 3.99814095687e-10
118.04 6.60477207091e-10
121.07 1.52357811769e-09
125.04 2.43703418158e-09
127.07 3.04692337919e-09
127.95 3.40299931861e-09
130.93 4.64373477183e-09
132.14 5.34404979384e-09
133.98 6.51415219968e-09
137.1 8.99213026312e-09
139.97 1.18539329632e-08
142.9 1.85722224317e-08
146.91 2.95028805612e-08
151.02 4.07246089409e-08
154.9 5.58292144584e-08
158.87 7.51388148573e-08
161.82 9.32957770653e-08
165.97 1.22988823523e-07
169.84 1.59537544608e-07
173.0 1.93136753824e-07
177.03 2.46517097244e-07
179.9 2.93670477777e-07
181.99 3.2951092792e-07
185.8 4.11030002662e-07
191.0 5.34404979384e-07
194.11 6.23530689998e-07
198.17 7.58335025211e-07
201.85 9.15939863357e-07
205.13 1.04921122859e-06
209.91 1.28785002439e-06
215.79 1.67827225334e-06
219.81 1.96724679775e-06
222.86 2.20728273075e-06
227.01 2.56956816884e-06
230.16 8.25785704526e-06
233.9 1.2074370166e-05
239.9 1.59906233591e-05
246.06 1.79830962452e-05
251.79 2.09822841034e-05
257.06 2.0411786413e-05
260.04 2.4203461539e-05
264.26 2.6968628916e-05
269.18 2.95028805612e-05
274.18 3.22001315464e-05
279.28 3.47421450649e-05
283.82 3.79186917289e-05
289.76 4.06314664608e-05
295.83 4.4551212497e-05
301.33 4.55893630561e-05
308.35 5.12691138718e-05
317.72 6.05154454868e-05
328.12 6.85276392409e-05
338.09 7.70656999137e-05
348.37 8.64692094637e-05
357.3 9.76928783118e-05
365.63 0.000111908749332
375.01 0.000124125937967
384.63 0.000139593411064
395.4 0.000166288433944
404.61 0.000194027428789
414.04 0.000224842065945
421.73 0.000252260883514
429.57 0.00028765502594
440.59 0.000353883210204
450.86 0.000423507214054
460.3 0.00049188931817
469.94 0.00059960471543
479.78 0.00072922800019
489.82 0.000874704911245
500.08 0.00108109312333
505.87 0.00444483676752
511.73 0.0162130010303
520.04 0.0167827225334
529.71 0.0178181564368
539.56 0.0174527662494
549.59 0.0224318139494
559.81 0.0272189493312
570.21 0.0306807448404
579.48 0.0304692337919
590.25 0.0360461397859
599.84 0.0373986462152
609.59 0.0433384197878
619.49 0.0502193205027
629.56 0.0541836973106
639.79 0.0573932319362
650.19 0.0635134690639
657.72 0.0671227401665
665.33 0.0722533384435
674.59 0.0768891172952
685.55 0.0781387789028
695.08 0.0928669335633
704.75 0.0920150679644
716.21 0.109110593993
726.17 0.115308449854
734.58 0.122140838861
744.8 0.133003580599
755.16 0.141535819867
765.66 0.150613330736
774.53 0.162130010303
785.3 0.175736574266
794.4 0.185295321283
805.45 0.194920044223
814.78 0.20458357653
824.21 0.221232794842
835.68 0.208386894466
845.35 0.241471879573
855.14 0.254026709699
865.04 0.270928188894
875.06 0.28765502594
885.19 0.306108879803
895.44 0.322738693432
905.81 0.33409043319
914.19 0.471921899005
924.78 2.67221894375
935.49 5.48104685827
944.14 10.51636814
955.08 13.4233837523
963.91 16.4765166302
975.07 5.51908003763
984.1 17.2133124569
995.49 16.7441072135
1004.7 19.3581121072
1014.0 18.2753307765
1025.74 8.78741085381
1035.23 16.1757440383
1044.81 22.4318139494
1054.48 22.1232794842
1064.24 19.9926452527
1074.08 21.8710186007
1084.02 19.8548720009
1094.05 22.5870514162
1104.17 21.7701142473
1114.39 21.820566424
1124.7 20.2235609845
1135.11 22.4318139494
1145.61 21.3238065303
1156.21 22.0223751308
1164.23 22.3289691277
1175.0 17.8592943655
1185.87 21.9214707774
1194.09 19.9926452527
1205.14 16.9379600002
1216.29 9.45939503812
1224.72 18.2753307765
1236.05 21.6711503622
1244.62 22.2765764827
1256.14 22.0728273075
1264.85 21.6206981855
1273.61 22.7966219964
1285.4 22.8490146414
1294.31 20.933772395
1306.28 21.2752948219
1315.34 22.7442293513
1324.46 22.1232794842
1333.64 21.3238065303
1345.98 22.226124306
1355.31 22.226124306
1364.7 21.4712821237
1374.16 21.4712821237
1383.69 21.5702460088
1396.49 19.2248019326
1406.17 19.7170987492
1415.92 20.9822841034
1425.73 20.7416660299
1435.61 21.0307958118
1442.24 21.2752948219
1445.57 21.1278192285
1455.59 20.933772395
1465.68 20.3632747046
1475.84 20.3632747046
1486.07 20.3167034646
1496.37 20.2235609845
1503.27 19.5832064341
1513.69 18.6151067819
1517.18 19.0486074078
1524.19 19.0924619922
1534.75 17.7362686731
1545.39 17.7772125549
1556.1 17.3726249071
1563.28 18.0244282208
1574.12 18.6151067819
1585.03 18.7008754823
1596.02 18.7872263232
1603.39 18.4018493119
1614.5 18.2753307765
1625.69 18.1913084976
1633.19 18.5722224317
1644.51 18.3595471022
1655.91 18.2753307765
1663.56 18.6579911321
1671.24 18.06614829
1675.09 18.7872263232
1686.7 18.7008754823
1694.49 18.2753307765
1706.23 17.9417642697
1714.11 17.4929339439
1725.99 17.3726249071
1733.95 17.7772125549
1745.97 17.4929339439
1754.03 17.7362686731
1766.19 17.2133124569
1774.34 17.1737269028
1786.64 17.2926776117
1794.89 17.4929339439
1803.17 17.5332956853
1815.67 16.8215319001
1824.05 17.016160874
1836.7 16.7827225334
1845.18 15.9537544608
1853.69 15.843923953
1866.54 16.0643611559
1875.16 16.4765166302
1883.81 15.5190895538
1896.87 14.9577120646
1905.63 15.6987769216
1914.42 15.1657302701
1923.26 14.854673196
1936.59 15.3060261307
1945.53 15.5906928354
1954.51 14.7524105148
1968.06 15.4121697486
1977.14 15.7711563905
1986.27 15.13080184
1995.44 14.854673196
2004.65 15.13080184
2013.9 15.0960674568
2023.19 15.376659178
2037.22 14.7524105148
2046.62 14.8205209533
2056.07 14.2187817227
2065.56 14.4498915014
2075.09 15.0613330736
2079.88 14.4498915014
2084.67 14.6509240208
2094.29 14.2187817227
2103.96 14.4830735099
2113.67 14.4830735099
2123.43 14.5835897696
2133.23 14.3503454758
2143.08 14.1209821186
2152.97 14.3173575141
2162.91 14.1861818547
2172.89 14.0883822506
2182.92 13.9593411064
2193.0 14.0559764294
2203.12 13.8951116045
2213.29 13.7361872479
2223.5 13.5475737257
2233.77 13.6102508529
2244.08 13.5165262324
2254.44 13.3310174596
2264.84 13.3616768593
2275.3 13.3310174596
2285.8 13.3310174596
2296.35 12.9371023876
2306.95 13.050813832
2317.6 12.8656931529
2322.94 11.650183788
2333.66 12.5639503269
2344.43 12.4143402182
2355.25 12.5232004918
2366.13 12.288791917
2377.05 12.282970512
2382.53 12.05574167
2393.52 12.1335544502
2404.57 11.9887955124
2415.67 11.9278648067
2426.82 11.9771527024
2432.42 11.7827177753
2443.64 11.804062927
2454.92 11.7710749653
2466.25 11.630391011
2477.64 11.5180378944
2483.35 11.5151271919
2494.81 10.9913947884
2506.33 11.4243132739
2512.11 11.0591171333
2517.9 11.2617020274
2523.7 11.1043300455
2535.35 11.0222482349
2547.05 10.890490435
2552.92 11.0137101742
2564.71 10.9069844158
2576.54 10.9516151875
2582.49 10.8984463552
2594.41 10.8177228724
2606.38 10.6882936345
2612.39 10.6118391821
2624.45 10.5817619229
2636.56 10.5516846637
2642.64 10.6710234663
2654.84 10.6163022593
2667.09 10.4168221145
2673.24 10.4379732193
2685.58 10.4082840538
2697.97 10.2126848457
2704.19 10.2334478568
2716.68 10.1106162113
2722.94 9.99205359601
2735.51 10.0557009574
2748.13 9.77607947035
2754.47 9.77336281468
2767.18 9.74542007066
2773.56 9.83274114572
2786.36 9.71456662414
2792.79 9.31754680285
2805.68 9.44173677628
2812.15 9.61443845807
2825.13 9.5207138375
2838.17 9.36314780872
2844.71 9.36043115305
2857.84 9.26903509449
2864.43 9.3305479407
2877.65 9.26088512748
2884.28 9.21547816845
2897.6 9.14659154257
2910.97 9.14115823123
2931.15 8.98689099862
2951.47 8.83495232801
2971.92 8.78644061964
2992.53 8.6777743929
3013.27 8.57027244715
3027.18 8.48644421509
3048.16 8.38127083135
3069.29 8.27745577544
3090.56 8.15598245769
3111.99 8.07351255346
3133.56 7.93651548903
3148.02 7.85870270881
3169.84 7.76090310474
3191.82 7.57675265977
3206.55 7.5717074421
3228.78 7.44305439151
3251.16 7.40133432231
3273.69 7.3427321786
3288.8 7.25366468204
3311.6 7.16323885764
3319.23 7.29383237657
3326.89 7.30799779541
3334.55 7.30547518658
3342.24 6.81550693206
3349.95 7.31711799659
3357.67 6.90535061596
3365.41 6.98296934935
3373.17 6.86886981126
3380.94 6.74099294801
3388.74 7.04001911839
3396.55 7.02119657554
3404.38 6.82753783573
3412.23 6.79357963988
3420.09 6.94939924715
3427.98 6.9148589108
3435.88 6.96026586983
3443.8 6.8308366319
3451.74 6.93930881181
3459.69 6.63970050093
3467.67 6.62204223909
3475.66 6.69636217631
3483.68 6.4516691193
3491.71 6.7844594387
3499.76 6.70431809648
3507.82 6.53413902352
3515.91 6.51667480851
3524.02 6.60477207091
3532.14 6.60244350891
3540.28 6.63038625293
3548.44 6.73555963667
3556.62 6.76408452119
3564.82 6.6841372258
3573.04 6.55955915871
3581.28 6.30535780686
3589.53 6.21648435713
3597.81 6.27159365784
3606.1 6.4151883146
3614.41 6.44235487129
3622.74 6.49940464033
3631.1 6.70975140782
3639.47 6.47941781648
3647.86 6.49183681383
3656.27 6.44468343329
3664.7 6.44216082446
3673.14 6.4099490501
3681.61 6.30496971319
3681.75 6.01583993132
3684.5 6.78872846904
3687.24 7.04603457022
3689.99 6.83432947491
3692.73 6.12178950239
3695.47 6.47844758232
3698.22 6.55742464354
3700.96 6.93659215615
3703.71 6.65056712361
3706.45 5.52160264646
3709.19 6.53899019436
3711.94 6.27663887551
3714.68 7.88722759333
3717.42 9.09090010136
3720.17 17.8294111531
3722.91 33.8126607326
3725.66 53.4909501151
3728.4 53.9877100088
3731.14 37.6625499087
3733.89 19.7403843692
3736.63 9.58785404188
3739.38 7.888779968
3742.12 6.42527874995
3744.86 6.34863025072
3747.61 6.67404679046
3750.35 6.00283879348
3753.1 6.47398450515
3755.84 6.10587766205
3758.58 6.16642027409
3761.33 6.732842981
3764.07 7.36815231379
3766.82 6.52695929068
3769.56 6.56984364088
3772.3 6.78484753237
3775.05 6.4487584168
3777.79 6.78601181337
3780.53 7.74208056189
3783.28 7.93185836503
3786.02 7.36368923662
3788.77 7.05884166123
3791.51 5.96364133311
3794.25 6.46467025714
3797.0 7.64641547299
3799.74 7.22009457985
3802.49 6.77378686286
3805.23 6.83044853824
3807.97 7.07106661174
3810.72 7.51077673639
3813.46 7.43859131434
3816.21 7.64389286415
3818.95 7.54143613608
3821.69 7.55695988276
3824.44 7.49505894288
3827.18 6.79008679687
3829.93 6.58536738756
3832.67 7.12210092895
3835.41 7.53910757408
3838.16 6.91621723863
3840.9 6.71479662549
3843.64 7.36601779862
3846.39 6.92766600181
3849.13 7.24396234037
3851.88 7.73004965822
3854.62 7.47293760386
3857.36 7.62895125798
3860.11 9.37149182256
3862.85 11.9724955784
3865.6 16.6381576424
3868.34 19.0596680773
3871.08 16.9944276287
3873.83 12.1283151857
3876.57 8.91625795123
3879.32 7.68173199668
3882.06 8.31451872063
3884.8 9.35208713921
3887.55 11.2694639008
3890.29 10.726132767
3893.04 8.56833197882
3895.78 7.5687967396
3898.52 7.28218956656
3901.27 7.41666402216
3904.01 7.26724796038
3906.75 7.50553747189
3909.5 7.99589382007
3912.24 7.50611961239
3914.99 7.65825232983
3917.73 7.67707487268
3920.47 7.75061862256
3923.22 7.19351016366
3925.96 7.13607230096
3928.71 7.33788100777
3931.45 6.88303523011
3934.19 6.90942559946
3936.94 6.81259622956
3939.68 7.27792053622
3942.43 7.4719673697
3945.17 7.37028682896
3947.91 7.18050902582
3950.66 6.92436720564
3953.4 7.78283039692
3956.15 7.44499485984
3958.89 7.06466306624
3961.63 8.12920399467
3964.38 10.3588021113
3967.12 12.2996585397
3969.86 11.9868550441
3972.61 10.437197032
3975.35 7.61012871513
3978.1 7.22494575069
3980.84 6.85412225192
3983.58 7.34583692794
3986.33 7.25288849471
3989.07 7.51873265656
3991.82 7.80980290677
3994.56 7.74305079606
3997.3 7.7537233719
4000.05 7.7085104597
4002.79 6.75069528968
4005.54 8.02597107926
4008.28 8.11309810749
4011.02 7.44111392317
4013.77 7.90178110584
4016.51 7.7954434411
4019.26 7.82532665345
4022.0 8.24660232892
4024.74 8.35798521133
4027.49 8.02558298559
4030.23 7.51368743889
4032.97 7.39531887047
4035.72 7.7508126694
4038.46 7.66426778167
4041.21 7.93962023837
4043.95 7.07417136108
4046.69 7.4830280392
4049.44 7.11395096194
4052.18 7.50029820738
4054.93 7.94117261303
4057.67 7.54007780825
4060.41 7.12559377195
4063.16 7.76827688441
4065.9 8.00093903774
4068.65 7.78787561459
4071.39 8.23728808091
4074.13 8.13036827567
4076.88 7.26084441488
4079.62 7.24279805937
4082.37 7.32255130792
4085.11 7.39919980714
4087.85 7.54415279175
4090.6 7.06000594223
4093.34 7.51446362623
4096.08 8.94963400659
4098.83 12.0310977221
4101.57 13.7297837024
4104.32 11.138676335
4107.06 8.85241654302
4109.8 8.00287950608
4112.55 7.3421500381
4115.29 7.03109296405
4118.04 6.73070846583
4120.78 7.60721801263
4123.52 7.48749111637
4126.27 6.96860988367
4129.01 6.65852304378
4131.76 7.19622681933
4134.5 7.31207277892
4137.24 7.04952741323
4139.99 7.25773966554
4142.73 6.77844398687
4145.48 7.04040721205
4148.22 7.12986280228
4150.96 7.45178649902
4153.71 7.20961605084
4156.45 7.34292622544
4159.19 7.29945973474
4161.94 7.436650846
4164.68 7.50573151872
4167.43 7.27171103755
4170.17 7.28548836273
4172.91 7.31071445108
4175.66 7.44809960918
4178.4 7.38134749846
4181.15 6.86712338976
4183.89 7.06718567507
4186.63 7.25793371238
4189.38 7.54803372842
4192.12 7.1971970535
4194.87 7.20437678634
4197.61 7.08814273309
4200.35 7.30722160808
4203.1 7.26297893005
4205.84 7.7537233719
4208.59 7.18225544732
4211.33 6.76583094269
4214.07 7.22319932918
4216.82 7.16013410831
4219.56 7.19098755483
4222.3 7.07552968891
4225.05 7.46750429253
4227.79 6.9195160348
4230.54 7.20166013067
4233.28 7.21698983051
4236.02 7.13743062879
4238.77 6.95230994966
4241.51 6.80910338655
4244.26 6.64804451477
4247.0 7.24046949736
4249.74 7.34855358361
4252.49 6.84558419125
4255.23 6.43556323212
4257.98 6.56732103205
4260.72 7.37824274913
4263.46 6.70412404965
4266.21 6.960071823
4268.95 6.74409769734
4271.7 6.64959688944
4274.44 6.7856237197
4277.18 7.00567282886
4279.93 6.97132653934
4282.67 7.01246446803
4285.41 7.09900935576
4288.16 6.77727970586
4290.9 6.6371778921
4293.65 6.79028084371
4296.39 6.52792952485
4299.13 6.48368684682
4301.88 6.70373595598
4304.62 6.62980411243
4307.37 6.51240577817
4310.11 6.32282202187
4312.85 6.24791994415
4315.6 6.50192724917
4318.34 6.34552550139
4321.09 6.84500205075
4323.83 6.84946512792
4326.57 6.4146061741
4329.32 6.56557461055
4332.06 7.36330114295
4334.81 10.3599663923
4337.55 15.6805365193
4340.29 18.8359320784
4343.04 16.6024530251
4345.78 11.1476024893
4348.52 7.55579560176
4351.27 6.78775823487
4354.01 7.12695209978
4356.76 6.93717429665
4359.5 8.11038145182
4362.24 8.9195567474
4364.99 8.74413840994
4367.73 7.66776062467
4370.48 7.45605552935
4373.22 6.80716291822
4375.96 6.82811997623
4378.71 6.55354370687
4381.45 6.45904289897
4384.2 6.43614537262
4386.94 6.84616633175
4389.68 6.53452711719
4392.43 6.85121154942
4395.17 6.65405996661
4397.92 6.4146061741
4400.66 6.57741146739
4403.4 6.78795228171
4406.15 6.73905247967
4408.89 6.74273936951
4411.63 6.84927108108
4414.38 6.53530330452
4417.12 6.77650351853
4419.87 6.61272799108
4422.61 6.57159006238
4425.35 6.42663707778
4428.1 6.49183681383
4430.84 6.83801636474
4433.59 6.72643943549
4436.33 6.71576685965
4439.07 6.72391682666
4441.82 6.80153556005
4444.56 6.93698024981
4447.31 6.76466666169
4450.05 6.74021676067
4452.79 6.65541829444
4455.54 6.44235487129
4458.28 6.71130378248
4461.03 6.59157688623
4463.77 6.47999995698
4466.51 7.15334246913
4469.26 7.50689579972
4472.0 7.50592556555
4474.74 7.11045811894
4477.49 6.8684817176
4480.23 6.59992090007
4482.98 6.62883387826
4485.72 6.727021576
4488.46 6.89390185278
4491.21 6.95599683949
4493.95 6.72003588999
4496.7 6.63252076809
4499.44 6.72022993682
4502.18 6.7380822455
4504.93 6.84053897358
4507.67 6.64338739077
4510.42 6.68200271063
4513.16 6.53996042853
4515.9 6.55994725238
4518.65 6.53297474252
4521.39 6.33815172172
4524.14 6.35115285956
4526.88 6.57760551422
4529.62 6.42547279678
4532.37 6.27993767167
4535.11 6.21512602929
4537.85 6.34630168872
4540.6 6.56538056371
4543.34 6.77611542486
4546.09 6.46311788247
4548.83 6.28983406018
4551.57 6.27780315651
4554.32 6.27275793884
4557.06 6.30555185369
4559.81 6.37579680741
4562.55 6.83103067874
4565.29 6.75923335035
4568.04 6.43071206128
4570.78 6.70101930031
4573.53 6.83374733441
4576.27 6.54714016137
4579.01 6.2626675035
4581.76 6.39539553759
4584.5 6.5027034365
4587.25 6.44060844979
4589.99 6.43012992078
4592.73 6.57411267122
4595.48 6.58284477873
4598.22 6.44681794846
4600.96 6.49319514166
4603.71 6.68491341313
4606.45 6.64280525027
4609.2 6.64261120343
4611.94 6.85955556326
4614.68 6.84228539508
4617.43 6.6406707351
4620.17 6.22929144814
4622.92 6.5954578229
4625.66 6.57760551422
4628.4 6.43245848278
4631.15 6.56751507888
4633.89 6.6360136111
4636.64 6.4122776121
4639.38 6.48912015816
4642.12 6.67928605496
4644.87 6.20600582812
4647.61 6.30458161953
4650.36 6.21997720013
4653.1 6.32806128638
4655.84 6.33038984838
4658.59 6.69131695864
4661.33 6.89875302362
4664.08 6.71052759515
4666.82 6.63174458076
4669.56 6.3594968734
4672.31 6.24171044548
4675.05 6.08860749387
4677.79 6.06163498402
4680.54 6.16661432093
4683.28 6.34009219005
4686.03 6.42100971961
4688.77 6.20678201546
4691.51 6.0424243475
4694.26 6.14779177808
4697.0 6.47068570898
4699.75 6.25820442633
4702.49 6.35328737473
4705.23 6.16312147792
4707.98 6.33504697238
4710.72 6.5015391555
4713.47 6.57236624972
4716.21 6.55548417521
4718.95 6.30671613469
4721.7 6.37055754291
4724.44 6.32864342688
4727.19 6.39772409959
4729.93 6.51104745034
4732.67 6.60710063291
4735.42 6.40490383243
4738.16 6.33330055088
4740.9 6.38608128958
4743.65 6.69092886497
4746.39 6.47359641148
4749.14 6.23860569614
4751.88 6.42721921828
4754.62 6.38064797825
4757.37 6.30496971319
4760.11 6.18116783344
4762.86 6.02476608566
4765.6 6.0424243475
4768.34 6.05232073601
4771.09 6.1276109074
4773.83 6.28828168551
4776.58 6.3166125232
4779.32 6.52560096285
4782.06 6.21609626346
4784.81 6.49009039233
4787.55 6.07327779403
4790.3 6.20852843696
4793.04 6.35697426456
4795.78 6.08957772804
4798.53 6.48814992399
4801.27 6.17767499043
4804.01 6.16137505642
4806.76 6.14565726291
4809.5 6.33951004955
4812.25 6.54519969303
4814.99 6.16331552476
4817.73 6.31059707136
4820.48 6.11363953539
4823.22 6.18388448911
4825.97 6.29352095002
4828.71 6.2290974013
4831.45 5.92599624742
4834.2 5.68207937775
4836.94 6.03446842733
4839.69 6.06784448269
4842.43 6.15846435392
4845.17 6.08433846353
4847.92 6.15943458809
4850.66 6.57508290539
4853.41 8.57589980532
4856.15 16.5487020522
4858.89 29.9550096832
4861.64 36.2246628727
4864.38 28.4530871921
4867.12 15.5150145703
4869.87 8.50526675794
4872.61 5.89533684773
4875.36 5.69411028142
4878.1 6.02884106916
4880.84 5.94986400794
4883.59 6.06415759285
4886.33 6.01797444649
4889.08 5.86525958854
4891.82 6.13362635924
4894.56 5.97120915962
4897.31 6.04261839434
4900.05 6.15303104258
4902.8 5.9861507658
4905.54 6.07424802819
4908.28 6.37405038591
4911.03 5.95161042944
4913.77 6.04669337784
4916.52 6.20251298512
4919.26 6.2273509798
4922.0 6.038349364
4924.75 6.10878836455
4927.49 5.71739590144
4930.23 5.87981310105
4932.98 6.27042937683
4935.72 5.574577432
4938.47 5.93395216759
4941.21 6.21046890529
4943.95 6.28750549818
4946.7 6.29934235502
4949.44 8.01879134642
4952.19 15.1199352174
4954.93 34.9206681517
4957.67 58.0103008666
4960.42 58.9359042623
4963.16 37.4374555819
4965.91 16.1507119968
4968.65 8.52816428429
4971.39 6.94532426365
4974.14 6.09578722671
4976.88 6.13789538957
4979.63 5.88776902123
4982.37 6.4980463125
4985.11 6.38938008575
4987.86 6.38821580475
4990.6 6.56654484471
4993.34 6.70742284581
4996.09 9.28261837283
4998.83 19.4473736506
5001.58 58.9533684773
5004.32 137.031992862
5007.06 177.098783037
5009.81 135.479618194
5012.55 61.0917645822
5015.3 23.3380126618
5018.04 11.581491209
5020.78 8.26523082493
5023.53 6.90069349195
5026.27 6.65852304378
5029.02 6.24578542898
5031.76 6.34843620389
5034.5 5.94947591427
5037.25 5.63609027821
5039.99 5.92133912342
5042.74 5.59359402168
5045.48 6.07094923202
5048.22 6.13964181107
5050.97 5.82062881684
5053.71 5.82625617502
5056.45 5.86060246454
5059.2 6.1357608744
5061.94 5.95393899144
5064.69 5.87166313405
5067.43 5.58156311801
5070.17 5.37179849102
5072.92 5.72224707227
5075.66 5.58136907117
5078.41 5.7531005188
5081.15 5.82586808135
5083.89 5.76998259331
5086.64 5.57535361934
5089.38 5.60969990886
5092.13 5.80782172584
5094.87 5.44864103708
5097.61 5.63007482637
5100.36 5.59398211535
5103.1 5.51403481996
5105.85 5.50142177578
5108.59 5.50180986945
5111.33 5.5200502718
5114.08 5.79016346399
5116.82 5.61474512653
5119.56 5.59029522551
5122.31 5.62405937454
5125.05 5.4800766241
5127.8 5.33240698383
5130.54 5.1954099194
5133.28 5.49851107328
5136.03 5.19696229406
5138.77 5.52664786413
5141.52 4.99884047709
5144.26 5.54799301582
5147.0 5.61164037719
5149.75 5.52024431863
5152.49 5.63492599721
5155.24 5.52160264646
5157.98 5.74572673912
5160.72 5.26837152878
5163.47 5.1954099194
5166.21 5.35103547984
5168.96 5.17872189172
5171.7 5.36442471135
5174.44 5.38576986303
5177.19 5.38363534786
5179.93 5.67684011324
5182.67 5.32949628133
5185.42 5.25692276561
5188.16 5.2893285868
5190.91 5.30834517648
5193.65 5.26487868578
5196.39 5.17096001838
5199.14 5.52393120847
5201.88 5.49812297961
5204.63 5.32154036115
5207.37 5.22432289758
5210.11 5.24256329993
5212.86 5.36617113285
5215.6 5.60096780135
5218.35 5.4290423069
5221.09 5.65141997806
5223.83 5.39353173637
5226.58 5.12904590235
5229.32 5.19172302956
5232.07 5.48822659111
5234.81 5.45116364591
5237.55 5.61144633036
5240.3 5.42554946389
5243.04 5.43855060174
5245.78 5.48842063794
5248.53 5.24217520626
5251.27 5.31649514348
5254.02 5.22859192792
5256.76 5.61493917336
5259.5 5.4777480621
5262.25 5.26875962245
5264.99 5.34016885717
5267.74 5.30524042714
5270.48 5.20879915091
5273.22 5.20258965223
5275.97 5.05006884112
5278.71 5.08849011415
5281.46 5.2029777459
5284.2 5.51403481996
5286.94 5.51306458579
5289.69 5.54993348415
5292.43 5.41875782472
5295.18 5.60057970769
5297.92 5.1548541312
5300.66 5.50219796312
5303.41 5.51151221112
5306.15 5.30524042714
5308.89 5.798313431
5311.64 5.84566085836
5314.38 5.21908363308
5317.13 5.53964900198
5319.87 5.2423692531
5322.61 5.18978256123
5325.36 5.53576806531
5328.1 5.41507093489
5330.85 5.13758396302
5333.59 5.20161941807
5336.33 5.23014430259
5339.08 5.41642926272
5341.82 5.52024431863
5344.57 5.33337721799
5347.31 5.23130858359
5350.05 5.55575488915
5352.8 5.36034972785
5355.54 5.44670056874
5358.29 5.68634840808
5361.03 5.41604116905
5363.77 5.84954179503
5366.52 5.64482238572
5369.26 5.36112591518
5372.0 5.26138584278
5374.75 5.41313046655
5377.49 5.37393300619
5380.24 5.39683053254
5382.98 5.37296277202
5385.72 5.1989027624
5388.47 5.29262738297
5391.21 5.35879735318
5393.96 5.43001254106
5396.7 5.16533266021
5399.44 5.33201889016
5402.19 5.43855060174
5404.93 5.1606755362
5407.68 4.89017425034
5410.42 5.19308135739
5413.16 5.22451694442
5415.91 4.75686407575
5418.65 5.36597708602
5421.4 5.31028564481
5424.14 5.24974303277
5426.88 4.90065277935
5429.63 5.14127085286
5432.37 5.39624839204
5435.11 5.15058510086
5437.86 4.86941123916
5440.6 5.26759534145
5443.35 5.36170805568
5446.09 4.96449418756
5448.83 4.90278729452
5451.58 5.29262738297
5454.32 4.86824695816
5457.07 5.04017245262
5459.81 5.24663828343
5462.55 5.34987119884
5465.3 5.12070188851
5468.04 5.52393120847
5470.79 5.30388209931
5473.53 5.33958671667
5476.27 4.77083544776
5479.02 4.96100134456
5481.76 5.40517454638
5484.51 5.06132355747
5487.25 5.5223788338
5489.99 5.4864801696
5492.74 5.14573393003
5495.48 5.19676824723
5498.22 4.85776842915
5500.97 4.92219197787
5503.71 5.32348082949
5506.46 5.27186437178
5509.2 5.1108055
5511.94 4.89580160851
5514.69 5.16882550321
5517.43 4.95595612689
5520.18 5.02911178311
5522.92 5.2053063079
5525.66 5.12458282518
5528.41 5.05278549679
5531.15 4.90705632486
5533.9 5.0673390093
5536.64 4.76249143392
5539.38 5.12128402901
5542.13 5.26546082628
5544.87 4.89133853134
5547.62 5.34230337233
5550.36 5.05084502846
5553.1 5.29728450697
5555.85 5.09722222166
5558.59 5.20220155857
5561.33 5.17193025255
5564.08 4.9658525154
5566.82 4.81682454729
5569.57 4.97710723174
5572.31 4.97555485707
5575.05 4.93364074104
5577.8 4.85155893048
5580.54 4.91986341586
5583.29 4.87620287833
5586.03 5.19870871556
5588.77 4.88920401618
5591.52 5.03299271978
5594.26 4.88959210984
5597.01 5.10246148616
5599.75 5.13777800985
5602.49 5.09799840899
5605.24 4.95323947122
5607.98 5.02988797044
5610.73 4.90492180969
5613.47 4.84942441531
5616.21 4.89289090601
5618.96 4.93732763088
5621.7 5.0673390093
5624.44 5.13118041752
5627.19 5.44165535107
5629.93 5.16766122221
5632.68 4.88920401618
5635.42 4.82516856113
5638.16 5.03260462611
5640.91 4.94314903588
5643.65 5.00097499226
5646.4 5.04909860696
5649.14 5.13874824402
5651.88 5.26934176295
5654.63 4.90181706035
5657.37 5.04579981079
5660.12 4.90317538819
5662.86 4.86242555316
5665.6 4.93985023971
5668.35 4.93189431954
5671.09 4.72368206722
5673.84 5.04133673362
5676.58 5.10284957983
5679.32 5.37820203653
5682.07 5.43680418024
5684.81 5.07296636747
5687.55 5.06772710297
5690.3 5.0620997448
5693.04 5.16669098804
5695.79 4.97904770007
5698.53 4.73027965956
5701.27 4.80440554995
5704.02 4.73260822156
5706.76 4.74716173407
5709.51 4.8725159885
5712.25 4.72465230139
5714.99 4.8736802695
5717.74 4.95498589272
5720.48 5.03784389062
5723.23 4.94741806622
5725.97 4.74134032907
5728.71 4.99961666442
5731.46 4.74172842274
5734.2 4.88086000234
5736.95 5.08635559898
5739.69 4.73726534557
5742.43 5.25207159477
5745.18 5.06481640047
5747.92 5.34133313817
5750.66 5.13506135419
5753.41 4.77879136793
5756.15 5.01300589593
5758.9 4.94411927005
5761.64 4.79567344244
5764.38 4.7815080236
5767.13 4.87096361383
5769.87 5.21190390024
5772.62 5.10692456333
5775.36 4.93907405238
5778.1 4.68254413853
5780.85 4.56533985111
5783.59 5.02872368944
5786.34 4.86708267716
5789.08 4.48306399372
5791.82 4.71397972555
5794.57 4.93810381821
5797.31 4.97070368623
5800.06 4.79004608427
5802.8 4.90278729452
5805.54 4.8319602003
5808.29 4.81371979796
5811.03 4.89366709335
5813.77 4.99495954042
5816.52 5.108476938
5819.26 4.84728990015
5822.01 4.52264954775
5824.75 4.56805650678
5827.49 4.74619149991
5830.24 5.04405338929
5832.98 4.91345987036
5835.73 4.78519491343
5838.47 4.86184341266
5841.21 4.7809258831
5843.96 4.61598607465
5846.7 4.51042459724
5849.45 4.90356348185
5852.19 4.81080909545
5854.93 4.92975980437
5857.68 4.84884227481
5860.42 4.52769476542
5863.17 4.8829945175
5865.91 5.04347124879
5868.65 5.49424204294
5871.4 6.50677842
5874.14 8.21303222673
5876.88 8.01568659709
5879.63 6.65056712361
5882.37 5.41662330955
5885.12 5.07083185231
5887.86 4.64373477183
5890.6 4.34761930395
5893.35 4.3223932156
5896.09 4.55893630561
5898.84 4.52284359458
5901.58 4.65595972234
5904.32 4.60705992031
5907.07 4.71960708372
5909.81 4.70039644721
5912.56 4.35576927096
5915.3 4.66061684635
5918.04 4.59289450146
5920.79 4.71708447489
5923.53 4.81042100179
5926.28 4.76404380859
5929.02 4.62782293149
5931.76 4.4527926877
5934.51 4.79004608427
5937.25 4.63286814916
5940.0 4.95517993956
5942.74 4.53041142109
5945.48 4.51178292507
5948.23 4.81779478146
5950.97 4.67148346902
5953.71 4.81333170429
5956.46 4.53099356159
5959.2 4.67342393735
5961.95 4.62200152648
5964.69 4.62821102516
5967.43 4.35169428746
5970.18 4.57329577128
5972.92 4.66915490702
5975.67 4.25078993405
5978.41 4.57193744345
5981.15 4.52497810975
5983.9 4.84437919764
5986.64 4.79606153611
5989.39 4.68254413853
5992.13 4.42853683351
5994.87 4.32705033961
5997.62 4.98331673041
6000.36 4.64198835033
6003.11 4.43959750302
6005.85 4.4516284067
6008.59 4.638883601
6011.34 4.82827331047
6014.08 4.69030601187
6016.82 4.43571656635
6019.57 4.43746298785
6022.31 4.43629870685
6025.06 4.71844280272
6027.8 4.64082406933
6030.54 4.57717670795
6033.29 4.41243094633
6036.03 4.77820922743
6038.78 4.42484994368
6041.52 4.63849550733
6044.26 4.47724258871
6047.01 4.51954479841
6049.75 4.48034733805
6052.5 4.2302209697
6055.24 4.7768508996
6057.98 4.68079771703
6060.73 4.3165718106
6063.47 4.4632712167
6066.22 4.47782472921
6068.96 4.65479544134
6071.7 4.53312807675
6074.45 4.5472934956
6077.19 4.5954171103
6079.93 4.4574498117
6082.68 4.49451275689
6085.42 4.67264775002
6088.17 4.58823737746
6090.91 4.70932260155
6093.65 4.43785108152
6096.4 4.58610286229
6099.14 4.49878178723
6101.89 4.4145654615
6104.63 4.35984425446
6107.37 4.32375154344
6110.12 4.42058091334
6112.86 4.3119146866
6115.61 4.30725756259
6118.35 4.48054138488
6121.09 4.64315263133
6123.84 4.61520988731
6126.58 4.60143256214
6129.33 4.67943938919
6132.07 4.67361798419
6134.81 4.47142118371
6137.56 4.42174519434
6140.3 4.41204285267
6143.04 4.5930885483
6145.79 4.59580520397
6148.53 4.22983287604
6151.28 4.38041321881
6154.02 4.5102305504
6156.76 4.14619869081
6159.51 4.11088216712
6162.25 4.2742696009
6165.0 4.2302209697
6167.74 4.39108579465
6170.48 4.48849730506
6173.23 4.29037548808
6175.97 4.36780017464
6178.72 4.58746119013
6181.46 4.3705168303
6184.2 4.31443729543
6186.95 4.32782652694
6189.69 4.24302806071
6192.44 4.22769836087
6195.18 4.28086719324
6197.92 4.25564110489
6200.67 4.33791696228
6203.41 4.48539255572
6206.15 4.71941303689
6208.9 4.70990474205
6211.64 4.24632685688
6214.39 4.17996283983
6217.13 4.07537159659
6219.87 4.40078813633
6222.62 4.26010418206
6225.36 4.07964062693
6228.11 3.92731386265
6230.85 4.07440136242
6233.59 4.39807148066
6236.34 4.21857815969
6239.08 4.06489306758
6241.83 4.56669817894
6244.57 4.43261181702
6247.31 4.30861589043
6250.06 4.29619689308
6252.8 4.28901716025
6255.55 4.05790738158
6258.29 4.46618191921
6261.03 4.30376471959
6263.78 4.37847275048
6266.52 4.40447502616
6269.26 4.19897942951
6272.01 4.20130799152
6274.75 4.11476310379
6277.5 4.06916209792
6280.24 4.1386308643
6282.98 4.35421689629
6285.73 5.09916268999
6288.47 3.95409232567
6291.22 3.9977528632
6293.96 4.06431092708
6296.7 5.34890096467
6299.45 5.85866199621
6302.19 5.62483556187
6304.94 5.02911178311
6307.68 4.75822240358
6310.42 4.9177289007
6313.17 4.71339758505
6315.91 4.60162660897
6318.66 4.41553569567
6321.4 4.35402284946
6324.14 3.99872309737
6326.89 4.53603877926
6329.63 4.29406237792
6332.37 4.18966518151
6335.12 4.33811100911
6337.86 4.53642687292
6340.61 4.43591061318
6343.35 4.33170746361
6346.09 4.32899080794
6348.84 4.31210873343
6351.58 4.21411508252
6354.33 4.14697487814
6357.07 4.34393241412
6359.81 4.21450317619
6362.56 4.29076358175
6365.3 4.32103488777
6368.05 4.28125528691
6370.79 4.60453731147
6373.53 4.23623642154
6376.28 4.26864224273
6379.02 4.31152659293
6381.77 4.20111394468
6384.51 4.37963703148
6387.25 4.40602740083
6390.0 4.29115167541
6392.74 4.04374196274
6395.48 4.66255731468
6398.23 4.24923755938
6400.97 4.31637776376
6403.72 4.17821641833
6406.46 4.11767380629
6409.2 4.18985922834
6411.95 4.28319575524
6414.69 4.4145654615
6417.44 4.30201829809
6420.18 4.34878358495
6422.92 4.31443729543
6425.67 4.19917347635
6428.41 4.30861589043
6431.16 4.30551114109
6433.9 4.31346706126
6436.64 4.35576927096
6439.39 4.38662271748
6442.13 4.40893810333
6444.88 4.28047909957
6447.62 4.40602740083
6450.36 4.07847634593
6453.11 4.30706351576
6455.85 3.97000416602
6458.59 4.08158109526
6461.34 3.80972148157
6464.08 4.11456905695
6466.83 4.21236866102
6469.57 4.2777624439
6472.31 4.19742705485
6475.06 4.18811280684
6477.8 4.02957654389
6480.55 4.22304123686
6483.29 4.56786245995
6486.03 4.70835236738
6488.78 4.0899251091
6491.52 4.00105165937
6494.27 4.14328798831
6497.01 4.04160744757
6499.75 4.07692397126
6502.5 4.49373656956
6505.24 4.35712759879
6507.99 4.14212370731
6510.73 4.43067134868
6513.47 3.94244951566
6516.22 3.97776603936
6518.96 4.85854461649
6521.7 3.89937111863
6524.45 3.97000416602
6527.19 4.2197424407
6529.94 4.46967476221
6532.68 4.15182604898
6535.42 4.42465589684
6538.17 4.33714077495
6540.91 4.24690899738
6543.66 4.62452413532
6546.4 5.62347723404
6549.14 5.6714068019
6551.89 6.79823676388
6554.63 12.5577408282
6557.38 36.6341016913
6560.12 84.1522902721
6562.86 106.102868074
6565.61 78.2028143578
6568.35 33.397400509
6571.1 12.3945474412
6573.84 6.2731460325
6576.58 5.42826611956
6579.33 6.57391862439
6582.07 7.53677901208
6584.81 7.13917705029
6587.56 5.80685149167
6590.3 4.83467685597
6593.05 4.3629490038
6595.79 4.40952024383
6598.53 4.35926211396
6601.28 4.49121396072
6604.02 3.98436363169
6606.77 4.11359882279
6609.51 4.13843681747
6612.25 3.91353653748
6615.0 4.20130799152
6617.74 4.09089534327
6620.49 4.11359882279
6623.23 4.21508531669
6625.97 4.04393600957
6628.72 4.19335207134
6631.46 4.15027367431
6634.21 3.84115706859
6636.95 4.17239501333
6639.69 4.27349341357
6642.44 3.82369285358
6645.18 3.73326702918
6647.92 4.24613281005
6650.67 4.31812418527
6653.41 4.39380245032
6656.16 4.23468404687
6658.9 4.08429775093
6661.64 4.28571836408
6664.39 4.08604417243
6667.13 4.20538297502
6669.88 4.0348158084
6672.62 4.5455470741
6675.36 5.22859192792
6678.11 5.26002751494
6680.85 4.84127444831
6683.6 4.41359522733
6686.34 4.25544705805
6689.08 4.10913574562
6691.83 4.24419234171
6694.57 4.17957474617
6697.32 4.43688084735
6700.06 4.12252497713
6702.8 4.08623821927
6705.55 4.03248724639
6708.29 5.07219018014
6711.03 6.48252256582
6713.78 9.75706288067
6716.52 11.8279306875
6719.27 9.5242066805
6722.01 6.44410129279
6724.75 5.50142177578
6727.5 7.51756837556
6730.24 9.45512600779
6732.99 8.87220932004
6735.73 6.15303104258
6738.47 4.73260822156
6741.22 4.11359882279
6743.96 4.41961067917
6746.71 4.00551473654
6749.45 4.22478765837
6752.19 3.90771513247
6754.94 4.10234410644
6757.68 4.02996463756
6760.43 3.85726295577
6763.17 3.94652449917
6765.91 4.28630050458
6768.66 4.02530751356
6771.4 4.19451635234
6774.14 4.09749293561
6776.89 4.39011556048
6779.63 4.19936752318
6782.38 3.89180329213
6785.12 3.93740429799
6787.86 4.0905072496
6790.61 3.88928068329
6793.35 3.94943520167
6796.1 3.96709346351
6798.84 4.00473854921
6801.58 4.24923755938
6804.33 3.73734201268
6807.07 3.64419953262
6809.82 4.05208597658
6812.56 3.85997961144
6823.98 4.02860630973
6839.71 4.00997781371
6855.48 3.98222911653
6871.28 3.90926750714
6887.12 3.93624001699
6903.0 3.91799961465
6918.91 3.91780556781
6934.86 3.88171285679
6950.85 3.93565787649
6966.87 3.87259265561
6982.93 3.86347245444
6999.03 3.84562014576
7015.16 3.83649994459
7031.34 3.8011834209
7047.54 3.86289031394
7063.79 3.87162242145
7080.08 3.85357606593
7096.4 3.81825954224
7112.75 3.80913934107
7129.15 3.77421091104
7145.59 3.80894529423
7162.06 3.76509070987
7178.57 3.62886983277
7195.12 3.51360601369
7211.7 3.5704617359
7228.33 3.66185779446
7244.99 3.63663170611
7261.69 3.63643765928
7278.43 3.61955558476
7295.21 3.56153558156
7312.03 3.6191674911
7328.88 3.66942562097
7345.78 3.71172783066
7362.71 3.61043538359
7379.68 3.66049946663
7396.69 3.58520929524
7413.75 3.61819725693
7430.84 3.54387731971
7447.97 3.57647718773
7465.14 3.6261531771
7482.35 3.60112113558
7499.59 3.57608909407
7516.88 3.55125109938
7534.21 3.5757010004
7551.58 3.57550695357
7568.99 3.5345630717
7586.44 3.53436902487
7603.92 3.50991912385
7621.45 3.46160146232
7639.02 3.4295837348
7656.63 3.43734560813
7674.28 3.24504519616
7691.98 3.40552192744
7709.71 3.25959870867
7727.48 3.36632446708
7745.29 3.38165416693
7763.15 3.35060667357
7781.04 3.05565548669
7798.98 3.31179730688
7816.96 3.31936513338
7834.98 3.34983048624
7853.04 3.35739831274
7871.14 3.3496364394
7889.29 3.32635081939
7907.47 3.28812359319
7925.7 3.22059529515
7943.97 3.23534285449
7962.29 3.21283342181
7980.64 3.22758098115
7999.04 3.22738693432
8017.48 3.1976977688
8035.96 3.1536491376
8054.49 3.15345509076
8073.05 3.19711562829
8091.66 3.13152779858
8110.32 3.14569321742
8129.01 3.13113970491
8147.75 3.08088157504
8166.54 3.08786726105
8185.36 2.99666524932
8204.23 2.96911059896
8223.14 3.0591483297
8242.1 2.94155594861
8261.1 3.10145053939
8280.14 3.05177455002
8299.23 3.01665207317
8318.36 3.01645802633
8337.54 2.98870932915
8356.76 3.02305561867
8376.02 3.05099836269
8395.33 2.94039166761
8414.69 3.03663889701
8434.08 3.00869615299
8453.52 2.95358685229
8473.01 2.91962865643
8492.55 3.07816491938
8512.12 2.77506376549
8531.74 3.05681976769
8551.41 2.26588487446
8571.12 3.04246030202
8590.88 3.00054618599
8610.69 2.81950049036
8630.54 2.9658118028
8650.43 2.97260344197
8670.37 2.28606574514
8690.36 2.81251480435
8710.39 2.89770136425
8730.47 2.95824397629
8750.6 2.83153139403
8770.77 2.85753366972
8790.99 2.89711922375
8811.26 2.8771323999
8831.57 2.81135052335
8851.93 2.81775406886
8872.33 2.43722822842
8892.79 2.79155774634
8913.29 2.83677065854
8933.83 2.80417079051
8954.43 2.71510329395
8975.07 2.6469928554
8995.76 2.56297057651
9016.5 2.52183264781
9037.28 2.72073065212
9058.11 2.90177634775
9079.0 2.58024074469
9099.93 2.66465111725
9120.9 2.76439118965
9141.93 2.62778221889
9163.0 2.44091511825
9184.12 2.38522367705
9205.3 2.58528596236
9226.52 2.52047431998
9247.79 2.51445886814
9269.1 2.60876562921
9290.47 2.55520870317
9311.89 2.68153319176
9333.35 2.67532369309
9354.87 2.66290469574
9376.44 2.63826074789
9398.05 2.64427619973
9419.71 2.61381084688
9441.43 2.60760134821
9463.2 2.60139184953
9485.01 2.5953763977
9506.88 2.56549318534
9528.79 2.51853385164
9550.76 2.35572855836
9572.78 2.5066969948
9594.84 2.53560997299
9616.96 2.52377311614
9639.13 2.51775766431
9661.35 2.49466609112
9683.62 2.49447204429
9705.94 2.48282923428
9728.32 2.47138047111
9750.74 2.4597376611
9773.22 2.45391625609
9795.75 2.43703418158
9818.33 2.44246749292
9840.97 2.43664608792
9863.65 2.41413665523
9886.39 2.40288193889
9909.18 2.39725458072
9932.02 2.39162722255
9954.92 2.38056655304
9977.87 2.36950588353
10000.87 2.35844521403
10023.92 2.29402166531
10070.2 2.24667423795
10116.68 2.29343952481
10163.37 2.26685510863
10233.82 2.25618253279
10281.06 2.24027069244
10304.76 2.22474694576
10496.33 2.14324727571
10691.48 2.05515001331
10890.25 1.94920044223
11092.71 1.92692386575
11298.94 1.85722224317
11509.0 1.806614829
11696.01 1.74527662494
11913.46 1.68215319001
12107.04 1.6287903108
12303.76 1.5843923953
12503.68 1.5376659178
12706.85 1.49231717282
12913.32 1.44830735099
13092.96 1.40883822506
13305.7 1.36729279801
13490.8 1.33925303058
13710.01 1.29976449997
13900.74 1.26726165536
14094.12 1.23840689122
14290.19 1.20466214688
14488.99 1.18267664065
14690.55 1.15574294016
14894.9 1.12944959423
15102.11 1.10373838879
15312.2 1.08608012695
15489.51 1.07860932386
15705.0 1.04199268638
15886.86 1.00892710596
16107.87 0.997381319366
16294.37 0.985971365558
16483.06 0.945939503812
16712.36 0.922285194812
16905.88 0.886871647703
17101.65 0.866690777022
17299.66 0.825785704526
17499.99 0.810708265565
17702.63 0.78499706013
17907.62 0.761847272897
18114.97 0.72922800019
18282.59 0.712636995928
18494.3 0.690030539829
18708.44 0.65896364179
18881.55 0.646932738114
19100.2 0.630749232203
19321.37 0.610743003672
19500.14 0.584604895203
19680.58 0.573932319362
19908.48 0.557011435483
20092.67 0.544340177257
20278.6 0.525847514027
20513.42 0.513874824402
20703.21 0.49757489039
20894.78 0.484011016731
21088.11 0.470835236738
21283.24 0.457989336362
21480.18 0.446540573187
21678.92 0.428416598941
21879.52 0.422536979887
22081.96 0.410079173178
22286.29 0.39890207557
22492.51 0.388928068329
22700.62 0.379186917289
22910.67 0.356347604989
23122.65 0.352253216803
23282.94 0.326483797318
23498.38 0.31612169641
23715.8 0.315403723126
23880.2 0.296387133446
24101.15 0.290973226792
24324.16 0.288974544407
24492.76 0.275973406565
24719.4 0.275333052014
24890.73 0.262331914172
25121.05 0.259925733437
25295.17 0.2557731312
25529.24 0.250533866696
25706.18 0.246517097244
25884.38 0.239803076805
26123.9 0.235980354186
26304.97 0.230081330448
26487.29 0.227966219964
26670.91 0.221756721293
26917.7 0.219214707774
27104.28 0.215217343004
27292.14 0.210793075201
27481.34 0.206000118415
27671.82 0.202235609845
27927.87 0.19901443241
28121.44 0.194920044223
28316.39 0.191365106234
28512.66 0.187439538793
28710.31 0.182332226136
28909.31 0.180244282208
29109.72 0.17654769003
29311.48 0.172926776117
29514.68 0.169379600002
29719.24 0.166288433944
29925.27 0.16287903108
30132.68 0.159906233591
30271.76 0.155547941712
30481.61 0.153413426543
30692.89 0.150960674568
30905.66 0.148205209533
31119.87 0.145500196674
31335.6 0.143173575141
31480.23 0.140559764294
31698.42 0.138632879238
31918.16 0.13704557614
32065.48 0.136414923931
32287.77 0.13704557614
32511.56 0.141535819867
32736.91 0.157711563905
32888.03 0.20458357653
33115.99 0.202235609845
33268.83 0.150613330736
33499.46 0.13027528212
33731.65 0.121021188632
33887.38 0.115842078646
34122.25 0.112166831621
34279.74 0.109360914408
34517.38 0.106626794525
34676.69 0.104439886712
34917.08 0.10229760967
35078.24 0.100430879132
35321.37 0.0983701017606
35484.44 0.096575168551
35730.39 0.0948112828347
35895.34 0.0932957770653
36061.01 0.0915939863357
36310.95 0.090128932743
36478.59 0.08827966642
36731.42 0.0868689459407
36900.96 0.0850875960094
37071.31 0.0839194340719
37328.26 0.0823884045558
37500.55 0.0805119716761
37673.67 0.0799589382007
37934.79 0.0786801695681
38109.88 0.0772442230004
38285.82 0.0761847272897
38462.52 0.0751388148573
38729.16 0.0739376649581
38907.91 0.0727559197422
39087.49 0.0714266989329
39267.89 0.070609761764
39540.11 0.0694804091932
39722.6 0.0685276392409
39905.98 0.067276037165
40090.17 0.066354314706
40275.2 0.0652928785269
40461.09 0.0641014309693
40741.58 0.063659004189
40929.62 0.0627857934384
41118.53 0.0619242254978
41308.35 0.0610743003672
41499.01 0.0602379585149
41690.55 0.0591377129691
41883.02 0.0585963223037
42076.32 0.0577910279448
42270.53 0.0571293282427
42465.67 0.0563453790354
42661.67 0.0555730726382
42858.57 0.0539333768954
43056.43 0.0523441333292
43255.16 0.0523441333292
43454.8 0.0506830924347
43655.36 0.049757489039
43856.9 0.0493014789804
44059.32 0.0478480681977
44262.67 0.0475181885808
44467.01 0.0468661912203
44672.25 0.0456941483461
44878.43 0.0457989336362
44900.41 0.0521073961924
45399.3 0.0511274596834
45898.2 0.050221260971
46397.09 0.0493810381821
46895.98 0.0486048508482
47394.88 0.0478888180327
47893.77 0.0472290587989
48392.67 0.0466197517418
48891.56 0.0460608968614
49390.45 0.045548613221
49889.35 0.045079019884
50388.24 0.0446482359137
50887.13 0.0442582017784
51386.03 0.0439030960732
51884.92 0.043582918798
52383.81 0.0432937890161
52882.71 0.0430337662592
53381.6 0.0428028505274
53880.49 0.0425991013522
54379.39 0.0424225187338
54878.28 0.042267281267
55377.17 0.0421353294202
55876.07 0.0420266631935
56374.96 0.0419354611818
56873.85 0.0418656043217
57372.75 0.0418132116767
57871.64 0.0417782832467
58370.53 0.0417608190316
58869.43 0.041756938095
59298.97 0.0448170566588
59600.81 0.0335138286091
59902.53 0.0502833559578
60204.27 0.0640800858177
60506.0 0.0468390246636
60807.73 0.0428649455141
61109.56 0.0466061684635
61411.29 0.0457213149028
61713.02 0.0466372159568
62014.75 0.0546358264326
62316.48 0.0576978854647
62618.32 0.0406663948909
62920.04 0.0442931302085
63221.78 0.0523557761392
63523.5 0.0562852245171
63825.23 0.0619921418895
64127.07 0.0544126725741
64428.8 0.0518920042072
64730.53 0.0491986341586
65032.26 0.0445318078136
65333.99 0.054730909381
65635.82 0.0489366709335
65937.55 0.0522742764692
66239.28 0.052429513936
66541.01 0.0484554347864
66842.74 0.0442019281967
67144.57 0.0593511644859
67446.3 0.0442096900701
67748.04 0.0559320592801
68049.76 0.0519269326373
68351.5 0.0352602501103
68653.33 0.0318974184862
68955.06 0.0439690719966
69256.79 0.0573175536711
69558.52 0.0585478105954
69860.25 0.056714068019
70162.08 0.0568615436125
70463.81 0.0481158528279
70765.54 0.0472445825456
71067.27 0.0513661372885
71369.0 0.0516145172354
71670.83 0.0495459779906
71972.57 0.0379109298555
72274.3 0.0413998919214
72576.03 0.0605348501701
72877.76 0.0497361438874
73179.59 0.0571157449643
73481.32 0.0562483556187
73783.05 0.0509722222166
74084.78 0.0552431930213
74386.51 0.0610063839755
74688.34 0.0683161281924
74990.07 0.0623647118098
75291.8 0.0778321849059
75593.53 0.0690496252229
76197.0 0.0642430851578
76800.55 0.06030199397
77404.01 0.0512283640368
78007.48 0.0649338918849
78611.04 0.0716110434247
79214.51 0.0565549496156
79818.07 0.0499612382142
80421.52 0.0503182843878
81024.99 0.0524004069109
81628.54 0.0555323228032
82232.01 0.053849936757
82835.47 0.0479276273994
83439.03 0.0513564349469
84042.49 0.0517406476771
84645.95 0.0629293880952
85249.52 0.057624147668
85852.98 0.0494450736372
86456.54 0.0527943219829
87060.0 0.0557904050917
87663.47 0.0545407434841
88267.03 0.0558505596101
88870.49 0.0561008800253
89473.95 0.0629332690318
90077.5 0.0612062522139
90680.97 0.0604805170567
91284.43 0.0581965858268
91887.99 0.0603970769184
92491.46 0.0592696648159
93095.02 0.0628866977918
93698.47 0.0587166313405
94301.94 0.0595510327244
94905.49 0.0638957413259
95508.96 0.0645031079146
96112.42 0.0642081567278
96715.98 0.064968820315
97319.44 0.0648717968982
97922.9 0.0688458760478
98526.47 0.0670043715981
99129.93 0.0675942739719
99733.49 0.0666356826145
100336.95 0.0693756239031
100940.42 0.0683568780274
101543.98 0.0687857215294
102147.44 0.0682540332057
102750.9 0.0694377188898
103354.46 0.072006898965
103957.92 0.0819595610538
104561.38 0.156506533069
105164.94 0.19108955973
105768.41 0.102580918047
106371.97 0.0684150920774
106975.42 0.0730004187524
107578.89 0.0723193143669
108182.46 0.0732973104076
108785.92 0.0670955736098
109389.37 0.0738173559213
109992.93 0.0773722939105
110596.4 0.0714325203379
111199.87 0.0763535480348
111803.42 0.0783890993179
112406.88 0.0865410067921
113010.44 0.0850002749343
113613.9 0.0767552249801
114217.37 0.0753871948041
114820.93 0.07426172317
115424.39 0.0740540930582
116027.85 0.0734952381778
116631.41 0.0786918123782
117234.87 0.0745741385719
117838.33 0.0758490262678
118441.89 0.0696143015083
119045.36 0.0752688262357
119648.92 0.0761245727713
120252.38 0.0739337840214
120855.84 0.0735340475444
121459.41 0.072852943159
122062.87 0.0703807865005
122666.33 0.0732429772942
123269.88 0.0741918663099
123873.35 0.0733264174326
124476.82 0.072030184585
125080.37 0.0713937109712
125683.83 0.0711530928977
126287.39 0.0731595371558
126890.85 0.0719816728767
127494.32 0.0788198832882
128097.88 0.0840378026403
128701.34 0.0737145110996
129304.8 0.0693212907898
129908.37 0.0690399228812
130511.82 0.0677786184637
131115.28 0.0665619448178
131718.85 0.0704952741323
132322.31 0.0730644542074
132925.76 0.0725366468204
133529.33 0.0683685208374
134132.79 0.0705088574106
134736.36 0.0702915249571
135339.82 0.0718536019666
135943.27 0.0730198234357
136546.84 0.071995256155
137150.3 0.0690185777295
137753.76 0.0716323885764
138357.33 0.073780487023
138960.78 0.0727908481722
139564.24 0.0721543745585
140167.81 0.0717643404232
140771.27 0.0706485711307
141374.84 0.0688400546427
141978.3 0.0758043954961
142581.75 0.0670354190915
143185.32 0.0658071026356
143788.78 0.0657333648388
144392.24 0.0635348142156
145451.48 0.0712210092895
146296.42 0.0713393778579
147141.34 0.0733904528877
147986.27 0.0730469899924
148831.1 0.0733904528877
149676.02 0.0742947111317
150520.94 0.0733555244577
151365.77 0.0755269085242
152210.69 0.0785637414681
153055.62 0.0786335983281
153900.45 0.0752921118557
154745.37 0.107049816622
155590.31 0.168549079554
156435.14 0.132456368528
157280.06 0.0789615374767
158124.98 0.0816975978286
158969.8 0.0831742942314
159814.73 0.0836206019484
160659.66 0.0848159304425
161504.58 0.0847499545192
162349.41 0.0855494274731
163194.35 0.0841949805754
164039.25 0.0869349218641
164884.1 0.0864924950838
165729.01 0.0859705091017
166573.93 0.0863100910603
167418.77 0.0864226382237
168263.68 0.0861160442268
169108.62 0.0879032155631
169953.43 0.0881302503583
170798.37 0.09281260045
171643.3 0.0907789896352
172488.11 0.0890636156273
173333.05 0.0895700778626
174177.97 0.0874801934661
175022.89 0.0892634838657
175867.72 0.0893197574474
176712.66 0.0920364131161
177557.57 0.0922634479112
178402.41 0.0917181763092
179247.34 0.0952401263367
180092.26 0.0914368084006
180937.09 0.090534490625
181782.0 0.0920985081028
182626.93 0.0904122411199
183471.76 0.0965829304243
184316.69 0.0932957770653
185161.61 0.0951450433883
186006.42 0.0964044073375
186851.36 0.126563166196
187696.3 0.124104592816
188541.22 0.0998021673916
189386.04 0.10051431927
190230.97 0.0967245846128
191075.88 0.0942000353093
191920.73 0.0879459058665
192765.65 0.0922188171395
193610.57 0.0936295376189
194455.4 0.0889879373622
195300.34 0.0889685326789
196145.25 0.0913067970222
196990.08 0.0922362813545
197835.0 0.0856600341682
198679.92 0.0836691136567
199524.77 0.0861296275052
200369.67 0.0893973761808
201214.61 0.0888462831738
202059.54 0.0892770671441
202904.35 0.090064897288
203749.29 0.0843618608522
205439.04 0.08818652394
207128.89 0.0877654423113
208818.65 0.0852952261212
210508.39 0.0855513679414
212198.23 0.0861761987452
213887.99 0.0837816608201
215577.85 0.083085032688
217267.6 0.0848062281009
218957.35 0.084012576552
220647.21 0.0828424741461
222336.97 0.0832131035981
224026.7 0.0832499724964
225716.55 0.0821730125706
227406.32 0.0832732581164
229096.16 0.0815889316019
230785.91 0.0831238420547
232475.67 0.0815908720702
234165.53 0.0806128760295
235855.28 0.0798405696323
237545.03 0.0800947709842
239234.86 0.079826986354
240924.63 0.0806478044596
242614.47 0.0802461275143
244304.23 0.0796523442038
245993.98 0.0797513080889
247683.84 0.0791458819685
249373.59 0.0782125166995
251063.34 0.078035934081
252753.21 0.0777060544641
254442.96 0.0792157388285
256132.79 0.0776264952624
257822.54 0.0768250818401
259512.29 0.0791614057152
261202.15 0.07655729721
262891.91 0.0762836911748
264581.66 0.0759673948362
266271.5 0.0758257406478
267961.26 0.0759518710895
269651.1 0.0749040181888
271340.85 0.0745819004452
273030.64 0.0751582195406
274720.48 0.0749855178588
276410.2 0.073322536496
278099.96 0.0743820322067
279789.83 0.0736000234678
281479.58 0.0739531887047
283169.43 0.073902736528
284859.18 0.0735010595828
286548.93 0.0733904528877
288238.78 0.0730101210941
289928.53 0.0730935612325
291618.28 0.0718167330682
293308.13 0.0717294119932
294997.88 0.0705709523973
296687.73 0.0724279805937
298377.51 0.070122704212
300067.26 0.0694493616999
301757.11 0.0693038265747
303446.86 0.0680813315239
305136.61 0.0695269804332
306826.46 0.0712539972511
308516.21 0.0722281123552
310206.06 0.070522440689
311895.81 0.0687973643394
313585.56 0.0682229857123
315275.41 0.0692106840947
316965.19 0.0687993048077
318654.94 0.0681841763456
320344.79 0.0678814632854
322034.51 0.067867880007
323724.39 0.0679804271705
325414.14 0.068273437889
327103.89 0.0692844218914
328793.74 0.0711860808594
330483.49 0.0697928245951
332173.24 0.0744111392317
333863.12 0.0846315859507
335552.87 0.0857706408632
337242.68 0.0711530928977
338932.44 0.0708620226475
340622.22 0.0695425041799
342312.03 0.0655955915871
344001.79 0.0694474212315
345691.54 0.0712035450744
347381.41 0.0703904888422
349071.14 0.0723231953036
