102.0 0.000143348640799
103.9 0.000158267821243
106.07 0.000180045892844
108.05 0.000208639168395
110.06 0.000288663205815
113.92 0.000355133287941
117.93 0.000415323334375
120.95 0.00124279175897
124.91 0.00142365678691
126.94 0.00149410240467
128.12 0.00155024046286
131.1 0.00164962885381
132.01 0.00186806487789
133.85 0.00193370490312
136.97 0.00228243801556
140.16 0.00241207979585
143.09 0.0050048061836
147.1 0.00969146029814
150.87 0.0101482100245
155.1 0.01072477191
159.08 0.0113859777549
162.04 0.0118414168651
165.81 0.0126004820488
170.06 0.0131946280342
172.83 0.0136893856288
176.85 0.0143020986763
180.14 0.0147706439479
181.81 0.0151146806859
186.04 0.0157175641123
190.81 0.0164962885381
193.91 0.0170369176977
197.98 0.0176354324037
202.12 0.0182972935566
204.93 0.0187669310084
210.19 0.0188095260331
216.08 0.0204357822323
220.1 0.0211533445714
223.16 0.0213990850985
226.78 0.0221505050213
229.94 0.0331432979329
234.21 0.0543741872928
240.22 0.0653713489249
245.82 0.0614307630506
252.12 0.0634436510124
256.81 0.0526485427026
259.78 0.0601714793718
264.0 0.062142864489
268.91 0.0611489805795
273.91 0.0600327724965
279.0 0.0589373158357
284.19 0.0579947643919
290.14 0.0543741872928
296.22 0.0543741872928
301.03 0.052407170896
308.04 0.0520456592762
318.14 0.0515694687437
327.8 0.0499333829234
337.76 0.0481269170043
348.03 0.0462800404207
356.95 0.0454346930076
366.11 0.0454346930076
374.64 0.0445030633649
385.13 0.0420139848706
395.01 0.0440945879999
405.15 0.0457492408822
413.63 0.0460670652973
422.29 0.0457492408822
430.14 0.0458551823539
441.18 0.0495893461855
451.45 0.0519266116431
459.84 0.0516874241967
469.47 0.0546242965404
480.41 0.0607284912332
490.47 0.059756450926
499.59 0.0705318999936
506.54 0.0694047701094
512.4 0.101950645516
519.53 0.104806696531
530.41 0.107495643988
540.27 0.101715826791
550.32 0.110255583152
560.55 0.142038024655
569.65 0.164209281098
580.25 0.17076236182
589.67 0.188095260331
600.64 0.178811729308
610.4 0.184239864506
620.31 0.23735258376
630.39 0.241764991446
640.64 0.272509861835
649.55 0.28208828149
658.58 0.278221963864
664.68 0.314329438644
675.48 0.340716510352
684.88 0.318709080926
694.4 0.378778987547
705.69 0.338368323093
715.5 0.427948936566
725.46 0.449148152703
735.55 0.467081750279
745.78 0.477959864278
754.42 0.494757594529
764.91 0.472488041875
775.55 0.536271360905
784.53 0.525273107093
795.45 0.570675034697
804.66 0.598951578013
815.85 0.619997888933
825.3 0.649213707153
834.86 0.552566688301
844.52 0.676692958981
854.3 0.686096629818
864.19 0.725087460115
874.2 0.748842377733
884.32 0.771592489641
894.56 0.793206734223
904.92 0.796876459427
915.4 0.847990489061
926.0 2.61446077215
934.57 4.77959864278
945.39 7.85943736422
954.14 10.2185464242
965.19 11.5978606983
974.12 3.15782038204
985.4 10.2421375148
994.52 10.2421375148
1006.03 13.5637849149
1015.34 13.0428149975
1024.73 6.62811349651
1034.22 10.1248373699
1046.19 16.5345148423
1055.87 16.1577127008
1065.64 13.3781142945
1075.5 15.2544797413
1085.45 12.6878564584
1095.5 15.6815221683
1105.63 15.0447811582
1115.86 14.6013560293
1126.19 13.1334659475
1134.0 15.7907401804
1144.49 14.5674984455
1155.08 15.0447811582
1165.77 15.2894295051
1173.85 10.9491057068
1184.71 14.6013560293
1195.67 11.1271310664
1203.96 8.79805695967
1215.1 6.01714793718
1226.34 10.4806696531
1234.84 14.2693332727
1246.27 15.324379269
1254.91 14.8045015317
1263.61 13.2863711644
1275.3 15.9360001364
1284.14 16.4209281098
1296.02 13.7210588523
1305.0 13.5637849149
1314.05 15.9731342605
1326.21 15.2894295051
1335.4 13.9438635968
1344.66 15.6815221683
1353.98 15.2195299774
1366.51 13.9121903733
1375.98 14.235475689
1385.52 14.2693332727
1395.12 12.0893417524
1404.79 12.2291408078
1414.53 13.255790121
1424.33 13.255790121
1434.21 13.2863711644
1440.83 13.7527320758
1447.48 13.8477517462
1454.16 13.4392763812
1464.24 12.6004820488
1474.39 12.5425965024
1484.61 12.629970912
1494.9 12.6878564584
1505.26 12.0893417524
1512.21 11.0255583152
1515.69 11.5443438724
1526.2 11.2822206435
1533.24 9.94004049354
1543.87 10.1482100245
1554.57 9.73613046506
1565.35 10.1482100245
1576.2 10.7000886393
1583.48 11.0255583152
1594.45 11.1533433893
1605.5 10.824051083
1616.63 10.7495643988
1624.1 10.3368295313
1635.35 10.7991493762
1646.69 10.824051083
1654.29 10.2657286054
1665.76 10.8739637145
1673.45 9.89438736451
1677.3 10.9742258495
1685.05 11.1533433893
1696.73 10.5776552478
1704.56 10.2185464242
1716.37 9.73613046506
1724.29 9.62472809278
1736.25 10.1015739333
1744.26 9.8489526715
1756.35 10.2421375148
1764.46 9.58049479791
1776.69 9.66917982368
1784.89 9.75862937554
1793.13 10.1482100245
1805.56 10.0551562782
1813.89 9.40563676064
1826.47 9.51452711864
1834.9 9.21275775138
1843.36 8.55832342325
1856.14 8.55832342325
1864.71 8.71745406679
1873.32 9.17038116271
1886.3 8.51900493892
1895.01 8.1731114948
1903.76 8.57809188343
1916.95 8.26780351123
1925.8 8.02391969035
1934.69 8.24879957714
1943.62 8.51900493892
1957.09 7.96876459427
1966.13 8.51900493892
1975.2 8.69735795258
1984.32 8.26780351123
1993.48 8.0424867524
2007.3 8.19200621088
2016.56 7.9871132203
2025.87 8.21090092696
2035.22 7.82328620224
2044.61 7.9871132203
2054.05 7.40268763788
2063.53 7.54030233305
2073.06 8.07962087649
2077.84 7.73372743237
2082.63 7.93206734223
2097.06 7.55766799696
2106.74 7.61009264274
2116.47 7.64515162461
2126.24 7.68053826051
2136.05 7.28429531284
2145.91 7.33486325241
2155.81 7.52293666914
2165.77 7.28429531284
2175.76 7.23416424531
2185.81 7.10211966876
2195.89 7.31793446054
2206.03 7.13488507237
2216.21 6.86096629818
2226.44 6.68938480127
2236.72 6.9564228407
2247.04 6.72029349867
2257.41 6.49213707153
2262.62 6.56727906381
2273.06 6.6434040182
2283.56 6.72029349867
2294.09 6.37800424895
2304.68 6.41448306497
2315.32 6.20347386571
2326.01 5.24934531255
2336.75 5.86926674888
2347.53 5.71559700594
2352.94 5.988314382
2363.8 5.64657122233
2374.71 5.7315428357
2385.68 5.40443488965
2396.69 5.62647510812
2407.75 5.46668915651
2413.3 5.52042441843
2424.44 5.72083947052
2435.63 5.53298448982
2446.87 5.72073025251
2452.51 5.64547904221
2463.83 5.58715662379
2475.21 5.42868128832
2486.63 5.47258692916
2492.36 5.02850649221
2503.87 5.58398930144
2515.43 5.12210632853
2527.04 5.0928359013
2532.86 5.11926666022
2544.55 5.04336014185
2556.3 5.27512076339
2562.19 5.15803905449
2574.02 5.34567559917
2585.9 5.27850652177
2597.83 5.21232040647
2603.82 5.06159954986
2615.84 4.99814388487
2627.92 5.13248203967
2633.97 5.23110590454
2646.13 5.50950261723
2652.23 5.57667169463
2664.47 5.18687260967
2676.77 5.32634401104
2682.94 5.3296205514
2695.33 5.10768955094
2707.77 5.18512512148
2714.01 4.97772011662
2726.54 4.93807397825
2732.82 5.07962052185
2745.44 4.61708224087
2758.11 4.68709098659
2764.47 4.79925788495
2777.23 4.9285720112
2783.63 4.70969911508
2796.48 4.06946312851
2802.93 4.25415078687
2815.86 4.82350428362
2822.35 4.96177428686
2835.38 4.79936710296
2841.92 4.69309797725
2855.03 4.53953745232
2868.21 4.84807833633
2874.83 4.85124565868
2888.1 4.82405037368
2894.75 4.80493722157
2908.11 5.06116267781
2928.27 4.88761525669
2948.57 4.78571485146
2969.01 4.81716963892
2989.59 4.78243831109
3010.31 4.78090925893
3031.18 4.76845840555
3052.19 4.74519496899
3073.35 4.73285333363
3087.53 4.70664101074
3108.93 4.7053303946
3130.48 4.618283639
3152.18 4.6064880937
3166.73 4.60222859123
3188.68 4.39405906029
3210.79 4.48503766432
3233.04 4.31192711524
3247.97 4.51103155118
3270.48 4.61522553466
3293.15 4.57208441991
3308.35 4.5157279257
3323.62 4.5220625704
3331.28 4.54619975106
3338.96 4.31476678355
3346.66 4.53178297347
3354.37 4.37101405975
3362.11 4.24508569187
3369.86 4.34709531511
3377.62 4.22193147332
3385.41 4.3333338456
3393.22 4.48886029474
3401.04 4.68228539406
3408.88 4.33278775554
3416.74 4.34589391698
3424.61 4.55406344792
3432.51 4.66349989599
3440.42 4.48776811462
3448.35 4.23001360621
3456.3 4.2526217347
3464.27 4.09239891104
3472.25 4.38827050565
3480.26 4.12680258483
3488.28 4.29467066934
3496.32 4.23886026518
3504.38 4.32088299222
3512.46 4.2353652888
3520.56 4.36730064734
3528.67 4.05078684846
3536.81 4.33366149963
3544.96 4.427698208
3553.13 4.46177422775
3561.32 4.38357413113
3569.53 4.07525168315
3577.76 4.02228094731
3586.01 3.83529971071
3594.28 4.07492402912
3602.56 4.3596553865
3610.87 4.09993495387
3619.19 4.25699045518
3627.53 4.39973839692
3635.9 4.09032376881
3644.28 4.44724823215
3652.68 4.18228533495
3661.1 4.58934086581
3669.54 4.47793849353
3669.76 4.58508136334
3672.5 3.93621715383
3675.23 4.75120195965
3677.97 4.06334691984
3680.7 3.75382307373
3683.44 3.73809567999
3686.17 4.03680694291
3688.91 4.05089606647
3691.64 3.31181777901
3694.38 3.05155125633
3697.11 4.04161253544
3699.85 4.0439061137
3702.58 4.45249069673
3705.32 4.87035881078
3708.05 4.67332951707
3710.79 5.11762839004
3713.52 5.22564500394
3716.25 4.92758904909
3718.99 7.63630496563
3721.72 15.8442570063
3724.46 27.1701648545
3727.19 35.131065752
3729.93 30.022939329
3732.66 18.6588051765
3735.4 8.70959036992
3738.13 5.2978381099
3740.87 4.09349109116
3743.6 4.5429232107
3746.34 3.50273086405
3749.07 4.07153827074
3751.81 3.81411141637
3754.54 4.45456583896
3757.28 4.84753224627
3760.01 4.95642260427
3762.75 3.94036743829
3765.48 4.37352607403
3768.22 4.08344303405
3770.95 4.70183541821
3773.69 4.82667160597
3776.42 4.15235959965
3779.16 4.92693374102
3781.89 4.40792974782
3784.63 4.99322907433
3787.36 5.61347816469
3790.1 5.61784688517
3792.83 4.88379262626
3795.57 5.01135926432
3798.3 4.95270919186
3801.04 4.50983015305
3803.77 4.81050734019
3806.51 5.9193978164
3809.24 5.20391061955
3811.98 5.48831432289
3814.71 4.87472753127
3817.45 4.63062527436
3820.18 5.14700803528
3822.92 5.60299323553
3825.65 5.05242523685
3828.39 4.44866806631
3831.12 4.39700794661
3833.86 4.4676720004
3836.59 4.63772444514
3839.33 3.91765009178
3842.06 4.00229405111
3844.8 5.135430926
3847.53 5.14799099738
3850.27 5.71406795377
3853.0 4.8731984791
3855.74 5.35386695007
3858.47 6.37090507817
3861.21 6.94451807739
3863.94 5.83999632165
3866.68 6.76845864198
3869.41 6.97466224871
3872.15 6.478266384
3874.88 5.78265686533
3877.61 5.34480185507
3880.35 4.27009661663
3883.08 4.33857631017
3885.82 5.21221118846
3888.55 5.2424645778
3891.29 4.545653661
3894.02 4.34163441451
3896.76 4.55821373238
3899.49 4.32405031457
3902.23 5.2479254784
3904.96 5.36609936742
3907.7 5.27162578701
3910.43 5.14111026263
3913.17 5.63040695655
3915.9 5.46494166832
3918.64 4.77304556206
3921.37 5.17507706437
3924.11 4.67343873508
3926.84 4.64744484822
3929.58 4.14591573694
3932.31 3.53538704965
3935.05 3.70172608198
3937.78 4.46297562588
3940.52 4.71013598713
3943.25 3.97815687045
3945.99 5.21297571455
3948.72 6.21625237312
3951.46 5.40367036356
3954.19 5.43250391874
3956.93 5.44965114663
3959.66 4.22575410374
3962.4 5.1708175619
3965.13 4.53713465606
3967.87 5.04346935986
3970.6 4.97761089861
3973.34 4.77042432977
3976.07 4.42059903721
3978.81 4.60932776201
3981.54 4.80712158181
3984.28 4.77927098875
3987.01 5.12669348504
3989.75 4.59338193226
3992.48 5.73940653257
3995.22 5.78953760009
3997.95 5.43436062495
4000.69 5.89012738918
4003.42 5.56662363752
4006.16 4.89875549391
4008.89 5.52249956066
4011.63 6.08169578229
4014.36 5.92256513875
4017.1 5.24137239768
4019.83 5.27446545532
4022.57 5.69080451721
4025.3 6.12068661259
4028.04 5.45980842175
4030.77 4.89078257904
4033.51 5.21920114123
4036.24 5.34742308736
4038.98 5.76114091696
4041.71 5.53265683578
4044.44 5.86183992406
4047.18 5.56531302138
4049.91 5.23405479087
4052.65 5.37014043387
4055.38 5.04084812757
4058.12 4.72564494483
4060.85 5.29794732791
4063.59 5.86806535075
4066.32 5.77206271817
4069.06 5.62713041619
4071.79 5.53232918174
4074.53 5.53167387367
4077.26 5.5600705568
4080.0 5.71384951775
4082.73 5.64580669625
4085.47 5.6571653695
4088.2 5.27566685346
4090.94 5.05122383872
4093.67 5.15050301166
4096.41 5.48045062603
4099.14 6.09370976362
4101.88 6.72619127132
4104.61 6.22356997993
4107.35 5.27402858327
4110.08 4.88914430885
4112.82 5.1063789348
4115.55 5.62953321246
4118.29 5.71188359353
4121.02 4.86817445054
4123.76 4.74486731495
4126.49 5.08136801004
4129.23 5.93326850393
4131.96 5.44353493796
4134.7 5.1699438178
4137.43 5.11784682606
4140.17 4.82284897555
4142.9 4.87418144121
4145.64 5.30657555086
4148.37 5.4185240132
4151.11 5.29183111924
4153.84 5.32000936634
4156.58 5.32241216261
4159.31 5.60484994174
4162.05 5.49836238
4164.78 5.4475760044
4167.52 5.36293204507
4170.25 5.28374898635
4172.99 5.16044185076
4175.72 5.27391936526
4178.46 5.53637024819
4181.19 5.48012297199
4183.93 5.15323346196
4186.66 5.153561116
4189.4 5.29390626147
4192.13 5.40880361013
4194.87 5.78025406907
4197.6 5.77271802624
4200.34 5.5908700362
4203.07 5.62713041619
4205.8 5.34480185507
4208.54 5.39733571886
4211.27 5.17158208798
4214.01 5.18665417364
4216.74 5.46668915651
4219.48 5.2670386305
4222.21 5.13160829558
4224.95 5.07459649329
4227.68 5.41907010326
4230.42 5.26004867773
4233.15 5.19812206491
4235.89 5.50895652717
4238.62 5.23995256352
4241.36 5.32918367935
4244.09 5.59010551011
4246.83 5.24137239768
4249.56 5.2297952884
4252.3 5.43425140693
4255.03 5.4956319297
4257.77 5.20926230214
4260.5 4.96985641975
4263.24 4.80897828802
4265.97 4.85430376301
4268.71 5.06968168275
4271.44 5.21210197045
4274.18 5.31312863158
4276.91 4.94615611114
4279.65 5.38280972326
4282.38 5.33398927188
4285.12 4.92005300626
4287.85 5.08595516655
4290.59 4.84927973446
4293.32 4.48700358853
4296.06 4.68021025183
4298.79 4.63575852093
4301.53 4.22051163916
4304.26 4.5574492063
4307.0 4.84949817049
4309.73 4.33235088349
4312.47 4.54849332931
4315.2 4.82470568175
4317.94 4.96625222535
4320.67 4.99650561469
4323.41 4.40465320746
4326.14 4.67824432761
4328.88 3.79281390402
4331.61 4.53058157534
4334.35 5.48143358813
4337.08 6.94517338546
4339.82 8.020752368
4342.55 7.91885196277
4345.29 6.64722664862
4348.02 5.64591591426
4350.76 4.99825310288
4353.49 5.04936713251
4356.23 4.88914430885
4358.96 4.93894772234
4361.7 5.29259564532
4364.43 5.44156901374
4367.17 4.94615611114
4369.9 5.00065589914
4372.63 5.1381613763
4375.37 4.86893897663
4378.1 4.79729196073
4380.84 4.77719584652
4383.57 4.5946925484
4386.31 4.59720456268
4389.04 4.95565807819
4391.78 4.71516001568
4394.51 4.61183977629
4397.25 4.22575410374
4399.98 5.06673279643
4402.72 4.85725264934
4405.45 4.3497165474
4408.19 5.0292710183
4410.92 4.9793583868
4413.66 5.24628720822
4416.39 4.72040248026
4419.13 5.03178303258
4421.86 5.12964237136
4424.6 5.17704298859
4427.33 4.74213686465
4430.07 4.70827928092
4432.8 4.6663395643
4435.54 4.65050295255
4438.27 5.12418147076
4441.01 4.68567115243
4443.74 5.1408918266
4446.48 4.77697741049
4449.21 4.85364845494
4451.95 5.50917496319
4454.68 4.90596388271
4457.42 4.75557068013
4460.15 4.85386689097
4462.89 5.17365723021
4465.62 5.03167381456
4468.36 5.64384077203
4471.09 5.37232479411
4473.83 5.33977782652
4476.56 5.53385823391
4479.3 4.57547017828
4482.03 5.33945017248
4484.77 4.89023648898
4487.5 5.27391936526
4490.24 5.16142481286
4492.97 5.31771578809
4495.71 5.53440432397
4498.44 5.57230297415
4501.18 4.93916615837
4503.91 5.30100543225
4506.65 5.25535230322
4509.38 5.30493728068
4512.12 5.04030203751
4514.85 5.24574111816
4517.59 4.87429065922
4520.32 5.35201024387
4523.06 4.97782933463
4525.79 5.05406350703
4528.53 5.10113647022
4531.26 4.82077383332
4534.0 4.59054226394
4536.73 4.78527797941
4539.46 4.67868119966
4542.2 4.70849771694
4544.93 5.04554450209
4547.67 4.48023207179
4550.4 4.94462705897
4553.14 4.74290139074
4555.87 5.28986519502
4558.61 5.23121512256
4561.34 4.90530857464
4564.08 4.49093543697
4566.81 5.25644448334
4569.55 4.86402416609
4572.28 4.81771572898
4575.02 4.97160390794
4577.75 4.68829238472
4580.49 4.81301935446
4583.22 4.65235965876
4585.96 5.16513822527
4588.69 4.72389745664
4591.43 5.23329026478
4594.16 5.53527806807
4596.9 5.20008798913
4599.63 4.76212376086
4602.37 5.09785992986
4605.1 5.20085251521
4607.84 4.92005300626
4610.57 5.06083502378
4613.31 5.55351747608
4616.04 5.06356547408
4618.78 4.70926224303
4621.51 5.11620855588
4624.25 5.0564663033
4626.98 5.1889477519
4629.72 5.21592460087
4632.45 4.86992193874
4635.19 4.65694681526
4637.92 4.94571923909
4640.66 5.11599011986
4643.39 4.97597262842
4646.13 5.06498530823
4648.86 4.96723518746
4651.6 5.31411159369
4654.33 4.75294944784
4657.07 5.05067774866
4659.8 5.1554178222
4662.54 5.08377080631
4665.27 4.94386253289
4668.01 4.66775939845
4670.74 4.61751911292
4673.48 4.90006611006
4676.21 5.06957246474
4678.95 4.83442608482
4681.68 4.63695991906
4684.42 4.78254752911
4687.15 4.72782930508
4689.89 4.67245577297
4692.62 4.6953915555
4695.36 4.80373582344
4698.09 5.11751917202
4700.82 4.90989573114
4703.56 4.88466637036
4706.29 4.7552430261
4709.03 4.81542215073
4711.76 5.09436495347
4714.5 4.80886907001
4717.23 4.88761525669
4719.97 4.99290142029
4722.7 5.2207301934
4725.44 5.27086126093
4728.17 5.00436931155
4730.91 5.16197090292
4733.64 4.7126480014
4736.38 4.93184855156
4739.11 4.91808708204
4741.85 5.01802156306
4744.58 5.0492579145
4747.32 4.75677207827
4750.05 4.82710847802
4752.79 4.89482364548
4755.52 4.97378826818
4758.26 4.91666724789
4760.99 4.79139418808
4763.73 4.60124562912
4766.46 4.94375331487
4769.2 4.55362657588
4771.93 4.79860257688
4774.67 4.84447414193
4777.4 5.09873367395
4780.14 5.08508142245
4782.87 4.89089179705
4785.61 4.44342560173
4788.34 4.66874236056
4791.08 4.68283148412
4793.81 5.09054232305
4796.55 4.9702932918
4799.28 4.91961613421
4802.02 4.8913286691
4804.75 4.5538450119
4807.49 4.83901324133
4810.22 4.96701675144
4812.96 5.21778130708
4815.69 5.14657116323
4818.43 4.77894333471
4821.16 4.71111894923
4823.9 5.07612554546
4826.63 5.05133305673
4829.37 4.83125876247
4832.1 4.89067336102
4834.84 4.90519935662
4837.57 4.90148594421
4840.31 4.63193589051
4843.04 4.8569249953
4845.78 4.66688565436
4848.51 5.06061658775
4851.25 4.65760212334
4853.98 5.3704680879
4856.72 8.84644053901
4859.45 12.8287476939
4862.19 14.5249034209
4864.92 11.3466592706
4867.65 7.40159545776
4870.39 5.20838855804
4873.12 4.59491098443
4875.86 4.25196642663
4878.59 4.40061214101
4881.33 4.77981707881
4884.06 4.2680214744
4886.8 4.69429937538
4889.53 4.66590269225
4892.27 4.43403285269
4895.0 4.52555754678
4897.74 4.5828970031
4900.47 4.6146794446
4903.21 4.93392369379
4905.94 5.03669784312
4908.68 4.93643570807
4911.41 5.21636147292
4914.15 4.63291885261
4916.88 4.60659731171
4919.62 4.6336833787
4922.35 4.4013766671
4925.09 4.1755138182
4927.82 4.32110142825
4930.56 4.54248633865
4933.29 4.51266982136
4936.03 4.781564567
4938.76 4.68403288225
4941.5 4.56760648142
4944.23 4.54434304485
4946.97 5.05963362565
4949.7 5.41240780453
4952.44 6.67169148332
4955.17 10.1305167065
4957.91 13.5594161944
4960.64 13.4927932071
4963.38 10.0908705682
4966.11 6.57033716815
4968.85 5.30985209122
4971.58 4.92278345656
4974.32 4.68665411454
4977.05 4.65880352147
4979.79 4.50142036612
4982.52 4.69593764556
4985.26 4.93075637144
4987.99 4.9612281968
4990.73 4.90552701066
4993.46 5.07547023739
4996.2 5.08049426594
4998.93 6.95161724817
5001.67 14.2758863534
5004.4 26.085629995
5007.14 32.5360457859
5009.87 26.7376615269
5012.61 15.2282674184
5015.34 7.85135523133
5018.08 5.2733732752
5020.81 4.67289264502
5023.55 4.48547453636
5026.28 4.56553133919
5029.01 4.63444790478
5031.75 4.5928358422
5034.48 4.67605996737
5037.22 4.42573228378
5039.95 4.48208877799
5042.69 4.32000924813
5045.42 4.38390178517
5048.16 4.58813946768
5050.89 4.65825743141
5053.63 4.6418747296
5056.36 4.38947190378
5059.1 4.34731375114
5061.83 4.70587648466
5064.57 4.39700794661
5067.3 4.2172350988
5070.04 4.64613423207
5072.77 4.5674972634
5075.51 4.44921415637
5078.24 4.09458327128
5080.98 4.1201402861
5083.71 4.46865496251
5086.45 4.7063133567
5089.18 4.84130681958
5091.92 4.47258681094
5094.65 4.27249941289
5097.39 4.33584585987
5100.12 4.54783802124
5102.86 4.2054395535
5105.59 4.08770253652
5108.33 4.14165623447
5111.06 4.34469251885
5113.8 4.37483669017
5116.53 4.25786419928
5119.27 4.31531287361
5122.0 4.45249069673
5124.74 4.45161695263
5127.47 4.43010100426
5130.21 4.50218489221
5132.94 4.52872486913
5135.68 4.17889957658
5138.41 4.29925782584
5141.15 4.4249677577
5143.88 4.30351732831
5146.62 4.35714337222
5149.35 4.24246445958
5152.09 4.40006605095
5154.82 4.46483233209
5157.56 4.24453960181
5160.29 4.3423989406
5163.03 4.29576284946
5165.76 4.03975582924
5168.5 3.92616909672
5171.23 3.75775492216
5173.97 4.06716955026
5176.7 4.30133296807
5179.44 4.20565798952
5182.17 4.09589388743
5184.91 4.11882966995
5187.64 4.15727441019
5190.38 4.18446969519
5193.11 4.05526478695
5195.84 4.06214552171
5198.58 4.21024514603
5201.31 4.13837969411
5204.05 4.20871609386
5206.78 4.22477114163
5209.52 4.14766322513
5212.25 3.98329011702
5214.99 4.13969031025
5217.72 4.21559682862
5220.46 4.4984714798
5223.19 4.31673270777
5225.93 3.95314594569
5228.66 4.09261734707
5231.4 4.08923158869
5234.13 4.15880346236
5236.87 4.37713026842
5239.6 4.06236395773
5242.34 4.07983883966
5245.07 4.35736180824
5247.81 4.40530851553
5250.54 4.39635263854
5253.28 4.33650116795
5256.01 4.09938886381
5258.75 4.12024950411
5261.48 4.19058590386
5264.22 4.07667151731
5266.95 4.03058151623
5269.69 4.06236395773
5272.42 3.90203191606
5275.16 4.26430806199
5277.89 4.43785548312
5280.63 4.17868114055
5283.36 4.35430370391
5286.1 4.50163880215
5288.83 4.25830107133
5291.57 4.33409837168
5294.3 4.37975150071
5297.04 4.17835348652
5299.77 4.291612565
5302.51 4.47007479667
5305.24 4.46002673956
5307.98 4.43905688125
5310.71 4.4630848439
5313.45 4.50633517666
5316.18 4.34174363252
5318.92 4.28778993458
5321.65 4.33803022011
5324.39 4.42081747324
5327.12 4.20369206531
5329.86 4.3197908121
5332.59 4.40028448698
5335.33 4.55788607835
5338.06 4.60211937322
5340.8 4.44844963028
5343.53 4.26594633217
5346.27 4.37254311192
5349.0 4.35550510204
5351.74 4.39187470005
5354.47 4.62254314147
5357.21 4.62614733587
5359.94 4.20653173362
5362.67 3.93567106377
5365.41 4.21330325037
5368.14 4.20773313175
5370.88 4.17431242007
5373.61 4.47531726124
5376.35 4.22247756338
5379.08 4.15629144808
5381.82 4.10266540417
5384.55 4.15203194561
5387.29 4.2317610944
5390.02 4.35659728216
5392.76 4.3152036556
5395.49 3.91437355142
5398.23 3.91917914395
5400.96 3.98536525925
5403.7 4.11861123393
5406.43 4.21570604663
5409.17 4.21286637832
5411.9 4.30963353698
5414.64 4.31269164132
5417.37 4.41175237824
5420.11 4.34709531511
5422.84 4.22608175778
5425.58 3.94091352835
5428.31 4.14329450465
5431.05 4.11271346128
5433.78 4.02162563924
5436.52 4.00862869581
5439.25 4.16033251453
5441.99 4.26365275392
5444.72 4.0203150231
5447.46 4.0893408067
5450.19 4.26408962596
5452.93 4.14755400712
5455.66 4.07448715707
5458.4 4.13597689784
5461.13 4.17813505049
5463.87 4.17584147224
5466.6 4.37581965228
5469.34 4.17715208838
5472.07 4.17409398405
5474.81 4.20740547772
5477.54 4.04019270129
5480.28 3.84360027962
5483.01 4.09851511972
5485.75 4.30679386867
5488.48 3.98514682322
5491.22 4.26605555018
5493.95 4.39012721186
5496.69 4.18752779953
5499.42 4.03276587647
5502.16 4.19058590386
5504.89 4.13313722953
5507.63 4.29325083518
5510.36 4.25709967319
5513.1 4.10310227622
5515.83 4.22651862982
5518.57 4.19124121194
5521.3 4.36041991258
5524.03 3.89678945148
5526.77 3.95795153822
5529.5 4.04871170623
5532.24 4.04336002364
5534.97 4.03276587647
5537.71 4.21166498019
5540.44 3.74585015885
5543.18 4.02380999948
5545.91 4.10430367435
5548.65 4.05624774906
5551.38 4.2317610944
5554.12 4.53855449021
5556.85 4.46100970167
5559.59 3.72498951855
5562.32 4.2054395535
5565.06 3.98263480894
5567.79 4.26474493404
5570.53 4.24279211362
5573.26 4.16972526356
5576.0 4.23470998073
5578.73 4.21876415097
5581.47 4.23154265838
5584.2 4.33114948536
5586.94 4.31738801584
5589.67 3.94178727244
5592.41 3.62549190958
5595.14 3.95074314943
5597.88 4.27446533711
5600.61 4.07820056948
5603.35 3.97619094623
5606.08 4.34381877475
5608.82 4.19812194669
5611.55 4.23602059687
5614.29 4.12276151839
5617.02 4.16623028718
5619.76 4.26474493404
5622.49 3.97422502202
5625.23 4.06422066394
5627.96 4.37723948644
5630.7 4.23438232669
5633.43 3.99923594677
5636.17 4.16885151947
5638.9 4.06323770183
5641.64 4.13488471772
5644.37 4.0257759237
5647.11 4.101136352
5649.84 3.92791658491
5652.58 4.10539585447
5655.31 4.11751905381
5658.05 4.22127616525
5660.78 4.12625649477
5663.52 4.07907431357
5666.25 4.12767632893
5668.99 4.16328140085
5671.72 4.06629580616
5674.46 4.20445659139
5677.19 4.15377943381
5679.93 4.41885154902
5682.66 4.21199263422
5685.4 4.00611668153
5688.13 4.1519227276
5690.86 4.18250377097
5693.6 4.43796470113
5696.33 4.3206645562
5699.07 4.08573661231
5701.8 4.22367896151
5704.54 4.30930588295
5707.27 3.9667981972
5710.01 3.67420314295
5712.74 4.18938450573
5715.48 4.14023640031
5718.21 4.25382313283
5720.95 4.00207561509
5723.68 3.88837966456
5726.42 3.84556620384
5729.15 4.10408523833
5731.89 3.93883838612
5734.62 4.17398476603
5737.36 3.94255179853
5740.09 4.35856320638
5742.83 3.94855878919
5745.56 3.99737924057
5748.3 4.02206251129
5751.03 4.04084800936
5753.77 3.62068631705
5756.5 4.0139803784
5759.24 4.18556187531
5761.97 4.03298431249
5764.71 4.08879471664
5767.44 4.09938886381
5770.18 3.93370513955
5772.91 3.87549193914
5775.65 3.88346485401
5778.38 3.95096158545
5781.12 3.81848013685
5783.85 4.25972090548
5786.59 4.06291004779
5789.32 4.13259113947
5792.06 4.40268728324
5794.79 4.18905685169
5797.53 3.90039364588
5800.26 3.90301487817
5803.0 3.77905243451
5805.73 3.99377504617
5808.47 3.73951551415
5811.2 3.65476233681
5813.94 4.24235524157
5816.67 4.14056405435
5819.41 3.99017085177
5822.14 4.30144218608
5824.88 4.39886465282
5827.61 4.58180482298
5830.35 4.09818746568
5833.08 4.01616473864
5835.82 4.07962040363
5838.55 4.31869863198
5841.29 4.0784190055
5844.02 4.518458376
5846.76 4.0820231999
5849.49 4.11489782152
5852.22 4.41841467697
5854.96 3.97324205991
5857.69 3.90825734275
5860.43 3.93621715383
5863.16 3.62221536922
5865.9 3.83060333619
5868.63 4.35779868029
5871.37 4.25163877259
5874.1 5.26692941249
5876.84 5.2733732752
5879.57 4.74683323917
5882.31 4.17529538218
5885.04 4.0548279149
5887.78 3.75491525385
5890.51 3.9813241928
5893.25 3.67769811934
5895.98 3.62625643567
5898.72 3.63237264434
5901.45 3.63750589091
5904.19 3.81312845426
5906.92 3.83508127468
5909.66 3.79237703198
5912.39 4.17857192254
5915.13 4.3107257171
5917.86 4.05220668261
5920.6 3.75677196005
5923.33 3.65487155482
5926.07 3.87811317142
5928.8 3.78637004131
5931.54 4.0729581049
5934.27 3.84469245974
5937.01 3.75655352403
5939.74 4.04368767767
5942.48 3.65498077283
5945.21 3.53440408754
5947.95 3.74868982716
5950.68 3.81498516047
5953.42 3.93894760413
5956.15 3.86631762612
5958.89 3.9069467266
5961.62 4.09283578309
5964.36 4.21297559633
5967.09 4.05821367327
5969.83 4.0756885552
5972.56 3.7399523862
5975.3 3.67027129452
5978.03 3.63859807103
5980.77 3.66066010946
5983.5 3.79139406987
5986.24 3.76474487493
5988.97 3.86380561185
5991.71 3.71352162728
5994.44 3.692770205
5997.18 3.67027129452
5999.91 3.74737921102
6002.65 3.91470120546
6005.38 3.67857186343
6008.12 3.57743598429
6010.85 3.87549193914
6013.59 3.76933203144
6016.32 3.78495020716
6019.05 3.5067719305
6021.79 3.50764567459
6024.52 3.54936695519
6027.26 3.68468807211
6029.99 4.0221717293
6032.73 3.90432549431
6035.46 3.80231587107
6038.2 3.71122804903
6040.93 3.68872913855
6043.67 3.55810439615
6046.4 3.72477108252
6049.14 3.78331193698
6051.87 3.95969902642
6054.61 3.94014900226
6057.34 3.79248624999
6060.08 4.12702102086
6062.81 3.92551378865
6065.55 3.70467496831
6068.28 4.0085194778
6071.02 3.84785978209
6073.75 3.61740977669
6076.49 3.92857189299
6079.22 3.80755833565
6081.96 3.62418129344
6084.69 3.53953733411
6087.43 3.88564921425
6090.16 4.13794282206
6092.9 3.64427740765
6095.63 3.68086544168
6098.37 3.61325949223
6101.1 3.60703406555
6103.84 3.73984316819
6106.57 3.99978203683
6109.31 4.07394106701
6112.04 3.883355636
6114.78 4.01452646846
6117.51 3.85015336034
6120.25 3.83737485293
6122.98 3.8915469869
6125.72 3.32787282678
6128.45 3.84731369203
6131.19 3.58868543953
6133.92 4.04281393358
6136.66 3.83366144053
6139.39 3.24574088173
6142.13 3.43993050713
6144.86 4.18840154362
6147.6 3.50371382616
6150.33 3.70500262235
6153.07 3.68381432801
6155.8 3.71133726704
6158.54 3.45292745056
6161.27 3.84818743613
6164.01 3.54936695519
6166.74 3.74847139114
6169.48 3.44451766364
6172.21 3.60211925501
6174.95 3.72684622475
6177.68 3.76561861903
6180.42 3.40563605135
6183.15 3.43588944068
6185.88 3.72630013469
6188.62 3.87614724721
6191.35 3.57022759549
6194.09 3.68261292988
6196.82 3.74148143837
6199.56 4.0139803784
6202.29 4.02042424111
6205.03 3.59054214573
6207.76 3.45347354062
6210.5 3.63095281018
6213.23 3.53746219188
6215.97 3.5775452023
6218.7 3.65334250265
6221.44 3.71679816765
6224.17 3.48263474984
6226.91 3.76092224451
6229.64 3.5176937317
6232.38 3.4224556252
6235.11 3.50382304417
6237.85 3.75557056192
6240.58 3.70926212481
6243.32 3.61817430278
6246.05 3.3271083007
6248.79 3.87254305281
6251.52 3.7190917459
6254.26 3.59512930224
6256.99 3.3072306225
6259.73 3.28582389215
6262.46 3.17092654348
6265.2 3.68294058391
6267.93 3.68370511
6270.67 3.79314155806
6273.4 3.43468804255
6276.14 4.10801708676
6278.87 3.68938444662
6281.61 3.69320707705
6284.34 3.34130664226
6287.08 3.65181345048
6289.81 3.88117127576
6292.55 4.03789912304
6295.28 4.0321105684
6298.02 4.40476242547
6300.75 4.61435179057
6303.49 4.51321591142
6306.22 4.28626088241
6308.96 3.98918788967
6311.69 3.76878594137
6314.43 3.91098779305
6317.16 3.81968153498
6319.9 3.50491522429
6322.63 3.50382304417
6325.37 3.80384492324
6328.1 3.56389295079
6330.84 3.79587200836
6333.57 3.6419838294
6336.31 3.77042421156
6339.04 3.2590654792
6341.78 3.60069942085
6344.51 3.4941026411
6347.24 3.49945432369
6349.98 3.57295804579
6352.71 3.7544783818
6355.45 3.4713852946
6358.18 3.23831405691
6360.92 3.61577150651
6363.65 3.87221539877
6366.39 3.72083923409
6369.12 3.84218044546
6371.86 3.57678067621
6374.59 3.64624333187
6377.33 3.36369633473
6380.06 3.22127604703
6382.8 3.52632195465
6385.53 3.37374439184
6388.27 3.86227655968
6391.0 3.42114500906
6393.74 3.38128043467
6396.47 3.28167360769
6399.21 3.30122363184
6401.94 3.77839712643
6404.68 3.55810439615
6407.41 3.55329880363
6410.15 3.25917469721
6412.88 3.66207994361
6415.62 3.5267588267
6418.35 3.66841458831
6421.09 3.56323764272
6423.82 3.52501133851
6426.56 3.49268280694
6429.29 3.65683747904
6432.03 3.42311093328
6434.76 3.52752335278
6437.5 3.37024941545
6440.23 3.59076058175
6442.97 3.52610351863
6445.7 3.75316776565
6448.44 3.68512494415
6451.17 3.59512930224
6453.91 3.71144648506
6456.64 3.55712143405
6459.38 3.5530803676
6462.11 3.62079553506
6464.85 3.37374439184
6467.58 3.3706862875
6470.32 3.44342548352
6473.05 3.31815242371
6475.79 3.61457010838
6478.52 3.49508560321
6481.26 3.41360896623
6483.99 3.3108348169
6486.73 3.54303231049
6489.46 3.42496763948
6492.2 3.63215420832
6494.93 3.54805633905
6497.67 3.26616464998
6500.4 3.23470986251
6503.14 3.20074306077
6505.87 3.07022753638
6508.61 3.38128043467
6511.34 3.61762821272
6514.07 3.7136308453
6516.81 3.64777238404
6519.54 3.3870689893
6522.28 3.33693792178
6525.01 3.21450453029
6527.75 3.45991740333
6530.48 3.57055524953
6533.22 3.50666271249
6535.95 3.58824856748
6538.69 3.69419003915
6541.42 3.94058587431
6544.16 4.30013156994
6546.89 4.69200579713
6549.63 4.87571049337
6552.36 5.06520374426
6555.1 5.63870752547
6557.83 6.61992214561
6560.57 7.19298905477
6563.3 7.64318570039
6566.04 6.87352636956
6568.77 5.70194475444
6571.51 4.77512070429
6574.24 4.40825740185
6576.98 4.3143299115
6579.71 5.45849780561
6582.45 6.93927561281
6585.18 7.20937175658
6587.92 6.23471021716
6590.65 4.39624342053
6593.39 3.70445653228
6596.12 3.25393223263
6598.86 3.46832719026
6601.59 3.5630192067
6604.33 3.19003969559
6607.06 3.67005285849
6609.8 3.66317212373
6612.53 3.2554612848
6615.27 3.44408079159
6618.0 3.58311532091
6620.74 3.27140711456
6623.47 3.57787285633
6626.21 3.58704716934
6628.94 3.36653600304
6631.68 2.98219781868
6634.41 3.41404583828
6637.15 2.95675002188
6639.88 3.14995668517
6642.62 3.73580210174
6645.35 3.47968586351
6648.09 3.25240318046
6650.82 3.84086982932
6653.56 3.93523419172
6656.29 3.42868105189
6659.03 3.23350846438
6661.76 3.22990426998
6664.5 3.3698125434
6667.23 3.03986492904
6669.97 3.07962028542
6672.7 3.36970332539
6675.43 3.5775452023
6678.17 3.43392351647
6680.9 3.80417257728
6683.64 3.58529968115
6686.37 3.72258672228
6689.11 3.49311967899
6691.84 3.5948016482
6694.58 3.53516861363
6697.31 3.51081299694
6700.05 3.4287902699
6702.78 3.34305413045
6705.52 3.45849756918
6708.25 3.84141591938
6710.99 4.78418579929
6713.72 6.61904840152
6716.46 7.9426614894
6719.19 7.42496811234
6721.93 5.65279664902
6724.66 4.91197087337
6727.4 5.29991325213
6730.13 6.51299771183
6732.87 6.36708244774
6735.6 4.83398921278
6738.34 3.87166930871
6741.07 3.40530839731
6743.81 3.34086977021
6746.54 3.33387981744
6749.28 3.51441719134
6752.01 3.53505939561
6754.75 3.21548749239
6757.48 3.23110566811
6760.22 3.25109256432
6762.95 3.16011396029
6765.69 2.84622139369
6768.42 3.32863735286
6771.16 3.03757135078
6773.89 3.33781166588
6776.63 3.38958100358
6779.36 3.55471863778
6782.1 3.39842766256
6784.83 3.42835339785
6787.57 3.40825728364
6790.3 3.05351718054
6801.61 3.28702529028
6817.28 3.31760633365
6833.0 3.32547003052
6848.75 3.19058578565
6864.54 3.19812182848
6880.36 3.23536517058
6896.23 3.24301043143
6912.12 3.24311964944
6928.06 3.20620396137
6944.03 3.27348225679
6960.04 3.21395844022
6976.08 3.311708561
6992.16 3.29674569335
7008.28 3.21439531227
7024.44 3.15596367583
7040.63 3.25950235124
7056.86 3.34327256648
7073.13 3.11315021511
7089.43 3.15661898391
7105.78 3.12068625794
7122.16 3.08508118602
7138.57 2.9805595485
7155.03 2.98754950127
7171.52 2.93993044802
7188.06 2.91317203507
7204.62 2.96068187031
7221.24 3.06487585379
7237.88 3.08628258415
7254.56 3.12221531011
7271.29 3.01638305645
7288.05 3.03746213277
7304.85 3.13717817776
7321.69 3.1157714474
7338.57 3.10157310584
7355.49 3.14493265662
7372.44 3.08060324753
7389.44 3.13805192186
7406.47 3.12385358029
7423.54 3.03888196693
7440.66 3.15312400752
7457.81 3.15323322553
7475.0 3.16076926836
7492.24 3.13914410198
7509.51 3.15377931559
7526.82 3.19047656764
7544.17 3.18337739685
7561.56 3.13270023927
7578.99 3.06149009542
7596.46 3.03363950235
7613.98 2.99912661055
7631.53 2.99923582856
7649.12 3.00633499934
7666.75 2.88444769791
7684.43 2.93829217784
7702.14 2.89143765068
7719.9 2.85856302906
7737.69 2.89853682146
7755.53 2.74912658099
7773.41 2.87887757929
7791.33 2.87243371658
7809.29 2.86598985387
7827.29 2.92616897851
7845.34 2.87297980664
7863.42 2.89307592086
7881.55 2.86009208122
7899.72 2.88007897743
7917.93 2.78888193738
7936.18 2.77621264798
7954.48 2.70074300166
7972.81 2.77664952003
7991.19 2.82841885773
8009.61 2.77053331135
8028.08 2.85495883466
8046.58 2.90148570779
8065.13 2.88837954634
8083.72 2.78407634485
8102.36 2.71461368919
8121.04 2.82317639316
8139.76 2.7781785722
8158.52 2.7528399934
8177.33 2.72782906865
8196.18 2.65367003847
8215.07 2.7981654684
8234.01 2.68468795389
8252.99 2.79204925972
8272.02 2.83759317074
8291.09 2.71625195937
8310.2 2.72269582208
8329.36 2.64263901926
8348.56 2.65498065462
8367.8 2.73580198353
8387.09 2.65530830865
8406.43 2.66164295335
8425.81 2.70500250413
8445.23 2.50731790234
8464.7 2.62560100938
8484.21 2.67463989678
8503.77 2.56618641083
8523.37 2.50218465578
8543.02 2.55471851957
8562.71 2.60244679083
8582.46 2.62057698083
8602.24 2.54346906433
8622.07 2.5377897277
8641.94 2.6031020989
8661.87 2.51485394517
8681.83 2.4352340144
8701.85 2.50939304457
8721.91 2.53287491716
8742.01 2.59196186167
8762.16 2.45281811434
8782.37 2.49279190674
8802.61 2.53931877987
8822.9 2.59862416041
8843.24 2.56323752451
8863.63 2.522389988
8884.06 2.39799067229
8904.54 2.4824161956
8925.07 2.49399330487
8945.64 2.52894306873
8966.26 2.43763681066
8986.93 2.42660579145
9007.65 2.35517721157
9028.41 2.31771543345
9049.23 2.58278754866
9070.09 2.43840133675
9090.99 2.36129342025
9111.95 2.48416368379
9132.96 2.54215844818
9154.01 2.41120605175
9175.11 2.42245550699
9196.27 2.42267394301
9217.46 2.36227638236
9238.71 2.17944543021
9260.01 2.3789867382
9281.36 2.45139828018
9302.75 2.31443889308
9324.19 2.41262588591
9345.69 2.4071649853
9367.24 2.37429036368
9388.83 2.39646162012
9410.47 2.35288363332
9432.17 2.39678927416
9453.91 2.36959398916
9475.71 2.3916560276
9497.55 2.38630434501
9519.44 2.34294479423
9541.39 2.23252538406
9563.38 2.31651403531
9585.43 2.35430346748
9607.52 2.33289673712
9629.67 2.33300595513
9651.87 2.3118176608
9674.12 2.30668441423
9696.42 2.32284868001
9718.77 2.2964179211
9741.18 2.2755572808
9763.63 2.26529078767
9786.14 2.24464858339
9808.7 2.27086090628
9831.31 2.25535194857
9853.98 2.2555703846
9876.69 2.2401706449
9899.46 2.23001336978
9922.28 2.22509855924
9945.15 2.22520777725
9968.08 2.22029296671
9991.05 2.20522088105
10014.08 2.17507670973
10083.5 2.1358674434
10130.04 2.17092642527
10176.81 2.14646159057
10223.78 2.14187443407
10270.97 2.13728727756
10294.64 2.12265206395
10510.21 2.04270447914
10705.61 1.9471387186
10904.64 1.85091765
11107.37 1.78396700862
11287.85 1.72739207838
11497.72 1.6958280729
11711.47 1.63827018056
11901.77 1.57536060563
12095.16 1.5324379269
12291.69 1.49410240467
12491.41 1.44670178745
12694.38 1.40410676275
12900.64 1.36271313619
13110.26 1.33169522077
13292.64 1.28942785011
13508.63 1.26004820488
13696.56 1.22859341741
13887.1 1.18687213681
14112.74 1.14121900778
14309.07 1.11533433893
14508.13 1.11020109236
14709.96 1.07495643988
14914.6 1.07495643988
15087.31 1.07000886393
15297.18 1.07495643988
15509.98 1.06264756992
15689.58 1.03845578025
15907.85 1.00320020597
16092.06 1.00089570591
16315.92 0.991721392902
16504.84 0.97137407726
16695.96 0.958049479791
16889.29 0.93408704795
17084.87 0.912822301006
17282.69 0.871745406679
17482.81 0.847990489061
17685.26 0.815432599673
17890.05 0.785943736422
18097.21 0.748842377733
18306.75 0.728429531284
18518.74 0.705318999936
18690.1 0.672029349867
18906.5 0.655220697815
19081.45 0.641786882334
19302.41 0.618567132975
19481.0 0.592092686857
19706.59 0.575950264678
19888.94 0.557689013065
20119.25 0.546242965404
20305.39 0.526485427026
20493.28 0.518075640099
20682.89 0.503953751143
20922.39 0.490214125229
21116.0 0.480166068121
21311.37 0.468152086797
21508.57 0.457492408822
21707.59 0.440945879999
21908.44 0.432896512511
22111.16 0.420139848706
22315.74 0.408682879243
22522.23 0.398460073316
22678.34 0.386708215221
22888.19 0.349453951315
23099.98 0.346253863562
23313.71 0.305067751223
23475.32 0.287996975941
23692.52 0.291328125309
23911.76 0.268152063154
24077.49 0.260244679083
24300.29 0.257273949155
24525.15 0.240093955862
24695.14 0.2368064937
24923.65 0.204357822323
25096.4 0.202020556866
25328.62 0.202020556866
25504.18 0.200163850661
25680.98 0.201550919414
25918.59 0.197422478559
26098.26 0.196057253408
26279.15 0.19071649262
26522.32 0.188969004427
26706.15 0.184665814753
26891.29 0.182131956874
27077.68 0.179215835952
27328.23 0.175142004103
27517.65 0.172346022995
27708.41 0.168414174562
27900.46 0.166109674508
28093.88 0.162702072532
28288.6 0.159731342605
28484.67 0.156454802244
28682.14 0.152894295051
28880.94 0.150447811582
29081.15 0.147706439479
29282.71 0.144670178745
29485.71 0.141710370619
29690.08 0.139121903733
29895.9 0.136271313619
30103.11 0.133781142945
30311.8 0.131039770842
30521.89 0.129237673644
30733.44 0.127468341849
30875.33 0.125141998192
31089.33 0.123132386771
31304.85 0.121166462554
31521.83 0.119233303741
31667.31 0.117321988531
31886.84 0.115716483754
32107.85 0.114394945808
32330.43 0.113346452892
32479.65 0.113859777549
32704.81 0.117868078591
32931.49 0.131946280342
33083.49 0.130133261343
33312.83 0.112046758549
33466.58 0.104325045098
33698.59 0.100089570591
33932.15 0.097137407726
34088.77 0.0947083991382
34325.08 0.0927665028842
34483.51 0.0908628329344
34722.56 0.088999573649
34882.82 0.0871745406679
35124.59 0.0855832342325
35286.75 0.0838281007791
35531.33 0.0822979564304
35695.32 0.0806094459643
35860.11 0.0791382793422
36108.66 0.0776944172231
36275.32 0.0762756752467
36526.79 0.0747116733143
36695.38 0.073347540344
36864.74 0.0718436083182
37120.3 0.0703702573358
37291.63 0.0692453118118
37463.79 0.0676692958981
37723.46 0.0667409427958
37897.57 0.0655220697815
38072.52 0.0643261325497
38336.41 0.0632972988763
38513.35 0.0622859400848
38691.15 0.061008089344
38869.72 0.0598951578013
39139.14 0.0589373158357
39319.82 0.0578615184172
39501.3 0.0568053802408
39683.62 0.0557689013065
39866.82 0.0546242965404
40143.15 0.0538750609778
40328.42 0.0530133308628
40514.6 0.0519266116431
40701.6 0.0512145102046
40889.45 0.0505111462071
41078.22 0.0497040250981
41267.81 0.0489089179705
41458.28 0.0481269170043
41745.69 0.0473580221995
41938.36 0.046600049196
42131.92 0.0458551823539
42326.43 0.045329843716
42521.79 0.0446057282962
42718.04 0.0439930152487
42915.25 0.0424017088133
43113.33 0.0409622154146
43312.31 0.0408682879243
43512.22 0.0393905682214
43713.1 0.0385823549323
43914.85 0.038052647574
44117.54 0.0368457885409
44321.21 0.0365083048837
44525.77 0.0359239885193
44731.28 0.0350262164604
44937.79 0.0349453951315
45145.19 0.0343075619412
45249.26 0.0336041979437
45458.1 0.0334491083666
45667.96 0.0330668453244
45878.74 0.0322400649733
46090.49 0.0322400649733
46303.27 0.0317977320246
46516.98 0.0314329438644
46731.68 0.0312166922005
46947.37 0.0308595493012
47055.64 0.0304357834145
47272.82 0.0304357834145
47491.01 0.0299497632609
47710.25 0.0296745338706
47930.45 0.0294025810206
48151.67 0.0289995665562
48262.67 0.0289995665562
48485.47 0.0286020129924
48709.26 0.0282743589562
48934.07 0.0280144200876
49046.87 0.0277577577593
49273.3 0.0275032797913
49500.71 0.0272509861835
49729.18 0.0271308463702
49843.81 0.0269604662714
50073.92 0.027056578122
50305.03 0.0271505056124
50537.21 0.0271177402088
50653.71 0.0270707764636
50770.52 0.027147229072
50887.55 0.0272859359473
51004.85 0.0272367878419
51122.42 0.0272498940033
51240.26 0.0272619079847
51358.38 0.027273921966
51476.82 0.0273492823943
51595.47 0.0274235506425
51714.4 0.0274978188907
51833.61 0.0275720871388
51953.09 0.0275196624931
52072.85 0.0275928385611
52192.88 0.0276026681822
52313.24 0.0276124978033
52433.83 0.0276845816912
52554.69 0.0277577577593
52675.83 0.0279587189015
52797.26 0.0279663641623
52918.96 0.0279740094231
53041.0 0.027981654684
53163.26 0.0280537385719
53285.8 0.0281247302798
53408.63 0.0282612527948
53531.75 0.0282667136954
53655.14 0.0284032362104
53778.82 0.0284742279183
53902.84 0.0285452196261
54027.09 0.0286817421411
54151.63 0.0287516416688
54276.45 0.0287560103893
54401.56 0.0288925329044
54526.96 0.0290290554194
54652.65 0.0291000471272
54778.69 0.029169946655
54904.96 0.02930646917
55031.52 0.0294440838652
55158.37 0.0295816985603
55285.51 0.0297881206031
55412.95 0.0299967270061
55540.74 0.0299978191862
55668.76 0.0302064255892
55797.09 0.0304150319922
55925.7 0.0305559232277
56054.62 0.0307678061711
56183.83 0.0309086974066
56313.33 0.0311216725301
56443.2 0.0313368320138
56573.31 0.0316251675656
56703.71 0.0318414192294
56834.42 0.0320598552535
56965.43 0.0322793834577
57096.73 0.0326507246986
57228.41 0.0329488898714
57360.33 0.0333267841931
57492.55 0.0336315024467
57625.07 0.0340159498491
57757.9 0.0344047659719
57891.04 0.0348787721441
58024.48 0.035358239217
58158.29 0.0358442593706
58292.35 0.0363357404247
58426.72 0.036918964609
58561.4 0.0375983006439
58696.38 0.0382896506601
58831.68 0.0389930146576
58967.3 0.0398918788967
59104.54 0.032046749092
59405.38 0.0423252562049
59706.12 0.0469615608158
60006.86 0.0494375331487
60307.61 0.0467147281086
60608.35 0.0497640950047
60909.18 0.0526736628454
61209.93 0.0725011007507
61510.67 0.107040204877
61811.41 0.141655761613
62112.15 0.159633046394
62413.0 0.138805171498
62713.74 0.122782889132
63014.48 0.0995980895372
63315.22 0.0783824906989
63615.95 0.0731454870217
63916.8 0.0613761540445
64217.54 0.0585998321786
64518.28 0.0530744929496
64819.02 0.052098083922
65119.77 0.0507033699082
65420.6 0.0472313293056
65721.34 0.0400087421695
66022.08 0.0517005303581
66322.83 0.0498798660975
66623.57 0.0471144660327
66924.41 0.0499475812649
67225.15 0.0344178721333
67525.9 0.0475229413977
67826.63 0.0469976027598
68127.38 0.0431760645186
68428.22 0.0495445668005
68728.96 0.0513706919618
69029.7 0.0453527794985
69330.45 0.0464744484822
69631.19 0.0561981280938
69932.03 0.0696144686925
70232.77 0.0494899577945
70533.51 0.0473787736218
70834.25 0.0566055112787
71134.99 0.0525109280075
71435.83 0.0606629604259
71736.58 0.0522750171015
72037.32 0.0589056426123
72338.06 0.0653822707261
72638.8 0.0630340834673
72939.64 0.0551725709608
73240.38 0.0736009261319
73541.12 0.0773230759821
73841.86 0.0814274888745
74142.6 0.0901277957134
74443.44 0.105458728063
74744.18 0.105358247492
75044.92 0.0953800899123
75345.66 0.0857907484554
75947.15 0.135004384679
76548.73 0.122859341741
77150.21 0.11115117085
77751.7 0.110124521537
78353.28 0.106200318365
78954.77 0.0936948559865
79556.35 0.0801692973758
80157.83 0.0617474952855
80759.32 0.0559731389891
81360.89 0.0533890408242
81962.38 0.0537450915435
82563.86 0.0498809582776
83165.44 0.0526965986279
83766.92 0.0575742750455
84368.4 0.0542256507965
84969.99 0.0572542662703
85571.47 0.0661282297483
86173.06 0.0612756734735
86774.54 0.0566415532227
87376.03 0.0437549199824
87977.61 0.0357459631597
88579.09 0.0302184395705
89180.58 0.0286369627562
89782.15 0.0352348228634
90383.64 0.0276933191322
90985.12 0.0180198798061
91586.7 0.0183355198608
92188.18 0.0174311947212
92789.76 0.0189558781692
93391.24 0.0200021867245
93992.73 0.0180089580048
94594.3 0.0178342091856
95195.79 0.0170598534802
95797.28 0.0173995214977
96398.86 0.0180843184332
97000.34 0.0237308896555
97601.82 0.0181749693831
98203.41 0.0162964195761
98804.9 0.0167507665062
99406.48 0.0170107053748
100007.96 0.0163215397189
100609.44 0.0167846240899
101211.02 0.0169429902074
101812.5 0.0169801243315
102413.99 0.0181968129856
103015.56 0.0173809544356
103617.05 0.0173187001688
104218.53 0.0210757997829
104820.11 0.0335845387015
105421.6 0.0311598988343
106023.19 0.0215640042967
106624.66 0.0210375734786
107226.15 0.0202817848353
107827.74 0.020859548119
108429.22 0.0206924445606
109030.7 0.0244386223735
109632.28 0.0263532141245
110233.76 0.0306007026126
110835.25 0.0320522099926
111436.82 0.0476900449561
112038.31 0.0666164342621
112639.89 0.0700076535359
113241.37 0.0551594647994
113842.86 0.0417857192254
114444.44 0.0352075183604
115045.92 0.0304718253584
115647.41 0.0283202305213
116248.98 0.026348845404
116850.47 0.0241732226042
117451.95 0.0243326809018
118053.53 0.0254630873264
118655.02 0.0258071240643
119256.6 0.0270707764636
119858.08 0.0252697714451
120459.56 0.024752078068
121061.15 0.0234589368055
121662.63 0.0239045462946
122264.12 0.0233431657128
122865.69 0.0238270015061
123467.18 0.0255515539162
124068.67 0.0258792079523
124670.24 0.0270806060847
125271.73 0.0279849312243
125873.31 0.0297269585163
126474.79 0.0323842327492
127076.28 0.0347859368339
127677.86 0.0427522986319
128279.34 0.0504041125553
128880.82 0.0326070374938
129482.41 0.0221537815617
130083.88 0.0215694651973
130685.36 0.0191754063734
131286.95 0.0191666689324
131888.43 0.0181924442651
132489.91 0.0199912649233
133091.5 0.0217103564328
133692.98 0.0209239867461
134294.57 0.0223001336978
134896.05 0.0235801687989
135497.53 0.0222619073936
136099.12 0.0215978618804
136700.6 0.0186872018596
137302.08 0.0193818284162
137903.66 0.0202402819908
138505.14 0.0175578876151
139106.62 0.0185113608602
139708.21 0.0163477520418
140309.69 0.0187538248469
140911.28 0.0188138947536
141512.76 0.0245980806711
142114.24 0.0194397139625
142715.83 0.0191502862306
143317.31 0.016349936402
143918.79 0.0177064241115
144974.56 0.0203090893384
145816.73 0.0198154239239
146658.88 0.0196450438252
147501.03 0.0178374857259
148343.09 0.0162057686261
149185.24 0.015587594678
150027.4 0.0203593296239
150869.45 0.0198547424083
151711.61 0.0202391898107
152553.76 0.0205340784432
153395.82 0.0185583246054
154237.97 0.020768897169
155080.14 0.0466939766864
155922.2 0.0621625237312
156764.35 0.0326791213817
157606.5 0.0213706884154
158448.55 0.0223940611882
159290.71 0.0244899548391
160132.87 0.0240181330271
160975.02 0.0203636983444
161817.08 0.0218184822647
162659.25 0.0239143759157
163501.38 0.0260659707528
164343.46 0.0289657089724
165185.6 0.0276681989894
166027.75 0.0261522529824
166869.82 0.0266164295335
167711.96 0.0253920956186
168554.13 0.0256236378041
169396.17 0.0252828776065
170238.34 0.0276769364304
171080.49 0.0276834895111
171922.53 0.0277785091816
172764.7 0.0267616894895
173606.86 0.0269724802528
174449.01 0.0245696839879
175291.07 0.0254914840095
176133.23 0.027029273619
176975.37 0.0275185703129
177817.45 0.0263313705221
178659.6 0.0256258221643
179501.75 0.0255067745312
180343.81 0.0231520341917
181185.95 0.0241186135982
182028.11 0.025078639924
182870.17 0.0250185700174
183712.33 0.0244735721373
184554.48 0.0241218901386
185396.52 0.0238270015061
186238.69 0.0353658844778
187080.86 0.0583934101358
187923.01 0.0454237712064
188765.05 0.0288761502026
189607.22 0.0252839697867
190449.36 0.0252206233397
191291.43 0.023282003626
192133.59 0.0246559662174
192975.74 0.0226245111935
193817.8 0.0231716934339
194659.97 0.0227675867893
195502.1 0.0242442143121
196344.16 0.0240214095675
197186.31 0.0236238560037
198028.47 0.0218446945876
198870.54 0.0235517721157
199712.68 0.0246931003415
200554.85 0.0252577574638
201397.0 0.0255941489408
202239.04 0.0236183951031
203081.21 0.0236413308856
204765.42 0.0225699021875
206449.73 0.0248525586391
208133.95 0.0243490636036
209818.15 0.0236642666681
211502.45 0.0249541313903
213186.67 0.0245554856464
214870.99 0.0246472287765
216555.2 0.0248733100614
218239.41 0.0245107062614
219923.73 0.0245281811434
221607.94 0.0239132837356
223292.14 0.0249683297319
224976.44 0.0258759314119
226660.67 0.0245478403855
228344.97 0.0253331178921
230029.19 0.0253484084138
231713.4 0.0248733100614
233397.72 0.0246931003415
235081.93 0.0255024058107
236766.14 0.0255351712143
238450.43 0.0257121043938
240134.66 0.0267649660299
241818.96 0.0260506802312
243503.17 0.0261828340257
245187.39 0.026357582845
246871.71 0.0259731354426
248555.92 0.0262898676775
250240.13 0.026466800857
251924.45 0.026865446601
253608.66 0.0269899551347
255292.95 0.0270500250413
256977.16 0.0265967702914
258661.37 0.0261446077215
260345.69 0.0273263466118
262029.91 0.0266164295335
263714.12 0.027501095431
265398.42 0.0271035418672
267082.63 0.0268414186383
268766.94 0.0269124103461
270451.15 0.027147229072
272135.39 0.027555704437
273819.7 0.0271810866558
275503.88 0.0275251233937
277188.09 0.0271264776497
278872.42 0.0268042845142
280556.64 0.0273066873696
282240.94 0.0272455252829
283925.15 0.0278200120262
285609.36 0.0279106629762
287293.67 0.0282131968695
288977.88 0.028027526249
290662.09 0.0287450885881
292346.4 0.0288969016249
294030.61 0.0286609907189
295714.91 0.0290443459411
297399.16 0.0285539570671
299083.37 0.0284906106201
300767.67 0.0284633061171
302451.88 0.0285681554086
304136.1 0.0286489767375
305820.4 0.029007211817
307504.61 0.0288969016249
309188.92 0.0290869409658
310873.13 0.0295412878959
312557.34 0.029369815617
314241.64 0.0304357834145
315925.89 0.0301168668193
317610.1 0.0297761066218
319294.4 0.0294003966604
320978.58 0.0313990862806
322662.92 0.0308005715747
324347.13 0.0302490206139
326031.34 0.0302282691916
327715.65 0.0308300604379
329399.86 0.0310659713439
331084.07 0.0327118867853
332768.41 0.039124076272
334452.62 0.057052212948
336136.89 0.0386271343173
337821.1 0.0336325946268
339505.35 0.0342354780532
341189.62 0.0312188765608
342873.83 0.0320445647318
344558.04 0.0327959846546
346242.38 0.039931197381
347926.56 0.0461325961045
