9310.0 2.06115361819e-09
9311.0 2.14702284943e-09
9312.0 2.2364694583e-09
9313.0 2.32964248108e-09
9314.0 2.42669716303e-09
9315.0 2.527795217e-09
9316.0 2.63310509298e-09
9317.0 2.74280225867e-09
9318.0 2.8570694919e-09
9319.0 2.97609718517e-09
9320.0 3.10008366288e-09
9321.0 3.22923551176e-09
9322.0 3.3637679251e-09
9323.0 3.50390506134e-09
9324.0 3.64988041749e-09
9325.0 3.80193721823e-09
9326.0 3.9603288212e-09
9327.0 4.12531913907e-09
9328.0 4.29718307934e-09
9329.0 4.47620700234e-09
9330.0 4.66268919842e-09
9331.0 4.85694038491e-09
9332.0 5.05928422387e-09
9333.0 5.27005786137e-09
9334.0 5.48961248924e-09
9335.0 5.71831393021e-09
9336.0 5.9565432475e-09
9337.0 6.20469737967e-09
9338.0 6.46318980209e-09
9339.0 6.7324512158e-09
9340.0 7.01293026516e-09
9341.0 7.30509428542e-09
9342.0 7.60943008137e-09
9343.0 7.92644473845e-09
9344.0 8.25666646766e-09
9345.0 8.60064548568e-09
9346.0 8.95895493163e-09
9347.0 9.33219182205e-09
9348.0 9.72097804563e-09
9349.0 1.01259613994e-08
9350.0 1.05478166682e-08
9351.0 1.09872467488e-08
9352.0 1.14449838212e-08
9353.0 1.19217905686e-08
9354.0 1.24184614482e-08
9355.0 1.29358240149e-08
9356.0 1.34747403e-08
9357.0 1.40361082478e-08
9358.0 1.46208632118e-08
9359.0 1.52299795128e-08
9360.0 1.58644720625e-08
9361.0 1.65253980548e-08
9362.0 1.7213858727e-08
9363.0 1.79310011947e-08
9364.0 1.86780203634e-08
9365.0 1.94561609191e-08
9366.0 2.02667194024e-08
9367.0 2.11110463688e-08
9368.0 2.1990548639e-08
9369.0 2.29066916427e-08
9370.0 2.38610018607e-08
9371.0 2.48550693682e-08
9372.0 2.5890550484e-08
9373.0 2.69691705303e-08
9374.0 2.80927267078e-08
9375.0 2.92630910896e-08
9376.0 3.04822137412e-08
9377.0 3.17521259688e-08
9378.0 3.30749437048e-08
9379.0 3.44528710326e-08
9380.0 3.58882038596e-08
9381.0 3.73833337422e-08
9382.0 3.89407518711e-08
9383.0 4.05630532217e-08
9384.0 4.22529408779e-08
9385.0 4.40132305364e-08
9386.0 4.58468551978e-08
9387.0 4.77568700536e-08
9388.0 4.9746457577e-08
9389.0 5.18189328253e-08
9390.0 5.39777489637e-08
9391.0 5.62265030186e-08
9392.0 5.85689418714e-08
9393.0 6.10089685013e-08
9394.0 6.35506484886e-08
9395.0 6.61982167885e-08
9396.0 6.89560847877e-08
9397.0 7.18288476545e-08
9398.0 7.48212919954e-08
9399.0 7.79384038302e-08
9400.0 8.11853769004e-08
9401.0 8.45676213221e-08
9402.0 8.80907726012e-08
9403.0 9.17607010226e-08
9404.0 9.55835214319e-08
9405.0 9.95656034233e-08
9406.0 1.03713581953e-07
9407.0 1.08034368395e-07
9408.0 1.12535162055e-07
9409.0 1.17223462168e-07
9410.0 1.22107080392e-07
9411.0 1.27194153824e-07
9412.0 1.32493158559e-07
9413.0 1.38012923812e-07
9414.0 1.4376264663e-07
9415.0 1.49751907215e-07
9416.0 1.55990684886e-07
9417.0 1.6248937471e-07
9418.0 1.69258804817e-07
9419.0 1.76310254447e-07
9420.0 1.8365547274e-07
9421.0 1.91306698313e-07
9422.0 1.99276679653e-07
9423.0 2.07578696358e-07
9424.0 2.16226581263e-07
9425.0 2.25234743488e-07
9426.0 2.34618192448e-07
9427.0 2.44392562859e-07
9428.0 2.54574140792e-07
9429.0 2.65179890805e-07
9430.0 2.76227484211e-07
9431.0 2.87735328523e-07
9432.0 2.99722598123e-07
9433.0 3.12209266209e-07
9434.0 3.25216138077e-07
9435.0 3.38764885786e-07
9436.0 3.52878084265e-07
9437.0 3.67579248931e-07
9438.0 3.82892874867e-07
9439.0 3.98844477638e-07
9440.0 4.15460635803e-07
9441.0 4.32769035201e-07
9442.0 4.50798515078e-07
9443.0 4.69579116143e-07
9444.0 4.89142130619e-07
9445.0 5.09520154382e-07
9446.0 5.30747141271e-07
9447.0 5.52858459661e-07
9448.0 5.75890951396e-07
9449.0 5.99882993172e-07
9450.0 6.24874560478e-07
9451.0 6.50907294206e-07
9452.0 6.78024570032e-07
9453.0 7.06271570682e-07
9454.0 7.35695361221e-07
9455.0 7.66344967469e-07
9456.0 7.98271457687e-07
9457.0 8.31528027664e-07
9458.0 8.66170089354e-07
9459.0 9.02255363197e-07
9460.0 9.39843974294e-07
9461.0 9.78998552588e-07
9462.0 1.01978433721e-06
9463.0 1.06226928518e-06
9464.0 1.10652418464e-06
9465.0 1.15262277279e-06
9466.0 1.20064185876e-06
9467.0 1.25066145156e-06
9468.0 1.30276489342e-06
9469.0 1.35703899862e-06
9470.0 1.41357419817e-06
9471.0 1.47246469044e-06
9472.0 1.53380859815e-06
9473.0 1.59770813182e-06
9474.0 1.66426976012e-06
9475.0 1.73360438717e-06
9476.0 1.80582753744e-06
9477.0 1.88105954813e-06
9478.0 1.95942576971e-06
9479.0 2.04105677478e-06
9480.0 2.12608857559e-06
9481.0 2.21466285069e-06
9482.0 2.30692718094e-06
9483.0 2.40303529545e-06
9484.0 2.50314732764e-06
9485.0 2.60743008212e-06
9486.0 2.71605731254e-06
9487.0 2.82921001111e-06
9488.0 2.94707671016e-06
9489.0 3.06985379622e-06
9490.0 3.19774583726e-06
9491.0 3.33096592345e-06
9492.0 3.46973602228e-06
9493.0 3.61428734828e-06
9494.0 3.76486074832e-06
9495.0 3.92170710279e-06
9496.0 4.08508774368e-06
9497.0 4.25527488988e-06
9498.0 4.43255210076e-06
9499.0 4.61721474859e-06
9500.0 4.80957051061e-06
9501.0 5.00993988167e-06
9502.0 5.21865670813e-06
9503.0 5.43606874409e-06
9504.0 5.66253823072e-06
9505.0 5.89844249978e-06
9506.0 6.14417460221e-06
9507.0 6.40014396299e-06
9508.0 6.66677706318e-06
9509.0 6.94451815044e-06
9510.0 7.23382997913e-06
9511.0 7.5351945812e-06
9512.0 7.84911406923e-06
9513.0 8.17611147294e-06
9514.0 8.51673161041e-06
9515.0 8.8715419958e-06
9516.0 9.24113378466e-06
9517.0 9.62612275876e-06
9518.0 1.00271503519e-05
9519.0 1.04448847183e-05
9520.0 1.08800218458e-05
9521.0 1.13332867152e-05
9522.0 1.18054345077e-05
9523.0 1.22972518632e-05
9524.0 1.28095581903e-05
9525.0 1.33432070315e-05
9526.0 1.38990874846e-05
9527.0 1.44781256841e-05
9528.0 1.50812863435e-05
9529.0 1.57095743622e-05
9530.0 1.63640364993e-05
9531.0 1.70457631172e-05
9532.0 1.77558899973e-05
9533.0 1.84956002323e-05
9534.0 1.92661261961e-05
9535.0 2.00687515963e-05
9536.0 2.09048136127e-05
9537.0 2.17757051236e-05
9538.0 2.26828770259e-05
9539.0 2.36278406512e-05
9540.0 2.46121702825e-05
9541.0 2.56375057762e-05
9542.0 2.67055552925e-05
9543.0 2.781809814e-05
9544.0 2.89769877385e-05
9545.0 3.0184154705e-05
9546.0 3.14416100686e-05
9547.0 3.27514486187e-05
9548.0 3.41158523926e-05
9549.0 3.5537094309e-05
9550.0 3.70175419513e-05
9551.0 3.855966151e-05
9552.0 4.01660218876e-05
9553.0 4.18392989755e-05
9554.0 4.3582280108e-05
9555.0 4.53978687024e-05
9556.0 4.72890890914e-05
9557.0 4.92590915568e-05
9558.0 5.13111575732e-05
9559.0 5.34487052686e-05
9560.0 5.56752951133e-05
9561.0 5.79946358445e-05
9562.0 6.04105906383e-05
9563.0 6.29271835369e-05
9564.0 6.55486061449e-05
9565.0 6.82792246023e-05
9566.0 7.11235868484e-05
9567.0 7.40864301874e-05
9568.0 7.71726891687e-05
9569.0 8.0387503794e-05
9570.0 8.37362280668e-05
9571.0 8.72244388954e-05
9572.0 9.08579453679e-05
9573.0 9.46427984106e-05
9574.0 9.8585300849e-05
9575.0 0.000102692017886
9576.0 0.000106969788016
9577.0 0.000111425734389
9578.0 0.000116067276655
9579.0 0.000120902143289
9580.0 0.000125938384434
9581.0 0.000131184385277
9582.0 0.00013664887998
9583.0 0.000142340966186
9584.0 0.00014827012013
9585.0 0.000154446212373
9586.0 0.000160879524195
9587.0 0.000167580764661
9588.0 0.000174561088396
9589.0 0.0001818321141
9590.0 0.000189405943825
9591.0 0.000197295183056
9592.0 0.000205512961618
9593.0 0.000214072955453
9594.0 0.000222989409295
9595.0 0.000232277160288
9596.0 0.000241951662575
9597.0 0.000252029012908
9598.0 0.000262525977316
9599.0 0.000273460018873
9600.0 0.000284849326619
9601.0 0.000296712845668
9602.0 0.000309070308564
9603.0 0.000321942267931
9604.0 0.000335350130466
9605.0 0.000349316192339
9606.0 0.000363863676048
9607.0 0.000379016768794
9608.0 0.00039480066244
9609.0 0.000411241595106
9610.0 0.000428366894486
9611.0 0.000446205022937
9612.0 0.000464785624423
9613.0 0.000484139573398
9614.0 0.000504299025673
9615.0 0.000525297471397
9616.0 0.000547169790185
9617.0 0.000569952308522
9618.0 0.000593682859509
9619.0 0.000618400845054
9620.0 0.000644147300607
9621.0 0.000670964962538
9622.0 0.000698898338263
9623.0 0.000727993779233
9624.0 0.000758299556894
9625.0 0.000789865941736
9626.0 0.000822745285564
9627.0 0.000856992107097
9628.0 0.000892663181055
9629.0 0.000929817630843
9630.0 0.000968517024997
9631.0 0.00100882547752
9632.0 0.00105080975228
9633.0 0.00109453937159
9634.0 0.00114008672922
9635.0 0.00118752720787
9636.0 0.00123693930142
9637.0 0.00128840474205
9638.0 0.0013420086325
9639.0 0.00139783958349
9640.0 0.00145598985677
9641.0 0.00151655551374
9642.0 0.00157963657006
9643.0 0.00164533715632
9644.0 0.00171376568508
9645.0 0.00178503502456
9646.0 0.00185926267904
9647.0 0.00193657097649
9648.0 0.00201708726343
9649.0 0.00210094410744
9650.0 0.00218827950759
9651.0 0.00227923711295
9652.0 0.00237396644965
9653.0 0.00247262315663
9654.0 0.00257536923048
9655.0 0.00268237327963
9656.0 0.00279381078828
9657.0 0.00290986439031
9658.0 0.00303072415355
9659.0 0.00315658787481
9660.0 0.00328766138593
9661.0 0.00342415887122
9662.0 0.00356630319671
9663.0 0.0037143262516
9664.0 0.00386846930214
9665.0 0.0040289833585
9666.0 0.0041961295549
9667.0 0.00437017954344
9668.0 0.00455141590201
9669.0 0.00474013255667
9670.0 0.0049366352189
9671.0 0.00514124183814
9672.0 0.00535428306998
9673.0 0.00557610276038
9674.0 0.00580705844638
9675.0 0.0060475218736
9676.0 0.00629787953095
9677.0 0.00655853320288
9678.0 0.00682990053959
9679.0 0.00711241564538
9680.0 0.0074065296857
9681.0 0.00771271151291
9682.0 0.00803144831126
9683.0 0.00836324626118
9684.0 0.00870863122316
9685.0 0.00906814944136
9686.0 0.00944236826706
9687.0 0.00983187690215
9688.0 0.0102372871624
9689.0 0.010659234261
9690.0 0.0110983776115
9691.0 0.0115554016506
9692.0 0.0120310166809
9693.0 0.0125259597317
9694.0 0.0130409954389
9695.0 0.0135769169437
9696.0 0.0141345468074
9697.0 0.0147147379437
9698.0 0.0153183745665
9699.0 0.0159463731523
9700.0 0.0165996834158
9701.0 0.0172792892976
9702.0 0.0179862099621
9703.0 0.0187215008037
9704.0 0.0194862544597
9705.0 0.0202816018271
9706.0 0.0211087130808
9707.0 0.0219687986904
9708.0 0.0228631104333
9709.0 0.0237929423982
9710.0 0.0247596319787
9711.0 0.0257645608496
9712.0 0.0268091559236
9713.0 0.0278948902815
9714.0 0.0290232840727
9715.0 0.0301959053784
9716.0 0.0314143710316
9717.0 0.0326803473879
9718.0 0.0339955510384
9719.0 0.0353617494582
9720.0 0.0367807615809
9721.0 0.0382544582907
9722.0 0.0397847628227
9723.0 0.0413736510601
9724.0 0.0430231517185
9725.0 0.0447353464057
9726.0 0.0465123695438
9727.0 0.0483564081418
9728.0 0.0502697014053
9729.0 0.0522545401682
9730.0 0.0543132661326
9731.0 0.0564482709015
9732.0 0.0586619947875
9733.0 0.0609569253825
9734.0 0.06333559587
9735.0 0.0658005830639
9736.0 0.0683545051557
9737.0 0.0710000191508
9738.0 0.073739817979
9739.0 0.0765766272574
9740.0 0.0795132016898
9741.0 0.0825523210848
9742.0 0.0856967859736
9743.0 0.0889494128124
9744.0 0.0923130287523
9745.0 0.0957904659617
9746.0 0.0993845554878
9747.0 0.103098120645
9748.0 0.106933969919
9749.0 0.110894889378
9750.0 0.114983634587
9751.0 0.119202922022
9752.0 0.123555419977
9753.0 0.12804373898
9754.0 0.132670421711
9755.0 0.137437932448
9756.0 0.14234864604
9757.0 0.147404836444
9758.0 0.152608664843
9759.0 0.157962167372
9760.0 0.163467242506
9761.0 0.169125638135
9762.0 0.174938938384
9763.0 0.180908550235
9764.0 0.187035690013
9765.0 0.193321369802
9766.0 0.19976638387
9767.0 0.20637129518
9768.0 0.213136422084
9769.0 0.220061825287
9770.0 0.227147295176
9771.0 0.23439233963
9772.0 0.241796172407
9773.0 0.249357702227
9774.0 0.257075522654
9775.0 0.264947902903
9776.0 0.272972779679
9777.0 0.281147750161
9778.0 0.28947006624
9779.0 0.297936630121
9780.0 0.306543991388
9781.0 0.315288345622
9782.0 0.324165534656
9783.0 0.333171048548
9784.0 0.34230002933
9785.0 0.351547276576
9786.0 0.360907254837
9787.0 0.370374102954
9788.0 0.379941645253
9789.0 0.389603404607
9790.0 0.399352617339
9791.0 0.409182249909
9792.0 0.419085017312
9793.0 0.429053403117
9794.0 0.439079681021
9795.0 0.449155937816
9796.0 0.459274097617
9797.0 0.469425947208
9798.0 0.479603162334
9799.0 0.489797334775
9800.0 0.5
9801.0 0.510202665225
9802.0 0.520396837666
9803.0 0.530574052792
9804.0 0.540725902383
9805.0 0.550844062184
9806.0 0.560920318979
9807.0 0.570946596883
9808.0 0.580914982688
9809.0 0.590817750091
9810.0 0.600647382661
9811.0 0.610396595393
9812.0 0.620058354747
9813.0 0.629625897046
9814.0 0.639092745163
9815.0 0.648452723424
9816.0 0.65769997067
9817.0 0.666828951452
9818.0 0.675834465344
9819.0 0.684711654378
9820.0 0.693456008612
9821.0 0.702063369879
9822.0 0.71052993376
9823.0 0.718852249839
9824.0 0.727027220321
9825.0 0.735052097097
9826.0 0.742924477346
9827.0 0.750642297773
9828.0 0.758203827593
9829.0 0.76560766037
9830.0 0.772852704824
9831.0 0.779938174713
9832.0 0.786863577916
9833.0 0.79362870482
9834.0 0.80023361613
9835.0 0.806678630198
9836.0 0.812964309987
9837.0 0.819091449765
9838.0 0.825061061616
9839.0 0.830874361865
9840.0 0.836532757494
9841.0 0.842037832628
9842.0 0.847391335157
9843.0 0.852595163556
9844.0 0.85765135396
9845.0 0.862562067552
9846.0 0.867329578289
9847.0 0.87195626102
9848.0 0.876444580023
9849.0 0.880797077978
9850.0 0.885016365413
9851.0 0.889105110622
9852.0 0.893066030081
9853.0 0.896901879355
9854.0 0.900615444512
9855.0 0.904209534038
9856.0 0.907686971248
9857.0 0.911050587188
9858.0 0.914303214026
9859.0 0.917447678915
9860.0 0.92048679831
9861.0 0.923423372743
9862.0 0.926260182021
9863.0 0.928999980849
9864.0 0.931645494844
9865.0 0.934199416936
9866.0 0.93666440413
9867.0 0.939043074618
9868.0 0.941338005212
9869.0 0.943551729098
9870.0 0.945686733867
9871.0 0.947745459832
9872.0 0.949730298595
9873.0 0.951643591858
9874.0 0.953487630456
9875.0 0.955264653594
9876.0 0.956976848281
9877.0 0.95862634894
9878.0 0.960215237177
9879.0 0.961745541709
9880.0 0.963219238419
9881.0 0.964638250542
9882.0 0.966004448962
9883.0 0.967319652612
9884.0 0.968585628968
9885.0 0.969804094622
9886.0 0.970976715927
9887.0 0.972105109719
9888.0 0.973190844076
9889.0 0.97423543915
9890.0 0.975240368021
9891.0 0.976207057602
9892.0 0.977136889567
9893.0 0.97803120131
9894.0 0.978891286919
9895.0 0.979718398173
9896.0 0.98051374554
9897.0 0.981278499196
9898.0 0.982013790038
9899.0 0.982720710702
9900.0 0.983400316584
9901.0 0.984053626848
9902.0 0.984681625433
9903.0 0.985285262056
9904.0 0.985865453193
9905.0 0.986423083056
9906.0 0.986959004561
9907.0 0.987474040268
9908.0 0.987968983319
9909.0 0.988444598349
9910.0 0.988901622389
9911.0 0.989340765739
9912.0 0.989762712838
9913.0 0.990168123098
9914.0 0.990557631733
9915.0 0.990931850559
9916.0 0.991291368777
9917.0 0.991636753739
9918.0 0.991968551689
9919.0 0.992287288487
9920.0 0.992593470314
9921.0 0.992887584355
9922.0 0.99317009946
9923.0 0.993441466797
9924.0 0.993702120469
9925.0 0.993952478126
9926.0 0.994192941554
9927.0 0.99442389724
9928.0 0.99464571693
9929.0 0.994858758162
9930.0 0.995063364781
9931.0 0.995259867443
9932.0 0.995448584098
9933.0 0.995629820457
9934.0 0.995803870445
9935.0 0.995971016642
9936.0 0.996131530698
9937.0 0.996285673748
9938.0 0.996433696803
9939.0 0.996575841129
9940.0 0.996712338614
9941.0 0.996843412125
9942.0 0.996969275846
9943.0 0.99709013561
9944.0 0.997206189212
9945.0 0.99731762672
9946.0 0.99742463077
9947.0 0.997527376843
9948.0 0.99762603355
9949.0 0.997720762887
9950.0 0.997811720492
9951.0 0.997899055893
9952.0 0.997982912737
9953.0 0.998063429024
9954.0 0.998140737321
9955.0 0.998214964975
9956.0 0.998286234315
9957.0 0.998354662844
9958.0 0.99842036343
9959.0 0.998483444486
9960.0 0.998544010143
9961.0 0.998602160417
9962.0 0.998657991368
9963.0 0.998711595258
9964.0 0.998763060699
9965.0 0.998812472792
9966.0 0.998859913271
9967.0 0.998905460628
9968.0 0.998949190248
9969.0 0.998991174522
9970.0 0.999031482975
9971.0 0.999070182369
9972.0 0.999107336819
9973.0 0.999143007893
9974.0 0.999177254714
9975.0 0.999210134058
9976.0 0.999241700443
9977.0 0.999272006221
9978.0 0.999301101662
9979.0 0.999329035037
9980.0 0.999355852699
9981.0 0.999381599155
9982.0 0.99940631714
9983.0 0.999430047691
9984.0 0.99945283021
9985.0 0.999474702529
9986.0 0.999495700974
9987.0 0.999515860427
9988.0 0.999535214376
9989.0 0.999553794977
9990.0 0.999571633106
9991.0 0.999588758405
9992.0 0.999605199338
9993.0 0.999620983231
9994.0 0.999636136324
9995.0 0.999650683808
9996.0 0.99966464987
9997.0 0.999678057732
9998.0 0.999690929691
9999.0 0.999703287154
10000.0 0.999715150673
10001.0 0.999726539981
10002.0 0.999737474023
10003.0 0.999747970987
10004.0 0.999758048337
10005.0 0.99976772284
10006.0 0.999777010591
10007.0 0.999785927045
10008.0 0.999794487038
10009.0 0.999802704817
10010.0 0.999810594056
10011.0 0.999818167886
10012.0 0.999825438912
10013.0 0.999832419235
10014.0 0.999839120476
10015.0 0.999845553788
10016.0 0.99985172988
10017.0 0.999857659034
10018.0 0.99986335112
10019.0 0.999868815615
10020.0 0.999874061616
10021.0 0.999879097857
10022.0 0.999883932723
10023.0 0.999888574266
10024.0 0.999893030212
10025.0 0.999897307982
10026.0 0.999901414699
10027.0 0.999905357202
10028.0 0.999909142055
10029.0 0.999912775561
10030.0 0.999916263772
10031.0 0.999919612496
10032.0 0.999922827311
10033.0 0.99992591357
10034.0 0.999928876413
10035.0 0.999931720775
10036.0 0.999934451394
10037.0 0.999937072816
10038.0 0.999939589409
10039.0 0.999942005364
10040.0 0.999944324705
10041.0 0.999946551295
10042.0 0.999948688842
10043.0 0.999950740908
10044.0 0.999952710911
10045.0 0.999954602131
10046.0 0.99995641772
10047.0 0.999958160701
10048.0 0.999959833978
10049.0 0.999961440338
10050.0 0.999962982458
10051.0 0.999964462906
10052.0 0.999965884148
10053.0 0.999967248551
10054.0 0.99996855839
10055.0 0.999969815845
10056.0 0.999971023012
10057.0 0.999972181902
10058.0 0.999973294445
10059.0 0.999974362494
10060.0 0.99997538783
10061.0 0.999976372159
10062.0 0.999977317123
10063.0 0.999978224295
10064.0 0.999979095186
10065.0 0.999979931248
10066.0 0.999980733874
10067.0 0.9999815044
10068.0 0.99998224411
10069.0 0.999982954237
10070.0 0.999983635964
10071.0 0.999984290426
10072.0 0.999984918714
10073.0 0.999985521874
10074.0 0.999986100913
10075.0 0.999986656793
10076.0 0.999987190442
10077.0 0.999987702748
10078.0 0.999988194565
10079.0 0.999988666713
10080.0 0.999989119978
10081.0 0.999989555115
10082.0 0.99998997285
10083.0 0.999990373877
10084.0 0.999990758866
10085.0 0.999991128458
10086.0 0.999991483268
10087.0 0.999991823889
10088.0 0.999992150886
10089.0 0.999992464805
10090.0 0.99999276617
10091.0 0.999993055482
10092.0 0.999993333223
10093.0 0.999993599856
10094.0 0.999993855825
10095.0 0.999994101558
10096.0 0.999994337462
10097.0 0.999994563931
10098.0 0.999994781343
10099.0 0.99999499006
10100.0 0.999995190429
10101.0 0.999995382785
10102.0 0.999995567448
10103.0 0.999995744725
10104.0 0.999995914912
10105.0 0.999996078293
10106.0 0.999996235139
10107.0 0.999996385713
10108.0 0.999996530264
10109.0 0.999996669034
10110.0 0.999996802254
10111.0 0.999996930146
10112.0 0.999997052923
10113.0 0.99999717079
10114.0 0.999997283943
10115.0 0.99999739257
10116.0 0.999997496853
10117.0 0.999997596965
10118.0 0.999997693073
10119.0 0.999997785337
10120.0 0.999997873911
10121.0 0.999997958943
10122.0 0.999998040574
10123.0 0.99999811894
10124.0 0.999998194172
10125.0 0.999998266396
10126.0 0.99999833573
10127.0 0.999998402292
10128.0 0.999998466191
10129.0 0.999998527535
10130.0 0.999998586426
10131.0 0.999998642961
10132.0 0.999998697235
10133.0 0.999998749339
10134.0 0.999998799358
10135.0 0.999998847377
10136.0 0.999998893476
10137.0 0.999998937731
10138.0 0.999998980216
10139.0 0.999999021001
10140.0 0.999999060156
10141.0 0.999999097745
10142.0 0.99999913383
10143.0 0.999999168472
10144.0 0.999999201729
10145.0 0.999999233655
10146.0 0.999999264305
10147.0 0.999999293728
10148.0 0.999999321975
10149.0 0.999999349093
10150.0 0.999999375125
10151.0 0.999999400117
10152.0 0.999999424109
10153.0 0.999999447142
10154.0 0.999999469253
10155.0 0.99999949048
10156.0 0.999999510858
10157.0 0.999999530421
10158.0 0.999999549201
10159.0 0.999999567231
10160.0 0.999999584539
10161.0 0.999999601156
10162.0 0.999999617107
10163.0 0.999999632421
10164.0 0.999999647122
10165.0 0.999999661235
10166.0 0.999999674784
10167.0 0.999999687791
10168.0 0.999999700277
10169.0 0.999999712265
10170.0 0.999999723773
10171.0 0.99999973482
10172.0 0.999999745426
10173.0 0.999999755607
10174.0 0.999999765382
10175.0 0.999999774765
10176.0 0.999999783773
10177.0 0.999999792421
10178.0 0.999999800723
10179.0 0.999999808693
10180.0 0.999999816345
10181.0 0.99999982369
10182.0 0.999999830741
10183.0 0.999999837511
10184.0 0.999999844009
10185.0 0.999999850248
10186.0 0.999999856237
10187.0 0.999999861987
10188.0 0.999999867507
10189.0 0.999999872806
10190.0 0.999999877893
10191.0 0.999999882777
10192.0 0.999999887465
10193.0 0.999999891966
10194.0 0.999999896286
10195.0 0.999999900434
10196.0 0.999999904416
10197.0 0.999999908239
10198.0 0.999999911909
10199.0 0.999999915432
10200.0 0.999999918815
10201.0 0.999999922062
10202.0 0.999999925179
10203.0 0.999999928171
10204.0 0.999999931044
10205.0 0.999999933802
10206.0 0.999999936449
10207.0 0.999999938991
10208.0 0.999999941431
10209.0 0.999999943773
10210.0 0.999999946022
10211.0 0.999999948181
10212.0 0.999999950254
10213.0 0.999999952243
10214.0 0.999999954153
10215.0 0.999999955987
10216.0 0.999999957747
10217.0 0.999999959437
10218.0 0.999999961059
10219.0 0.999999962617
10220.0 0.999999964112
10221.0 0.999999965547
10222.0 0.999999966925
10223.0 0.999999968248
10224.0 0.999999969518
10225.0 0.999999970737
10226.0 0.999999971907
10227.0 0.999999973031
10228.0 0.999999974109
10229.0 0.999999975145
10230.0 0.999999976139
10231.0 0.999999977093
10232.0 0.999999978009
10233.0 0.999999978889
10234.0 0.999999979733
10235.0 0.999999980544
10236.0 0.999999981322
10237.0 0.999999982069
10238.0 0.999999982786
10239.0 0.999999983475
10240.0 0.999999984136
10241.0 0.99999998477
10242.0 0.999999985379
10243.0 0.999999985964
10244.0 0.999999986525
10245.0 0.999999987064
10246.0 0.999999987582
10247.0 0.999999988078
10248.0 0.999999988555
10249.0 0.999999989013
10250.0 0.999999989452
10251.0 0.999999989874
10252.0 0.999999990279
10253.0 0.999999990668
10254.0 0.999999991041
10255.0 0.999999991399
10256.0 0.999999991743
10257.0 0.999999992074
10258.0 0.999999992391
10259.0 0.999999992695
10260.0 0.999999992987
10261.0 0.999999993268
10262.0 0.999999993537
10263.0 0.999999993795
10264.0 0.999999994043
10265.0 0.999999994282
10266.0 0.99999999451
10267.0 0.99999999473
10268.0 0.999999994941
10269.0 0.999999995143
10270.0 0.999999995337
10271.0 0.999999995524
10272.0 0.999999995703
10273.0 0.999999995875
10274.0 0.99999999604
10275.0 0.999999996198
10276.0 0.99999999635
10277.0 0.999999996496
10278.0 0.999999996636
10279.0 0.999999996771
10280.0 0.9999999969
10281.0 0.999999997024
10282.0 0.999999997143
10283.0 0.999999997257
10284.0 0.999999997367
10285.0 0.999999997472
10286.0 0.999999997573
10287.0 0.99999999767
10288.0 0.999999997764
10289.0 0.999999997853
10290.0 0.999999997939
10291.0 0.999999998021
10292.0 0.9999999981
10293.0 0.999999998176
10294.0 0.999999998249
10295.0 0.999999998319
10296.0 0.999999998387
10297.0 0.999999998451
10298.0 0.999999998513
10299.0 0.999999998573
10300.0 0.99999999863
10301.0 0.999999998684
10302.0 0.999999998737
10303.0 0.999999998788
10304.0 0.999999998836
10305.0 0.999999998883
10306.0 0.999999998927
10307.0 0.99999999897
10308.0 0.999999999011
10309.0 0.999999999051
10310.0 0.999999999089
10311.0 0.999999999125
10312.0 0.99999999916
10313.0 0.999999999194
10314.0 0.999999999226
10315.0 0.999999999257
10316.0 0.999999999287
10317.0 0.999999999315
10318.0 0.999999999343
10319.0 0.999999999369
10320.0 0.999999999394
10321.0 0.999999999418
10322.0 0.999999999442
10323.0 0.999999999464
10324.0 0.999999999485
10325.0 0.999999999506
10326.0 0.999999999526
10327.0 0.999999999545
10328.0 0.999999999563
10329.0 0.99999999958
10330.0 0.999999999597
10331.0 0.999999999613
10332.0 0.999999999629
10333.0 0.999999999644
10334.0 0.999999999658
10335.0 0.999999999672
10336.0 0.999999999685
10337.0 0.999999999697
10338.0 0.999999999709
10339.0 0.999999999721
10340.0 0.999999999732
10341.0 0.999999999743
10342.0 0.999999999753
10343.0 0.999999999763
10344.0 0.999999999773
10345.0 0.999999999782
10346.0 0.99999999979
10347.0 0.999999999799
10348.0 0.999999999807
10349.0 0.999999999815
10350.0 0.999999999822
10351.0 0.999999999829
10352.0 0.999999999836
10353.0 0.999999999842
10354.0 0.999999999849
10355.0 0.999999999855
10356.0 0.999999999861
10357.0 0.999999999866
10358.0 0.999999999872
10359.0 0.999999999877
10360.0 0.999999999882
10361.0 0.999999999886
10362.0 0.999999999891
10363.0 0.999999999895
10364.0 0.999999999899
10365.0 0.999999999903
10366.0 0.999999999907
10367.0 0.999999999911
10368.0 0.999999999915
10369.0 0.999999999918
10370.0 0.999999999921
10371.0 0.999999999924
10372.0 0.999999999927
10373.0 0.99999999993
10374.0 0.999999999933
10375.0 0.999999999936
10376.0 0.999999999938
10377.0 0.999999999941
10378.0 0.999999999943
10379.0 0.999999999945
10380.0 0.999999999948
10381.0 0.99999999995
10382.0 0.999999999952
10383.0 0.999999999954
10384.0 0.999999999956
10385.0 0.999999999957
10386.0 0.999999999959
10387.0 0.999999999961
10388.0 0.999999999962
10389.0 0.999999999964
10390.0 0.999999999965
10391.0 0.999999999967
10392.0 0.999999999968
10393.0 0.999999999969
10394.0 0.99999999997
10395.0 0.999999999972
10396.0 0.999999999973
10397.0 0.999999999974
10398.0 0.999999999975
10399.0 0.999999999976
10400.0 0.999999999977
10401.0 0.999999999978
10402.0 0.999999999979
10403.0 0.99999999998
10404.0 0.99999999998
10405.0 0.999999999981
10406.0 0.999999999982
10407.0 0.999999999983
10408.0 0.999999999983
10409.0 0.999999999984
10410.0 0.999999999985
10411.0 0.999999999985
10412.0 0.999999999986
10413.0 0.999999999986
10414.0 0.999999999987
10415.0 0.999999999987
10416.0 0.999999999988
10417.0 0.999999999988
10418.0 0.999999999989
10419.0 0.999999999989
10420.0 0.99999999999
10421.0 0.99999999999
10422.0 0.999999999991
10423.0 0.999999999991
10424.0 0.999999999991
10425.0 0.999999999992
10426.0 0.999999999992
10427.0 0.999999999992
10428.0 0.999999999993
10429.0 0.999999999993
10430.0 0.999999999993
10431.0 0.999999999993
10432.0 0.999999999994
10433.0 0.999999999994
10434.0 0.999999999994
10435.0 0.999999999994
10436.0 0.999999999995
10437.0 0.999999999995
10438.0 0.999999999995
10439.0 0.999999999995
10440.0 0.999999999995
10441.0 0.999999999996
10442.0 0.999999999996
10443.0 0.999999999996
10444.0 0.999999999996
10445.0 0.999999999996
10446.0 0.999999999996
10447.0 0.999999999997
10448.0 0.999999999997
10449.0 0.999999999997
10450.0 0.999999999997
10451.0 0.999999999997
10452.0 0.999999999997
10453.0 0.999999999997
10454.0 0.999999999997
10455.0 0.999999999998
10456.0 0.999999999998
10457.0 0.999999999998
10458.0 0.999999999998
10459.0 0.999999999998
10460.0 0.999999999998
10461.0 0.999999999998
10462.0 0.999999999998
10463.0 0.999999999998
10464.0 0.999999999998
10465.0 0.999999999998
10466.0 0.999999999998
10467.0 0.999999999998
10468.0 0.999999999999
10469.0 0.999999999999
10470.0 0.999999999999
10471.0 0.999999999999
10472.0 0.999999999999
10473.0 0.999999999999
10474.0 0.999999999999
10475.0 0.999999999999
10476.0 0.999999999999
10477.0 0.999999999999
10478.0 0.999999999999
10479.0 0.999999999999
10480.0 0.999999999999
10481.0 0.999999999999
10482.0 0.999999999999
10483.0 0.999999999999
10484.0 0.999999999999
10485.0 0.999999999999
10486.0 0.999999999999
10487.0 0.999999999999
10488.0 0.999999999999
10489.0 0.999999999999
10490.0 0.999999999999
10491.0 0.999999999999
10492.0 0.999999999999
10493.0 0.999999999999
10494.0 1.0
10495.0 1.0
10496.0 1.0
10497.0 1.0
10498.0 1.0
10499.0 1.0
10500.0 1.0
10501.0 1.0
10502.0 1.0
10503.0 1.0
10504.0 1.0
10505.0 1.0
10506.0 1.0
10507.0 1.0
10508.0 1.0
10509.0 1.0
10510.0 1.0
10511.0 1.0
10512.0 1.0
10513.0 1.0
10514.0 1.0
10515.0 1.0
10516.0 1.0
10517.0 1.0
10518.0 1.0
10519.0 1.0
10520.0 1.0
10521.0 1.0
10522.0 1.0
10523.0 1.0
10524.0 1.0
10525.0 1.0
10526.0 1.0
10527.0 1.0
10528.0 1.0
10529.0 1.0
10530.0 1.0
10531.0 1.0
10532.0 1.0
10533.0 1.0
10534.0 1.0
10535.0 1.0
10536.0 1.0
10537.0 1.0
10538.0 1.0
10539.0 1.0
10540.0 1.0
10541.0 1.0
10542.0 1.0
10543.0 1.0
10544.0 1.0
10545.0 1.0
10546.0 1.0
10547.0 1.0
10548.0 1.0
10549.0 1.0
10550.0 1.0
10551.0 1.0
10552.0 1.0
10553.0 1.0
10554.0 1.0
10555.0 1.0
10556.0 1.0
10557.0 1.0
10558.0 1.0
10559.0 1.0
10560.0 1.0
10561.0 1.0
10562.0 1.0
10563.0 1.0
10564.0 1.0
10565.0 1.0
10566.0 1.0
10567.0 1.0
10568.0 1.0
10569.0 1.0
10570.0 1.0
10571.0 1.0
10572.0 1.0
10573.0 1.0
10574.0 1.0
10575.0 1.0
10576.0 1.0
10577.0 1.0
10578.0 1.0
10579.0 1.0
10580.0 1.0
10581.0 1.0
10582.0 1.0
10583.0 1.0
10584.0 1.0
10585.0 1.0
10586.0 1.0
10587.0 1.0
10588.0 1.0
10589.0 1.0
10590.0 1.0
10591.0 1.0
10592.0 1.0
10593.0 1.0
10594.0 1.0
10595.0 1.0
10596.0 1.0
10597.0 1.0
10598.0 1.0
10599.0 1.0
10600.0 1.0
10601.0 1.0
10602.0 1.0
10603.0 1.0
10604.0 1.0
10605.0 1.0
10606.0 1.0
10607.0 1.0
10608.0 1.0
10609.0 1.0
10610.0 1.0
10611.0 1.0
10612.0 1.0
10613.0 1.0
10614.0 1.0
10615.0 1.0
10616.0 1.0
10617.0 1.0
10618.0 1.0
10619.0 1.0
10620.0 1.0
10621.0 1.0
10622.0 1.0
10623.0 1.0
10624.0 1.0
10625.0 1.0
10626.0 1.0
10627.0 1.0
10628.0 1.0
10629.0 1.0
10630.0 1.0
10631.0 1.0
10632.0 1.0
10633.0 1.0
10634.0 1.0
10635.0 1.0
10636.0 1.0
10637.0 1.0
10638.0 1.0
10639.0 1.0
10640.0 1.0
10641.0 1.0
10642.0 1.0
10643.0 1.0
10644.0 1.0
10645.0 1.0
10646.0 1.0
10647.0 1.0
10648.0 1.0
10649.0 1.0
10650.0 1.0
10651.0 1.0
10652.0 1.0
10653.0 1.0
10654.0 1.0
10655.0 1.0
10656.0 1.0
10657.0 1.0
10658.0 1.0
10659.0 1.0
10660.0 1.0
10661.0 1.0
10662.0 1.0
10663.0 1.0
10664.0 1.0
10665.0 1.0
10666.0 1.0
10667.0 1.0
10668.0 1.0
10669.0 1.0
10670.0 1.0
10671.0 1.0
10672.0 1.0
10673.0 1.0
10674.0 1.0
10675.0 1.0
10676.0 1.0
10677.0 1.0
10678.0 1.0
10679.0 1.0
10680.0 1.0
10681.0 1.0
10682.0 1.0
10683.0 1.0
10684.0 1.0
10685.0 1.0
10686.0 1.0
10687.0 1.0
10688.0 1.0
10689.0 1.0
10690.0 1.0
10691.0 1.0
10692.0 1.0
10693.0 1.0
10694.0 1.0
10695.0 1.0
10696.0 1.0
10697.0 1.0
10698.0 1.0
10699.0 1.0
10700.0 1.0
10701.0 1.0
10702.0 1.0
10703.0 1.0
10704.0 1.0
10705.0 1.0
10706.0 1.0
10707.0 1.0
10708.0 1.0
10709.0 1.0
10710.0 1.0
10711.0 1.0
10712.0 1.0
10713.0 1.0
10714.0 1.0
10715.0 1.0
10716.0 1.0
10717.0 1.0
10718.0 1.0
10719.0 1.0
10720.0 1.0
10721.0 1.0
10722.0 1.0
10723.0 1.0
10724.0 1.0
10725.0 1.0
10726.0 1.0
10727.0 1.0
10728.0 1.0
10729.0 1.0
10730.0 1.0
10731.0 1.0
10732.0 1.0
10733.0 1.0
10734.0 1.0
10735.0 1.0
10736.0 1.0
10737.0 1.0
10738.0 1.0
10739.0 1.0
10740.0 1.0
10741.0 1.0
10742.0 1.0
10743.0 1.0
10744.0 1.0
10745.0 1.0
10746.0 1.0
10747.0 1.0
10748.0 1.0
10749.0 1.0
10750.0 1.0
10751.0 1.0
10752.0 1.0
10753.0 1.0
10754.0 1.0
10755.0 1.0
10756.0 1.0
10757.0 1.0
10758.0 1.0
10759.0 1.0
10760.0 1.0
10761.0 1.0
10762.0 1.0
10763.0 1.0
10764.0 1.0
10765.0 1.0
10766.0 1.0
10767.0 1.0
10768.0 1.0
10769.0 1.0
10770.0 1.0
10771.0 1.0
10772.0 1.0
10773.0 1.0
10774.0 1.0
10775.0 1.0
10776.0 1.0
10777.0 1.0
10778.0 1.0
10779.0 1.0
10780.0 1.0
10781.0 1.0
10782.0 1.0
10783.0 1.0
10784.0 1.0
10785.0 1.0
10786.0 1.0
10787.0 1.0
10788.0 1.0
10789.0 1.0
10790.0 1.0
10791.0 1.0
10792.0 1.0
10793.0 1.0
10794.0 1.0
10795.0 1.0
10796.0 1.0
10797.0 1.0
10798.0 1.0
10799.0 1.0
10800.0 1.0
10801.0 1.0
10802.0 1.0
10803.0 1.0
10804.0 1.0
10805.0 1.0
10806.0 1.0
10807.0 1.0
10808.0 1.0
10809.0 1.0
10810.0 1.0
10811.0 1.0
10812.0 1.0
10813.0 1.0
10814.0 1.0
10815.0 1.0
10816.0 1.0
10817.0 1.0
10818.0 1.0
10819.0 1.0
10820.0 1.0
10821.0 1.0
10822.0 1.0
10823.0 1.0
10824.0 1.0
10825.0 1.0
10826.0 1.0
10827.0 1.0
10828.0 1.0
10829.0 1.0
10830.0 1.0
10831.0 1.0
10832.0 1.0
10833.0 1.0
10834.0 1.0
10835.0 1.0
10836.0 1.0
10837.0 1.0
10838.0 1.0
10839.0 1.0
10840.0 1.0
10841.0 1.0
10842.0 1.0
10843.0 1.0
10844.0 1.0
10845.0 1.0
10846.0 0.999999999999
10847.0 0.999999999999
10848.0 0.999999999999
10849.0 0.999999999999
10850.0 0.999999999999
10851.0 0.999999999999
10852.0 0.999999999999
10853.0 0.999999999999
10854.0 0.999999999999
10855.0 0.999999999999
10856.0 0.999999999999
10857.0 0.999999999999
10858.0 0.999999999999
10859.0 0.999999999999
10860.0 0.999999999999
10861.0 0.999999999999
10862.0 0.999999999999
10863.0 0.999999999999
10864.0 0.999999999999
10865.0 0.999999999999
10866.0 0.999999999999
10867.0 0.999999999999
10868.0 0.999999999999
10869.0 0.999999999999
10870.0 0.999999999999
10871.0 0.999999999999
10872.0 0.999999999999
10873.0 0.999999999998
10874.0 0.999999999998
10875.0 0.999999999998
10876.0 0.999999999998
10877.0 0.999999999998
10878.0 0.999999999998
10879.0 0.999999999998
10880.0 0.999999999998
10881.0 0.999999999998
10882.0 0.999999999998
10883.0 0.999999999998
10884.0 0.999999999998
10885.0 0.999999999998
10886.0 0.999999999997
10887.0 0.999999999997
10888.0 0.999999999997
10889.0 0.999999999997
10890.0 0.999999999997
10891.0 0.999999999997
10892.0 0.999999999997
10893.0 0.999999999997
10894.0 0.999999999996
10895.0 0.999999999996
10896.0 0.999999999996
10897.0 0.999999999996
10898.0 0.999999999996
10899.0 0.999999999996
10900.0 0.999999999995
10901.0 0.999999999995
10902.0 0.999999999995
10903.0 0.999999999995
10904.0 0.999999999995
10905.0 0.999999999994
10906.0 0.999999999994
10907.0 0.999999999994
10908.0 0.999999999994
10909.0 0.999999999993
10910.0 0.999999999993
10911.0 0.999999999993
10912.0 0.999999999993
10913.0 0.999999999992
10914.0 0.999999999992
10915.0 0.999999999992
10916.0 0.999999999991
10917.0 0.999999999991
10918.0 0.99999999999
10919.0 0.99999999999
10920.0 0.99999999999
10921.0 0.999999999989
10922.0 0.999999999989
10923.0 0.999999999988
10924.0 0.999999999988
10925.0 0.999999999987
10926.0 0.999999999987
10927.0 0.999999999986
10928.0 0.999999999986
10929.0 0.999999999985
10930.0 0.999999999984
10931.0 0.999999999984
10932.0 0.999999999983
10933.0 0.999999999982
10934.0 0.999999999982
10935.0 0.999999999981
10936.0 0.99999999998
10937.0 0.999999999979
10938.0 0.999999999978
10939.0 0.999999999977
10940.0 0.999999999976
10941.0 0.999999999976
10942.0 0.999999999974
10943.0 0.999999999973
10944.0 0.999999999972
10945.0 0.999999999971
10946.0 0.99999999997
10947.0 0.999999999969
10948.0 0.999999999967
10949.0 0.999999999966
10950.0 0.999999999965
10951.0 0.999999999963
10952.0 0.999999999962
10953.0 0.99999999996
10954.0 0.999999999958
10955.0 0.999999999957
10956.0 0.999999999955
10957.0 0.999999999953
10958.0 0.999999999951
10959.0 0.999999999949
10960.0 0.999999999947
10961.0 0.999999999945
10962.0 0.999999999942
10963.0 0.99999999994
10964.0 0.999999999937
10965.0 0.999999999935
10966.0 0.999999999932
10967.0 0.999999999929
10968.0 0.999999999926
10969.0 0.999999999923
10970.0 0.99999999992
10971.0 0.999999999917
10972.0 0.999999999913
10973.0 0.99999999991
10974.0 0.999999999906
10975.0 0.999999999902
10976.0 0.999999999898
10977.0 0.999999999894
10978.0 0.999999999889
10979.0 0.999999999884
10980.0 0.99999999988
10981.0 0.999999999875
10982.0 0.999999999869
10983.0 0.999999999864
10984.0 0.999999999858
10985.0 0.999999999852
10986.0 0.999999999846
10987.0 0.99999999984
10988.0 0.999999999833
10989.0 0.999999999826
10990.0 0.999999999819
10991.0 0.999999999811
10992.0 0.999999999804
10993.0 0.999999999795
10994.0 0.999999999787
10995.0 0.999999999778
10996.0 0.999999999769
10997.0 0.999999999759
10998.0 0.999999999749
10999.0 0.999999999739
11000.0 0.999999999728
11001.0 0.999999999716
11002.0 0.999999999705
11003.0 0.999999999692
11004.0 0.99999999968
11005.0 0.999999999666
11006.0 0.999999999652
11007.0 0.999999999638
11008.0 0.999999999623
11009.0 0.999999999607
11010.0 0.999999999591
11011.0 0.999999999574
11012.0 0.999999999556
11013.0 0.999999999537
11014.0 0.999999999518
11015.0 0.999999999498
11016.0 0.999999999477
11017.0 0.999999999455
11018.0 0.999999999432
11019.0 0.999999999409
11020.0 0.999999999384
11021.0 0.999999999359
11022.0 0.999999999332
11023.0 0.999999999304
11024.0 0.999999999275
11025.0 0.999999999245
11026.0 0.999999999213
11027.0 0.999999999181
11028.0 0.999999999146
11029.0 0.999999999111
11030.0 0.999999999074
11031.0 0.999999999035
11032.0 0.999999998995
11033.0 0.999999998953
11034.0 0.99999999891
11035.0 0.999999998864
11036.0 0.999999998817
11037.0 0.999999998768
11038.0 0.999999998716
11039.0 0.999999998663
11040.0 0.999999998607
11041.0 0.999999998549
11042.0 0.999999998488
11043.0 0.999999998426
11044.0 0.99999999836
11045.0 0.999999998292
11046.0 0.99999999822
11047.0 0.999999998146
11048.0 0.999999998069
11049.0 0.999999997989
11050.0 0.999999997905
11051.0 0.999999997818
11052.0 0.999999997727
11053.0 0.999999997632
11054.0 0.999999997533
11055.0 0.99999999743
11056.0 0.999999997323
11057.0 0.999999997212
11058.0 0.999999997096
11059.0 0.999999996975
11060.0 0.999999996849
11061.0 0.999999996717
11062.0 0.999999996581
11063.0 0.999999996438
11064.0 0.99999999629
11065.0 0.999999996135
11066.0 0.999999995974
11067.0 0.999999995807
11068.0 0.999999995632
11069.0 0.99999999545
11070.0 0.99999999526
11071.0 0.999999995063
11072.0 0.999999994857
11073.0 0.999999994643
11074.0 0.99999999442
11075.0 0.999999994187
11076.0 0.999999993945
11077.0 0.999999993693
11078.0 0.99999999343
11079.0 0.999999993156
11080.0 0.999999992871
11081.0 0.999999992574
11082.0 0.999999992265
11083.0 0.999999991943
11084.0 0.999999991607
11085.0 0.999999991257
11086.0 0.999999990893
11087.0 0.999999990514
11088.0 0.999999990119
11089.0 0.999999989707
11090.0 0.999999989278
11091.0 0.999999988831
11092.0 0.999999988366
11093.0 0.999999987881
11094.0 0.999999987377
11095.0 0.999999986851
11096.0 0.999999986303
11097.0 0.999999985732
11098.0 0.999999985138
11099.0 0.999999984519
11100.0 0.999999983874
11101.0 0.999999983202
11102.0 0.999999982502
11103.0 0.999999981773
11104.0 0.999999981014
11105.0 0.999999980223
11106.0 0.999999979399
11107.0 0.99999997854
11108.0 0.999999977646
11109.0 0.999999976715
11110.0 0.999999975745
11111.0 0.999999974735
11112.0 0.999999973682
11113.0 0.999999972586
11114.0 0.999999971443
11115.0 0.999999970254
11116.0 0.999999969015
11117.0 0.999999967724
11118.0 0.999999966379
11119.0 0.999999964978
11120.0 0.999999963519
11121.0 0.999999962
11122.0 0.999999960416
11123.0 0.999999958767
11124.0 0.99999995705
11125.0 0.99999995526
11126.0 0.999999953396
11127.0 0.999999951455
11128.0 0.999999949432
11129.0 0.999999947326
11130.0 0.999999945131
11131.0 0.999999942845
11132.0 0.999999940464
11133.0 0.999999937984
11134.0 0.9999999354
11135.0 0.999999932709
11136.0 0.999999929906
11137.0 0.999999926985
11138.0 0.999999923944
11139.0 0.999999920775
11140.0 0.999999917474
11141.0 0.999999914036
11142.0 0.999999910455
11143.0 0.999999906724
11144.0 0.999999902839
11145.0 0.999999898791
11146.0 0.999999894574
11147.0 0.999999890182
11148.0 0.999999885607
11149.0 0.999999880841
11150.0 0.999999875877
11151.0 0.999999870706
11152.0 0.99999986532
11153.0 0.999999859709
11154.0 0.999999853864
11155.0 0.999999847776
11156.0 0.999999841434
11157.0 0.999999834828
11158.0 0.999999827947
11159.0 0.999999820779
11160.0 0.999999813313
11161.0 0.999999805535
11162.0 0.999999797434
11163.0 0.999999788994
11164.0 0.999999780204
11165.0 0.999999771047
11166.0 0.999999761509
11167.0 0.999999751573
11168.0 0.999999741223
11169.0 0.999999730442
11170.0 0.999999719212
11171.0 0.999999707515
11172.0 0.999999695329
11173.0 0.999999682637
11174.0 0.999999669415
11175.0 0.999999655643
11176.0 0.999999641296
11177.0 0.999999626353
11178.0 0.999999610786
11179.0 0.999999594571
11180.0 0.999999577681
11181.0 0.999999560087
11182.0 0.999999541759
11183.0 0.999999522669
11184.0 0.999999502783
11185.0 0.999999482068
11186.0 0.999999460491
11187.0 0.999999438015
11188.0 0.999999414602
11189.0 0.999999390214
11190.0 0.99999936481
11191.0 0.999999338347
11192.0 0.999999310782
11193.0 0.999999282069
11194.0 0.999999252159
11195.0 0.999999221004
11196.0 0.99999918855
11197.0 0.999999154745
11198.0 0.999999119531
11199.0 0.99999908285
11200.0 0.99999904464
11201.0 0.999999004839
11202.0 0.99999896338
11203.0 0.999998920194
11204.0 0.999998875209
11205.0 0.999998828349
11206.0 0.999998779537
11207.0 0.999998728692
11208.0 0.999998675728
11209.0 0.999998620558
11210.0 0.99999856309
11211.0 0.999998503227
11212.0 0.99999844087
11213.0 0.999998375916
11214.0 0.999998308255
11215.0 0.999998237776
11216.0 0.999998164361
11217.0 0.999998087887
11218.0 0.999998008227
11219.0 0.999997925248
11220.0 0.999997838813
11221.0 0.999997748776
11222.0 0.999997654989
11223.0 0.999997557294
11224.0 0.999997455529
11225.0 0.999997349525
11226.0 0.999997239104
11227.0 0.999997124084
11228.0 0.999997004271
11229.0 0.999996879467
11230.0 0.999996749464
11231.0 0.999996614044
11232.0 0.999996472983
11233.0 0.999996326046
11234.0 0.999996172987
11235.0 0.999996013551
11236.0 0.999995847473
11237.0 0.999995674476
11238.0 0.999995494273
11239.0 0.999995306561
11240.0 0.99999511103
11241.0 0.999994907353
11242.0 0.999994695191
11243.0 0.999994474189
11244.0 0.999994243981
11245.0 0.999994004183
11246.0 0.999993754394
11247.0 0.999993494199
11248.0 0.999993223164
11249.0 0.999992940838
11250.0 0.99999264675
11251.0 0.99999234041
11252.0 0.999992021308
11253.0 0.999991688913
11254.0 0.99999134267
11255.0 0.999990982002
11256.0 0.999990606309
11257.0 0.999990214964
11258.0 0.999989807316
11259.0 0.999989382686
11260.0 0.999988940365
11261.0 0.999988479618
11262.0 0.999987999676
11263.0 0.999987499739
11264.0 0.999986978976
11265.0 0.999986436517
11266.0 0.99998587146
11267.0 0.999985282863
11268.0 0.999984669745
11269.0 0.999984031085
11270.0 0.999983365819
11271.0 0.999982672839
11272.0 0.999981950989
11273.0 0.999981199067
11274.0 0.999980415822
11275.0 0.999979599946
11276.0 0.999978750083
11277.0 0.999977864815
11278.0 0.999976942667
11279.0 0.999975982104
11280.0 0.999974981525
11281.0 0.999973939264
11282.0 0.999972853583
11283.0 0.999971722675
11284.0 0.999970544654
11285.0 0.99996931756
11286.0 0.999968039347
11287.0 0.999966707886
11288.0 0.999965320959
11289.0 0.999963876256
11290.0 0.99996237137
11291.0 0.999960803794
11292.0 0.999959170917
11293.0 0.999957470019
11294.0 0.999955698266
11295.0 0.999953852707
11296.0 0.999951930268
11297.0 0.999949927746
11298.0 0.999947841807
11299.0 0.999945668975
11300.0 0.999943405631
11301.0 0.999941048005
11302.0 0.999938592171
11303.0 0.999936034038
11304.0 0.999933369345
11305.0 0.999930593653
11306.0 0.999927702341
11307.0 0.999924690592
11308.0 0.999921553391
11309.0 0.999918285513
11310.0 0.999914881514
11311.0 0.999911335728
11312.0 0.999907642248
11313.0 0.999903794924
11314.0 0.999899787348
11315.0 0.999895612849
11316.0 0.999891264473
11317.0 0.999886734981
11318.0 0.999882016831
11319.0 0.999877102166
11320.0 0.999871982804
11321.0 0.999866650222
11322.0 0.99986109554
11323.0 0.999855309511
11324.0 0.999849282504
11325.0 0.999843004484
11326.0 0.999836465001
11327.0 0.999829653168
11328.0 0.999822557649
11329.0 0.999815166631
11330.0 0.999807467815
11331.0 0.999799448386
11332.0 0.999791094998
11333.0 0.99978239375
11334.0 0.999773330163
11335.0 0.999763889154
11336.0 0.999754055016
11337.0 0.999743811385
11338.0 0.99973314122
11339.0 0.99972202677
11340.0 0.999710449547
11341.0 0.999698390292
11342.0 0.99968582895
11343.0 0.999672744627
11344.0 0.999659115567
11345.0 0.999644919104
11346.0 0.999630131634
11347.0 0.999614728573
11348.0 0.999598684313
11349.0 0.999581972184
11350.0 0.99956456441
11351.0 0.999546432059
11352.0 0.999527545001
11353.0 0.999507871852
11354.0 0.999487379928
11355.0 0.999466035188
11356.0 0.99944380218
11357.0 0.999420643979
11358.0 0.999396522131
11359.0 0.999371396587
11360.0 0.999345225637
11361.0 0.999317965842
11362.0 0.999289571965
11363.0 0.999259996893
11364.0 0.999229191563
11365.0 0.999197104879
11366.0 0.99916368363
11367.0 0.999128872404
11368.0 0.999092613494
11369.0 0.99905484681
11370.0 0.999015509772
11371.0 0.998974537218
11372.0 0.998931861289
11373.0 0.998887411325
11374.0 0.998841113748
11375.0 0.998792891943
11376.0 0.998742666131
11377.0 0.998690353244
11378.0 0.99863586679
11379.0 0.99857911671
11380.0 0.998520009237
11381.0 0.998458446742
11382.0 0.998394327577
11383.0 0.998327545916
11384.0 0.99825799158
11385.0 0.998185549861
11386.0 0.998110101345
11387.0 0.998031521713
11388.0 0.99794968155
11389.0 0.997864446134
11390.0 0.997775675227
11391.0 0.99768322285
11392.0 0.997586937053
11393.0 0.997486659677
11394.0 0.997382226104
11395.0 0.997273464999
11396.0 0.997160198043
11397.0 0.997042239656
11398.0 0.996919396705
11399.0 0.996791468206
11400.0 0.996658245017
11401.0 0.99651950951
11402.0 0.996375035242
11403.0 0.996224586604
11404.0 0.996067918467
11405.0 0.995904775805
11406.0 0.995734893313
11407.0 0.995557995006
11408.0 0.995373793804
11409.0 0.995181991107
11410.0 0.99498227635
11411.0 0.994774326543
11412.0 0.994557805797
11413.0 0.994332364837
11414.0 0.994097640488
11415.0 0.993853255155
11416.0 0.99359881628
11417.0 0.993333915785
11418.0 0.993058129489
11419.0 0.992771016518
11420.0 0.992472118688
11421.0 0.992160959871
11422.0 0.991837045343
11423.0 0.991499861111
11424.0 0.991148873225
11425.0 0.990783527059
11426.0 0.990403246589
11427.0 0.990007433633
11428.0 0.989595467084
11429.0 0.989166702118
11430.0 0.988720469385
11431.0 0.988256074172
11432.0 0.98777279556
11433.0 0.987269885551
11434.0 0.986746568185
11435.0 0.986202038627
11436.0 0.985635462254
11437.0 0.985045973709
11438.0 0.984432675954
11439.0 0.983794639295
11440.0 0.983130900407
11441.0 0.98244046134
11442.0 0.981722288516
11443.0 0.980975311722
11444.0 0.980198423095
11445.0 0.979390476104
11446.0 0.97855028453
11447.0 0.977676621456
11448.0 0.976768218249
11449.0 0.975823763567
11450.0 0.974841902369
11451.0 0.973821234947
11452.0 0.972760315976
11453.0 0.9716576536
11454.0 0.970511708544
11455.0 0.969320893263
11456.0 0.968083571148
11457.0 0.966798055774
11458.0 0.96546261021
11459.0 0.964075446404
11460.0 0.962634724633
11461.0 0.961138553058
11462.0 0.95958498735
11463.0 0.957972030449
11464.0 0.956297632419
11465.0 0.95455969045
11466.0 0.952756048986
11467.0 0.950884500024
11468.0 0.948942783566
11469.0 0.946928588272
11470.0 0.944839552292
11471.0 0.942673264326
11472.0 0.940427264909
11473.0 0.938099047943
11474.0 0.93568606249
11475.0 0.933185714848
11476.0 0.93059537093
11477.0 0.927912358953
11478.0 0.925133972466
11479.0 0.922257473729
11480.0 0.919280097467
11481.0 0.91619905501
11482.0 0.913011538837
11483.0 0.909714727549
11484.0 0.906305791275
11485.0 0.902781897531
11486.0 0.899140217553
11487.0 0.895377933094
11488.0 0.891492243723
11489.0 0.887480374608
11490.0 0.883339584806
11491.0 0.87906717605
11492.0 0.87466050204
11493.0 0.870116978229
11494.0 0.865434092092
11495.0 0.860609413879
11496.0 0.855640607812
11497.0 0.850525443726
11498.0 0.845261809108
11499.0 0.839847721512
11500.0 0.834281341305
11501.0 0.828560984698
11502.0 0.822685137012
11503.0 0.816652466119
11504.0 0.810461835996
11505.0 0.80411232031
11506.0 0.797603215973
11507.0 0.790934056563
11508.0 0.784104625539
11509.0 0.77711496914
11510.0 0.769965408875
11511.0 0.762656553496
11512.0 0.755189310346
11513.0 0.747564895968
11514.0 0.739784845863
11515.0 0.731851023289
11516.0 0.723765626969
11517.0 0.715531197625
11518.0 0.707150623195
11519.0 0.698627142665
11520.0 0.689964348387
11521.0 0.681166186816
11522.0 0.672236957572
11523.0 0.663181310762
11524.0 0.65400424251
11525.0 0.644711088635
11526.0 0.635307516474
11527.0 0.625799514808
11528.0 0.616193381913
11529.0 0.606495711761
11530.0 0.596713378389
11531.0 0.58685351852
11532.0 0.576923512492
11533.0 0.566930963599
11534.0 0.556883675956
11535.0 0.546789631007
11536.0 0.53665696283
11537.0 0.526493932391
11538.0 0.516308900919
11539.0 0.506110302571
11540.0 0.495906616597
11541.0 0.48570633918
11542.0 0.475517955158
11543.0 0.465349909822
11544.0 0.455210581005
11545.0 0.445108251626
11546.0 0.435051082921
11547.0 0.4250470885
11548.0 0.415104109434
11549.0 0.405229790516
11550.0 0.395431557846
11551.0 0.385716597866
11552.0 0.376091837975
11553.0 0.366563928803
11554.0 0.357139228232
11555.0 0.347823787232
11556.0 0.338623337538
11557.0 0.329543281214
11558.0 0.320588682093
11559.0 0.311764259096
11560.0 0.303074381394
11561.0 0.294523065384
11562.0 0.286113973411
11563.0 0.277850414178
11564.0 0.269735344762
11565.0 0.261771374149
11566.0 0.253960768192
11567.0 0.246305455886
11568.0 0.238807036858
11569.0 0.231466789959
11570.0 0.224285682836
11571.0 0.21726438239
11572.0 0.210403265979
11573.0 0.203702433282
11574.0 0.197161718693
11575.0 0.190780704148
11576.0 0.184558732281
11577.0 0.17849491982
11578.0 0.172588171115
11579.0 0.166837191727
11580.0 0.161240501993
11581.0 0.155796450495
11582.0 0.150503227366
11583.0 0.145358877371
11584.0 0.140361312711
11585.0 0.135508325513
11586.0 0.13079759994
11587.0 0.126226723914
11588.0 0.121793200409
11589.0 0.117494458283
11590.0 0.113327862653
11591.0 0.109290724772
11592.0 0.10538031142
11593.0 0.101593853791
11594.0 0.0979285558811
11595.0 0.094381602372
11596.0 0.0909501660225
11597.0 0.087631414568
11598.0 0.0844225171418
11599.0 0.0813206502266
11600.0 0.0783230031511
11601.0 0.0754267831446
11602.0 0.0726292199661
11603.0 0.0699275701235
11604.0 0.0673191207011
11605.0 0.0648011928116
11606.0 0.0623711446917
11607.0 0.060026374459
11608.0 0.0577643225485
11609.0 0.0555824738464
11610.0 0.0534783595394
11611.0 0.0514495586974
11612.0 0.0494936996056
11613.0 0.0476084608637
11614.0 0.0457915722691
11615.0 0.0440408154973
11616.0 0.0423540245977
11617.0 0.0407290863167
11618.0 0.0391639402633
11619.0 0.0376565789305
11620.0 0.0362050475844
11621.0 0.0348074440326
11622.0 0.0334619182848
11623.0 0.0321666721146
11624.0 0.030919958533
11625.0 0.0297200811828
11626.0 0.0285653936643
11627.0 0.027454298797
11628.0 0.0263852478293
11629.0 0.0253567395997
11630.0 0.0243673196581
11631.0 0.0234155793529
11632.0 0.0225001548894
11633.0 0.0216197263643
11634.0 0.0207730167827
11635.0 0.0199587910594
11636.0 0.0191758550113
11637.0 0.0184230543426
11638.0 0.0176992736269
11639.0 0.0170034352893
11640.0 0.0163344985906
11641.0 0.0156914586173
11642.0 0.0150733452783
11643.0 0.0144792223106
11644.0 0.0139081862969
11645.0 0.0133593656943
11646.0 0.0128319198783
11647.0 0.0123250382008
11648.0 0.011837939065
11649.0 0.0113698690163
11650.0 0.0109201018518
11651.0 0.0104879377479
11652.0 0.0100727024061
11653.0 0.00967374621874
11654.0 0.00929044345427
11655.0 0.00892219146163
11656.0 0.00856840989512
11657.0 0.00822853995896
11658.0 0.00790204367192
11659.0 0.00758840315176
11660.0 0.00728711991962
11661.0 0.00699771422398
11662.0 0.00671972438415
11663.0 0.00645270615306
11664.0 0.006196232099
11665.0 0.00594989100613
11666.0 0.00571328729344
11667.0 0.00548604045179
11668.0 0.00526778449873
11669.0 0.00505816745076
11670.0 0.00485685081258
11671.0 0.00466350908306
11672.0 0.00447782927749
11673.0 0.00429951046574
11674.0 0.00412826332584
11675.0 0.00396380971284
11676.0 0.00380588224218
11677.0 0.00365422388754
11678.0 0.00350858759254
11679.0 0.00336873589595
11680.0 0.00323444057012
11681.0 0.00310548227209
11682.0 0.00298165020711
11683.0 0.00286274180418
11684.0 0.00274856240317
11685.0 0.00263892495329
11686.0 0.00253364972238
11687.0 0.00243256401686
11688.0 0.00233550191187
11689.0 0.00224230399124
11690.0 0.00215281709715
11691.0 0.00206689408895
11692.0 0.00198439361089
11693.0 0.0019051798686
11694.0 0.00182912241381
11695.0 0.00175609593714
11696.0 0.00168598006867
11697.0 0.00161865918606
11698.0 0.00155402222981
11699.0 0.0014919625256
11700.0 0.00143237761329
11701.0 0.00137516908247
11702.0 0.00132024241424
11703.0 0.00126750682903
11704.0 0.00121687514025
11705.0 0.00116826361351
11706.0 0.00112159183129
11707.0 0.00107678256279
11708.0 0.00103376163876
11709.0 0.000992457831214
11710.0 0.000952802737728
11711.0 0.000914730670264
11712.0 0.000878178548267
11713.0 0.000843085795922
11714.0 0.000809394243395
11715.0 0.00077704803191
11716.0 0.000745993522531
11717.0 0.000716179208489
11718.0 0.000687555630927
11719.0 0.000660075297947
11720.0 0.000633692606804
11721.0 0.000608363769162
11722.0 0.000584046739258
11723.0 0.000560701144898
11724.0 0.000538288221148
11725.0 0.000516770746632
11726.0 0.000496112982336
11727.0 0.000476280612809
11728.0 0.000457240689686
11729.0 0.000438961577427
11730.0 0.000421412901201
11731.0 0.000404565496818
11732.0 0.000388391362637
11733.0 0.000372863613372
11734.0 0.000357956435725
11735.0 0.000343645045768
11736.0 0.000329905648009
11737.0 0.000316715396079
11738.0 0.000304052354973
11739.0 0.000291895464787
11740.0 0.000280224505888
11741.0 0.000269020065464
11742.0 0.000258263505405
11743.0 0.000247936931448
11744.0 0.000238023163554
11745.0 0.000228505707454
11746.0 0.000219368727328
11747.0 0.000210597019568
11748.0 0.000202175987578
11749.0 0.000194091617585
11750.0 0.0001863304554
11751.0 0.000178879584109
11752.0 0.000171726602647
11753.0 0.000164859605232
11754.0 0.000158267161603
11755.0 0.000151938298059
11756.0 0.00014586247924
11757.0 0.000140029590641
11758.0 0.00013442992182
11759.0 0.000129054150274
11760.0 0.000123893325955
11761.0 0.000118938856405
11762.0 0.000114182492484
11763.0 0.000109616314667
11764.0 0.00010523271988
11765.0 0.000101024408871
11766.0 9.69843740771e-05
11767.0 9.31058879772e-05
11768.0 8.938249191e-05
11769.0 8.58079853368e-05
11770.0 8.23764155328e-05
11771.0 7.90820676895e-05
11772.0 7.59194554121e-05
11773.0 7.28833115954e-05
11774.0 6.99685796644e-05
11775.0 6.7170405164e-05
11776.0 6.44841276842e-05
11777.0 6.1905273108e-05
11778.0 5.9429546168e-05
11779.0 5.70528233009e-05
11780.0 5.47711457865e-05
11781.0 5.2580713161e-05
11782.0 5.04778768933e-05
11783.0 4.84591343134e-05
11784.0 4.65211227835e-05
11785.0 4.4660614102e-05
11786.0 4.28745091308e-05
11787.0 4.11598326367e-05
11788.0 3.95137283399e-05
11789.0 3.79334541593e-05
11790.0 3.64163776481e-05
11791.0 3.49599716118e-05
11792.0 3.35618099009e-05
11793.0 3.22195633723e-05
11794.0 3.09309960111e-05
11795.0 2.96939612086e-05
11796.0 2.85063981877e-05
11797.0 2.7366328572e-05
11798.0 2.62718530918e-05
11799.0 2.52211484214e-05
11800.0 2.42124641434e-05
11801.0 2.32441198334e-05
11802.0 2.23145022624e-05
11803.0 2.14220627098e-05
11804.0 2.05653143846e-05
11805.0 1.97428299494e-05
11806.0 1.89532391434e-05
11807.0 1.81952265001e-05
11808.0 1.74675291568e-05
11809.0 1.67689347513e-05
11810.0 1.60982794023e-05
11811.0 1.54544457718e-05
11812.0 1.48363612033e-05
11813.0 1.42429959354e-05
11814.0 1.36733613872e-05
11815.0 1.31265085107e-05
11816.0 1.2601526211e-05
11817.0 1.20975398281e-05
11818.0 1.16137096803e-05
11819.0 1.11492296653e-05
11820.0 1.07033259175e-05
11821.0 1.02752555192e-05
11822.0 9.86430526283e-06
11823.0 9.46979046283e-06
11824.0 9.09105381529e-06
11825.0 8.72746430294e-06
11826.0 8.37841614394e-06
11827.0 8.04332778279e-06
11828.0 7.72164092149e-06
11829.0 7.41281958954e-06
11830.0 7.11634925102e-06
11831.0 6.83173594749e-06
11832.0 6.55850547501e-06
11833.0 6.29620259423e-06
11834.0 6.04439027196e-06
11835.0 5.80264895308e-06
11836.0 5.57057586162e-06
11837.0 5.34778432969e-06
11838.0 5.13390315338e-06
11839.0 4.92857597425e-06
11840.0 4.73146068572e-06
11841.0 4.54222886305e-06
11842.0 4.36056521626e-06
11843.0 4.18616706475e-06
11844.0 4.01874383312e-06
11845.0 3.85801656702e-06
11846.0 3.70371746839e-06
11847.0 3.55558944932e-06
11848.0 3.41338570373e-06
11849.0 3.27686929613e-06
11850.0 3.14581276695e-06
11851.0 3.0199977535e-06
11852.0 2.8992146262e-06
11853.0 2.78326213934e-06
11854.0 2.67194709572e-06
11855.0 2.56508402483e-06
11856.0 2.46249487382e-06
11857.0 2.36400871082e-06
11858.0 2.26946144021e-06
11859.0 2.17869552914e-06
11860.0 2.09155974513e-06
11861.0 2.00790890406e-06
11862.0 1.9276036283e-06
11863.0 1.85051011447e-06
11864.0 1.77649991053e-06
11865.0 1.70544970172e-06
11866.0 1.63724110517e-06
11867.0 1.57176047258e-06
11868.0 1.50889870092e-06
11869.0 1.44855105065e-06
11870.0 1.39061697117e-06
11871.0 1.33499993331e-06
11872.0 1.28160726853e-06
11873.0 1.23035001444e-06
11874.0 1.18114276667e-06
11875.0 1.1339035365e-06
11876.0 1.0885536143e-06
11877.0 1.04501743836e-06
11878.0 1.00322246899e-06
11879.0 9.63099067693e-07
11880.0 9.24580381096e-07
11881.0 8.8760222958e-07
11882.0 8.52103000343e-07
11883.0 8.18023544743e-07
11884.0 7.85307079745e-07
11885.0 7.53899093314e-07
11886.0 7.23747253584e-07
11887.0 6.94801321667e-07
11888.0 6.67013067948e-07
11889.0 6.40336191721e-07
11890.0 6.14726244047e-07
11891.0 5.90140553695e-07
11892.0 5.66538156043e-07
11893.0 5.4387972482e-07
11894.0 5.2212750659e-07
11895.0 5.01245257838e-07
11896.0 4.8119818459e-07
11897.0 4.61952884433e-07
11898.0 4.43477290867e-07
11899.0 4.2574061987e-07
11900.0 4.08713318611e-07
11901.0 3.92367016206e-07
11902.0 3.7667447645e-07
11903.0 3.61609552433e-07
11904.0 3.47147142977e-07
11905.0 3.33263150811e-07
11906.0 3.19934442423e-07
11907.0 3.07138809511e-07
11908.0 2.94854931982e-07
11909.0 2.83062342431e-07
11910.0 2.71741392033e-07
11911.0 2.60873217809e-07
11912.0 2.50439711196e-07
11913.0 2.4042348787e-07
11914.0 2.30807858787e-07
11915.0 2.21576802373e-07
11916.0 2.12714937826e-07
11917.0 2.04207499492e-07
11918.0 1.96040312265e-07
11919.0 1.88199767961e-07
11920.0 1.80672802652e-07
11921.0 1.73446874891e-07
11922.0 1.66509944825e-07
11923.0 1.59850454124e-07
11924.0 1.53457306732e-07
11925.0 1.47319850372e-07
11926.0 1.414278588e-07
11927.0 1.35771514765e-07
11928.0 1.30341393654e-07
11929.0 1.25128447785e-07
11930.0 1.20123991334e-07
11931.0 1.15319685864e-07
11932.0 1.10707526427e-07
11933.0 1.06279828232e-07
11934.0 1.02029213835e-07
11935.0 9.79486008516e-08
11936.0 9.40311901522e-08
11937.0 9.02704545361e-08
11938.0 8.66601278549e-08
11939.0 8.31941945715e-08
11940.0 7.98668797378e-08
11941.0 7.66726393716e-08
11942.0 7.36061512202e-08
11943.0 7.06623058915e-08
11944.0 6.78361983413e-08
11945.0 6.51231197005e-08
11946.0 6.25185494288e-08
11947.0 6.0018147783e-08
11948.0 5.76177485858e-08
11949.0 5.53133522845e-08
11950.0 5.31011192863e-08
11951.0 5.09773635615e-08
11952.0 4.89385465012e-08
11953.0 4.69812710217e-08
11954.0 4.51022759041e-08
11955.0 4.32984303604e-08
11956.0 4.15667288171e-08
11957.0 3.99042859072e-08
11958.0 3.83083316626e-08
11959.0 3.6776206899e-08
11960.0 3.53053587848e-08
11961.0 3.38933365878e-08
11962.0 3.25377875918e-08
11963.0 3.12364531761e-08
11964.0 2.9987165053e-08
11965.0 2.87878416541e-08
11966.0 2.76364846627e-08
11967.0 2.65311756835e-08
11968.0 2.54700730469e-08
11969.0 2.44514087398e-08
11970.0 2.34734854603e-08
11971.0 2.2534673789e-08
11972.0 2.16334094745e-08
11973.0 2.07681908271e-08
11974.0 1.99375762162e-08
11975.0 1.91401816688e-08
11976.0 1.83746785633e-08
11977.0 1.76397914156e-08
11978.0 1.69342957541e-08
11979.0 1.62570160793e-08
11980.0 1.56068239053e-08
11981.0 1.49826358797e-08
11982.0 1.43834119779e-08
11983.0 1.3808153771e-08
11984.0 1.32559027616e-08
11985.0 1.2725738787e-08
11986.0 1.22167784861e-08
11987.0 1.17281738274e-08
11988.0 1.12591106959e-08
11989.0 1.0808807537e-08
11990.0 1.03765140538e-08
11991.0 9.96150995734e-09
11992.0 9.56310376628e-09
11993.0 9.18063165471e-09
11994.0 8.8134563462e-09
11995.0 8.46096605187e-09
11996.0 8.12257345107e-09
11997.0 7.7977147128e-09
11998.0 7.48584855622e-09
11999.0 7.18645534876e-09
12000.0 6.89903624035e-09
12001.0 6.62311233219e-09
12002.0 6.35822387883e-09
12003.0 6.10392952214e-09
12004.0 5.85980555591e-09
12005.0 5.62544521986e-09
12006.0 5.40045802194e-09
12007.0 5.18446908761e-09
12008.0 4.97711853532e-09
12009.0 4.77806087678e-09
12010.0 4.58696444138e-09
12011.0 4.40351082351e-09
12012.0 4.22739435208e-09
12013.0 4.05832158114e-09
12014.0 3.89601080101e-09
12015.0 3.74019156886e-09
12016.0 3.59060425809e-09
12017.0 3.44699962577e-09
12018.0 3.3091383973e-09
12019.0 3.1767908678e-09
12020.0 3.0497365193e-09
12021.0 2.92776365337e-09
12022.0 2.81066903836e-09
12023.0 2.69825757079e-09
12024.0 2.59034195022e-09
12025.0 2.48674236726e-09
12026.0 2.38728620388e-09
12027.0 2.29180774585e-09
12028.0 2.2001479066e-09
12029.0 2.11215396216e-09
12030.0 2.02767929667e-09
12031.0 1.94658315815e-09
12032.0 1.86873042388e-09
12033.0 1.79399137535e-09
12034.0 1.72224148208e-09
12035.0 1.65336119412e-09
12036.0 1.58723574287e-09
12037.0 1.52375494986e-09
12038.0 1.46281304314e-09
12039.0 1.40430848108e-09
12040.0 1.34814378315e-09
12041.0 1.29422536753e-09
12042.0 1.24246339514e-09
12043.0 1.19277162e-09
12044.0 1.14506724546e-09
12045.0 1.09927078633e-09
12046.0 1.05530593637e-09
12047.0 1.01309944118e-09
12048.0 9.72580976135e-10
12049.0 9.33683029217e-10
12050.0 8.96340788518e-10
12051.0 8.60492034254e-10
12052.0 8.26077035095e-10
12053.0 7.93038448638e-10
12054.0 7.61321225865e-10
12055.0 7.30872519419e-10
12056.0 7.01641595549e-10
12057.0 6.73579749578e-10
12058.0 6.46640224752e-10
12059.0 6.20778134332e-10
12060.0 5.95950386805e-10
12061.0 5.72115614082e-10
12062.0 5.49234102576e-10
12063.0 5.27267727024e-10
12064.0 5.06179886968e-10
12065.0 4.85935445768e-10
12066.0 4.6650067206e-10
12067.0 4.4784318355e-10
12068.0 4.29931893058e-10
12069.0 4.12736956725e-10
12070.0 3.96229724282e-10
12071.0 3.80382691316e-10
12072.0 3.65169453439e-10
12073.0 3.50564662298e-10
12074.0 3.36543983333e-10
12075.0 3.23084055236e-10
12076.0 3.10162451024e-10
12077.0 2.97757640669e-10
12078.0 2.8584895523e-10
12079.0 2.74416552409e-10
12080.0 2.63441383495e-10
12081.0 2.52905161617e-10
12082.0 2.42790331284e-10
12083.0 2.33080039127e-10
12084.0 2.23758105819e-10
12085.0 2.1480899912e-10
12086.0 2.06217807994e-10
12087.0 1.97970217766e-10
12088.0 1.90052486269e-10
12089.0 1.82451420949e-10
12090.0 1.75154356883e-10
12091.0 1.68149135674e-10
12092.0 1.61424085195e-10
12093.0 1.54968000143e-10
12094.0 1.48770123363e-10
12095.0 1.4282012793e-10
12096.0 1.37108099939e-10
12097.0 1.31624521986e-10
12098.0 1.26360257314e-10
12099.0 1.21306534585e-10
12100.0 1.16454933265e-10
12101.0 1.117973696e-10
12102.0 1.07326083138e-10
12103.0 1.03033623804e-10
12104.0 9.8912839488e-11
12105.0 9.49568641218e-11
12106.0 9.11591062447e-11
12107.0 8.7513238018e-11
12108.0 8.4013184682e-11
12109.0 8.06531144347e-11
12110.0 7.74274287142e-11
12111.0 7.43307528706e-11
12112.0 7.13579272109e-11
12113.0 6.85039984015e-11
12114.0 6.57642112154e-11
12115.0 6.31340006088e-11
12116.0 6.06089841147e-11
